25120
37.153115522658084, 117.27246000365075
73.72681852157629, 167.15041374858708
92.80930887697133, 139.75217237030793
14.867664058806922, 55.15372635565062
76.19952855825618, 101.52683364807531
30.24168286955891, 58.12552279059044
58.87269438537238, 156.49112396218834
23.123918841084038, 27.375596270792727
33.99843395471134, 114.77821485713758
38.213437707891096, 115.67344785865922
21.07228816349157, 73.94334476778633
60.047917497987754, 91.2244616654764
27.606072718188212, 114.93775636852057
87.51234203181626, 147.9911879045884
95.86580778564397, 189.43322149153548
83.10710424920201, 161.38714378452198
19.98407013798916, 82.52176337045584
91.47200635532955, 142.0216697918545
2.2298694844184412, 48.883204660736986
87.21194973565909, 155.23725670043586
79.38057256638871, 80.38135763175063
91.77085034842843, 186.89422610186045
76.82621647056526, 166.8109601218208
71.69154885582859, 89.1851445829444
51.50457602119447, 102.58032935666144
35.62598542684507, 86.10472204295655
13.262539994980635, 95.51031717375807
18.19463777511322, 73.61040551810036
8.761670425171495, 27.15130109699649
62.612937247416056, 89.71523436341917
23.80509444722766, 83.54755869326137
57.83153922587989, 120.67293125801012
86.40952861026156, 97.0267204353033
37.6065662503474, 67.49608698450996
13.816243132074064, 30.564923417145824
84.70898384444322, 115.1682847894474
85.00677901062234, 122.5228245610407
51.50334859513265, 116.76651794744383
70.51274001014548, 73.0220990858472
95.82812239341429, 178.24139312900985
98.82110571620788, 150.85886552779505
36.386919675776376, 82.24770984973877
27.869719642872653, 82.36485167434597
35.97732830389869, 76.37757849761553
27.49994655504757, 122.62669544712277
53.12223083103927, 72.97876159063757
40.82073536551051, 136.4882091708153
71.32819906804325, 93.59949066703575
79.74934104169638, 129.35430828037957
65.8719690943646, 132.75495297724257
11.298365633604726, 13.920860735574673
15.058751364964962, 25.857291537670235
84.81585525497908, 107.20736442541732
76.45543321633514, 132.00600408728036
93.2950085273897, 104.9157549883536
82.78859567596912, 170.01847000539001
9.14513554466136, 86.11884911299386
64.93544457515888, 105.13485073976854
28.68807168277039, 78.73632055147914
32.71516142361493, 75.35591754116362
66.38642085359734, 85.61450438250992
9.721550894250202, 73.02221799658722
23.158959198893182, 52.91336706233689
49.206488097897065, 119.19787568727702
64.23396542797059, 117.234056630821
51.91478061018574, 115.65719580601089
94.16052215404402, 130.55469516798766
97.18213338698257, 195.19083494430782
25.62095481178785, 98.34367233267824
92.14274218784037, 158.69164760863106
68.56557014989721, 110.00052476822754
79.74151534772768, 113.69283200030961
76.63920786041163, 90.0036356081788
10.971831740488527, 108.52114818077982
89.31677571300365, 171.5337573159154
58.02661555897956, 149.85826820237784
91.87557535954112, 150.14845554155198
65.5821293409931, 161.79177635515094
33.48716098034359, 87.67689402016022
23.256405449875693, 105.20774570627043
58.18399289684144, 126.5910397689552
4.512150009239392, 9.703362742844481
46.418084785493186, 131.2734353023473
72.39548428801783, 77.34858247364087
75.03783065650696, 135.47884601440646
61.51546198975701, 121.84898578375426
13.31815247865964, 94.26307232314703
40.24298912958933, 126.05886210994194
30.638499014549502, 116.33232593326224
85.73350634013644, 105.70540608630297
30.035077657260214, 120.60856925589513
73.02561264869213, 113.96204827211804
88.17730058356089, 152.8384695745463
98.42743181878616, 102.8281226285083
50.14244579896519, 51.83399325817439
57.13097952378622, 125.66779168916165
6.71654414904839, 69.08402576146032
9.113602654660962, 59.33334311975919
88.49420747530831, 130.39570148508486
1.8488917333992119, 83.04329144097667
3.1389083236438817, 13.480520317177845
71.44957082277142, 167.67612443795468
28.260148636925774, 88.12666526920565
11.496622763038433, 13.908785712446143
29.664925998735388, 65.11994896297507
99.9632627298767, 169.51283731909496
2.26239123839008, 76.43541335694502
81.0301786671388, 102.80598141458451
14.474630879796544, 25.185162220665898
18.33069311601469, 49.966921946249855
85.54795538094977, 164.47480289919736
13.073769942056773, 81.57728032140241
62.283225720771455, 64.57761970396987
46.37319570438535, 92.60723078135003
99.3566800569982, 178.15226105682478
50.216757656479466, 64.41944106071735
37.24152620458131, 82.78471836663013
49.13525789820418, 104.2117848293599
88.29483824762114, 182.4310281948812
7.607126788903631, 73.98792804038955
4.477649062226069, 58.8183477723154
8.29530178236768, 24.160106259190815
71.59976505561536, 88.20764944566601
91.79927056938453, 132.4600580926308
61.34279573867662, 79.04564680405082
48.55635425869505, 147.66652577171698
12.235475512017977, 20.931534410334077
18.268743110994194, 56.71118375039839
43.46593545417978, 116.57403612630634
57.595737788877784, 91.01452586597135
43.71332293957887, 90.0327026927446
28.866422298956575, 52.747860048994795
16.60186226512498, 48.223297963499995
65.66392664602574, 157.79164499604667
56.831681286699876, 65.5249819589536
23.011937657744227, 95.90428748646036
92.9904233386052, 96.73049784473557
4.329087909930303, 31.502977900269187
44.76590860558763, 77.19798011021248
73.65503431363449, 113.37149835812818
52.476511729321196, 88.40079760016332
62.26284203478474, 141.69961573232194
69.83128079512811, 136.94847157566898
63.71578448920118, 108.04076239566704
17.893508922353796, 99.17682998673439
37.32866938316059, 103.66759077684726
19.41058182167434, 98.61402814403986
61.84858437465847, 145.37198127729718
67.26068729222933, 96.78174768116767
11.49913824767035, 15.853100850278862
70.87403989226833, 163.19873972079554
42.57326242576277, 141.285985014423
59.73680874650385, 98.69983673268949
38.14190989209522, 102.81931527549628
69.7694743099958, 116.10673495200848
62.19011520063945, 73.33540439911548
80.10662388043437, 91.76567805938966
33.69540563258829, 97.8315146375376
3.4507660899023658, 8.389198370599733
26.614005149435283, 112.95190777430057
43.06813356954082, 113.53832337416215
97.96207612490839, 139.48540312006185
95.06384231509321, 124.684955648578
24.11450809607194, 62.18904765928036
15.701577324736165, 97.62815073450815
25.03011311168951, 75.75413167846257
88.4198147583779, 126.82688946252574
98.1607699061456, 161.2568440353087
27.5921855138926, 56.06802383070665
92.33851123218831, 125.39523727810268
92.4209100270683, 110.9124709394494
93.01840803278292, 131.24923639007724
60.93651583128252, 131.77783350574123
22.43761231683698, 24.56220051555855
27.168295618431337, 62.8667160728479
39.30035774914974, 67.25589455177756
59.6260826853916, 83.12445196720995
32.179662879758794, 84.9358175791688
8.11520267826765, 27.93972921586122
1.7153939536233291, 76.98397814013724
77.86251323628399, 137.7641920067812
69.10330928168581, 156.4574266628947
90.97046404332617, 179.11345486115692
88.1292286415157, 131.58995572689656
91.14422157993482, 187.63611643161494
92.36145951998677, 131.7537059923069
87.92536552697398, 117.44305831463315
23.16006089158199, 56.112780782072676
79.53113586534701, 168.5946609674856
58.22582777392374, 95.74075965300459
8.42743074989516, 72.02320203067842
6.385852319222029, 58.41408442870127
26.514479142136206, 56.207188091434915
18.5767667855537, 77.99358421584607
98.9090474111274, 156.90925683040876
3.1034770057322496, 101.0387470344723
59.980621746504966, 126.98063794331527
66.1361423823339, 101.28170608436393
27.325522766625788, 56.506556372139435
73.82910852845846, 154.2458818350224
1.4481988980662135, 49.370761443875566
95.32206107586923, 162.8875247204109
72.70784439736943, 112.16696606990305
83.59106273001852, 174.13907435416428
93.74154182889167, 182.51510973938923
15.872631910355048, 90.21994250696724
65.64576031119229, 131.96119849159058
20.530768335623897, 46.13701838764377
41.44038731848362, 90.33460247329162
23.87816639560736, 36.05648566550269
83.62046801478158, 130.0367774047496
19.06210504688378, 35.910288750641875
80.55864496825978, 177.61282793022372
58.11043038744421, 115.58206584951625
43.29228078166905, 100.81028500356115
79.87955234693378, 107.03106900000155
96.57320068487104, 152.0105100224453
35.69083595263356, 125.9928652074871
45.91744271267439, 116.47353346107066
14.748349122281248, 112.48665758309741
38.96292404165983, 82.451483312514
65.19819069245203, 139.71766424743305
67.86195548970143, 120.11086191629234
6.329166390028092, 25.178679335072946
27.77702291172355, 106.08618170409265
82.07253943300371, 176.32611719236286
89.47049735164879, 122.68056030269018
33.589438842534115, 82.29188976279396
74.15999577798738, 159.2699471036547
29.562275603136094, 56.75442647917581
96.8875352177866, 151.39361539051376
90.87949248929083, 99.37619800263782
22.0180933348441, 70.25256522867853
92.10005132843538, 121.46237179558952
27.16741912123278, 90.36105183226319
77.36134046178879, 139.3860068276127
68.07219315399759, 167.432014985627
31.414636202064738, 107.17423001112242
70.71331709741163, 139.09468147713346
3.6501565624652956, 68.7632087408547
30.966238758350276, 72.85964896284227
70.8719003281763, 94.59710447015095
92.6875723452568, 120.34714262117845
68.63737926773942, 84.52256702894697
27.04422107906963, 120.72561249050234
99.6772987584965, 176.48137708785757
43.74626751878933, 64.26099172696985
23.003963434878028, 104.35396309540857
76.34629174071118, 161.22761124983606
19.332946892414792, 40.43780814312364
7.7192368739369766, 59.34407476087286
71.62422060655358, 154.4952445006196
36.1383153051687, 107.9551749944925
83.8688207974632, 176.76424446423937
80.64322999068757, 174.36153893316026
14.811486960075538, 24.28393925462884
7.315889590774735, 74.3573642960678
24.6863838629471, 40.10695907339756
82.30990982369363, 118.05734996680391
8.12234005643429, 69.24319172131877
20.19257672668686, 50.59130468978246
9.437317638054838, 108.17469660354539
4.763990680513902, 5.822677011402847
7.798563545696951, 44.768807212835604
10.813331404383478, 21.654951410974853
48.54457919978877, 57.29846996363797
74.01448817133733, 117.144479256014
44.98975311106554, 59.029338854416224
98.16712261652808, 170.9135607901103
17.037662798126515, 55.79796845479348
49.422748631541644, 101.69420400987306
72.23364230939494, 142.93444574306795
20.332437530408374, 65.42972565613377
68.41731309814982, 123.47304438254379
63.74299064423619, 83.44365778083007
53.83185711987771, 86.97730551813878
71.45741055298828, 89.71987069748477
93.76591989407154, 165.38484512951817
64.48159581458671, 119.13108637336762
82.6703747332038, 176.7688511514392
97.31844580882789, 158.82309282226618
56.80255861553572, 155.22466799198574
83.59683255524253, 129.39942870180712
20.705697329509732, 51.51654982461723
16.50234363419996, 31.474761742938284
98.54625117144825, 162.0892132972406
71.99798313048241, 132.0264715415337
2.71075374855325, 97.58827626753059
76.81134421454479, 79.68283986148963
94.3473896887699, 134.84361619581514
62.4863054198977, 154.55715630008368
39.89815227117109, 123.90369393887073
92.56012362272256, 175.08583493572974
80.81505296972831, 159.5691456154941
24.578705886325167, 45.12878955940367
97.59823790368897, 161.87299090406918
90.92056254294127, 153.0180935071515
13.343755006600151, 53.683092836344045
76.06885550224936, 104.19181566990004
82.11199797427011, 156.06388607789202
66.89590182601025, 76.68064275661123
10.740285926298375, 109.71358845426609
56.53730023169969, 73.19428304430713
33.828182914513484, 57.899009015120754
29.417520960438157, 68.75379013920899
80.57936477169113, 152.95475494207898
47.38073446779142, 115.27914552936002
87.7152059920414, 106.11822313755735
56.512414780571106, 120.64718517239882
28.69823662381571, 126.93865207765847
1.2481598608159588, 75.23972926374364
29.340298193080866, 57.216891264742756
86.49909954164957, 134.3560987279483
51.31005994323169, 106.6968219595386
42.7358508777396, 108.3463084281099
63.85543914596945, 79.86822610745645
72.19981443858154, 138.79867136003824
33.099413337510725, 123.25200684049696
80.94548714607109, 142.16552205159402
90.97220680852013, 122.4652929209391
99.23183657478216, 141.14292600771276
5.95016847468702, 56.87959915265367
12.445178726564652, 19.607035044320064
39.04271429441735, 58.10001795458101
65.18532287967003, 95.9615294707292
28.971181106135244, 111.98681258326873
74.80558138127472, 145.8192529996336
48.73801825928266, 59.75029908897042
97.86766037379596, 184.42996851032845
91.1724120718193, 103.9487809357534
11.43228809815658, 40.179812009805175
16.491113203647856, 37.669880519497994
8.531494284154006, 56.438011181632106
7.243202795626314, 68.36218489220975
32.49379076966393, 117.38402956945221
40.470347170690765, 110.87323278795142
51.14496141712028, 135.87730927031745
94.15163748473819, 107.94427860129845
96.54268773079298, 132.2147770946732
21.94626028699125, 54.58328665793394
25.520848795569634, 38.25630029731917
44.16119031878608, 93.97039234973873
93.03395225683798, 187.9636413465367
40.671204893632286, 46.604102520701744
64.48640309125456, 133.16647985304294
17.57439452021611, 92.71252116303015
6.642643155439508, 30.68746367042458
21.36204314833653, 99.14313574701373
92.95795569150816, 131.04000812447453
92.29085884835305, 126.93396010042127
8.742791506322527, 102.608819989802
42.05149355519412, 66.55957295227222
24.57673521259203, 40.73671358263388
50.722429119468735, 54.686756942322
90.69239912502923, 162.22444548064124
11.757488629859504, 47.60398664231273
52.40337731604733, 146.83816066420917
49.41916776026225, 81.04933237199727
47.682218194469186, 59.1234849708195
34.240728038539686, 54.134325364536885
13.478681726571503, 52.87795368012419
2.32655605648235, 82.5735569336799
62.20724656266666, 107.64962423800006
99.10556684621119, 184.89977372320027
23.110739801437745, 69.06573314695231
3.1247865711861973, 32.12040836760235
90.01927107681634, 114.69532352090836
20.699647064714007, 29.296081629377646
89.39572452417877, 97.26426853007102
77.79790188173878, 117.3224970126985
22.096715772624517, 69.13300807999221
21.53482305139385, 66.51680487682032
76.6327538300102, 103.22162769062726
74.930070718583, 96.75984738014311
66.61122791321422, 150.4321870543779
96.90941536238508, 130.87613627261211
48.44790062279029, 101.39398850050907
62.825740059902124, 112.21234644437581
33.205550752976755, 41.68450320920567
50.458472983559226, 111.4318538626838
47.2088271944026, 113.67017483896059
94.15896856688737, 137.24944873944747
93.08286584895365, 136.18129508486095
34.99930783710762, 40.19809778274933
12.662907499309735, 21.407985535013168
93.42419116385568, 168.7341121718513
95.46772807558298, 178.45921138779266
79.39010792710893, 170.0230860866434
16.67934096283787, 85.07428261599769
30.71883883811624, 121.09674968303928
14.148213995035857, 109.81711365221716
40.38375027613139, 138.33572399821446
95.69540521187275, 125.76084506297207
35.17926079013041, 62.12265590803929
25.1186138631027, 33.395050637519766
20.951819689427527, 47.87587963675291
71.42886261881627, 111.87275139376304
78.43168481404483, 96.61678614410067
46.93229517880974, 51.5613198601797
22.857948943790998, 83.71498097475344
84.13477608463836, 98.04881765874707
48.09123667414036, 121.28817552490132
23.89312851188463, 98.49012310683945
87.70597163860387, 92.45147322873916
75.21602330742134, 103.8712366781463
43.48319524430104, 49.21523701855419
89.4973480196265, 171.4614311974201
63.31631680139892, 72.88025806615933
40.256920863198495, 115.12754474184817
14.828908661122012, 53.79072439605837
81.2932083509134, 173.90936549881403
79.94233308368355, 134.2369415798512
98.0643097291035, 191.19456142016656
74.95689835592852, 96.44360989406401
93.09099600148446, 163.16460414325718
52.929431573363274, 92.02397614334231
52.874844737495295, 101.0737322895204
59.75453125160337, 151.180685522895
98.85634368518713, 118.70483954553563
37.12334109229234, 83.59297132776793
97.77476128150161, 188.7737819525366
22.85347087510714, 47.69140257172646
80.36888749383101, 143.91610914326876
32.69762434704795, 42.56353493803093
23.33140770444956, 28.1859749752296
33.00641435388811, 72.5276656532903
68.7267964948541, 89.89443199592691
83.62414970915633, 161.17388988986824
69.83767081147118, 96.64817175417328
13.291261445903327, 98.03677609645558
86.7391168604878, 140.90301029467742
6.9570699754905245, 48.21656539629922
67.46373711268559, 69.33196019538511
25.46642946516752, 92.6336470930812
36.17606391236275, 87.75402945269838
37.34040856887381, 100.22430918956157
81.79892225141916, 122.59438826805805
52.47266625923362, 113.99988148249662
1.59371337101076, 79.58639530807406
31.999545866848912, 87.15962851466071
9.989809324202678, 109.20223907808484
38.73736515245923, 125.20732858298734
1.339279613958277, 26.95366502879401
83.40247884788032, 131.8377202304545
37.764959958007395, 46.21172798245388
33.28284009685428, 133.09826524860304
33.08121116753699, 55.67144230100104
26.51609202998688, 66.77471608100397
71.0912982133049, 134.43010553830013
19.469645588850707, 44.49698252228055
69.4792098411196, 161.06849658714086
75.9466808894409, 94.95991290643096
4.2001404387080346, 98.84290994242127
33.98347705524315, 54.12641758239796
81.2502490548788, 162.4688113065905
44.04283370816199, 51.95089607435008
86.25470654614875, 103.56857460271026
77.28231727255921, 170.27439514153232
59.18049830825591, 92.87646515563323
2.219431433781044, 71.88837538893544
34.60669323857742, 86.31627884803902
2.694069029663375, 68.57036676940817
23.897687061025604, 58.77852354912163
35.00047224552185, 92.9154658225251
8.716898269196093, 39.96291798019246
41.94201410233092, 103.86782293147378
68.71339263679668, 92.72912048189448
39.54529473257684, 136.16938456008134
17.661637764478986, 100.30861053417209
12.46643309894449, 67.48646250360936
3.880934993071123, 32.9908913182693
21.113882046096595, 106.66259771368216
78.51287304357248, 139.96891226775938
75.83798920789361, 100.78988602684657
16.05549517622363, 101.22464894435728
48.18181215439154, 54.48347322279399
72.67395503102402, 125.21772981571803
79.360570148286, 103.05923028188899
9.175402253470859, 18.980524400121443
87.03081532519714, 166.58894940325078
50.446881678900475, 91.42668130365851
75.18712367967271, 143.75278588051424
65.71754140591874, 97.29896253895197
32.772613152059684, 80.203640964727
61.01370927966269, 127.11024405678556
60.7523800500822, 121.64914728256993
36.84771304358568, 82.7071405048527
22.5412756978176, 33.35534030182425
11.25889031949298, 55.89610379316676
89.84164281911995, 118.86904692022001
82.30918661665602, 150.30262362489088
65.45066901244908, 79.60514766096432
50.13572430198234, 84.93748993250509
18.724828940185663, 91.26228266300588
69.08205217712526, 101.40150052463932
47.40604300534414, 80.3891735063172
68.26052751393847, 86.34188572254149
39.17449330922929, 60.108170667172516
36.951690638716116, 53.73196829997758
58.05639640619273, 84.05642565295427
22.592095875776394, 122.0512437848144
64.39456380628948, 88.71789166619057
17.75902342580644, 23.585925938647918
32.73854810724414, 88.41187972397275
12.020960569352251, 100.66192438685302
51.09262141679951, 69.44278086720485
82.88228884681557, 168.53142358049294
53.6242608608737, 85.50278115684584
25.960252857612463, 33.68404274048907
33.29980846451521, 129.71589391803838
95.20899460237757, 136.06747355954266
70.24170907388505, 126.23325012352988
7.302302162907247, 71.43476272709596
18.25543212596007, 95.93239167740977
69.83127430887126, 99.45009805515248
39.11964407253884, 109.86563716384893
79.16545445390597, 130.6380732889421
76.13984726126053, 107.107018161741
35.856911128084725, 108.30329061458215
46.616395446758645, 107.05854889844068
42.12611625550755, 101.20767452611614
55.51478038124487, 68.00888585786345
45.92638193268225, 78.24843989864038
3.68623980140815, 97.73459631500843
57.71000634103642, 87.62022397797493
84.09525343126145, 124.780140666216
60.795585126318755, 79.14726267563046
35.43937368258202, 42.52366816718012
88.76117300419389, 159.4337155956253
23.199445087456787, 100.96128653163845
80.78558418925566, 161.31898092153648
58.76308577522607, 62.28496387662854
48.255480418761806, 63.238306535484064
24.193583378822137, 122.55603105094933
52.486405589782365, 57.650682996152796
31.95217198470133, 125.1194678760192
31.02554160664946, 99.66210606001532
24.020652429318243, 94.80893304726023
80.36884831822562, 119.28872358535764
21.157795062324894, 67.16783973392995
61.03202754074349, 143.74168565122397
8.336524363208285, 32.79331819116854
7.512539070898589, 35.00627519309488
1.0820612320767427, 8.597117966859777
73.32952126301514, 76.89188577243932
83.04216451002806, 158.99005939020856
74.46014957436218, 77.04384739042754
9.765239967269485, 77.88430220335644
13.999882733253342, 22.79907775554958
70.91176914101207, 148.9098305710153
18.511251836249226, 70.97056102117907
32.52220889627643, 130.03557130244909
70.56653619888456, 73.91848749065947
88.408353278211, 124.30346123865888
69.75923928423708, 132.43759990064038
8.796184078826922, 72.16032603916229
48.997991381133545, 111.88281380033649
10.487971760074915, 51.75644023408247
72.78501585138973, 163.17392691455152
46.331397812098736, 77.49760964525478
64.40804562189821, 149.93633173424485
67.14214333974516, 162.04861607479256
9.927107773712923, 43.61158435607449
70.20794380655649, 162.5708440960426
79.78618311892274, 156.89331560846733
3.6870952112075335, 100.44813320096436
77.0267655312924, 162.9166664478323
93.5035382589966, 114.3015312035905
60.63832768533611, 83.56892155161948
56.14258443052076, 148.0997352503001
78.05154460707571, 134.15245851722165
53.18524051688069, 138.62705715273722
74.02710555582358, 162.76772301188998
7.481697496227781, 41.27091128321417
49.434238627773354, 141.96874337934088
87.77491462867113, 131.49526596819365
31.457624958330452, 129.4344122654639
12.400444231246489, 29.23961445695668
84.5427743989388, 116.2948890714692
15.716731653092864, 92.68506989765666
35.9347584622697, 56.12275197486416
75.0246884102855, 95.09667765380212
45.68623104147069, 96.64498399841375
13.348065099725561, 68.96314751754456
94.57642287533214, 191.6981277276894
29.442089512025724, 95.02414144410591
20.760821374307287, 78.0512360081235
64.3994085781945, 80.96973311707539
70.47510519175965, 157.37243449617188
1.5145241043858026, 79.35494773837242
85.24553700571315, 184.81175956935203
47.2998335031328, 74.6229434823649
80.36163736819887, 108.28973496927024
96.93528426675732, 100.66503355091028
71.32107673214969, 101.13371118411769
14.449736135507086, 30.020495275872953
15.961253250783274, 34.093175892203114
18.710347636640023, 113.65330663685114
85.05315991072132, 163.004267149812
68.91589432413302, 128.31590802591626
58.4772493542177, 62.155434093240075
66.05060879061355, 104.22183047989643
71.92451744844591, 128.36381598879026
1.8719904020101203, 80.55939664271526
70.18008983114771, 90.86395297540773
69.74527957470701, 84.48685229832942
11.650905986527354, 101.96556960855972
10.449364080308722, 95.04905459250055
92.09219835079962, 142.30483172823926
80.89433007015357, 144.28423289504187
4.969435976253536, 93.1241514789306
85.18219157128603, 106.00101925852857
39.666585307592655, 110.42898063730193
95.10580309475327, 151.52181873050202
12.709495782738605, 58.97963003552917
20.888931869482082, 112.36515656523656
31.277929905877674, 87.87146248431087
49.02765265205598, 86.06193676046222
73.24098420506938, 133.61990603178668
17.056232877515285, 59.49875823790801
80.25979979048745, 154.15595216493682
99.9214696401857, 173.71108521993574
43.79043684574335, 58.23713734002037
1.3849142618239463, 35.78395383984765
70.14621997360477, 86.00572188606503
28.56127048887834, 79.10245574512777
83.7360122500832, 109.02525349692789
61.43932849962587, 97.27368494453214
7.870758348200553, 69.73902535753936
92.01288542746478, 123.07460422435456
63.52277415088491, 105.95015519728244
11.776939605381875, 24.517130717475766
72.08301903635478, 110.03214878679242
2.6668822964880263, 35.18812316292836
69.14144920089666, 109.81064030201719
82.0607422538056, 179.41337412281604
98.60071125311633, 165.93623968274096
19.48346695465433, 49.92881465307108
20.143071427281395, 38.81568481399108
52.91208415058497, 108.06916330165953
25.76744638046214, 82.15110870611427
18.68938609142486, 76.03461961038899
41.58575224035236, 79.51269597074563
55.57261384867362, 106.86080259682876
30.710093405473916, 78.74845652874323
90.16093857252743, 96.03984148969523
8.15453809984664, 44.15825569517087
36.90301759649069, 84.48900977836784
23.14525831938825, 41.17428798611908
13.239502602761556, 21.937008390724024
77.94088493294943, 171.30903845289663
4.887658915500337, 58.88854921867705
23.61373280823762, 67.55498258865234
42.878275179712766, 90.77468694044808
17.872020414449437, 55.74830754553413
37.755912154465754, 84.8868532254186
36.53951769222972, 44.84559911938176
42.21448734508262, 68.13793605809914
15.062270273632626, 83.99712820075207
34.40605293434845, 48.25665068811497
74.49155095905789, 154.24227867820008
41.116174067346975, 56.518183285090174
22.85857809427148, 26.74398659514806
32.71346595631711, 44.337402535029334
34.46559865905997, 119.03859285165555
23.459218664940718, 61.1237292412508
70.6625510219492, 132.5043811844661
28.6072548170793, 117.2596002534116
12.72019800655748, 27.87925693612931
19.121049558579283, 61.60086352533537
11.661978786177569, 35.19586753071581
25.771376387553435, 125.13851571120087
60.121634793408525, 158.154604860962
40.67157412172369, 139.56788171968805
94.2803903960833, 148.87403005681946
32.21445847612656, 47.57508298123832
35.8173530377606, 80.65379767570722
66.28238972334047, 129.52931178718586
28.06505909332646, 43.424144785383106
73.91867207677713, 91.2368861866962
71.60309415125471, 131.3107895373551
96.86851722143378, 105.20840243854971
41.11395053930274, 75.05997777095504
10.27585215974049, 58.94560472876648
3.667020009756146, 44.324539694159775
80.19158176574756, 173.28107634231526
80.93661013553293, 98.33231023313446
6.840930747582949, 79.2912528320676
34.37726792497915, 132.76467949887632
38.26424469832395, 44.40651598522337
8.146559201941649, 97.39859912114574
94.78621862650284, 135.97566651109486
85.68179080656985, 168.84936045708676
96.09589726779406, 181.497315378655
21.602773750367618, 79.14056845418605
30.697477184227036, 54.15209439916771
41.63957204035022, 92.3894594844003
13.688607744559219, 38.74365623808254
61.154530425101576, 89.40331522559637
96.16084994636037, 114.84457240491977
38.60520459000274, 45.041210588672485
38.57173560584738, 80.57158193234393
97.74681534437126, 112.39542141092993
55.370715114468716, 61.649811357219086
54.09402833729939, 111.06640403107205
29.232061510203796, 45.34903065312312
67.25329301791912, 78.18029493190556
24.153404462313652, 123.76289947650409
92.00504777220443, 182.94597576870615
86.14405028079837, 110.23745014698281
33.37818974249883, 103.38163177090166
66.88501236263936, 122.73078468850542
69.06842263755931, 107.70341387844815
92.4816521345575, 145.92418367557912
96.92663981597347, 148.57250810797987
94.8702727130435, 164.84654602636218
60.05194880416686, 101.77249572006966
54.049339116061645, 72.52191490936463
60.441495660280665, 81.91534236808592
88.93224178790994, 91.49975770455218
13.827549540701394, 31.78627802814388
83.42158600021442, 173.0175422217338
58.960897134026006, 97.39951913993781
56.776889856888246, 59.581425719602365
72.68028009822795, 106.70846604989751
97.7121552581529, 156.68423000848344
33.279631259090166, 86.61112017648902
88.74155732158911, 109.4120269393787
32.32063011650513, 100.20407287741105
57.11871624221506, 138.49914623120736
12.290943637823462, 109.23361605537818
70.51981592447979, 109.91531594743482
95.03024370112593, 122.20114873526273
8.223945469891412, 70.94571791729996
59.88240825571727, 70.16122242786582
1.5913484600716234, 35.424459312863945
27.98315732581493, 124.57764737885357
81.92327559540095, 105.65386973489466
27.855964276047473, 96.52847727775728
28.784072342863876, 63.046018594884146
70.3066229289623, 157.74384501543648
74.50105497191743, 93.62116892511976
17.936667146710022, 105.68019589522055
92.41604847689577, 141.22651966464736
62.440388958982645, 149.78320160107913
69.93103256796569, 82.57529389859437
21.15645992344785, 77.89261171323733
96.45076174876607, 180.29587287246062
15.599026752725518, 27.866422016708277
63.59271794580069, 140.65959440894756
65.9754799568955, 112.9915848259281
15.105070046104553, 20.63165570317686
77.11814719684273, 133.85897836353737
29.045505160839614, 114.3894778613247
44.485790578795054, 91.71329432170874
44.60562127835975, 105.6889652642391
83.14892804631016, 131.18056351749817
82.87556340882271, 168.9448123870489
44.362989981714804, 118.83486340835435
84.54800157407468, 103.54913120387035
53.95765751771536, 90.55072417336501
54.14239737807506, 120.07818240418334
39.05867213630138, 80.43268085893365
51.31144004128103, 85.21984793259308
38.03113862463147, 56.448284848827456
12.6494954435861, 94.01742753872875
53.529929098295966, 83.1931964343475
14.900033508542766, 52.603757829833455
30.607422403734663, 47.661891744721615
71.75982424413051, 110.40769060137654
85.87278609698674, 143.82483735430475
1.2025843706365709, 50.36004491995552
75.37417009579121, 165.5665786544254
97.65643382491804, 104.54400061493175
79.96295821214807, 170.46766246666604
34.49149634586099, 93.00464659751319
52.80515575308426, 62.49849280618629
68.70650304317336, 123.1745850948046
52.57463268849197, 118.80580191042236
37.29475207668608, 95.09184056910681
54.075919338381055, 72.01907408240237
68.61892865778367, 119.50179641601449
69.48461424279257, 72.79207517994445
51.49936682496413, 92.39291091189284
22.85499019226421, 78.17395941906781
19.598894997812305, 45.65025970514634
63.052252235617644, 93.38037246087642
17.406681239709293, 58.16383975967697
14.444032447152875, 106.0399925057562
53.6622583675341, 109.68877482610965
89.3631559145653, 130.8908927749901
34.72685015228913, 65.44252653007055
50.76689629018326, 90.10469806769416
17.775101017861587, 69.10740302236724
62.52643572285214, 77.27081497104822
25.396592019390415, 31.872145496157067
80.98811632551413, 153.34223263124107
11.891191698882992, 71.63920486732194
49.502122592900356, 113.78352499199565
68.2997498128528, 163.37848031350458
98.6367185879422, 160.9915310896843
28.050199945054903, 80.48907753225159
53.9969778305521, 90.45462590674435
52.685597476909166, 107.77180689683905
15.043307135249183, 67.76052513281824
89.06484953395514, 119.99060289864508
70.45183805767064, 153.33945784707973
41.72240928447086, 113.62360059814702
26.493878327855946, 41.522437779348905
68.49915253864184, 80.6550915976882
83.7493404119805, 155.0078982688163
33.10790805522746, 46.49312325632948
23.89879018351146, 62.797241355220905
5.276851630169299, 68.88540253154181
70.88796813789655, 138.2549661839916
14.046682912427597, 49.28446439916336
34.67578940657876, 46.10192321261553
33.02021331316575, 58.843901566532566
82.39118049362882, 108.21416464372334
19.89413190254954, 32.05895056051302
60.989826168671236, 110.45978645937228
9.74821932170945, 56.21781747749464
49.98569566598409, 113.34681833330382
26.770187871539804, 65.30803502596527
61.631653026475874, 125.93892396040201
70.14936511904588, 140.8887453979379
68.78554827923912, 117.05191232757184
43.585920404952276, 61.84949862279571
97.25406942080681, 160.75397596084397
88.28519681989353, 154.58942217146574
7.125925306228858, 79.46798279478648
16.031439922568662, 48.006827699574316
44.6401585383677, 124.57215315359588
94.851745512139, 185.57032586802413
53.874014841158235, 126.94513765734658
71.38985868046467, 90.65573048339525
35.83815806636799, 106.190218066325
2.7665054358318417, 16.731144161432464
84.22542841212628, 182.7263801261767
68.28136791311628, 71.03171288906474
10.319295969888122, 82.4533034845353
2.2376461299462393, 95.14094886740244
46.076434993092036, 50.19048440968464
79.30772688505608, 101.46651240277578
81.14756659438254, 174.24523450001203
55.685208971110406, 148.74988529700371
47.22411425778178, 142.308231022637
84.08630324105465, 173.68749849335072
37.34888802574063, 126.89018410294824
94.37510093084423, 182.78073261002902
56.337909204358496, 75.52234762484245
66.29458715795097, 72.52004644405619
43.38221955831536, 45.332075275803454
43.22453850824506, 55.40680614315064
37.55639482535586, 56.81305276939485
99.99046755189659, 120.23027277102634
91.90981686675036, 141.55736913023242
74.39064249367034, 82.94702304062872
57.69426480253403, 137.10671023255583
28.73092774221377, 100.3095717393079
14.400602143665223, 22.186388317115124
59.034692941832475, 129.59379534500812
32.78955251362575, 115.03801845742672
57.48290202414653, 70.21540680658919
52.372986173941676, 77.97101655956126
18.285175656645308, 97.87993279324411
54.88681379451486, 90.88862674073113
40.43262339810648, 79.63478872900188
23.19795731633933, 116.03543351080346
78.84794390907501, 153.13590586321328
24.752675216808548, 84.6282175967685
8.75199520205027, 94.44638478881896
85.28188693449312, 109.2271598737998
60.82901330384146, 152.41123403482104
85.41729379174149, 147.55650860984338
90.86708281694845, 120.08158931165974
32.25604605771021, 124.72727631125838
10.858817436959718, 51.28118234525994
47.992145834491915, 54.70184391100604
84.0883979309049, 103.04659186753241
28.486705263686744, 117.65249711465546
35.70643466336814, 75.79021505212388
77.99845204924628, 171.1938526992796
4.3548812871988405, 78.64304809395867
32.316021349965624, 35.49193498103324
44.91736651836319, 107.298266932033
56.78182456682195, 151.3565751187756
41.20206812527964, 60.15173972735069
34.08828235104526, 115.91123356709133
3.4195709124772415, 69.69359883458131
52.8965403610555, 100.66141613884204
63.33487011546862, 160.45526838520917
33.00975112501763, 98.52176811021451
32.77802209778259, 52.9145936795005
93.26012066781597, 117.88081055829028
35.62535390388554, 73.25745162981515
23.5510406551389, 32.085245119773006
43.93547080093966, 68.66775595464908
64.13791126584718, 76.18853904460292
62.30363851576834, 157.23401655897533
62.62569796292607, 89.70890708221859
74.79785988323786, 89.38560077521075
46.29923321906791, 141.045488054198
19.838652634533705, 84.01389772445037
24.417153319436604, 107.69614907117601
54.26162725922327, 57.50339828865843
19.769192633264016, 50.63691916886169
15.204278320701583, 66.991804352062
59.470108277023805, 67.57597113228745
90.93983346708592, 146.7437196704476
32.608618890930806, 122.56129769451016
42.56543571740472, 79.8265455929616
89.03772475315282, 103.86739231971428
9.871437802007582, 60.85480354578198
99.85852280130372, 131.96809026825488
92.14656373842602, 152.74393617246724
1.622295349673625, 25.75029340193162
60.475529936447, 100.86201646012563
98.53340354534203, 157.4746613329605
23.5779566196539, 65.02344294655306
3.0003582154960307, 54.87852805074297
91.47384654595751, 185.35809965487525
8.491808453368462, 41.63183618492173
45.5639123852397, 93.06646766193742
28.257388341753874, 35.63615469141182
41.54204789024142, 77.13235817584874
99.87424224403098, 103.4894473269932
5.982243041620068, 19.265866350312177
27.70492553803264, 86.32695982181107
22.41230277688647, 44.802180380123815
89.70685977177736, 99.20307762571846
35.59215427270391, 46.269529614181764
35.12523669343906, 39.68027891082029
56.0233224504007, 125.76651092134063
4.07972225255995, 41.00494734444473
12.140777829115127, 30.14478206302437
64.99120168213034, 112.21891801091321
87.750601250912, 146.60784008401416
7.163535133604484, 85.93603668391164
89.83152872281283, 158.4219185650906
94.49109309654791, 123.74139667142958
24.564830008382348, 78.97700575799486
50.44199030869168, 121.87213830224681
73.54820710648254, 103.56573313489572
29.88475324958793, 36.88350708054169
16.461953138674374, 111.01811918564816
12.276457331911942, 57.470270304068045
81.02768826674914, 89.51334785393075
61.29316846749737, 134.3392620591093
6.787119776132256, 104.67616367886347
33.10362151116728, 114.16379367268607
76.37180742816012, 115.20917497191522
20.592616664870096, 85.04726103708553
94.84731077278157, 131.0459563285769
11.020505612201827, 76.05116057185874
41.228399512156166, 68.33562015978177
61.550578660195654, 126.54472088035719
76.14637320090583, 112.4057505819282
2.5417003300198795, 100.08849146340111
6.524644890824119, 10.969412249253935
50.92469259786737, 89.00485766245667
16.210312557526578, 50.72478009858171
16.934577543306837, 55.825070602448825
26.723677853583965, 56.44712448403783
39.353034246276536, 53.49565797167338
75.03442564108612, 159.26753127838248
54.330492726295624, 99.1198543796794
2.892601588611232, 95.51165268147703
52.43988188898478, 79.7784724579019
16.276434666293213, 22.599738408770314
35.4608221500752, 38.72448258989785
78.78892326614853, 135.5829651984153
23.725820266485204, 71.21156617356935
91.79631947404015, 173.05174731392702
53.729297074754804, 140.87117349338354
79.17842331448797, 132.77602724854066
66.36814133908267, 73.69692465415426
83.96455919170225, 183.51774412567738
52.34233504313151, 133.38972776869554
14.818096023272632, 40.132236866938634
53.25781939407663, 108.19053610082597
51.076451307397875, 86.32010593946914
85.35981448483696, 128.9958761305229
61.11431174777917, 123.75652680321232
99.67833573529444, 169.2674855481332
96.93215855641225, 155.48615415678879
71.98346799791044, 90.47908654649201
60.46608006795267, 123.43332379597521
41.86851113161796, 59.0396711423644
60.61892199934278, 113.90270716903075
37.006665905502636, 65.30960400778905
89.00068860831185, 132.72727992880988
26.805915746386873, 73.63502783625465
12.28592661988837, 98.50451174598501
60.036191545477045, 69.11414259338314
28.758593241577092, 80.64888867250558
61.21178100224558, 108.49808626386377
35.000654069319246, 106.32868677005328
46.42286131471837, 73.32634138469847
83.99056848983803, 129.54860444480687