25219
12.974147483810393, 17.97414748381039
87.07174453033473, 92.07174453033473
8.973204786366718, 13.973204786366718
67.3623081223369, 72.3623081223369
30.092827244425735, 35.092827244425735
60.17807068897801, 65.17807068897801
87.77303774466172, 92.77303774466172
86.85967006939995, 91.85967006939995
97.07330152145204, 102.07330152145204
25.45722268893297, 30.45722268893297
2.4976934712487058, 7.497693471248706
50.313771814463955, 55.313771814463955
44.088043657732584, 49.088043657732584
72.77148598705406, 77.77148598705406
43.43286245527615, 48.43286245527615
92.95557262279124, 97.95557262279124
31.875810250333885, 36.875810250333885
49.6644696433206, 54.6644696433206
82.5454590244897, 87.5454590244897
42.566757450306255, 47.566757450306255
13.998366252131872, 18.998366252131873
95.26642456938639, 100.26642456938639
34.18606879626434, 39.18606879626434
89.3118975133375, 94.3118975133375
12.674315321074689, 17.674315321074687
15.569300631331156, 20.569300631331156
97.05431125783781, 102.05431125783781
83.36497596991043, 88.36497596991043
54.36518258026811, 59.36518258026811
82.60553741684502, 87.60553741684502
29.018824669353236, 34.018824669353236
82.61054068349719, 87.61054068349719
51.47891168986408, 56.47891168986408
87.6683476805072, 92.6683476805072
72.47716752674025, 77.47716752674025
63.1855163803992, 68.1855163803992
15.604889235477984, 20.604889235477984
7.794249065316626, 12.794249065316626
28.24491308584218, 33.244913085842185
7.094197454189603, 12.094197454189603
37.26259962278717, 42.26259962278717
71.9590247976507, 76.9590247976507
40.56110886364016, 45.56110886364016
28.099466224581352, 33.09946622458135
18.92018916446238, 23.92018916446238
5.07054369881658, 10.07054369881658
1.1046616838224756, 6.104661683822476
70.91843394537386, 75.91843394537386
16.828197139856798, 21.828197139856798
77.51029642717538, 82.51029642717538
84.36970731501563, 89.36970731501563
94.71761686399657, 99.71761686399657
22.561594100236135, 27.561594100236135
52.675770590889094, 57.675770590889094
85.91766593658278, 90.91766593658278
70.65432308440049, 75.65432308440049
15.080459507099329, 20.080459507099327
82.80915361995392, 87.80915361995392
25.72413553020063, 30.72413553020063
59.083043064513745, 64.08304306451375
75.79751737762733, 80.79751737762733
2.747771823441308, 7.747771823441308
10.495582754642243, 15.495582754642243
52.28836512449878, 57.28836512449878
93.17642476026936, 98.17642476026936
34.40273762777575, 39.40273762777575
91.83662979042448, 96.83662979042448
82.47301863178456, 87.47301863178456
15.609672843334135, 20.609672843334135
98.58159776073283, 103.58159776073283
57.82058558477305, 62.82058558477305
35.82898902033866, 40.82898902033866
10.276934591820948, 15.276934591820948
61.506836543622185, 66.50683654362219
57.48464058151152, 62.48464058151152
86.46628105476249, 91.46628105476249
55.64199882046988, 60.64199882046988
45.034753753262606, 50.034753753262606
12.17339048302976, 17.17339048302976
39.52393880551167, 44.52393880551167
30.350500231998172, 35.35050023199817
15.832373830304265, 20.832373830304263
88.43884084468166, 93.43884084468166
31.34958739864639, 36.34958739864639
47.35787531172578, 52.35787531172578
90.8480779694448, 95.8480779694448
34.6402707970985, 39.6402707970985
38.30413534437215, 43.30413534437215
59.09372460017201, 64.09372460017201
58.49679923224474, 63.49679923224474
9.019627980953214, 14.019627980953214
83.5703916115618, 88.5703916115618
61.31639071912792, 66.31639071912792
28.345986646639567, 33.34598664663957
92.93707554441646, 97.93707554441646
85.37053779832677, 90.37053779832677
37.63966127360376, 42.63966127360376
49.696419105431715, 54.696419105431715
70.58773005387239, 75.58773005387239
87.58005202497094, 92.58005202497094
91.69282071912431, 96.69282071912431
36.16239469798547, 41.16239469798547
52.33123737397345, 57.33123737397345
75.52377878471164, 80.52377878471164
52.24583785356315, 57.24583785356315
88.6554688490909, 93.6554688490909
73.72762839340358, 78.72762839340358
31.22027737839607, 36.22027737839607
7.877699357393006, 12.877699357393006
41.30788032082797, 46.30788032082797
9.247699230775106, 14.247699230775106
37.87427196961272, 42.87427196961272
12.268698845954933, 17.268698845954933
24.78657969346965, 29.78657969346965
68.1956099001694, 73.1956099001694
1.518932949415692, 6.518932949415692
27.0982410747473, 32.0982410747473
12.649590770066544, 17.649590770066546
81.98686521918937, 86.98686521918937
7.192038686532813, 12.192038686532813
91.0871915516803, 96.0871915516803
78.9825651840785, 83.9825651840785
96.1318386554606, 101.1318386554606
47.83401419698232, 52.83401419698232
13.02318666702098, 18.02318666702098
55.45108857698716, 60.45108857698716
82.38275187475749, 87.38275187475749
31.914250737962544, 36.91425073796255
57.87670028693277, 62.87670028693277
72.62326734960921, 77.62326734960921
51.15621380153046, 56.15621380153046
76.8361333725136, 81.8361333725136
77.23195882859342, 82.23195882859342
80.52133188054701, 85.52133188054701
95.06072599425207, 100.06072599425207
11.64269231616148, 16.64269231616148
2.3599698015211232, 7.359969801521123
82.29235901415889, 87.29235901415889
63.46124116058001, 68.46124116058002
2.586720309113263, 7.586720309113263
63.31154577466816, 68.31154577466816
16.208730803543922, 21.208730803543922
88.8962114667287, 93.8962114667287
82.10346611449371, 87.10346611449371
54.86831716940254, 59.86831716940254
60.090291642795435, 65.09029164279544
63.6678871374746, 68.6678871374746
53.54908034257247, 58.54908034257247
47.125238428325986, 52.125238428325986
46.86536916325119, 51.86536916325119
96.93078812148781, 101.93078812148781
94.7037827668179, 99.7037827668179
12.49320626344559, 17.49320626344559
48.26228232622818, 53.26228232622818
24.39755364323767, 29.39755364323767
81.87577540535403, 86.87577540535403
14.907607201549688, 19.907607201549688
3.927253148605798, 8.927253148605798
90.27104922199028, 95.27104922199028
96.8531258878061, 101.8531258878061
86.24904174931756, 91.24904174931756
33.07762705999143, 38.07762705999143
34.36212529528194, 39.36212529528194
96.5213269872491, 101.5213269872491
67.44235472762723, 72.44235472762723
12.262321462546584, 17.262321462546584
41.847044393496745, 46.847044393496745
8.951306255069667, 13.951306255069667
42.906620537162965, 47.906620537162965
82.55126827411763, 87.55126827411763
10.985770804352661, 15.985770804352661
53.754315489437055, 58.754315489437055
9.74401051409812, 14.74401051409812
53.00753613299441, 58.00753613299441
30.842588234969494, 35.8425882349695
76.36941318119031, 81.36941318119031
39.41653949896302, 44.41653949896302
52.48463237189634, 57.48463237189634
52.673984189460285, 57.673984189460285
27.03155968056787, 32.03155968056787
21.5504680543876, 26.5504680543876
26.969813412961468, 31.969813412961468
3.5683629849785525, 8.568362984978553
24.486944986272533, 29.486944986272533
88.14597198046593, 93.14597198046593
73.68942094406343, 78.68942094406343
81.74273304268631, 86.74273304268631
84.46336073984652, 89.46336073984652
99.74325934601656, 104.74325934601656
92.51321510352173, 97.51321510352173
96.68615072952687, 101.68615072952687
10.013088290485408, 15.013088290485408
27.24168634654089, 32.24168634654089
4.543242395948869, 9.54324239594887
88.4307282270083, 93.4307282270083
63.764838141777844, 68.76483814177784
35.53160697485009, 40.53160697485009
24.88211373174143, 29.88211373174143
21.12483133278015, 26.12483133278015
84.87979504961427, 89.87979504961427
49.440703734637346, 54.440703734637346
11.9775287506865, 16.9775287506865
14.233264592337648, 19.233264592337648
98.69426661923055, 103.69426661923055
93.54502573052129, 98.54502573052129
94.03649557241377, 99.03649557241377
79.85333503864351, 84.85333503864351
75.7923101819762, 80.7923101819762
40.02283349742784, 45.02283349742784
20.770851512392646, 25.770851512392646
93.60165488369564, 98.60165488369564
86.53214526714096, 91.53214526714096
18.421657512156564, 23.421657512156564
35.26467684631565, 40.26467684631565
25.502202312607466, 30.502202312607466
12.092175731752414, 17.092175731752413
10.981476911487153, 15.981476911487153
24.43317582470234, 29.43317582470234
97.5900395355913, 102.5900395355913
68.50493796555189, 73.50493796555189
83.43443983316955, 88.43443983316955
71.36593259280555, 76.36593259280555
54.21605212129752, 59.21605212129752
83.53930584988397, 88.53930584988397
34.82602500387154, 39.82602500387154
38.87893025222746, 43.87893025222746
96.5971888019401, 101.5971888019401
57.189732513851794, 62.189732513851794
72.72479560501301, 77.72479560501301
88.04623292781284, 93.04623292781284
31.673984292037396, 36.673984292037396
17.69093901575471, 22.69093901575471
41.07252005039985, 46.07252005039985
33.62274582992195, 38.62274582992195
3.4542805572165545, 8.454280557216554
80.49554535085079, 85.49554535085079
91.92497087498325, 96.92497087498325
94.79520342865555, 99.79520342865555
11.145213085702173, 16.145213085702174
17.581689043363525, 22.581689043363525
55.44680286122581, 60.44680286122581
85.95360592681575, 90.95360592681575
40.727549254762515, 45.727549254762515
7.5409131674729455, 12.540913167472945
5.839295322086697, 10.839295322086697
21.47217128290396, 26.47217128290396
24.70565243547272, 29.70565243547272
1.2146302567613754, 6.214630256761375
98.69555662687064, 103.69555662687064
75.91503318421353, 80.91503318421353
78.95227900659253, 83.95227900659253
67.18140311709914, 72.18140311709914
57.632033329643036, 62.632033329643036
46.49627677180487, 51.49627677180487
36.92589265256082, 41.92589265256082
10.365024932679272, 15.365024932679272
54.74273328138656, 59.74273328138656
97.86468743577441, 102.86468743577441
54.14987170896019, 59.14987170896019
85.49393866549548, 90.49393866549548
16.97408720712803, 21.97408720712803
8.005845327553876, 13.005845327553876
52.89235307488815, 57.89235307488815
21.89972178046799, 26.89972178046799
7.534806138516373, 12.534806138516373
60.851501702877854, 65.85150170287785
9.724668413308795, 14.724668413308795
13.578067162362382, 18.57806716236238
23.4741635965736, 28.4741635965736
19.2546940779894, 24.2546940779894
49.910644665382776, 54.910644665382776
72.01507895950955, 77.01507895950955
53.27185648870781, 58.27185648870781
73.32771847756499, 78.32771847756499
77.45521213301438, 82.45521213301438
25.494792789476783, 30.494792789476783
47.64634062665733, 52.64634062665733
38.46664433484169, 43.46664433484169
87.82855087887559, 92.82855087887559
35.01993827752017, 40.01993827752017
76.40582583113859, 81.40582583113859
50.21174539565406, 55.21174539565406
74.02382640676286, 79.02382640676286
9.277396216761105, 14.277396216761105
16.63248639367236, 21.63248639367236
99.69318119302233, 104.69318119302233
45.85481313241325, 50.85481313241325
26.71555816482866, 31.71555816482866
20.879243722325068, 25.879243722325068
58.48656704279156, 63.48656704279156
2.657695557069528, 7.657695557069529
96.1966423669924, 101.1966423669924
61.518771826735815, 66.51877182673582
42.65815123027976, 47.65815123027976
98.6144781972171, 103.6144781972171
85.10400920635288, 90.10400920635288
89.88258958259291, 94.88258958259291
81.77893831148968, 86.77893831148968
27.031176698878824, 32.031176698878824
10.830850015797173, 15.830850015797173
33.8593913121503, 38.8593913121503
3.748416100783331, 8.74841610078333
77.93368833352461, 82.93368833352461
94.18700325366882, 99.18700325366882
94.59725479197196, 99.59725479197196
93.2008951883593, 98.2008951883593
28.972560978164076, 33.972560978164076
28.092365233885353, 33.09236523388535
89.68820526551745, 94.68820526551745
9.743127001809231, 14.743127001809231
96.97470994839138, 101.97470994839138
45.553073502794035, 50.553073502794035
85.17572561606532, 90.17572561606532
21.1492097792253, 26.1492097792253
37.20225884895728, 42.20225884895728
37.04187216428454, 42.04187216428454
54.38507243071082, 59.38507243071082
49.1665579515823, 54.1665579515823
97.34268610626121, 102.34268610626121
58.91753070775603, 63.91753070775603
6.304177852928459, 11.304177852928458
62.26201765392254, 67.26201765392254
68.42533468640443, 73.42533468640443
7.236777104809437, 12.236777104809438
46.21612599602667, 51.21612599602667
38.72314053023573, 43.72314053023573
37.07939201546326, 42.07939201546326
71.63065860303901, 76.63065860303901
89.97969520390409, 94.97969520390409
84.34622700854581, 89.34622700854581
1.5155186793990674, 6.515518679399067
8.882250608238767, 13.882250608238767
89.83397265637292, 94.83397265637292
15.927112461128862, 20.927112461128864
18.57411709967915, 23.57411709967915
27.52630345267995, 32.526303452679954
42.110260410580736, 47.110260410580736
59.90656276218268, 64.90656276218269
1.2112013866092461, 6.211201386609246
33.081246464133926, 38.081246464133926
87.19871960664881, 92.19871960664881
9.984212889954314, 14.984212889954314
53.17126998464484, 58.17126998464484
75.2539015407466, 80.2539015407466
4.6029871248637795, 9.60298712486378
21.46005399442485, 26.46005399442485
65.1932304935413, 70.1932304935413
14.97251789483121, 19.97251789483121
27.808492837661944, 32.808492837661944
29.479150314455453, 34.47915031445545
14.494766232386864, 19.494766232386866
80.80612864436746, 85.80612864436746
10.144424976726432, 15.144424976726432
36.70662277064292, 41.70662277064292
4.518645430703147, 9.518645430703147
59.48907227846208, 64.48907227846209
71.69511106009602, 76.69511106009602
85.7318757415075, 90.7318757415075
81.1326173511813, 86.1326173511813
62.027370001195024, 67.02737000119502
86.89823927201941, 91.89823927201941
90.06863043134145, 95.06863043134145
44.01825558564679, 49.01825558564679
17.049938737541734, 22.049938737541734
36.58909176393164, 41.58909176393164
50.196027380985996, 55.196027380985996
80.39020676752551, 85.39020676752551
60.200102232544594, 65.2001022325446
24.572659259707947, 29.572659259707947
26.498271608327116, 31.498271608327116
17.135764919998216, 22.135764919998216
86.81345574646302, 91.81345574646302
26.85935375697375, 31.85935375697375
73.18376453789952, 78.18376453789952
1.8871664458367339, 6.887166445836733
75.18876071966773, 80.18876071966773
15.714006502997973, 20.714006502997975
47.877290666582105, 52.877290666582105
50.024312733644905, 55.024312733644905
38.07740166226488, 43.07740166226488
45.773026338916004, 50.773026338916004
56.85773350731965, 61.85773350731965
88.14671227266801, 93.14671227266801
94.48862567156716, 99.48862567156716
84.39657753327933, 89.39657753327933
88.76703800932813, 93.76703800932813
82.45890021743121, 87.45890021743121
88.75026119394421, 93.75026119394421
90.39787237966789, 95.39787237966789
87.1666039682321, 92.1666039682321
45.546719770645744, 50.546719770645744
49.344304015107625, 54.344304015107625
94.98778513909362, 99.98778513909362
81.10232377664389, 86.10232377664389
88.16588119529403, 93.16588119529403
51.52061544154059, 56.52061544154059
76.97058812305382, 81.97058812305382
89.48826576271891, 94.48826576271891
83.71494407121918, 88.71494407121918
30.887176644651532, 35.88717664465153
72.88230568038831, 77.88230568038831
41.20832200695334, 46.20832200695334
94.48755526970358, 99.48755526970358
14.370033897054073, 19.37003389705407
84.14165829767488, 89.14165829767488
97.07639999416494, 102.07639999416494
72.11061720720922, 77.11061720720922
45.43913681330969, 50.43913681330969
30.07614850960174, 35.07614850960174
43.091148473569355, 48.091148473569355
51.07455930077298, 56.07455930077298
19.717955502116883, 24.717955502116883
4.687940160689347, 9.687940160689347
27.352301747941304, 32.352301747941304
95.87596859074688, 100.87596859074688
64.10848132396123, 69.10848132396123
67.72052949677261, 72.72052949677261
7.015243650329664, 12.015243650329664
95.16531057152775, 100.16531057152775
34.51836091257003, 39.51836091257003
13.045823018418803, 18.0458230184188
70.6063618080692, 75.6063618080692
37.89560015446868, 42.89560015446868
63.487473123686556, 68.48747312368656
59.680320630906934, 64.68032063090693
76.73369259178625, 81.73369259178625
10.66666921499832, 15.66666921499832
39.88274144304015, 44.88274144304015
25.817175331272455, 30.817175331272455
89.27142516799888, 94.27142516799888
61.380719495624874, 66.38071949562487
11.921001479060402, 16.9210014790604
8.103305936733522, 13.103305936733522
70.78021279315837, 75.78021279315837
80.79383520072429, 85.79383520072429
69.03795615616728, 74.03795615616728
56.31510633767612, 61.31510633767612
41.32932825229366, 46.32932825229366
4.33801171821915, 9.33801171821915
43.54066970265283, 48.54066970265283
83.10195305379996, 88.10195305379996
90.72755921838936, 95.72755921838936
6.618880329932758, 11.618880329932757
15.395119935705617, 20.395119935705615
8.72437328235824, 13.72437328235824
9.608716836400701, 14.608716836400701
36.38866836420897, 41.38866836420897
6.276988771499713, 11.276988771499713
75.93606904976163, 80.93606904976163
39.87496714411119, 44.87496714411119
86.11735958515895, 91.11735958515895
89.60855913197238, 94.60855913197238
92.67088118470677, 97.67088118470677
2.3146695920863367, 7.314669592086337
26.39934355727954, 31.39934355727954
2.797409034474599, 7.797409034474599
38.57213625674222, 43.57213625674222
31.248982242415916, 36.24898224241592
91.95355263551075, 96.95355263551075
61.59932525194164, 66.59932525194165
1.513123926865633, 6.513123926865633
50.76490919006762, 55.76490919006762
77.46071831050413, 82.46071831050413
75.30011086433335, 80.30011086433335
4.413608649274878, 9.413608649274877
4.339398944977826, 9.339398944977827
58.38555530345038, 63.38555530345038
1.3804593458182337, 6.380459345818234
93.00370808393198, 98.00370808393198
86.39950118964616, 91.39950118964616
82.20480002270394, 87.20480002270394
95.4855360998998, 100.4855360998998
49.82529628415842, 54.82529628415842
26.833488296332032, 31.833488296332032
40.46245106167055, 45.46245106167055
23.803102584204726, 28.803102584204726
4.148293248391458, 9.148293248391457
91.6724040882431, 96.6724040882431
7.426271828730043, 12.426271828730043
37.015680842241835, 42.015680842241835
23.94545900815747, 28.94545900815747
47.69295428930321, 52.69295428930321
65.27256759108027, 70.27256759108027
91.98203064228962, 96.98203064228962
3.2264421204595126, 8.226442120459513
15.943947367427933, 20.94394736742793
86.58807084381283, 91.58807084381283
1.704889067287848, 6.704889067287848
8.811236905267254, 13.811236905267254
41.7445360172651, 46.7445360172651
59.72147778993379, 64.7214777899338
79.7727197246379, 84.7727197246379
8.201862964176838, 13.201862964176838
4.602007673661968, 9.60200767366197
17.975838789080303, 22.975838789080303
38.03369600548182, 43.03369600548182
30.20569960799772, 35.205699607997715
49.062678899009356, 54.062678899009356
61.44975244527022, 66.44975244527022
46.39872599143237, 51.39872599143237
29.920032664624088, 34.92003266462409
1.311272295828602, 6.311272295828602
53.19891225335388, 58.19891225335388
78.54518408866414, 83.54518408866414
39.39505123833126, 44.39505123833126
17.19780897622976, 22.19780897622976
32.45174984762464, 37.45174984762464
15.416555417412052, 20.416555417412052
94.26389680557709, 99.26389680557709
62.440504465730974, 67.44050446573098
79.2018801587685, 84.2018801587685
76.6443740643229, 81.6443740643229
34.762379005673665, 39.762379005673665
53.96611038920203, 58.96611038920203
68.7665320043192, 73.7665320043192
11.43199437350673, 16.431994373506733
96.96962800694867, 101.96962800694867
22.19045939778819, 27.19045939778819
49.2215312131704, 54.2215312131704
50.43306204101354, 55.43306204101354
92.757256632129, 97.757256632129
77.47233210182034, 82.47233210182034
65.36908429841756, 70.36908429841756
27.324730902824317, 32.324730902824314
69.76052240881788, 74.76052240881788
14.706183115365144, 19.706183115365143
59.816181039358405, 64.81618103935841
77.87820370664073, 82.87820370664073
84.99533452867335, 89.99533452867335
65.2104390045252, 70.2104390045252
71.89541395327862, 76.89541395327862
10.450540862746767, 15.450540862746767
74.90394534767394, 79.90394534767394
28.25022291856852, 33.250222918568525
22.231412104813725, 27.231412104813725
66.51524396151133, 71.51524396151133
19.202947010424417, 24.202947010424417
31.1327111895602, 36.1327111895602
33.752969401637515, 38.752969401637515
82.0161840018706, 87.0161840018706
50.194101549598905, 55.194101549598905
93.87218695929128, 98.87218695929128
99.70015674655926, 104.70015674655926
51.59671793186847, 56.59671793186847
54.04609381129484, 59.04609381129484
14.504419878383981, 19.50441987838398
92.01571651334058, 97.01571651334058
75.81405746967725, 80.81405746967725
42.566917767252285, 47.566917767252285
82.69598609963263, 87.69598609963263
53.678941970053934, 58.678941970053934
25.228521552248186, 30.228521552248186
63.19374484787162, 68.19374484787161
21.598897598628188, 26.598897598628188
22.476494632980515, 27.476494632980515
90.1197130927347, 95.1197130927347
24.46493693644563, 29.46493693644563
31.073789079061466, 36.07378907906147
54.95845790126864, 59.95845790126864
4.450934528751587, 9.450934528751587
15.017533270830425, 20.017533270830427
69.09254762481079, 74.09254762481079
82.1507694031517, 87.1507694031517
89.58700540254996, 94.58700540254996
73.78954052493955, 78.78954052493955
28.190778809011615, 33.19077880901162
77.06635494283631, 82.06635494283631
78.71509948437269, 83.71509948437269
39.43769681148225, 44.43769681148225
70.34621287954538, 75.34621287954538
95.07776125905133, 100.07776125905133
88.41360041589591, 93.41360041589591
66.88021026647624, 71.88021026647624
13.056676086462764, 18.056676086462765
60.06381869422531, 65.06381869422532
45.78106625540104, 50.78106625540104
50.9114109764087, 55.9114109764087
65.45756623344266, 70.45756623344266
55.01651874396048, 60.01651874396048
88.93720176849467, 93.93720176849467
50.200005818169004, 55.200005818169004
78.60836419800712, 83.60836419800712
77.33552009658364, 82.33552009658364
20.7342850455138, 25.7342850455138
99.7942073078454, 104.7942073078454
13.826258393676977, 18.826258393676977
29.47326059651605, 34.47326059651605
36.23522617330008, 41.23522617330008
66.23533131091642, 71.23533131091642
29.179084348610523, 34.17908434861052
76.1502749618456, 81.1502749618456
66.15263778071862, 71.15263778071862
57.15017263247954, 62.15017263247954
12.587622453246391, 17.58762245324639
21.99989980867551, 26.99989980867551
89.00575416957282, 94.00575416957282
99.43592633832965, 104.43592633832965
56.83771520977541, 61.83771520977541
16.696305185374047, 21.696305185374047
75.98823792524466, 80.98823792524466
7.78330132174626, 12.78330132174626
85.54503026593312, 90.54503026593312
62.23800505195273, 67.23800505195274
51.86408746690588, 56.86408746690588
41.34259250815949, 46.34259250815949
66.2433435679239, 71.2433435679239
81.08219961427247, 86.08219961427247
28.041433392777396, 33.04143339277739
33.642806008463616, 38.642806008463616
54.0315176283226, 59.0315176283226
61.87572415631783, 66.87572415631783
31.388117819404627, 36.38811781940463
28.145365712169827, 33.14536571216983
13.213335822794514, 18.213335822794512
93.4517302723173, 98.4517302723173
43.23366499006248, 48.23366499006248
78.80096027709519, 83.80096027709519
10.340744605103817, 15.340744605103817
90.34474753374606, 95.34474753374606
93.54448747636447, 98.54448747636447
17.308380618729228, 22.308380618729228
87.13033597359998, 92.13033597359998
91.6554388781628, 96.6554388781628
61.72745374714702, 66.72745374714702
17.341379842765903, 22.341379842765903
54.58934169660969, 59.58934169660969
21.54873667601639, 26.54873667601639
87.30931357849025, 92.30931357849025
53.75819271713681, 58.75819271713681
3.1886261108045577, 8.188626110804558
91.65618417536051, 96.65618417536051
96.63422514015, 101.63422514015
33.65660252504208, 38.65660252504208
20.154604879513162, 25.154604879513162
41.21529405896101, 46.21529405896101
38.194518369229414, 43.194518369229414
95.82783208036354, 100.82783208036354
23.987600678044522, 28.987600678044522
78.23751992488566, 83.23751992488566
26.06729077387226, 31.06729077387226
58.88867914881431, 63.88867914881431
84.18853560946833, 89.18853560946833
96.86328693324306, 101.86328693324306
73.63633115489262, 78.63633115489262
98.30370668923537, 103.30370668923537
99.42065108107153, 104.42065108107153
56.45106069743445, 61.45106069743445
83.94012317613303, 88.94012317613303
25.498896791934385, 30.498896791934385
28.181691754025323, 33.18169175402532
49.83980401785561, 54.83980401785561
13.40251556880203, 18.40251556880203
35.570962399557324, 40.570962399557324
40.068953287980044, 45.068953287980044
72.32816066516585, 77.32816066516585
70.29151432107403, 75.29151432107403
8.145195287583306, 13.145195287583306
77.19956630118558, 82.19956630118558
39.068152759357794, 44.068152759357794
43.52607216297145, 48.52607216297145
69.81545212801824, 74.81545212801824
82.61957716545837, 87.61957716545837
43.208224011742736, 48.208224011742736
16.77097062671656, 21.77097062671656
38.81300623249703, 43.81300623249703
95.0288761119422, 100.0288761119422
82.7749947768057, 87.7749947768057
25.02726395240697, 30.02726395240697
49.440820145027715, 54.440820145027715
81.15112828996817, 86.15112828996817
75.12991708947132, 80.12991708947132
54.44299140287329, 59.44299140287329
85.24047366493771, 90.24047366493771
26.710850068400195, 31.710850068400195
60.016415207042385, 65.01641520704239
38.89666864709268, 43.89666864709268
30.61819250131231, 35.61819250131231
84.61171784963176, 89.61171784963176
36.55223898450271, 41.55223898450271
25.43708484213908, 30.43708484213908
69.83926080060485, 74.83926080060485
18.549136758171468, 23.549136758171468
52.437129478758315, 57.437129478758315
2.3636788799759425, 7.363678879975943
21.518391145860225, 26.518391145860225
96.81462518496784, 101.81462518496784
16.05038641412216, 21.05038641412216
60.15587464132367, 65.15587464132366
80.51297664169569, 85.51297664169569
47.12796747551495, 52.12796747551495
47.22136958001804, 52.22136958001804
75.762514240005, 80.762514240005
79.89013624285474, 84.89013624285474
89.5805413094426, 94.5805413094426
14.576865134814641, 19.57686513481464
37.030480600041365, 42.030480600041365
99.03313600758293, 104.03313600758293
15.588714635642681, 20.58871463564268
11.59713635335318, 16.59713635335318
58.415344002826174, 63.415344002826174
73.57146430077205, 78.57146430077205
8.701815618810102, 13.701815618810102
64.79739134020896, 69.79739134020896
19.98586978926407, 24.98586978926407
80.83135365169964, 85.83135365169964
77.5707035194386, 82.5707035194386
41.95140796406476, 46.95140796406476
31.79982492702376, 36.799824927023764
45.89847021700498, 50.89847021700498
94.82150297539916, 99.82150297539916
23.277935560054214, 28.277935560054214
14.018365693959302, 19.018365693959304
20.593774847916748, 25.593774847916748
16.036338259351496, 21.036338259351496
62.17121050708877, 67.17121050708877
68.3507914042275, 73.3507914042275
56.567687860027604, 61.567687860027604
16.139869711185234, 21.139869711185234
46.54282404223275, 51.54282404223275
42.72603978618611, 47.72603978618611
97.49956545515292, 102.49956545515292
23.213793283463627, 28.213793283463627
49.8935371413857, 54.8935371413857
19.165029187064466, 24.165029187064466
71.95964820341952, 76.95964820341952
74.2197642925695, 79.2197642925695
66.11066540469848, 71.11066540469848
39.036411563206876, 44.036411563206876
97.75089336486924, 102.75089336486924
84.43599600883374, 89.43599600883374
44.646585536213436, 49.646585536213436
30.776981054445386, 35.776981054445386
28.227868519175683, 33.227868519175686
45.946635500997836, 50.946635500997836
22.882018063699164, 27.882018063699164
89.22461400789524, 94.22461400789524
57.43459853068724, 62.43459853068724
51.17147746642629, 56.17147746642629
50.781957091030364, 55.781957091030364
95.36888844305992, 100.36888844305992
7.444218400804492, 12.444218400804491
41.698095727552605, 46.698095727552605
93.66353398272993, 98.66353398272993
87.41481709587106, 92.41481709587106
84.95976916670514, 89.95976916670514
14.32627465033965, 19.32627465033965
76.84259982932656, 81.84259982932656
11.364388613440864, 16.364388613440866
5.414000001009953, 10.414000001009953
16.966182861316938, 21.966182861316938
24.17216322164142, 29.17216322164142
89.46804952577413, 94.46804952577413
78.58356928298485, 83.58356928298485
32.18548537290475, 37.18548537290475
39.107831774585755, 44.107831774585755
60.29963866911081, 65.2996386691108
14.50759203715212, 19.507592037152122
4.419884702996318, 9.419884702996317
79.06354559951437, 84.06354559951437
38.67223058217649, 43.67223058217649
22.072754507682355, 27.072754507682355
19.1400272195556, 24.1400272195556
15.047892855039844, 20.047892855039844
59.149639359256575, 64.14963935925658
45.184910864358045, 50.184910864358045
10.935603837748378, 15.935603837748378
28.911116091404313, 33.91111609140431
89.70603024009263, 94.70603024009263
86.99076252754064, 91.99076252754064
17.639276504980884, 22.639276504980884
87.99716432157929, 92.99716432157929
30.5163383238973, 35.5163383238973
95.19583718292947, 100.19583718292947
95.24616257407635, 100.24616257407635
42.71698805904264, 47.71698805904264
87.50614939818747, 92.50614939818747
74.00930326243706, 79.00930326243706
16.400591687435103, 21.400591687435103
26.358062454055815, 31.358062454055815
68.8007445101574, 73.8007445101574
33.79430148076954, 38.79430148076954
49.827970712865046, 54.827970712865046
59.827073151677155, 64.82707315167715
60.369094172168204, 65.3690941721682
61.52217474098075, 66.52217474098074
58.18406721065462, 63.18406721065462
92.40396180080323, 97.40396180080323
67.16463764287195, 72.16463764287195
2.5352094382167234, 7.535209438216723
12.406538903674335, 17.406538903674335
72.26222774130916, 77.26222774130916
22.809606471405104, 27.809606471405104
19.44788836934527, 24.44788836934527
31.664927162477024, 36.66492716247703
7.489924380813492, 12.489924380813491
46.19917670166748, 51.19917670166748
31.9828622759222, 36.9828622759222
88.55791870745313, 93.55791870745313
29.022355029223768, 34.02235502922377
32.596288667646945, 37.596288667646945
29.861442597834937, 34.86144259783494
24.149344878732887, 29.149344878732887
98.82602892573584, 103.82602892573584
52.291205942507716, 57.291205942507716
61.744686497528, 66.744686497528
98.9982619750842, 103.9982619750842
98.3784962607683, 103.3784962607683
32.88252182377414, 37.88252182377414
28.378034465110712, 33.378034465110716
75.69867855850063, 80.69867855850063
21.132394158645585, 26.132394158645585
13.407355066229771, 18.40735506622977
56.02796019881676, 61.02796019881676
37.97841976422102, 42.97841976422102
38.22284813374088, 43.22284813374088
12.917363497427806, 17.917363497427807
27.833965797140294, 32.833965797140294
68.41023677434501, 73.41023677434501
63.479927524030714, 68.47992752403071
92.37380332250456, 97.37380332250456
98.32771223938734, 103.32771223938734
52.559680299174396, 57.559680299174396
21.302155914768193, 26.302155914768193
17.09567436994364, 22.09567436994364
31.16210290430293, 36.16210290430293
52.708650206099826, 57.708650206099826
7.889529466229703, 12.889529466229703
31.128587816735486, 36.12858781673549
66.13001248835289, 71.13001248835289
58.593251721846705, 63.593251721846705
82.61465477177899, 87.61465477177899
85.79115956871904, 90.79115956871904
68.54358386669867, 73.54358386669867
18.850059558897673, 23.850059558897673
86.50284525419244, 91.50284525419244
70.73612437476045, 75.73612437476045
26.990313837194144, 31.990313837194144
14.458325749926658, 19.458325749926658
62.98907341978604, 67.98907341978604
23.050622398949816, 28.050622398949816
31.421992493055477, 36.42199249305548
62.641766819772016, 67.64176681977202
65.52059449807483, 70.52059449807483
45.161445531377794, 50.161445531377794
87.03203151087135, 92.03203151087135
36.21996874197704, 41.21996874197704
74.06505686077364, 79.06505686077364
77.69781921260365, 82.69781921260365
53.49372612255453, 58.49372612255453
84.16798830655614, 89.16798830655614
47.212718178826265, 52.212718178826265
9.660728339587855, 14.660728339587855
56.78370844494922, 61.78370844494922
16.70006834438587, 21.70006834438587
41.1864635956213, 46.1864635956213
55.40668158171212, 60.40668158171212
21.81017778275716, 26.81017778275716
73.71886373868645, 78.71886373868645
65.10905663100965, 70.10905663100965
87.98112255897745, 92.98112255897745
11.943036494579694, 16.943036494579694
83.17503195453028, 88.17503195453028
42.493582841599036, 47.493582841599036
51.3115612033231, 56.3115612033231
13.976827048692234, 18.976827048692236
10.7146744335241, 15.7146744335241
44.84330057008534, 49.84330057008534
89.0228696139346, 94.0228696139346
80.50462182733122, 85.50462182733122
82.91583117168665, 87.91583117168665
40.80291041824022, 45.80291041824022
73.1802356535752, 78.1802356535752
6.098147368362143, 11.098147368362143
93.99874971970543, 98.99874971970543
1.3009515551728956, 6.300951555172896
18.725398831994603, 23.725398831994603
78.55703033055346, 83.55703033055346
30.24961002301441, 35.24961002301441
83.64006406944438, 88.64006406944438
44.72887811947332, 49.72887811947332
28.914002728320774, 33.914002728320774
69.00627613950353, 74.00627613950353
11.330948836444241, 16.330948836444243
47.78140405788037, 52.78140405788037
62.82091291206844, 67.82091291206844
67.00435942590431, 72.00435942590431
88.103591155416, 93.103591155416
17.77992413625356, 22.77992413625356
23.911923556438072, 28.911923556438072
30.89411662477071, 35.89411662477071
62.47606061046539, 67.4760606104654
57.34731660703439, 62.34731660703439
45.35574019273006, 50.35574019273006
4.276060723091451, 9.276060723091451
57.29117042947982, 62.29117042947982
55.45383375285419, 60.45383375285419
10.460392085833412, 15.460392085833412
36.90106052452904, 41.90106052452904
89.7904281348352, 94.7904281348352
68.78422301648548, 73.78422301648548
82.61712777877936, 87.61712777877936
8.911439618032666, 13.911439618032666
66.59875603722323, 71.59875603722323
29.989135346692454, 34.98913534669245
47.30637891711968, 52.30637891711968
77.01430718858857, 82.01430718858857
14.400725137280283, 19.400725137280283
54.27917826457874, 59.27917826457874
4.065232647325426, 9.065232647325427
54.24516938533992, 59.24516938533992
44.51447388994642, 49.51447388994642
10.226009845003867, 15.226009845003867
90.33756835922081, 95.33756835922081
11.276458079172004, 16.276458079172002
28.85592161611407, 33.855921616114074
31.94883396762865, 36.94883396762865
42.67408286163409, 47.67408286163409
48.53119078596335, 53.53119078596335
38.683856240437855, 43.683856240437855
69.59306797249096, 74.59306797249096
57.71057588350368, 62.71057588350368
97.12139320728846, 102.12139320728846
57.12162109741215, 62.12162109741215
54.83131578441475, 59.83131578441475
33.62598393971722, 38.62598393971722
12.178929212339266, 17.178929212339266
14.108185717214646, 19.108185717214646
33.343867941849766, 38.343867941849766
10.16414929031159, 15.16414929031159
22.634268751693792, 27.634268751693792
22.91075825114348, 27.91075825114348
57.38283372338233, 62.38283372338233
14.499077944590164, 19.499077944590162
43.95072790238097, 48.95072790238097
27.16825479079157, 32.168254790791565
42.77746698314595, 47.77746698314595
26.28179541570064, 31.28179541570064
42.607802960758, 47.607802960758
20.449752980247673, 25.449752980247673
12.830124253059719, 17.83012425305972
23.981106072028005, 28.981106072028005
27.987766172471158, 32.987766172471154
88.63005027974867, 93.63005027974867
32.103697223220614, 37.103697223220614
20.34427129364629, 25.34427129364629
93.89984897764178, 98.89984897764178
70.15732618597222, 75.15732618597222
35.05654553301539, 40.05654553301539
16.828144052798415, 21.828144052798415
1.7721554714680592, 6.772155471468059
55.25854917933862, 60.25854917933862
57.761889360688016, 62.761889360688016
10.66421636475542, 15.66421636475542
82.9046718773732, 87.9046718773732
66.79888130275143, 71.79888130275143
48.03446984205565, 53.03446984205565
81.29398049703804, 86.29398049703804
82.89129868061427, 87.89129868061427
24.91646085539402, 29.91646085539402
33.033555267544756, 38.033555267544756
67.575680949757, 72.575680949757
13.763769062257563, 18.763769062257563
34.900695255249076, 39.900695255249076
95.46282003860253, 100.46282003860253
27.722358839182505, 32.722358839182505
26.98308803409311, 31.98308803409311
13.061982261389334, 18.061982261389332
6.5016570837887, 11.5016570837887
18.463195748268863, 23.463195748268863
80.1512438912004, 85.1512438912004
58.220680411049095, 63.220680411049095
97.33641991484555, 102.33641991484555
87.49576048518098, 92.49576048518098
84.1684908443971, 89.1684908443971
69.54163440165296, 74.54163440165296
29.909401286404293, 34.90940128640429
13.134491252239096, 18.134491252239094
51.31104039565024, 56.31104039565024
96.53373539061536, 101.53373539061536
69.13784781438916, 74.13784781438916
28.26989961596807, 33.26989961596807
86.5473682693556, 91.5473682693556
20.24438951690876, 25.24438951690876
62.94578506920273, 67.94578506920273
68.10174421934668, 73.10174421934668
74.00479933561942, 79.00479933561942
68.44997246388304, 73.44997246388304
96.91834559119737, 101.91834559119737
53.83221754780784, 58.83221754780784
41.61691909243116, 46.61691909243116
68.49746347973985, 73.49746347973985
52.3211144879721, 57.3211144879721
3.131093860584203, 8.131093860584203
30.631003627465606, 35.6310036274656
54.59627514929634, 59.59627514929634
95.66511748643546, 100.66511748643546
14.05681035126922, 19.05681035126922
68.6312712330989, 73.6312712330989
1.9070000808663714, 6.907000080866371
53.11055294216318, 58.11055294216318