200
30.82743188504372, 57.2845615339338
76.91425790390802, 172.73464860268172
53.173311157435194, 104.67399565818677
28.435921743741677, 124.2086809633616
36.62509865940823, 80.51853805422928
64.6688005463501, 142.79611340512713
19.77751877654323, 117.90493886179698
36.509516603935516, 88.85996313838828
46.200750535150384, 118.68098631378913
58.66213459885704, 107.91187094066672
28.64396366071436, 74.27427058108381
9.784310469238877, 72.06109385910537
42.34532391237513, 109.90974848382535
60.17555217355744, 128.32463717426452
98.05231479532114, 197.55704982851694
2.7956926090795498, 44.94311254477344
22.336764524724067, 62.29023854819059
2.4464353672116266, 81.59537366898542
60.35527019027634, 78.79290835882458
41.63094907477326, 75.03551565490059
36.32415148013021, 45.6955551628486
97.99785190935266, 168.7154594668877
74.8765823551083, 170.39969460560064
2.0548261055708066, 20.24902046814563
48.12948180054042, 91.93961057010245
74.74575571325347, 162.91659473266117
39.94418708852058, 91.02763880460566
73.79307964180107, 121.59984058388238
83.4832419823455, 123.74375792074329
67.60816004519418, 110.05223026393156
47.773057488249194, 134.46874282330003
57.52388309801345, 77.07159446472959
83.3241055451277, 134.7862000074822
31.674318217314994, 116.13789207224154
82.01222345716397, 120.63594184422135
23.94064918979861, 110.76489566775554
20.813173789423377, 45.42464725539348
59.19660821844027, 90.60718161234468
18.845733905148467, 28.148714294771654
19.239191521666523, 34.3624419757174
89.05142790841703, 181.71648499595716
18.083876249809936, 66.28587313395609
59.83224570776847, 153.70445213229024
2.0976301390979626, 14.760960243759609
15.01589906291161, 75.90106374157139
11.020238133540332, 32.42751997960278
42.088223495571505, 103.39412345063951
73.0666060518807, 103.74452550758923
31.793959811749602, 82.368136880831
8.699070208408555, 12.242920288931913
99.64673447074257, 110.00036725235235
44.629646588728235, 99.48242835648713
74.33349186164357, 86.79241647782243
15.754963120604927, 24.376157620014276
70.91448782209369, 120.17862784685157
81.77501127583186, 153.38597093211388
72.52851125167658, 114.63324500740933
21.16227961342563, 97.12265310717413
41.31293755871859, 48.95182473196738
5.932016977793565, 16.857552763901115
72.74560135381353, 79.53342086474095
12.803577696945679, 60.91716824714053
31.75447799506741, 128.2713402489356
60.052945200847915, 64.19437268463075
62.495197329828905, 159.0212861082911
46.70149900205924, 90.67414191371086
23.221338780913577, 50.866866650605175
18.89783237492111, 40.50307971004106
33.46456930429389, 83.54247907232576
82.15809554076219, 130.6558597739103
95.51867855472527, 163.70969619953132
92.8102247927063, 172.557043794607
47.75484602520668, 81.80119975657028
11.039298217363303, 87.17565675902358
71.23700502443259, 163.59054859017644
90.90363758336456, 146.52145959329204
6.350431201143214, 42.25584401545835
86.75491902827329, 116.63812282452031
30.21099202234751, 93.21504389109154
72.24367703829746, 128.51895343051544
68.45015158094964, 80.58840237384592
9.90485992934524, 99.84165893841761
45.6513589102077, 61.23284226513371
28.776145184330396, 124.5700205257198
11.274139106197753, 53.00946991450363
91.61843222595763, 146.04379499784955
88.40895773123653, 131.39687571960079
41.03283126435563, 130.4187116110108
71.60412656934948, 121.42848291205325
47.75095037561579, 138.57498485941795
53.971382276208885, 151.95398032477243
38.68570359406237, 42.43111030380005
36.718806525429855, 71.2537818924225
55.55295890581507, 104.84508832763613
1.5844891645665398, 55.984510824597805
60.45564769050237, 145.52089201522213
4.42008960769096, 35.33347919057914
60.90835310673308, 136.27702141093317
45.225888127966485, 79.11541082176149
8.570267201282554, 88.49185442682736
52.751624312727124, 80.90583539851403
57.48375580861686, 123.26097254410656
44.52120913991187, 110.19694494753332
63.46425215067232, 118.65630686672122
18.80608853306166, 36.48138840537166
47.12980594968771, 118.89548202881016
46.99361637032408, 137.3951336789362
24.990283696786303, 77.58571384300186
17.54619531173334, 46.81255752403828
9.323642621204973, 65.81664024617122
79.16270203059291, 171.99778909113945
80.05764015863679, 115.48171816524038
67.59671113566303, 100.41833031158929
62.135488404476966, 158.43372948363404
50.56871378695464, 63.888746073257934
42.50567869684628, 124.10321907790129
78.90085664093193, 144.52228567607358
34.49257663885912, 64.88826057755432
14.002838852298137, 21.88342889841094
24.266114379054418, 72.81102587794854
9.181221246101591, 27.95758107655157
25.438242416361224, 112.35089303806437
40.00578090097088, 49.868770038289085
17.70042684708099, 71.50394602641
24.96124638332871, 93.74477725649056
80.15741205250562, 90.29981653746916
80.8793203708795, 147.94968784737955
15.257815182396934, 93.58312637165504
79.08664784593125, 96.87507622424646
53.46764083322896, 150.82409151051144
97.57109872628325, 153.37903646116314
15.409541036176705, 87.36517455045163
25.146315332706067, 120.3201356000753
80.92326414642662, 151.87495907959175
26.636536479641514, 104.87803759876803
3.362113119288125, 79.35154517383269
50.9969509400987, 53.08845576020936
61.81717321120788, 81.85735103332586
93.27554857308392, 96.142929334841
35.50201454917786, 104.55961273725809
81.04377464518664, 153.77246576250474
87.93339144773734, 143.8725577288618
61.828993527225904, 85.81148279378709
81.14605478846026, 102.27507192191062
75.93329954709745, 102.51732460113067
11.420731251881744, 55.26924808986557
28.83358094570328, 109.76472684891569
18.612575248221756, 106.8078714859954
95.33103440210338, 109.86504954909229
58.87843890782589, 129.34046405376995
8.702692455992707, 22.156924932968202
2.039921642727891, 84.55493949251053
34.39799523139038, 56.010110510463605
79.9178521894094, 147.60065241083873
38.89704782160391, 122.73663173408977
69.58358363763388, 92.92680059415333
61.99050788129846, 144.69460625515964
45.91070865004614, 109.07329701549892
55.00271156841278, 125.86959501655402
67.43423117415313, 166.67279167182852
28.689832361305687, 68.36777436714219
65.52951673990593, 137.08010880575756
49.77966767034955, 80.15060293766177
94.430017293911, 98.20932240685075
81.0467741921472, 160.1743060257436
90.70252711470366, 151.4358445642947
51.11465364781812, 64.23424391434033
56.437523227927905, 139.57868606006122
85.44806783880773, 117.91746672672079
97.82392021035628, 121.22227976915674
66.06450574631488, 136.99006256582643
46.388414616342125, 113.54324429217485
64.21220090663755, 81.18908498215842
32.916230468886056, 64.94379730536782
66.2125604173665, 95.63094152271556
70.15356943198542, 137.75804924727726
5.018093533013105, 87.88234633956742
70.98345574871325, 169.60405509699214
74.71531663509018, 170.6178280759354
56.38765698934478, 66.09314985778771
71.11441041551893, 80.17737315464458
47.08947665553092, 115.39574474535738
11.256749963593375, 52.376259895704635
52.07666661974445, 87.17001330533185
60.03076844828513, 121.53021225210078
10.566214438368018, 101.246695363539
26.447414771129328, 28.15713515751487
83.187281768249, 114.4082665757381
23.898162495870594, 103.22295493774999
70.04683381293339, 112.12416575513703
72.18033633105145, 91.2024540107208
89.49920004447375, 184.70344850352103
11.049752224602427, 84.47147549684492
28.365186554236846, 47.411729020275786
64.57491831309355, 77.07945692782798
2.7599100070412415, 94.41085620938767
63.25660091428681, 135.83332754954617
48.949524797890476, 51.0514424819432
87.34303316449389, 124.6238394461791
34.52761903697383, 130.98147154960563
26.85376393537771, 97.21278988239197
37.34097750427286, 132.08578431485358
33.22038364138771, 41.78083577901555
18.61900036681971, 65.23329928348875
94.69350446640689, 191.29976682579212
77.82129675191273, 106.14386766696558
11.258042509252741, 90.33130428843744
91.93753352032107, 153.36774680319638
78.95961905880455, 153.19347270126065
45.93529337103464, 93.0166032126645
56.58619834826688, 92.91694479516681
1.0044604105274684, 16.119081144496214
66.01298603575482, 75.73633255139023
70.91605309993436, 139.52225134103577
8.584424312199747, 48.23790776741774
34.53708832894848, 106.99778172223981
64.43330417758253, 73.48841979988461
55.7244688521074, 105.34159745856547
49.02994393996588, 112.33956752423805
25.751511510965617, 50.33726027271727
12.267195279534077, 22.210589435134583
44.445710114839244, 97.53889818131073
77.84779285226209, 105.39696643787664
26.650292955929675, 48.88393076311321
41.18333173178728, 47.965965991349925
73.0371618866066, 120.88232100058615
5.426086781650311, 91.69670842890183
45.171772975785586, 49.515099359279965
95.11375809387239, 104.36075398000979
71.8209925361885, 105.51384712642007
58.6604793500602, 145.6309643281156
54.48855043189324, 94.25729614170172
30.00020271634049, 68.13639289701116
77.18848685791102, 89.7514269780076
67.39738628201442, 120.37204664219098
59.183397088807354, 139.34078674762435
32.78220624088594, 95.1417230567298
51.48769450697471, 81.4629789553638
36.448403321100464, 120.90986199792815
99.88946737783343, 123.40802334392608
27.543692657017736, 77.82492646093475
98.55797487613695, 116.58384225426448
55.61926759640828, 71.56318347591298
8.051554456302332, 27.410963750498766
5.196818946882775, 57.020304321459534
44.7529864017143, 124.01950434112791
75.59244179612759, 147.79576926585187
54.153688763077895, 78.59766977922159
98.73261463981268, 104.96601014814615
80.43280915944914, 91.94098482638769
81.39380526592642, 104.06776886386893
89.07253368425972, 166.26409666026964
98.02892059363, 144.0349260849644
41.88761729853111, 63.22401141538155
23.304774105085137, 26.570180577153597
51.332257136382964, 148.91268504215418
17.573202243704067, 24.510481032340124
47.01383467472056, 101.6345996196805
58.619675818936344, 70.82733688254467
22.603058130056127, 44.67906953848954
40.21285031349747, 70.04611420013597
21.450057984150444, 100.72793768924284
24.481701593305992, 53.9911306328284
17.79181033415757, 20.475781167375292
98.26499267270503, 170.5026758345419
74.02650514151327, 151.86106245624086
31.245253138758752, 90.80774878909192
99.71479128120997, 130.68503258026846
70.04803431150863, 116.08134920006165
56.890967063412795, 143.83560415617845
90.16923201125262, 152.13242489409782
95.02862148361365, 106.09178893837175
58.285263800104275, 155.2312079976615
13.987826294686945, 109.1086507868802
1.6732995506907826, 44.47037585542499
40.204170983814315, 107.2162901607617
7.908815759420152, 55.54496146835533
19.435461251635562, 114.40844043270563
95.4910231635491, 100.06091564057597
39.594155506037445, 76.9987128754655
98.58990127019338, 133.90500539795207
45.29335313738896, 121.70421243501544
54.311904098392496, 135.90486825790063
67.72607552867234, 163.52780128451255
55.20340709351094, 106.11615891039347
26.643310632655627, 87.95194329215173
55.63707103785212, 66.81964654050296
71.82269941572257, 97.65942155944897
27.657310900451684, 92.13098985920035
27.06032392455565, 107.40558258376227
33.3480620809636, 107.12646901898097
81.81993468550449, 138.41207289300948
3.183094123540858, 84.42492109616434
59.64052052788641, 97.08100667090665
26.880374848907138, 72.58169801800909
76.36165737903433, 78.3945565763887
47.027832964081654, 82.40265713602076
5.44061759608538, 104.90137337496255
54.53644438159273, 104.58102463309712
72.25053703325686, 161.96818246193692
38.85948505118417, 63.61406025209332
42.93620117047258, 89.21627538728401
98.30575949764713, 163.2507808688895
69.36876212609097, 77.92635280673619
71.30381220267664, 127.19733311919288
97.78028535892162, 131.51945794728644
27.032402139407402, 70.60952979352736
57.80046247456856, 153.71708459025177
35.71894620843108, 121.84844468160698
96.05344022976732, 104.32530088535444
65.77498431140258, 97.59106555567625
36.58020591540539, 108.89786282836072
76.18785204884203, 136.60826970871054
96.03954196342455, 103.1467555342492
51.267921106518514, 111.75503348010723
23.442813291282285, 107.95899365968253
58.080388261235754, 81.0700984437366
45.84331314727379, 84.97834728524101
24.38905807249656, 28.064675895410065
56.47810771993059, 60.14619667133004
69.22676245296869, 147.58450995633996
71.59329244836842, 104.89525543147012
65.97216395853407, 135.16040552048884
70.56575648923636, 159.4280030550774
36.72652010258166, 133.6064998021397
69.05832995326158, 140.72008680102027
46.68063612039955, 109.00946912352899
30.458936516466455, 86.93024987825996
13.530257909905531, 32.912520565321884
82.98027425377295, 92.89423472638931
14.440396898932692, 38.289233164250106
45.67786217247747, 120.66401293020652
40.250354453001144, 100.38149111141847
27.616300691713352, 102.60602623938676
68.25459413179733, 99.67386064587427
44.996601555558534, 91.24379618707107
15.936357420832712, 111.11150388876436
60.80137343512326, 135.2960181224215
73.93629943453644, 143.94003527006362
30.810222656416173, 88.76969521851989
62.50166476939105, 105.89133091541765
31.453959986154043, 118.81356741532908
8.325673585613158, 58.514486476044794
3.075972315365941, 85.66325546738965
24.641501982022962, 44.79994550155263
49.12406972921239, 102.05600199594298
30.247701484984173, 58.69496035026471
25.519700762083147, 100.40646188853205
63.33754897681012, 127.69081551646241
14.89526323153486, 73.07438098303614
97.21267158811466, 122.1025560386632
4.003201500611057, 43.49099374748461
14.14905720942798, 74.8586837583797
21.778408990040454, 50.95004125225824
84.48924877747056, 157.38240257253034
74.54227970929895, 94.19152307151828
7.020788789068834, 74.5097036007782
50.17837243730535, 65.07777033525882
70.71530449768586, 123.72826726974138
67.90348665401348, 144.65548684618608
70.14069791739838, 144.596579809175
3.8592322462384594, 99.0129101759968
62.35305126363962, 89.32539789376031
49.100254607701395, 148.604462270736
18.320857056118818, 69.06697151608644
65.8751041532727, 115.35835166769871
75.90570136390008, 145.6150453046274
76.47722942825628, 94.2803190990949
98.67618152356748, 195.84602281897466
64.66554620190088, 86.2449151939683
19.964202304195258, 30.890116481073846
86.28877077113953, 120.94259561128675
78.61690588992266, 104.92692925805653
52.244890712532396, 86.55741816419894
67.69531654131752, 95.24633486012735
63.74005756846698, 131.77225331809868
39.02301244119016, 120.67047038801596
6.439805496115821, 68.03567051725001
36.509690029807025, 41.44598429611052
81.10854342525376, 166.88558818094
50.21260263891558, 124.80416805560532
48.66660795914587, 86.7456733603305
71.2005507996333, 132.14552779238224
37.24279800834631, 75.17319553107481
13.691625877184194, 101.96189702403086
87.65829843622461, 127.65203754174316
48.39260855926585, 105.10364884281724
61.42321309545987, 70.73437878459144
45.63615664617432, 48.29183866643077
19.544805028205744, 81.74587889458458
13.547573023947248, 105.65904193707082
82.76571106901685, 128.73036112757703
24.620031429195354, 46.07492133845131
53.519250793105684, 139.74935662927203
15.588991568546113, 99.07515479237395
33.17981014693472, 116.08401346513315
48.673589639598035, 125.86357857768417
36.961114051013574, 61.16050622572047
91.34592676222528, 109.02490365196506
62.506398647855924, 105.21109374886932
84.51033204265913, 122.39977029911087
16.089686796699276, 36.766125932292105
81.20030912904923, 169.92859514569955
47.55927737973542, 90.64296364640016
15.366362552532827, 63.03119943132283
64.10393418537583, 103.40309813484666
9.96401109229323, 83.89957111474905
39.74302057777507, 53.96331463373379
6.5823065650501995, 10.41635928826219
57.436573631231546, 150.92425665844553
82.4414307094052, 132.29113837162475
83.23750912647351, 167.69493336577307
1.6858058195996946, 74.1267886736051
7.6545694756480245, 81.66297582136656
84.40624394042726, 96.68851193707202
61.29577554410773, 123.06987809313529
94.50883683577115, 190.5322025361617
9.146333551591542, 99.26137909444118
77.12394897302879, 80.70970497999608
93.41980093278596, 101.72574864029487
74.36650781952483, 159.12323486993455
49.731542514823275, 91.83359286868718
98.30422485772516, 181.1935344288392
44.90102423207024, 97.69280326557676
72.03944484522088, 128.58917919905826
43.534174783427545, 75.78201333577724
64.59133504216527, 139.86618166547
13.05658712176768, 103.52218779453692
61.93164508707586, 78.42296777750957
48.429237045010595, 136.2713064453162
34.94288541904067, 53.919190049234324
31.19122707839857, 56.34212620998125
24.42000784716507, 35.68186019441026
8.311228847285685, 70.85570359894848
48.9081514632296, 105.8853678136164
60.20938618425487, 133.01928056645698
66.29416274916217, 147.19514180584366
55.050067416312885, 114.52884609191412
4.25751697765409, 42.35805115778529
50.40997413146912, 75.72987660882174
84.87736723571409, 124.30389923637964
71.08920417312412, 114.64045709111431
56.7191415200604, 143.31872945553926
70.36525053567922, 138.8161952277556
59.56826189083278, 96.76375608208909
41.716888193748076, 62.186290530228476
15.783942317135509, 94.43842707137702
60.116042256507754, 63.658023536494674
42.29557592007304, 135.60899191545647
45.746723312417046, 79.43837830851984
69.88959382210004, 136.34738130224898
66.30567126941115, 81.78330690325478
36.06338969693035, 108.20859099592596
75.2426560114658, 126.80005487607393
66.91033622664052, 116.67380690057408
57.16532583602028, 79.70710552967776
73.58403413376372, 117.42333674974131
65.55762638164573, 100.70620454171794
63.03679807262412, 102.54022909848462
87.23878592542675, 134.03545322005562
80.8840750439672, 102.65675623957227
47.49456517888378, 134.1693198301654
37.057306761951544, 53.3054396517881
19.176929676695238, 88.81370270378855
73.54805658968857, 170.4923621591343
5.893463187904347, 68.59220526689977
41.904106830484956, 116.27739715994684
79.22410146623349, 113.45478251789154
41.81948561025736, 59.93038879623027
24.770285778471163, 124.65840052343509
17.132149387786903, 30.714942340067925
62.48647921059533, 80.50193211769087
81.98298088592885, 175.20079844281355
58.81274207295187, 65.10500000587942
64.03626578231325, 145.76316283500103
97.94537484002376, 112.57130678851122
84.85748009609503, 102.43755606490227
51.82788983707568, 126.94685175046371
80.02473844123193, 88.04364113546615
64.42248686402428, 77.3765444919115
22.942942263789725, 68.39709426293294
55.92158967424628, 133.19722796999963
89.87047824468374, 95.13749639993323
87.93815920979948, 92.91241295835589
27.447334972735373, 103.02332152389366
62.98940467512366, 92.82394290535052
54.57315551573504, 104.39776951958575
40.57457197464574, 101.05982258631977
74.66889242398003, 94.73613780576116
58.60494783249996, 88.40066795203022
53.3797254595589, 62.372675480504384
48.75735136643685, 114.04870135371334
51.987819925501164, 141.5648055935417
58.506150887771064, 107.47597182700775
55.60344662832561, 60.73066319459413
53.58198789791922, 59.74562356986873
57.40407176779291, 119.490157843736
40.151971637574775, 121.17783064009384
20.197320345295523, 50.89744576757249
11.45595699043954, 70.90349953638272
48.755814495113256, 147.0851271112218
30.32907197375032, 35.501198140125034
42.10209171700546, 69.42567720100601
5.66592456929801, 25.90077652833502
29.23271847642708, 101.26762405207297
16.714547033244976, 75.32209846190233
2.214641219734594, 5.64801234978145
51.68021783931238, 133.85907574682602
79.66325271318664, 124.94788901303946
50.051423941350805, 61.219365918022234
8.689902755887342, 97.38673967635916
18.596363835030157, 61.10350636902474
97.71786088071657, 176.5999469765767
14.661657291567195, 103.00704068869148
7.57140906344223, 90.01683145137093
24.891664209412323, 97.14452760622316
13.78361840126031, 25.910959156193982
4.950225128119616, 25.531053685536417
41.110778487416916, 48.96946384027068
37.9247109699153, 84.81601015319507
2.9305078849505137, 93.71380538694675
98.9411743288187, 174.60444851911524
5.218585476937616, 90.50462767313721
54.076804518413844, 84.49787373567997
51.034793429904845, 119.08671920397711
59.67982019091335, 93.22320576301914
80.43084211841077, 108.88002680638994
54.58874550894861, 112.57024506527064
13.326969430364516, 62.281059515325396
3.5823364593214357, 24.29045438618155
58.68264827407139, 86.49386879661446
89.9510681513023, 103.5436179274937
29.133775422472645, 120.68838407133487
26.768687655032778, 110.05228364758521
47.376746958189294, 83.77764882974463
94.73333617222167, 149.15428691938018
8.935399609000186, 88.16622238075959
49.53553708713988, 68.95668570954095
87.04576888420576, 130.79052419475056
69.60563843013058, 95.30670856939986
87.84929514661417, 164.22332807376964
67.67415164907068, 94.51769571084152
79.12611742538152, 96.03888276495479
39.761936865192425, 88.84116334921707
29.285943141384283, 42.302110389548005
64.14897682419658, 66.50994508991732
27.03392972207807, 99.6027114701622
10.871790922312417, 72.02103000272588
10.48686257301124, 97.89595855552032
72.62186010176343, 158.79316145414805
73.06749329967865, 82.10855375290573
74.08219148148088, 169.42021852273285
80.70999664319008, 123.27467243414773
91.43378974445228, 105.66767876789574
82.3627836793047, 158.62567170913485
93.59955072759193, 109.91424346838565
21.319760063859633, 111.80820652422742
40.19943341311922, 118.39318681921414
55.98400643543967, 144.21604709296312
54.50641522965582, 56.184268190098834
23.103550650819532, 99.85964296848215
35.136985319537544, 89.18505001174933
16.536354341765417, 80.43757653541813
3.8727432988635444, 100.75613616237366
14.210079355881174, 49.5326552730174
46.38835269605983, 115.81105562612433
36.58966736466156, 87.48098569946418
24.287366582466476, 45.018671842333575
84.44827688397355, 148.29811891052466
70.92658564426402, 114.34682289101717
55.929806151425744, 94.19696203110684
89.37680024350223, 156.13536468591752
93.71784553495368, 140.0803653928003
89.95455299314361, 148.0253313318549
46.77472803152714, 115.60788766268112
90.37060739805645, 176.71162992343721
73.2706658267195, 117.51272663816812
7.748626720138789, 40.67152752361865
67.59075245150109, 87.51507368482936
11.162337994282241, 54.25256690265518
44.779384160357615, 104.66823216449906
73.7346287240501, 128.03196937195113
15.762928817888106, 24.105265973500586
58.68729806683319, 129.36534281866122
31.81101196187262, 77.65803687506799
20.04006639324271, 79.02243467768369
57.39402638785386, 117.50655992476092
78.43147359339795, 88.52807032185737
97.89887144877213, 110.33952358973926
26.252669725815924, 99.13590107361199
32.181336746063295, 113.4321267245702
15.875380503519294, 73.71276830567682
12.924276167738668, 63.8852081649369
67.90831172281852, 136.28603217869747
87.35690033917005, 125.17263325068532
12.83712321746522, 68.49519179649053
67.47642183329022, 131.56158293175173
18.18317825670578, 105.11573156932477
72.40119873554352, 102.22090877448413
45.025763967411514, 97.20476878516305
8.219921060432661, 26.49882949301858
15.618648773790236, 48.82447999607134
27.48571696668836, 68.29573700905289
82.89545139900714, 144.584717343285
72.07447888227951, 151.09343713035912
97.60564297987918, 126.7145192498421
20.57132400099898, 65.94388290911986
58.94062255868663, 144.92793387067073
26.071671519079672, 100.37424396812807
63.53593269231877, 103.24401451084164
64.84510800102892, 138.15491615787658
18.42982407771575, 104.91249629182832
29.315719172268622, 93.94969035246629
19.148103865955317, 57.99388004492977
19.451015630472916, 32.95428313054714
19.324439845417928, 34.39720315405011
99.7205671800416, 126.52930327033658
80.1506196847577, 133.2442272040376
62.19893795646241, 71.89490525301187
9.429702003132025, 16.111275917729934
61.21884600773725, 64.72674306613463
77.10041617551825, 96.10843835062587
52.776215107716865, 119.84462414700309
63.95268429636292, 112.31354398978525
57.753382226160085, 122.70710046956663
2.0840334517686663, 19.50128035734166
31.96843950570601, 113.99233546940849
18.065965236865917, 35.56378095349595
17.227446210050438, 34.15894497899471
48.49123185316116, 74.33357804920576
24.398824665637058, 115.33793226015135
87.84239195935436, 153.2545744023215
10.97956025643179, 28.518131667262956
95.90315969178553, 145.62428890332154
1.015160979330632, 40.98153239039557
94.58602229072012, 159.2966429931439
34.19357352334483, 102.92052012939178
64.41846453062699, 77.0907321477653
55.35627678694901, 108.68960590403191
82.46939292427267, 154.44231978482014
72.0344065758123, 84.52580725712222
92.9438716214284, 113.35226884638288
98.15035600953911, 117.84257675129462
7.640513693211588, 74.30908657761174
54.70742947109535, 130.75098033380215
92.8737909456461, 108.75791764588132
68.04884060098777, 91.78891269080158
62.604809934046706, 94.11558943892513
32.620988231747084, 92.44917550049358
94.64359778776361, 124.13290944319245
73.87382324591778, 91.84750688740615
74.77417011097721, 132.18182508884547
96.68313336042118, 162.36812194219155
84.30351091237063, 135.16787560652057
35.33054388830984, 101.41064430925084
14.080418495029699, 21.209168301533666
10.246587175974074, 56.35491450883195
64.43229879021675, 107.2994852217136
13.90941281031316, 93.03254339892115
43.87750014889615, 108.88219979004265
48.13855003657276, 148.0295688208745
79.85591825817126, 86.97503427317592
25.031860045756357, 30.906014673307276
14.419707821131729, 34.07297496511846
30.868221854053925, 76.19267857557651
95.97389130604381, 107.10792420437403
25.366484319945283, 85.41273383047745
59.5017035030213, 113.55949399329558
37.7310569232597, 111.00221199204651
80.75538514773017, 155.0573508004202
41.04477461505349, 107.38399826146127
70.05415187372675, 89.81423425680237
6.94308821413333, 30.838700268873435
63.10383990442479, 139.6033700571454
33.53723425345731, 81.5057902517989
80.6944581760092, 133.86132513089154
64.2468784285573, 147.51879543929
12.595278201892198, 49.77805826689768
20.931174655934655, 36.60526922111269
86.09998421263317, 125.45629504751564
53.75136452552386, 85.50771008175072
32.93564196143083, 56.80081859608836
68.41702156893363, 128.10043666101
96.87294432655865, 152.11492898910146
73.33319987078634, 82.71374616657668
60.42177954461071, 107.4161886558159
41.9304237048895, 66.29943438492761
20.25306182402907, 67.98664628019426
6.04755148640296, 51.50278618842798
33.378591923631, 58.12516140145858
38.48514471756938, 110.04134058136837
8.075939985706595, 88.9836893587004
88.39262067331616, 135.32811683073973
30.962798057869577, 112.549080146614
51.69561298907563, 111.157887939256
60.20999612062874, 88.78887286485676
62.86990049393768, 161.9171317258784
54.283282207551956, 75.21731048094384
34.692013769564966, 52.035816363775794
4.711153932444739, 87.94619444724934
8.93668745415833, 30.80913908811887
30.755314089641157, 75.97755993735217
58.35589044679357, 100.09622985137403
73.50147822582205, 136.79743525777383
69.27376098438543, 146.25530694786528
9.362231568616613, 34.38767614927238
91.07282679991094, 149.19310676153236
77.72268321060716, 146.19291559370077
26.540958968796573, 85.26739594251134
56.9759259215857, 143.9121669210796
17.646274220349692, 65.58556563864032
99.0376766847062, 139.12648958883702
68.16619424686927, 77.48243818194325
75.18794768324065, 152.53798648012693
39.59862018160994, 76.90301982067786
38.45790450064657, 76.96981164039916
44.89847172596394, 71.02671588497445
31.869877716222184, 128.5395951402964
68.54597097902456, 109.23837574346902
67.94732511759675, 167.0514794817169
97.59775985946197, 130.97506136142104
8.687493323331854, 14.66819045359143
81.60545964945067, 154.16950485015184
10.529272652777074, 74.54857975216817
94.13607717516516, 147.2616068119834
70.71637246681885, 88.95092588506704
27.025241676932833, 57.28037939455616
30.985771269391492, 43.00764559032926
31.437283572883395, 80.93207322722155
21.204080246506678, 26.480665608629693
26.849990495302038, 76.32827819651152
81.8712955898724, 104.75381829521339
11.491361024125247, 45.3618579502516
13.28807271260386, 63.81935734020216
14.99721809362839, 111.90162908563242
32.33317824265956, 48.15881767187705
38.56871493776467, 114.54233078296043
66.01226615535717, 130.2258077540164
99.45285697534682, 174.24621450422035
47.94764053255564, 116.39559200905722
1.2245841145756757, 33.11012766518616
80.55788032431866, 93.04816981939493
57.05588552531082, 75.0731889656512
77.91067154937384, 141.56943898683767
70.66275076766166, 153.27898097860052
5.588007343537189, 23.73401616109388
24.643934774629543, 37.14811322908489
50.673320977366615, 91.73926093370801
72.57490685227677, 104.06941152888217
73.19481019089861, 166.24080841764845
58.6942046571647, 85.14265139758926
53.11440963540894, 106.86167567316238
61.26157788220567, 95.7046042095225
84.32836533276931, 112.21480297455344
74.32229974083057, 95.33953440656495
4.888987878142121, 100.63561873370672
55.44466443248882, 63.33814760097063
36.1252678192621, 56.27184204826005
17.238841893684416, 103.21909706440519
12.614472264467663, 31.207754908744043
36.860666795732875, 53.659922860464064
94.03294148228679, 151.5288231073758
34.58111213156339, 91.29876688914932
26.344778913882443, 63.060790051185286
82.61080702812929, 146.3262634785543
25.0392348790851, 100.46197984043916
18.93876050086193, 88.9690550039173
82.7078033175768, 175.39988396004236
54.890671891073886, 82.96335130036469
69.11802559499138, 155.4922112968099
82.76820604985386, 87.473012698458
12.456151454884866, 63.24888487605179
88.20729874194332, 180.5983049826948
33.581104905738485, 114.0072209213242
50.11800186068166, 88.69357597514434
22.025773833658018, 47.880455712191036
12.91202240635639, 90.76243211142284
87.19359539914544, 93.90837689715994
85.14551308950412, 132.53973280976447
51.27379435104795, 57.38822348600308
76.81221280820434, 158.33497560650397
77.60508159575515, 91.88641134229817
16.999736375129864, 60.19991396314267
65.82842595392032, 149.73532113996822
56.40294319425761, 97.0380782749476
94.9899628325646, 133.15403713920963
76.70045719334857, 115.6581600151866
81.73873251393766, 96.23893307063295
61.33561962825748, 89.09092717025273
19.933524003173755, 46.65656765094211
66.31285202947892, 89.60705398149176
50.437695302101154, 59.976021645559
75.64384683304117, 109.73657965312805
7.115945132906284, 105.65117852164725
9.048835557080242, 18.906229747251963
5.83572163849446, 86.97609273816241
83.59666272477946, 146.2980647202317
9.000761268779186, 26.006765785285484
91.88721975963045, 101.87922865293774
78.16622495168332, 95.090525167463
85.97868492851438, 125.26524790537499
76.60898740571379, 163.03685211893833
66.76117014736545, 107.46995038325794
6.88277515116552, 55.97682428027374
8.707858067578098, 101.05798272143379
69.7990350742243, 92.9413492599555
47.213032575626976, 75.34302874144039
15.215769436063274, 25.377768161922965
26.28628309166407, 86.23245942976524
45.26133592389348, 114.69218866554495
69.97439415433773, 153.57755271552378
59.45691026827557, 128.66574710379496
79.48613294778191, 105.49355991478373
2.9093863612301396, 10.22807014050033
31.463618395364993, 54.197829057561464
53.51074937234119, 125.42474474211545
53.146784861992614, 132.9500173477021
98.37375210203534, 156.5346479150234
24.65927030587889, 85.5539675603361
15.245031138889326, 27.26731535892666
56.331012862899016, 78.1430629165539
7.789328652464427, 28.43744356027936
37.64191261469175, 62.594785634657896
6.9050566912756475, 63.64657251433131
61.47451801862827, 100.29615726275992
89.05035337314295, 135.67940281388897
42.698657627883996, 81.13967703979088
83.65474066647532, 136.45797390004344
40.86875747281401, 77.60101366127128
61.63175570512802, 115.23255723353564
21.8290199931785, 56.15389980686822
55.01363389751897, 131.89882043252192
76.83691579212834, 86.33139650180388
87.04541868908004, 135.76706678994424
19.74334164752574, 107.97145529545764
49.5076082083184, 101.89424938267868
63.31407146677819, 143.3662061682565
40.87005020740549, 90.46173403879138
40.30121327163673, 109.3567627483101
99.44479450904649, 173.94785044535212
45.68698619944222, 145.06553396294123
35.27222047773824, 50.89075116672254
12.672234075300835, 57.14981162577637
73.1588920432091, 167.4357878260773
94.1871971852257, 167.22785632604902
1.0023425088218196, 62.99853474617907
77.66176165949163, 88.17306244179336
46.18067400544639, 114.81689749858025
21.777795284326285, 58.66765922110423
40.463068515321716, 46.52265801912506
54.17017614511102, 127.21084483479223
99.35442689663198, 161.41411201890307
88.02026288431124, 119.84425116291374
45.749356294198, 69.23763993156047
91.34841020559941, 171.64441728581764
35.09677267719995, 125.61640934841029
8.189189383344207, 84.28671422417204
39.594494349007114, 68.21668712620942
50.3624370278537, 101.64628880736103
31.287524134535897, 43.40809132196364
43.2358436115025, 90.72611145096104
9.796271358001643, 93.93658923350317
9.655771633535364, 47.13731538266235
94.06053465000822, 191.2208612992422
46.46545629383751, 86.59974189340996
46.55171536699143, 137.9254034213826
65.1799244263386, 163.28058458408066
98.81363789767617, 122.43974284644004
99.54043215885095, 195.4961359444991
78.62052817288806, 131.5311376336831
50.28394775852843, 86.4046655980511
11.277644867873503, 42.790801088187834
57.57302939503273, 148.2306060716992
55.986865656161406, 87.5927620517247
7.859743042203052, 94.24269116423253
40.75302069310823, 105.13421858603382
92.13850202827815, 143.6990042214827
71.56067852872077, 110.14140845713192
43.2296808232253, 123.58240517098244
59.453382073253195, 81.7502370192946
57.60316038282131, 111.7294672329551
87.01412220514415, 180.39013641187387
84.64675475947007, 135.96437333197392
73.34058347019504, 110.14496895518198
84.03723222522918, 158.67478087734824
32.923563312167005, 57.37878064195927
5.983258014563948, 85.98120790915631
1.3830493968133308, 75.15915795991343
96.0129708111684, 148.87273971933243
40.01377165135651, 47.40622434881266
94.41039522546704, 187.13480431914218
29.084607626245965, 47.54673827507034
4.040536473151281, 5.846422440391704
33.82966257488295, 102.07425425395289
44.39942094839474, 54.1890497301474
21.40567997601397, 116.14189651243723
10.489025479541475, 44.60132790942354
39.98537723038764, 131.1926042570159
98.74770540957334, 152.05728158652153
32.989926471518174, 55.90197704604783
34.32076128067472, 49.50605956168597
13.05943217270469, 60.90911485459572
16.802566005017212, 63.6896912465512
41.59327128368666, 72.09645365806759
8.098440988044937, 9.775073785755703
63.23328860929389, 133.70220659917004
8.619439477768129, 102.77055836282513
59.114908199751696, 91.20520791599152
54.18377999707035, 132.14867203962694
77.82296095479624, 164.62372766479388
15.918440053748512, 39.396187966109494
83.15697340073744, 180.11504483498993
3.1202569007762677, 50.546583836404594
67.82918376692744, 122.33903148165297
50.16952122166904, 111.9245444862433
24.64709301118857, 74.5032135575354
36.95654267334453, 62.736367434549194
44.319266343404884, 61.962182855495854
70.2975452119229, 127.95474208671624
54.91744689754951, 66.50155709701936
11.829920665852171, 93.12962352010368
17.909822470029596, 32.43078928108734
55.50932656779212, 93.74210880665342
66.03390488844848, 97.16709438084064
16.548733796829694, 83.55486477442327
5.024897706558514, 43.484216200095645
39.077831539223375, 109.18354465616025
74.22810548622232, 107.76086107998523
92.02146668003878, 109.59860387077902
70.50003053256043, 150.73358322232886
44.535930186186164, 82.84266064152912
14.924132242278812, 29.403576735338724
10.33259874512729, 30.891822518348434
96.38365793913974, 144.60227799079416
25.908621833266313, 97.0823967167095
82.67225460678513, 93.29469567154382
93.10665580011072, 123.51616186659032
73.2812656123711, 136.2302013569406
67.70388548819926, 114.90121871555218
45.056259238862395, 67.78386708029218
63.61906861987044, 102.10312304761769
56.86301396757508, 101.58065184252254
81.081393543614, 176.21775291211628
86.64508639508912, 166.30995628739
65.24041502321862, 109.90100284843443
87.42692423271502, 94.38164379799407
12.870980920440493, 96.4532619230342
88.69633669740406, 181.40768155748233
68.68118151883898, 98.22951529844258
81.87672233743221, 128.0392638167523
62.3550361795261, 128.32510451887356
85.87293479182428, 159.98152402071617
75.41228346666372, 128.89777119205587
96.31483008210995, 144.599619562641
10.940367069495208, 62.0733715806367
65.13981949532622, 144.83923923045995
52.496619340503415, 131.73101731782026
24.959119298786582, 96.54764318138902
24.818811850125908, 116.44948969516331
18.004980529294855, 46.789360521705326
97.24144912087569, 183.540163131033
88.6314854504234, 160.31058279217172
77.73340299149841, 126.07714647862443
64.18785051473645, 83.31635763680028
89.7700309759691, 137.2099502139776
72.93200735944198, 107.09585430284541
3.8956828651890403, 56.38769340286381
84.59868407764357, 141.99742831696932
7.7277107431222625, 88.5328265756324
58.91589747893375, 104.01648931042376
15.724827021954587, 51.63829013274574
46.38870751847032, 72.68525893351742
78.39889864187256, 145.08828757261983
3.877610596580902, 89.43654608000942
57.03548430103092, 105.24744751185801
12.545824793973164, 89.60256733948849
65.29104064700485, 80.91680116849065
38.504110082208975, 133.00978057957744
14.95939357178262, 24.137132266788058
36.84457479334611, 104.4742730995108
93.72935045499318, 174.945487788661
32.81443608625385, 88.32463808143247
47.05947522206858, 85.04144783240835
47.26241634088767, 105.9382921070287
67.91560332302232, 96.86108032243806
18.764576658625426, 106.19170537583352
4.52148803670615, 70.72096600125651
37.557688416553155, 87.07178556515602
1.9652831589807307, 85.10206750036868
26.189081034422717, 43.18275502427069
67.20178391160212, 134.44473374407505
20.176164315814532, 57.51898354467087
43.48619653912924, 88.05345051818358
72.48616764092309, 90.73160708419924
39.369636246835704, 106.62417445151172
63.51637317359871, 87.95642670349304
73.52879452948895, 173.27928932281563
53.70285468942851, 113.81265567297598
10.994021554327139, 89.8217525741324
59.416384629289574, 77.97406919002886