1, 27196.746495562515, 24688.917849417092, 27196.746495562515, 25148.133442314036, 24655.10415927268, 25148.133442314036
2, 27219.769077487475, 24625.321699617274, 27219.769077487475, 25664.32043030406, 24643.641775716227, 25664.32043030406
3, 27219.769077487475, 24625.321699617274, 27219.769077487475, 25870.916783217886, 24629.09265499007, 25870.916783217886
4, 27450.76939984199, 24545.12325583444, 27450.76939984199, 26059.442782139093, 24621.13362120687, 26059.442782139093
5, 27478.891959447876, 24514.84471373589, 27478.891959447876, 26195.20116571977, 24608.55670318608, 26195.20116571977
6, 27478.891959447876, 24514.84471373589, 27478.891959447876, 26372.966263630355, 24575.042358691626, 26372.966263630355
7, 27734.867884113744, 24563.768805329863, 27734.867884113744, 26534.69855897689, 24577.498168932187, 26534.69855897689
8, 27740.371543953584, 24660.298851458236, 27740.371543953584, 26589.162564505357, 24597.904753795425, 26589.162564505357
9, 27752.47576290708, 24573.415432909893, 27752.47576290708, 26700.032345202682, 24588.097225208505, 26700.032345202682
10, 27812.703000761634, 24605.10674452324, 27812.703000761634, 26786.845258219746, 24580.324396168453, 26786.845258219746
11, 27852.62458350475, 24599.866023705432, 27852.62458350475, 26856.16460990392, 24570.287299543434, 26856.16460990392
12, 27947.858921301253, 24671.386442096664, 27947.858921301253, 26902.936113045456, 24577.04284575467, 26902.936113045456
13, 28024.468359857612, 24666.51643800055, 28024.468359857612, 26941.94517001628, 24571.977506065894, 26941.94517001628
14, 28157.94485297616, 24455.051175474262, 28157.94485297616, 27033.07629604875, 24581.540808025115, 27033.07629604875
15, 28326.422362659316, 24458.247303776934, 28326.422362659316, 27053.762457640027, 24584.080470608744, 27053.762457640027
16, 28326.422362659316, 24458.247303776934, 28326.422362659316, 27125.060446787364, 24581.160701112545, 27125.060446787364
17, 28358.60927235719, 24646.65246134196, 28358.60927235719, 27186.89256378713, 24581.54259196679, 27186.89256378713
18, 28458.0024473232, 24399.45955463694, 28458.0024473232, 27145.922261883257, 24573.200029346044, 27145.922261883257
19, 28458.0024473232, 24399.45955463694, 28458.0024473232, 27272.22216570011, 24551.99172604011, 27272.22216570011
20, 28556.963105617964, 24519.779289885253, 28556.963105617964, 27293.18884694478, 24553.512502044894, 27293.18884694478
21, 28556.963105617964, 24519.779289885253, 28556.963105617964, 27331.49719891257, 24542.960904028172, 27331.49719891257
22, 28556.963105617964, 24519.779289885253, 28556.963105617964, 27437.75142986905, 24560.678649968104, 27437.75142986905
23, 28556.963105617964, 24519.779289885253, 28556.963105617964, 27427.31193572336, 24549.699268023272, 27427.31193572336
24, 28699.51581879161, 24603.70605652159, 28699.51581879161, 27455.563685820798, 24532.928165696714, 27455.563685820798
25, 28787.492263681776, 24607.13696912158, 28787.492263681776, 27511.145356896217, 24544.574234287717, 27511.145356896217
26, 28787.492263681776, 24607.13696912158, 28787.492263681776, 27537.415082210777, 24569.104179966012, 27537.415082210777
27, 28815.264092421265, 24451.192499912224, 28815.264092421265, 27562.091280826597, 24559.067465423796, 27562.091280826597
28, 28856.9529261568, 24320.661365421667, 28856.9529261568, 27645.95419397092, 24562.746403495246, 27645.95419397092
29, 28858.096900680204, 24354.441593610547, 28858.096900680204, 27638.140507985743, 24577.119581349256, 27638.140507985743
30, 29013.371716831007, 24473.218183131, 29013.371716831007, 27635.10998178712, 24547.082960840125, 27635.10998178712
31, 29051.125994877424, 24554.53455391862, 29051.125994877424, 27722.422882556766, 24531.233394337167, 27722.422882556766
32, 29051.125994877424, 24554.53455391862, 29051.125994877424, 27736.21502317817, 24533.425968538435, 27736.21502317817
33, 29072.350748945682, 24337.445583585184, 29072.350748945682, 27763.56308352231, 24509.116182358135, 27763.56308352231
34, 29110.08808359647, 24378.26012536546, 29110.08808359647, 27796.015802648893, 24491.06635399948, 27796.015802648893
35, 29200.929596912974, 24551.605097485208, 29200.929596912974, 27842.099800402168, 24499.39246815066, 27842.099800402168
36, 29200.929596912974, 24551.605097485208, 29200.929596912974, 27851.67588747481, 24508.816798238655, 27851.67588747481
37, 29262.936856340264, 24515.478666144078, 29262.936856340264, 27874.87098233425, 24518.619984660927, 27874.87098233425
38, 29262.936856340264, 24515.478666144078, 29262.936856340264, 27932.633266404417, 24522.711427108832, 27932.633266404417
39, 29297.887953438574, 24544.22602523665, 29297.887953438574, 27939.71429497183, 24518.23963640923, 27939.71429497183
40, 29482.67216581089, 24367.447961471473, 29482.67216581089, 28000.24726007321, 24535.40272268489, 28000.24726007321
41, 29482.67216581089, 24367.447961471473, 29482.67216581089, 27956.554833967602, 24548.56691119642, 27956.554833967602
42, 29583.459445894336, 24633.632356712682, 29583.459445894336, 28000.118383212524, 24557.54418820562, 28000.118383212524
43, 29583.459445894336, 24633.632356712682, 29583.459445894336, 28071.91980239179, 24553.831665422113, 28071.91980239179
44, 29583.459445894336, 24633.632356712682, 29583.459445894336, 28035.706746209813, 24557.764275940317, 28035.706746209813
45, 29583.459445894336, 24633.632356712682, 29583.459445894336, 28096.571172518674, 24578.145932830965, 28096.571172518674
46, 29583.459445894336, 24633.632356712682, 29583.459445894336, 28095.235625089594, 24572.312158235014, 28095.235625089594
47, 29583.459445894336, 24633.632356712682, 29583.459445894336, 28164.099374028203, 24566.313165419862, 28164.099374028203
48, 29652.35353818389, 24405.446155494046, 29652.35353818389, 28162.999694326165, 24566.905294282198, 28162.999694326165
49, 29710.223933780933, 24380.99095294315, 29710.223933780933, 28220.594634486082, 24543.503804841843, 28220.594634486082
50, 29710.223933780933, 24380.99095294315, 29710.223933780933, 28239.574214634606, 24523.684764413843, 28239.574214634606
51, 29725.707670020154, 24573.853622615046, 29725.707670020154, 28248.831231276305, 24557.986959496557, 28248.831231276305
52, 29725.707670020154, 24573.853622615046, 29725.707670020154, 28274.739927755756, 24617.46635703214, 28274.739927755756
53, 29725.707670020154, 24573.853622615046, 29725.707670020154, 28286.76852242158, 24596.198189273415, 28286.76852242158
54, 29727.89007691094, 24510.0798207722, 29727.89007691094, 28215.409245943687, 24556.95842597494, 28215.409245943687
55, 29819.397301340083, 24397.82288173506, 29819.397301340083, 28307.162221641625, 24525.99248293277, 28307.162221641625
56, 29846.670226688508, 24601.92641304926, 29846.670226688508, 28295.833256319802, 24529.45125149037, 28295.833256319802
57, 29846.670226688508, 24601.92641304926, 29846.670226688508, 28347.602470980797, 24485.49023625185, 28347.602470980797
58, 29848.955091453096, 24466.341875066, 29848.955091453096, 28355.10328281689, 24521.63393103562, 28355.10328281689
59, 29859.76624745463, 24537.512466122706, 29859.76624745463, 28391.667154422124, 24569.567178120353, 28391.667154422124
60, 29859.76624745463, 24537.512466122706, 29859.76624745463, 28333.51318559835, 24557.57505612897, 28333.51318559835
61, 29950.399919681135, 24274.227159480033, 29950.399919681135, 28366.109549452347, 24557.278428466572, 28366.109549452347
62, 29956.683410305657, 24105.371783783015, 29956.683410305657, 28403.767705623064, 24522.039419576857, 28403.767705623064
63, 30011.27342770071, 24629.92554030641, 30011.27342770071, 28450.719784524535, 24513.334955567363, 28450.719784524535
64, 30011.27342770071, 24629.92554030641, 30011.27342770071, 28431.173448334528, 24525.94733500852, 28431.173448334528
65, 30029.98337518737, 24232.091607596598, 30029.98337518737, 28461.52901538615, 24542.566766229807, 28461.52901538615
66, 30039.629494460627, 24649.613548435493, 30039.629494460627, 28553.888379392884, 24560.213668428994, 28553.888379392884
67, 30041.271866839772, 24244.9704708689, 30041.271866839772, 28530.719267304168, 24512.510744333133, 28530.719267304168
68, 30117.294136657445, 24471.667130320322, 30117.294136657445, 28531.68138312439, 24479.10281919996, 28531.68138312439
69, 30150.036315668855, 24515.738399199276, 30150.036315668855, 28521.029076912957, 24478.420660507138, 28521.029076912957
70, 30210.332110518924, 24283.524376402973, 30210.332110518924, 28552.05126737113, 24491.80262454404, 28552.05126737113
71, 30210.332110518924, 24283.524376402973, 30210.332110518924, 28572.381567953867, 24503.630332263347, 28572.381567953867
72, 30210.332110518924, 24283.524376402973, 30210.332110518924, 28565.031024238513, 24515.715641875388, 28565.031024238513
73, 30214.49973141996, 24673.176834332226, 30214.49973141996, 28571.005004785507, 24486.822163530753, 28571.005004785507
74, 30214.49973141996, 24673.176834332226, 30214.49973141996, 28640.762691432545, 24473.22170724898, 28640.762691432545
75, 30214.49973141996, 24673.176834332226, 30214.49973141996, 28663.261048264332, 24466.509952743356, 28663.261048264332
76, 30222.577612305668, 24183.26359546756, 30222.577612305668, 28597.529958308074, 24542.02275972513, 28597.529958308074
77, 30379.86089088537, 24545.225454471885, 30379.86089088537, 28636.060734528553, 24543.58913047587, 28636.060734528553
78, 30379.86089088537, 24545.225454471885, 30379.86089088537, 28661.8426299779, 24552.847670316634, 28661.8426299779
79, 30379.86089088537, 24545.225454471885, 30379.86089088537, 28648.982279223455, 24540.571507610515, 28648.982279223455
80, 30379.86089088537, 24545.225454471885, 30379.86089088537, 28717.519934120788, 24543.2199709563, 28717.519934120788
81, 30379.86089088537, 24545.225454471885, 30379.86089088537, 28748.06534465199, 24581.38986837295, 28748.06534465199
82, 30379.86089088537, 24545.225454471885, 30379.86089088537, 28744.85374803206, 24594.18227031952, 28744.85374803206
83, 30415.858319396302, 24219.801632812767, 30415.858319396302, 28695.68230424801, 24553.486376861547, 28695.68230424801
84, 30433.979055928114, 24542.64474066909, 30433.979055928114, 28710.871228648182, 24540.57145618293, 28710.871228648182
85, 30433.979055928114, 24542.64474066909, 30433.979055928114, 28737.093230324062, 24528.487404131516, 28737.093230324062
86, 30441.27036055526, 24406.300696444505, 30441.27036055526, 28776.54538578243, 24493.066527120853, 28776.54538578243
87, 30545.617339403856, 24577.883950314936, 30545.617339403856, 28821.700967222016, 24527.07149150731, 28821.700967222016
88, 30597.2612168579, 24302.63841230567, 30597.2612168579, 28806.746311940115, 24538.450489778585, 28806.746311940115
89, 30701.371306127065, 24466.050631325452, 30701.371306127065, 28807.717275952742, 24512.398940655476, 28807.717275952742
90, 30701.371306127065, 24466.050631325452, 30701.371306127065, 28874.604286577774, 24467.684820106904, 28874.604286577774
91, 30701.371306127065, 24466.050631325452, 30701.371306127065, 28845.587299949268, 24502.234316656763, 28845.587299949268
92, 30701.371306127065, 24466.050631325452, 30701.371306127065, 28914.834734509095, 24516.248075754032, 28914.834734509095
93, 30701.371306127065, 24466.050631325452, 30701.371306127065, 28921.23215472081, 24504.34665339369, 28921.23215472081
94, 30701.371306127065, 24466.050631325452, 30701.371306127065, 28954.138648832046, 24493.22149063339, 28954.138648832046
95, 30701.371306127065, 24466.050631325452, 30701.371306127065, 28937.641504167535, 24466.830636192433, 28937.641504167535
96, 30702.392036614216, 24505.373967278385, 30702.392036614216, 28992.24963296504, 24421.798254929578, 28992.24963296504
97, 30777.601793637466, 24041.785266627936, 30777.601793637466, 28996.055497813235, 24450.774915406582, 28996.055497813235
98, 30784.183289348555, 24319.141204902688, 30784.183289348555, 29034.627814948864, 24475.887842592256, 29034.627814948864
99, 30784.183289348555, 24319.141204902688, 30784.183289348555, 29012.132490524546, 24491.197150968736, 29012.132490524546
100, 30911.143797130815, 24592.843960810114, 30911.143797130815, 29008.809588654647, 24517.316656962023, 29008.809588654647
101, 30911.143797130815, 24592.843960810114, 30911.143797130815, 29081.557478832918, 24503.83306733098, 29081.557478832918
102, 30926.28356907046, 24381.74706800208, 30926.28356907046, 29057.9331247887, 24485.161929230668, 29057.9331247887
103, 30926.28356907046, 24381.74706800208, 30926.28356907046, 29074.668839610666, 24480.613033662565, 29074.668839610666
104, 30926.28356907046, 24381.74706800208, 30926.28356907046, 29067.49070716533, 24448.51117592312, 29067.49070716533
105, 30926.28356907046, 24381.74706800208, 30926.28356907046, 29110.623733628196, 24416.29035387406, 29110.623733628196
106, 30926.28356907046, 24381.74706800208, 30926.28356907046, 29146.813708110625, 24490.41940683935, 29146.813708110625
107, 30979.846903360787, 24608.16442585555, 30979.846903360787, 29166.22940304188, 24542.140820752178, 29166.22940304188
108, 30979.846903360787, 24608.16442585555, 30979.846903360787, 29194.373437608, 24558.91051860573, 29194.373437608
109, 31043.588368850935, 24353.24114019075, 31043.588368850935, 29201.819838121915, 24569.552199365655, 29201.819838121915
110, 31043.588368850935, 24353.24114019075, 31043.588368850935, 29216.766190370312, 24535.21932635694, 29216.766190370312
111, 31043.588368850935, 24353.24114019075, 31043.588368850935, 29191.447317909766, 24485.61906475531, 29191.447317909766
112, 31126.83284489601, 24617.71889534613, 31126.83284489601, 29189.721865096417, 24501.256774794263, 29189.721865096417
113, 31126.83284489601, 24617.71889534613, 31126.83284489601, 29236.215185637233, 24527.713425493544, 29236.215185637233
114, 31126.83284489601, 24617.71889534613, 31126.83284489601, 29261.315149483125, 24565.215850463646, 29261.315149483125
115, 31177.06642438195, 24309.558128362718, 31177.06642438195, 29304.65509681059, 24555.455055854018, 29304.65509681059
116, 31232.158476856926, 24092.655701396587, 31232.158476856926, 29326.876466483754, 24497.55739066154, 29326.876466483754
117, 31232.158476856926, 24092.655701396587, 31232.158476856926, 29306.57785385059, 24474.86979085676, 29306.57785385059
118, 31232.158476856926, 24092.655701396587, 31232.158476856926, 29312.09199401652, 24487.362910323147, 29312.09199401652
119, 31232.158476856926, 24092.655701396587, 31232.158476856926, 29297.380874449314, 24516.711260145512, 29297.380874449314
120, 31232.158476856926, 24092.655701396587, 31232.158476856926, 29364.660715290127, 24558.575399406574, 29364.660715290127
121, 31232.158476856926, 24092.655701396587, 31232.158476856926, 29312.973328389144, 24574.17704472948, 29312.973328389144
122, 31250.037263531074, 24654.32337018298, 31250.037263531074, 29324.73974075168, 24544.78936382169, 29324.73974075168
123, 31250.037263531074, 24654.32337018298, 31250.037263531074, 29360.26540757066, 24493.395369545095, 29360.26540757066
124, 31301.70802582378, 24194.874510416415, 31301.70802582378, 29343.131758885276, 24424.856434711484, 29343.131758885276
125, 31344.334076712923, 24536.56509361159, 31344.334076712923, 29371.512781446785, 24421.684065988025, 29371.512781446785
126, 31344.334076712923, 24536.56509361159, 31344.334076712923, 29390.910283548386, 24423.04192686352, 29390.910283548386
127, 31349.48997577461, 24256.306949549973, 31349.48997577461, 29355.45879691262, 24429.773790260024, 29355.45879691262
128, 31349.48997577461, 24256.306949549973, 31349.48997577461, 29416.96169046925, 24442.262774615694, 29416.96169046925
129, 31349.48997577461, 24256.306949549973, 31349.48997577461, 29425.905199782486, 24422.317682123903, 29425.905199782486
130, 31349.48997577461, 24256.306949549973, 31349.48997577461, 29477.038413722614, 24496.442013204807, 29477.038413722614
131, 31349.48997577461, 24256.306949549973, 31349.48997577461, 29419.62945037477, 24503.370053610684, 29419.62945037477
132, 31438.573742975914, 24285.265520341447, 31438.573742975914, 29440.23365502171, 24414.378681901224, 29440.23365502171
133, 31473.271741651963, 24643.750940267426, 31473.271741651963, 29466.959162867475, 24402.651194644488, 29466.959162867475
134, 31473.271741651963, 24643.750940267426, 31473.271741651963, 29474.519230592028, 24446.129356368216, 29474.519230592028
135, 31473.271741651963, 24643.750940267426, 31473.271741651963, 29461.135434411535, 24493.220519012884, 29461.135434411535
136, 31473.271741651963, 24643.750940267426, 31473.271741651963, 29466.451907538343, 24497.321545026338, 29466.451907538343
137, 31473.271741651963, 24643.750940267426, 31473.271741651963, 29489.126484525594, 24454.08316992348, 29489.126484525594
138, 31473.271741651963, 24643.750940267426, 31473.271741651963, 29530.072909731367, 24424.466477095986, 29530.072909731367
139, 31473.271741651963, 24643.750940267426, 31473.271741651963, 29572.907986770348, 24443.86980362316, 29572.907986770348
140, 31523.975041378875, 24548.719331578406, 31523.975041378875, 29570.0669074911, 24477.58944293309, 29570.0669074911
141, 31612.434932747998, 24464.90632874618, 31612.434932747998, 29525.81144663535, 24466.371620021575, 29525.81144663535
142, 31612.434932747998, 24464.90632874618, 31612.434932747998, 29540.888586797322, 24530.697637191843, 29540.888586797322
143, 31612.434932747998, 24464.90632874618, 31612.434932747998, 29563.53321717295, 24622.145101371338, 29563.53321717295
144, 31612.434932747998, 24464.90632874618, 31612.434932747998, 29597.689058567885, 24631.142221642505, 29597.689058567885
145, 31612.434932747998, 24464.90632874618, 31612.434932747998, 29570.07749605712, 24617.183349029176, 29570.07749605712
146, 31612.434932747998, 24464.90632874618, 31612.434932747998, 29618.300398030813, 24599.541953448825, 29618.300398030813
147, 31612.434932747998, 24464.90632874618, 31612.434932747998, 29582.663062049225, 24571.554546771877, 29582.663062049225
148, 31612.434932747998, 24464.90632874618, 31612.434932747998, 29576.546518360683, 24535.447167569528, 29576.546518360683
149, 31612.434932747998, 24464.90632874618, 31612.434932747998, 29667.071861504093, 24560.17527201055, 29667.071861504093
150, 31612.434932747998, 24464.90632874618, 31612.434932747998, 29666.24273679263, 24546.678535518422, 29666.24273679263
151, 31612.434932747998, 24464.90632874618, 31612.434932747998, 29698.08898096411, 24529.886770330697, 29698.08898096411
152, 31702.155900364323, 24380.492040080844, 31702.155900364323, 29711.137708200837, 24522.039061589876, 29711.137708200837
153, 31702.155900364323, 24380.492040080844, 31702.155900364323, 29654.728923352865, 24520.571385854717, 29654.728923352865
154, 31702.155900364323, 24380.492040080844, 31702.155900364323, 29698.639369555185, 24516.738138024273, 29698.639369555185
155, 31702.155900364323, 24380.492040080844, 31702.155900364323, 29643.442558243507, 24512.240836144905, 29643.442558243507
156, 31702.155900364323, 24380.492040080844, 31702.155900364323, 29686.99363803553, 24502.388242754554, 29686.99363803553
157, 31717.95126001361, 24479.70023612538, 31717.95126001361, 29658.889228126864, 24485.00880475302, 29658.889228126864
158, 31747.68179811698, 24510.43117357731, 31747.68179811698, 29710.09038688982, 24453.809246935547, 29710.09038688982
159, 31747.68179811698, 24510.43117357731, 31747.68179811698, 29716.570643753017, 24435.386767882086, 29716.570643753017
160, 31747.68179811698, 24510.43117357731, 31747.68179811698, 29713.750520669095, 24468.12923543159, 29713.750520669095
161, 31747.68179811698, 24510.43117357731, 31747.68179811698, 29695.048066926953, 24494.966228382356, 29695.048066926953
162, 31839.682786430654, 24411.823605705224, 31839.682786430654, 29717.33229660264, 24478.71696416939, 29717.33229660264
163, 31839.682786430654, 24411.823605705224, 31839.682786430654, 29756.470230124425, 24487.23725905495, 29756.470230124425
164, 31839.682786430654, 24411.823605705224, 31839.682786430654, 29743.60289805908, 24503.441252919667, 29743.60289805908
165, 31839.682786430654, 24411.823605705224, 31839.682786430654, 29794.601840653642, 24513.246342942406, 29794.601840653642
166, 31839.682786430654, 24411.823605705224, 31839.682786430654, 29762.729545346392, 24498.779231749548, 29762.729545346392
167, 31908.002781041985, 24153.755461837445, 31908.002781041985, 29720.2414743945, 24477.29443151424, 29720.2414743945
168, 31908.002781041985, 24153.755461837445, 31908.002781041985, 29780.856263641163, 24498.66942704487, 29780.856263641163
169, 31908.002781041985, 24153.755461837445, 31908.002781041985, 29783.713697525567, 24537.434783417182, 29783.713697525567
170, 31908.002781041985, 24153.755461837445, 31908.002781041985, 29796.919591247035, 24530.279805704602, 29796.919591247035
171, 31908.002781041985, 24153.755461837445, 31908.002781041985, 29799.247988461066, 24516.202663932127, 29799.247988461066
172, 31908.002781041985, 24153.755461837445, 31908.002781041985, 29811.08779783487, 24494.833439325826, 29811.08779783487
173, 31908.002781041985, 24153.755461837445, 31908.002781041985, 29835.82813194748, 24488.8779258921, 29835.82813194748
174, 32060.904602045004, 24555.700804703974, 32060.904602045004, 29852.469773173296, 24457.2038314653, 29852.469773173296
175, 32060.904602045004, 24555.700804703974, 32060.904602045004, 29843.6869841003, 24429.673194131785, 29843.6869841003
176, 32060.904602045004, 24555.700804703974, 32060.904602045004, 29887.050695100188, 24396.86538530169, 29887.050695100188
177, 32060.904602045004, 24555.700804703974, 32060.904602045004, 29897.40234775736, 24327.615886594656, 29897.40234775736
178, 32060.904602045004, 24555.700804703974, 32060.904602045004, 29877.802998145446, 24342.026238105413, 29877.802998145446
179, 32069.803439286716, 24184.520460326126, 32069.803439286716, 29894.39460605601, 24360.603805703937, 29894.39460605601
180, 32069.803439286716, 24184.520460326126, 32069.803439286716, 29893.076273043273, 24413.543248792932, 29893.076273043273
181, 32069.803439286716, 24184.520460326126, 32069.803439286716, 29946.17392818531, 24485.003015567563, 29946.17392818531
182, 32204.17838197151, 24231.475206545558, 32204.17838197151, 29963.93926587714, 24499.436973374417, 29963.93926587714
183, 32204.17838197151, 24231.475206545558, 32204.17838197151, 30011.204837923167, 24576.623675763192, 30011.204837923167
184, 32204.17838197151, 24231.475206545558, 32204.17838197151, 29956.07520575526, 24575.975654861784, 29956.07520575526
185, 32204.17838197151, 24231.475206545558, 32204.17838197151, 29974.57782614771, 24571.530609352783, 29974.57782614771
186, 32204.17838197151, 24231.475206545558, 32204.17838197151, 29955.550246634957, 24563.579030652843, 29955.550246634957
187, 32204.17838197151, 24231.475206545558, 32204.17838197151, 29996.350258870887, 24551.517402594167, 29996.350258870887
188, 32204.17838197151, 24231.475206545558, 32204.17838197151, 29997.082032330058, 24535.785738002643, 29997.082032330058
189, 32224.04724103542, 24068.941327855307, 32224.04724103542, 29969.08211315641, 24485.948002697154, 29969.08211315641
190, 32224.04724103542, 24068.941327855307, 32224.04724103542, 29986.732238520173, 24412.576212163287, 29986.732238520173
191, 32224.04724103542, 24068.941327855307, 32224.04724103542, 30001.99285968607, 24456.210956387877, 30001.99285968607
192, 32224.04724103542, 24068.941327855307, 32224.04724103542, 30025.91947667352, 24489.551801640406, 30025.91947667352
193, 32224.04724103542, 24068.941327855307, 32224.04724103542, 30123.299259440162, 24396.687218678035, 30123.299259440162
194, 32224.04724103542, 24068.941327855307, 32224.04724103542, 30084.44098229969, 24340.56415632971, 30084.44098229969
195, 32263.21955434749, 24260.62711927206, 32263.21955434749, 30094.368764317016, 24336.43891874782, 30094.368764317016
196, 32263.21955434749, 24260.62711927206, 32263.21955434749, 30138.96224630369, 24319.675834083264, 30138.96224630369
197, 32293.81778564273, 24053.83437225196, 32293.81778564273, 30093.3482447853, 24303.05244008151, 30093.3482447853
198, 32293.81778564273, 24053.83437225196, 32293.81778564273, 30112.978007286554, 24256.58672481779, 30112.978007286554
199, 32293.81778564273, 24053.83437225196, 32293.81778564273, 30139.354394093836, 24263.90608587408, 30139.354394093836
200, 32293.81778564273, 24053.83437225196, 32293.81778564273, 30161.604408791805, 24271.472323755963, 30161.604408791805
201, 32431.0621140836, 24162.647834979183, 32431.0621140836, 30136.402290788177, 24295.01792621699, 30136.402290788177
202, 32431.0621140836, 24162.647834979183, 32431.0621140836, 30126.080276894263, 24332.18854363928, 30126.080276894263
203, 32431.0621140836, 24162.647834979183, 32431.0621140836, 30137.609709287124, 24389.891921069917, 30137.609709287124
204, 32431.0621140836, 24162.647834979183, 32431.0621140836, 30119.145390028505, 24367.97551694138, 30119.145390028505
205, 32431.0621140836, 24162.647834979183, 32431.0621140836, 30142.173947400093, 24358.452660852945, 30142.173947400093
206, 32431.0621140836, 24162.647834979183, 32431.0621140836, 30153.799048417302, 24348.90770943097, 30153.799048417302
207, 32431.0621140836, 24162.647834979183, 32431.0621140836, 30152.708234836697, 24325.625604779638, 30152.708234836697
208, 32431.0621140836, 24162.647834979183, 32431.0621140836, 30100.131359693274, 24268.104516730284, 30100.131359693274
209, 32431.0621140836, 24162.647834979183, 32431.0621140836, 30148.649964783825, 24296.446994463964, 30148.649964783825
210, 32431.0621140836, 24162.647834979183, 32431.0621140836, 30201.42380823914, 24324.206307461973, 30201.42380823914
211, 32431.0621140836, 24162.647834979183, 32431.0621140836, 30175.64752144012, 24355.66808748677, 30175.64752144012
212, 32431.0621140836, 24162.647834979183, 32431.0621140836, 30215.15768812455, 24332.78200498321, 30215.15768812455
213, 32431.0621140836, 24162.647834979183, 32431.0621140836, 30255.693901910792, 24328.41925713533, 30255.693901910792
214, 32431.0621140836, 24162.647834979183, 32431.0621140836, 30271.999064636013, 24311.098058695407, 30271.999064636013
215, 32516.614792910816, 24201.514716714988, 32516.614792910816, 30250.72623873685, 24309.24483398072, 30250.72623873685
216, 32516.614792910816, 24201.514716714988, 32516.614792910816, 30206.878170546363, 24309.80400706709, 30206.878170546363
217, 32516.614792910816, 24201.514716714988, 32516.614792910816, 30252.516526456413, 24311.202787521444, 30252.516526456413
218, 32516.614792910816, 24201.514716714988, 32516.614792910816, 30199.576144536048, 24311.438764487604, 30199.576144536048
219, 32516.614792910816, 24201.514716714988, 32516.614792910816, 30269.319414190246, 24311.988533658463, 30269.319414190246
220, 32523.484040745112, 24475.384445842876, 32523.484040745112, 30259.72845086658, 24314.916592239537, 30259.72845086658
221, 32523.484040745112, 24475.384445842876, 32523.484040745112, 30273.323774913562, 24315.77027784799, 30273.323774913562
222, 32523.484040745112, 24475.384445842876, 32523.484040745112, 30320.110938208192, 24316.867410367104, 30320.110938208192
223, 32523.484040745112, 24475.384445842876, 32523.484040745112, 30329.929172403266, 24304.63083791647, 30329.929172403266
224, 32523.484040745112, 24475.384445842876, 32523.484040745112, 30282.82286948939, 24348.674793616057, 30282.82286948939
225, 32621.9016233673, 24136.820225046726, 32621.9016233673, 30322.253534958603, 24342.77957159996, 30322.253534958603
226, 32621.9016233673, 24136.820225046726, 32621.9016233673, 30327.884714479478, 24343.05226428099, 30327.884714479478
227, 32621.9016233673, 24136.820225046726, 32621.9016233673, 30279.416667148635, 24345.44272996079, 30279.416667148635
228, 32657.100278934533, 24332.675509653058, 32657.100278934533, 30311.72197094919, 24350.653820224732, 30311.72197094919
229, 32657.100278934533, 24332.675509653058, 32657.100278934533, 30324.54622345461, 24352.94399222225, 30324.54622345461
230, 32657.100278934533, 24332.675509653058, 32657.100278934533, 30310.06437368977, 24363.97525149095, 30310.06437368977
231, 32657.100278934533, 24332.675509653058, 32657.100278934533, 30342.48520694487, 24376.45619334251, 30342.48520694487
232, 32657.100278934533, 24332.675509653058, 32657.100278934533, 30313.647067713948, 24366.40343990954, 30313.647067713948
233, 32657.100278934533, 24332.675509653058, 32657.100278934533, 30295.793325753406, 24328.266929907924, 30295.793325753406
234, 32657.100278934533, 24332.675509653058, 32657.100278934533, 30401.802271039258, 24310.041048577143, 30401.802271039258
235, 32657.100278934533, 24332.675509653058, 32657.100278934533, 30405.85865274854, 24315.229801048878, 30405.85865274854
236, 32657.100278934533, 24332.675509653058, 32657.100278934533, 30409.273823898187, 24328.140710753574, 30409.273823898187
237, 32657.100278934533, 24332.675509653058, 32657.100278934533, 30335.641760567425, 24356.729495341595, 30335.641760567425
238, 32657.100278934533, 24332.675509653058, 32657.100278934533, 30379.877837736538, 24400.91941654825, 30379.877837736538
239, 32674.00111803858, 24368.075747873703, 32674.00111803858, 30377.082574485736, 24430.24603127793, 30377.082574485736
240, 32674.00111803858, 24368.075747873703, 32674.00111803858, 30388.73704973114, 24429.146076000317, 30388.73704973114
241, 32674.00111803858, 24368.075747873703, 32674.00111803858, 30424.582197832162, 24429.927257651427, 30424.582197832162
242, 32677.92625125392, 24387.54882735619, 32677.92625125392, 30447.46355996747, 24430.736399825357, 30447.46355996747
243, 32677.92625125392, 24387.54882735619, 32677.92625125392, 30383.927657445332, 24431.815394402412, 30383.927657445332
244, 32677.92625125392, 24387.54882735619, 32677.92625125392, 30428.81895893306, 24430.446520964615, 30428.81895893306
245, 32713.40083246906, 24385.073746607082, 32713.40083246906, 30427.400065549784, 24433.97426552563, 30427.400065549784
246, 32713.40083246906, 24385.073746607082, 32713.40083246906, 30458.177830800778, 24436.39839178272, 30458.177830800778
247, 32713.40083246906, 24385.073746607082, 32713.40083246906, 30424.49531336014, 24439.69894694113, 30424.49531336014
248, 32713.40083246906, 24385.073746607082, 32713.40083246906, 30388.17075128798, 24443.882822795087, 30388.17075128798
249, 32713.40083246906, 24385.073746607082, 32713.40083246906, 30394.99440960273, 24456.277633550482, 30394.99440960273
250, 32796.51222046441, 24461.730962322516, 32796.51222046441, 30489.06185652522, 24457.303445711314, 30489.06185652522
251, 32796.51222046441, 24461.730962322516, 32796.51222046441, 30398.97111383455, 24460.87097021186, 30398.97111383455
252, 32796.51222046441, 24461.730962322516, 32796.51222046441, 30445.95639909014, 24463.849919041862, 30445.95639909014
253, 32796.51222046441, 24461.730962322516, 32796.51222046441, 30391.346382670374, 24468.719282239443, 30391.346382670374
254, 32796.51222046441, 24461.730962322516, 32796.51222046441, 30371.18534770453, 24475.27803175555, 30371.18534770453
255, 32796.51222046441, 24461.730962322516, 32796.51222046441, 30403.547435343233, 24477.096622516598, 30403.547435343233
256, 32796.51222046441, 24461.730962322516, 32796.51222046441, 30478.128452045483, 24482.780427829213, 30478.128452045483
257, 32796.51222046441, 24461.730962322516, 32796.51222046441, 30463.887770381873, 24481.977816271872, 30463.887770381873
258, 32796.51222046441, 24461.730962322516, 32796.51222046441, 30498.709247487594, 24465.963136224294, 30498.709247487594
259, 32796.51222046441, 24461.730962322516, 32796.51222046441, 30403.824722596783, 24467.89973265119, 30403.824722596783
260, 32796.51222046441, 24461.730962322516, 32796.51222046441, 30466.446053021067, 24468.138155817043, 30466.446053021067
261, 32811.44655891582, 24397.81566981096, 32811.44655891582, 30500.05136087182, 24468.79028853155, 30500.05136087182
262, 32811.44655891582, 24397.81566981096, 32811.44655891582, 30459.83463585022, 24469.777392616867, 30459.83463585022
263, 32811.44655891582, 24397.81566981096, 32811.44655891582, 30455.55330727373, 24475.465214576783, 30455.55330727373
264, 32811.44655891582, 24397.81566981096, 32811.44655891582, 30451.75201530112, 24479.778505447935, 30451.75201530112
265, 32811.44655891582, 24397.81566981096, 32811.44655891582, 30453.90727135226, 24486.443617062832, 30453.90727135226
266, 32811.44655891582, 24397.81566981096, 32811.44655891582, 30498.983970855814, 24496.583009016216, 30498.983970855814
267, 32811.44655891582, 24397.81566981096, 32811.44655891582, 30512.387963916175, 24516.662501228755, 30512.387963916175
268, 32811.44655891582, 24397.81566981096, 32811.44655891582, 30492.41901705186, 24514.50935063945, 30492.41901705186
269, 32811.44655891582, 24397.81566981096, 32811.44655891582, 30507.905293052354, 24510.202482358385, 30507.905293052354
270, 32811.44655891582, 24397.81566981096, 32811.44655891582, 30486.612030937387, 24506.39406090882, 30486.612030937387
271, 32811.44655891582, 24397.81566981096, 32811.44655891582, 30502.80700780279, 24497.8460123241, 30502.80700780279
272, 32832.418202909495, 24492.313258223174, 32832.418202909495, 30555.321221250575, 24482.857208590594, 30555.321221250575
273, 32832.418202909495, 24492.313258223174, 32832.418202909495, 30522.008412941148, 24475.68482762916, 30522.008412941148
274, 32909.70394265358, 24516.175654074585, 32909.70394265358, 30542.65212739483, 24478.033744545883, 30542.65212739483
275, 32909.70394265358, 24516.175654074585, 32909.70394265358, 30507.877887654184, 24477.62900944338, 30507.877887654184
276, 32909.70394265358, 24516.175654074585, 32909.70394265358, 30544.96357331863, 24480.357049622035, 30544.96357331863
277, 32918.31796077251, 24431.65640222936, 32918.31796077251, 30503.697544924013, 24484.848890085737, 30503.697544924013
278, 32918.31796077251, 24431.65640222936, 32918.31796077251, 30497.816414201036, 24491.41458321284, 30497.816414201036
279, 32918.31796077251, 24431.65640222936, 32918.31796077251, 30540.873051402647, 24500.266797411594, 30540.873051402647
280, 32979.60515112018, 24246.607628438735, 32979.60515112018, 30505.059125262556, 24518.385861299685, 30505.059125262556
281, 32979.60515112018, 24246.607628438735, 32979.60515112018, 30541.15574070849, 24542.699765110177, 30541.15574070849
282, 32979.60515112018, 24246.607628438735, 32979.60515112018, 30549.84930020246, 24549.575736734438, 30549.84930020246
283, 32979.60515112018, 24246.607628438735, 32979.60515112018, 30540.021115509895, 24541.614086161437, 30540.021115509895
284, 32979.60515112018, 24246.607628438735, 32979.60515112018, 30591.232045050147, 24558.596120313414, 30591.232045050147
285, 32979.60515112018, 24246.607628438735, 32979.60515112018, 30571.181549385496, 24553.10153995863, 30571.181549385496
286, 32979.60515112018, 24246.607628438735, 32979.60515112018, 30578.166566232707, 24513.941074092858, 30578.166566232707
287, 32998.17220297839, 24369.681759674582, 32998.17220297839, 30601.388569796436, 24494.63000920827, 30601.388569796436
288, 32998.17220297839, 24369.681759674582, 32998.17220297839, 30619.886027908437, 24467.896600520653, 30619.886027908437
289, 32998.17220297839, 24369.681759674582, 32998.17220297839, 30600.090697983633, 24451.064155164357, 30600.090697983633
290, 32998.17220297839, 24369.681759674582, 32998.17220297839, 30620.33631960678, 24425.730986455957, 30620.33631960678
291, 33027.4669560253, 24217.692458159858, 33027.4669560253, 30669.933794623354, 24376.151750475878, 30669.933794623354
292, 33027.4669560253, 24217.692458159858, 33027.4669560253, 30640.179664723943, 24373.853535632723, 30640.179664723943
293, 33027.4669560253, 24217.692458159858, 33027.4669560253, 30666.63188371101, 24373.35552484895, 30666.63188371101
294, 33027.4669560253, 24217.692458159858, 33027.4669560253, 30623.738915455342, 24371.615814003733, 30623.738915455342
295, 33027.4669560253, 24217.692458159858, 33027.4669560253, 30643.097221301858, 24378.95518996047, 30643.097221301858
296, 33027.4669560253, 24217.692458159858, 33027.4669560253, 30658.792769261123, 24381.377997746586, 30658.792769261123
297, 33027.4669560253, 24217.692458159858, 33027.4669560253, 30603.14485211975, 24384.739429926354, 30603.14485211975
298, 33027.4669560253, 24217.692458159858, 33027.4669560253, 30653.993434697404, 24394.728907050663, 30653.993434697404
299, 33027.4669560253, 24217.692458159858, 33027.4669560253, 30657.257173952315, 24414.6948101158, 30657.257173952315
300, 33040.17090060666, 24452.07119853694, 33040.17090060666, 30636.672016891585, 24399.584016716686, 30636.672016891585
301, 33101.04579833092, 24447.426149977655, 33101.04579833092, 30683.60042853946, 24367.847382580392, 30683.60042853946
302, 33101.04579833092, 24447.426149977655, 33101.04579833092, 30631.834670554843, 24356.6306514988, 30631.834670554843
303, 33101.04579833092, 24447.426149977655, 33101.04579833092, 30651.88411348162, 24364.201610167765, 30651.88411348162
304, 33101.04579833092, 24447.426149977655, 33101.04579833092, 30666.922989910567, 24366.96699535365, 30666.922989910567
305, 33101.04579833092, 24447.426149977655, 33101.04579833092, 30677.327532729283, 24375.03380577515, 30677.327532729283
306, 33101.04579833092, 24447.426149977655, 33101.04579833092, 30676.078686879006, 24392.39121825813, 30676.078686879006
307, 33101.04579833092, 24447.426149977655, 33101.04579833092, 30673.970221247993, 24410.79875910132, 30673.970221247993
308, 33101.04579833092, 24447.426149977655, 33101.04579833092, 30707.77701979515, 24451.400335896724, 30707.77701979515
309, 33101.04579833092, 24447.426149977655, 33101.04579833092, 30660.53143233773, 24502.769855278493, 30660.53143233773
310, 33101.04579833092, 24447.426149977655, 33101.04579833092, 30709.693447829643, 24499.793780536813, 30709.693447829643
311, 33101.04579833092, 24447.426149977655, 33101.04579833092, 30664.9290434771, 24488.928054148713, 30664.9290434771
312, 33101.04579833092, 24447.426149977655, 33101.04579833092, 30686.557985800107, 24468.85224404496, 30686.557985800107
313, 33101.04579833092, 24447.426149977655, 33101.04579833092, 30699.48601019785, 24434.776603077527, 30699.48601019785
314, 33101.04579833092, 24447.426149977655, 33101.04579833092, 30677.019868547595, 24425.778276908757, 30677.019868547595
315, 33108.923544644305, 24646.408395755458, 33108.923544644305, 30677.108416991494, 24499.7111794599, 30677.108416991494
316, 33108.923544644305, 24646.408395755458, 33108.923544644305, 30684.997391325658, 24539.247243580277, 30684.997391325658
317, 33108.923544644305, 24646.408395755458, 33108.923544644305, 30732.706311695973, 24514.86674379766, 30732.706311695973
318, 33108.923544644305, 24646.408395755458, 33108.923544644305, 30725.881664119024, 24519.064217573075, 30725.881664119024
319, 33108.923544644305, 24646.408395755458, 33108.923544644305, 30754.663833062317, 24524.833014064236, 30754.663833062317
320, 33149.195544477996, 24589.44798657697, 33149.195544477996, 30692.714820842262, 24529.818886626526, 30692.714820842262
321, 33149.195544477996, 24589.44798657697, 33149.195544477996, 30711.417692096016, 24542.252287185205, 30711.417692096016
322, 33149.195544477996, 24589.44798657697, 33149.195544477996, 30713.418444241666, 24564.749917380872, 30713.418444241666
323, 33149.195544477996, 24589.44798657697, 33149.195544477996, 30712.132245363082, 24601.069191720206, 30712.132245363082
324, 33149.195544477996, 24589.44798657697, 33149.195544477996, 30727.46560630683, 24643.674586390625, 30727.46560630683
325, 33149.195544477996, 24589.44798657697, 33149.195544477996, 30720.518888110433, 24642.402284831576, 30720.518888110433
326, 33149.195544477996, 24589.44798657697, 33149.195544477996, 30731.02186376319, 24635.90286560207, 30731.02186376319
327, 33149.195544477996, 24589.44798657697, 33149.195544477996, 30741.24985040468, 24626.667468367905, 30741.24985040468
328, 33149.195544477996, 24589.44798657697, 33149.195544477996, 30759.799805900126, 24609.328371814718, 30759.799805900126
329, 33149.195544477996, 24589.44798657697, 33149.195544477996, 30756.36781724172, 24582.532346526572, 30756.36781724172
330, 33149.195544477996, 24589.44798657697, 33149.195544477996, 30766.74051213191, 24572.466868930627, 30766.74051213191
331, 33149.195544477996, 24589.44798657697, 33149.195544477996, 30761.97721221263, 24600.05396079886, 30761.97721221263
332, 33166.98892519278, 24640.50836445559, 33166.98892519278, 30757.43591921364, 24610.25281247154, 30757.43591921364
333, 33166.98892519278, 24640.50836445559, 33166.98892519278, 30743.707435170323, 24609.475698213802, 30743.707435170323
334, 33166.98892519278, 24640.50836445559, 33166.98892519278, 30771.579410259517, 24610.06618926968, 30771.579410259517
335, 33175.50642945727, 24640.288590191267, 33175.50642945727, 30795.653880557595, 24611.755518797156, 30795.653880557595
336, 33175.50642945727, 24640.288590191267, 33175.50642945727, 30815.479828144445, 24613.3271622789, 30815.479828144445
337, 33175.50642945727, 24640.288590191267, 33175.50642945727, 30753.51743752577, 24613.83644644083, 30753.51743752577
338, 33175.50642945727, 24640.288590191267, 33175.50642945727, 30751.994687008628, 24616.137711828138, 30751.994687008628
339, 33175.50642945727, 24640.288590191267, 33175.50642945727, 30759.735610157106, 24619.537088014185, 30759.735610157106
340, 33175.50642945727, 24640.288590191267, 33175.50642945727, 30732.38278025987, 24626.038123350758, 30732.38278025987
341, 33175.50642945727, 24640.288590191267, 33175.50642945727, 30714.528708996335, 24640.51974957429, 30714.528708996335
342, 33175.50642945727, 24640.288590191267, 33175.50642945727, 30741.42051096369, 24644.464254051753, 30741.42051096369
343, 33175.50642945727, 24640.288590191267, 33175.50642945727, 30818.855566591177, 24645.70725960254, 30818.855566591177
344, 33175.50642945727, 24640.288590191267, 33175.50642945727, 30772.888968937343, 24646.112976670287, 30772.888968937343
345, 33175.50642945727, 24640.288590191267, 33175.50642945727, 30756.303455166963, 24644.388815429887, 30756.303455166963
346, 33175.50642945727, 24640.288590191267, 33175.50642945727, 30793.07513785735, 24645.144670887035, 30793.07513785735
347, 33175.50642945727, 24640.288590191267, 33175.50642945727, 30720.996743386993, 24644.46438295348, 30720.996743386993
348, 33206.80830694112, 24511.659864817502, 33206.80830694112, 30741.565546116548, 24644.080088864834, 30741.565546116548
349, 33206.80830694112, 24511.659864817502, 33206.80830694112, 30759.99379570667, 24642.21356154326, 30759.99379570667
350, 33206.80830694112, 24511.659864817502, 33206.80830694112, 30761.41406776127, 24645.157270771353, 30761.41406776127
351, 33206.80830694112, 24511.659864817502, 33206.80830694112, 30745.531083255624, 24642.488396674027, 30745.531083255624
352, 33206.80830694112, 24511.659864817502, 33206.80830694112, 30821.122915231103, 24639.434722790764, 30821.122915231103
353, 33206.80830694112, 24511.659864817502, 33206.80830694112, 30754.403744275547, 24638.221782705932, 30754.403744275547
354, 33206.80830694112, 24511.659864817502, 33206.80830694112, 30751.47385515973, 24636.338788453937, 30751.47385515973
355, 33206.80830694112, 24511.659864817502, 33206.80830694112, 30804.509260031842, 24632.89222956612, 30804.509260031842
356, 33206.80830694112, 24511.659864817502, 33206.80830694112, 30767.67268226361, 24623.56978173621, 30767.67268226361
357, 33206.80830694112, 24511.659864817502, 33206.80830694112, 30789.076780044645, 24611.440169293273, 30789.076780044645
358, 33206.80830694112, 24511.659864817502, 33206.80830694112, 30778.708494171155, 24594.83018546511, 30778.708494171155
359, 33206.80830694112, 24511.659864817502, 33206.80830694112, 30805.17454918101, 24559.994350924502, 30805.17454918101
360, 33206.80830694112, 24511.659864817502, 33206.80830694112, 30778.020731026358, 24555.385056352727, 30778.020731026358
361, 33206.80830694112, 24511.659864817502, 33206.80830694112, 30785.715339527, 24556.416607429677, 30785.715339527
362, 33272.42222466232, 24564.946762542375, 33272.42222466232, 30814.41005550056, 24556.0672602731, 30814.41005550056
363, 33272.42222466232, 24564.946762542375, 33272.42222466232, 30812.3398762434, 24556.190855116038, 30812.3398762434
364, 33272.42222466232, 24564.946762542375, 33272.42222466232, 30809.120627696357, 24555.697628684844, 30809.120627696357
365, 33272.42222466232, 24564.946762542375, 33272.42222466232, 30816.475195624535, 24557.086436679027, 30816.475195624535
366, 33272.42222466232, 24564.946762542375, 33272.42222466232, 30818.264884330485, 24557.22721857955, 30818.264884330485
367, 33272.42222466232, 24564.946762542375, 33272.42222466232, 30815.904244682497, 24559.904916244515, 30815.904244682497
368, 33293.47346895381, 24583.078578629353, 33293.47346895381, 30812.706212818626, 24564.251725729493, 30812.706212818626
369, 33293.47346895381, 24583.078578629353, 33293.47346895381, 30832.363288305296, 24567.37810338608, 30832.363288305296
370, 33293.47346895381, 24583.078578629353, 33293.47346895381, 30804.723569902606, 24571.748440080883, 30804.723569902606
371, 33293.47346895381, 24583.078578629353, 33293.47346895381, 30860.22618382773, 24579.988564719028, 30860.22618382773
372, 33338.817474054566, 24523.522799337024, 33338.817474054566, 30811.716239040674, 24594.22972955305, 30811.716239040674
373, 33338.817474054566, 24523.522799337024, 33338.817474054566, 30872.347182750316, 24595.004512451804, 30872.347182750316
374, 33338.817474054566, 24523.522799337024, 33338.817474054566, 30864.36511055757, 24596.070708818705, 30864.36511055757
375, 33338.817474054566, 24523.522799337024, 33338.817474054566, 30833.737702209033, 24597.704371792282, 30833.737702209033
376, 33338.817474054566, 24523.522799337024, 33338.817474054566, 30847.9449290434, 24597.1615663011, 30847.9449290434
377, 33338.817474054566, 24523.522799337024, 33338.817474054566, 30877.163164686262, 24602.528275837736, 30877.163164686262
378, 33338.817474054566, 24523.522799337024, 33338.817474054566, 30848.40065942438, 24604.974378951098, 30848.40065942438
379, 33338.817474054566, 24523.522799337024, 33338.817474054566, 30847.137554268003, 24604.130449752993, 30847.137554268003
380, 33338.817474054566, 24523.522799337024, 33338.817474054566, 30853.89201251923, 24602.17889515808, 30853.89201251923
381, 33338.817474054566, 24523.522799337024, 33338.817474054566, 30857.01857842116, 24604.29360071511, 30857.01857842116
382, 33338.817474054566, 24523.522799337024, 33338.817474054566, 30861.367654015194, 24600.709970133925, 30861.367654015194
383, 33338.817474054566, 24523.522799337024, 33338.817474054566, 30852.462179034905, 24599.478564730518, 30852.462179034905
384, 33338.817474054566, 24523.522799337024, 33338.817474054566, 30861.672471249727, 24595.112203791337, 30861.672471249727
385, 33396.423504664286, 24511.489399802183, 33396.423504664286, 30918.99660549481, 24589.576551673035, 30918.99660549481
386, 33396.423504664286, 24511.489399802183, 33396.423504664286, 30928.80135788975, 24581.7058988131, 30928.80135788975
387, 33396.423504664286, 24511.489399802183, 33396.423504664286, 30920.660713303645, 24561.16708191892, 30920.660713303645
388, 33396.423504664286, 24511.489399802183, 33396.423504664286, 30905.969761543296, 24563.485390976155, 30905.969761543296
389, 33396.423504664286, 24511.489399802183, 33396.423504664286, 30863.478302486936, 24563.238442934453, 30863.478302486936
390, 33396.423504664286, 24511.489399802183, 33396.423504664286, 30884.39313353241, 24564.661465461188, 30884.39313353241
391, 33396.423504664286, 24511.489399802183, 33396.423504664286, 30890.300739147253, 24566.19684939857, 30890.300739147253
392, 33396.423504664286, 24511.489399802183, 33396.423504664286, 30906.0135739212, 24564.72098741103, 30906.0135739212
393, 33396.423504664286, 24511.489399802183, 33396.423504664286, 30846.527779392345, 24567.418788549443, 30846.527779392345
394, 33396.423504664286, 24511.489399802183, 33396.423504664286, 30898.26736789584, 24570.030191600337, 30898.26736789584
395, 33396.423504664286, 24511.489399802183, 33396.423504664286, 30935.263746632685, 24571.829291308204, 30935.263746632685
396, 33450.7038790184, 24390.533341521877, 33450.7038790184, 30956.969537942517, 24568.774011068348, 30956.969537942517
397, 33450.7038790184, 24390.533341521877, 33450.7038790184, 30898.590922276893, 24554.48011577557, 30898.590922276893
398, 33450.7038790184, 24390.533341521877, 33450.7038790184, 30947.8010506282, 24553.034954357663, 30947.8010506282
399, 33450.7038790184, 24390.533341521877, 33450.7038790184, 30928.824019041116, 24553.594185370963, 30928.824019041116
400, 33450.7038790184, 24390.533341521877, 33450.7038790184, 30927.035196461246, 24550.918163280214, 30927.035196461246
401, 33450.7038790184, 24390.533341521877, 33450.7038790184, 30947.792292009042, 24552.964439910804, 30947.792292009042
402, 33450.7038790184, 24390.533341521877, 33450.7038790184, 30940.832194230723, 24551.823911113643, 30940.832194230723
403, 33450.7038790184, 24390.533341521877, 33450.7038790184, 30978.560778178202, 24548.577150922265, 30978.560778178202
404, 33450.7038790184, 24390.533341521877, 33450.7038790184, 30962.43571315519, 24544.180652296283, 30962.43571315519
405, 33450.7038790184, 24390.533341521877, 33450.7038790184, 30927.304360100265, 24535.360211859446, 30927.304360100265
406, 33450.7038790184, 24390.533341521877, 33450.7038790184, 30967.001402089758, 24525.288136033992, 30967.001402089758
407, 33450.7038790184, 24390.533341521877, 33450.7038790184, 30937.120642825033, 24517.094727177573, 30937.120642825033
408, 33450.7038790184, 24390.533341521877, 33450.7038790184, 30992.248446513753, 24492.037841456397, 30992.248446513753
409, 33450.7038790184, 24390.533341521877, 33450.7038790184, 30927.95492886385, 24471.97379083694, 30927.95492886385
410, 33450.7038790184, 24390.533341521877, 33450.7038790184, 30948.379508191836, 24470.47958092767, 30948.379508191836
411, 33450.7038790184, 24390.533341521877, 33450.7038790184, 30921.719737152456, 24470.738828861555, 30921.719737152456
412, 33450.7038790184, 24390.533341521877, 33450.7038790184, 30976.51116936195, 24469.119678825777, 30976.51116936195
413, 33450.7038790184, 24390.533341521877, 33450.7038790184, 30997.24011371138, 24470.198495896766, 30997.24011371138
414, 33450.7038790184, 24390.533341521877, 33450.7038790184, 30971.245511406672, 24469.908923410694, 30971.245511406672
415, 33450.7038790184, 24390.533341521877, 33450.7038790184, 30943.978279561587, 24470.779117209266, 30943.978279561587
416, 33450.7038790184, 24390.533341521877, 33450.7038790184, 31007.639686126517, 24469.49374566839, 31007.639686126517
417, 33450.7038790184, 24390.533341521877, 33450.7038790184, 30900.799285947294, 24469.017676113817, 30900.799285947294
418, 33542.9793013521, 24494.788019087, 33542.9793013521, 30962.156092136564, 24471.62940066276, 30962.156092136564
419, 33542.9793013521, 24494.788019087, 33542.9793013521, 30967.17904174986, 24470.475675828176, 30967.17904174986
420, 33542.9793013521, 24494.788019087, 33542.9793013521, 30923.704602101978, 24471.78552581205, 30923.704602101978
421, 33542.9793013521, 24494.788019087, 33542.9793013521, 30967.83015448093, 24471.712941520233, 30967.83015448093
422, 33542.9793013521, 24494.788019087, 33542.9793013521, 30952.97712377965, 24473.704311536232, 30952.97712377965
423, 33542.9793013521, 24494.788019087, 33542.9793013521, 30968.464407657804, 24475.79503094185, 30968.464407657804
424, 33542.9793013521, 24494.788019087, 33542.9793013521, 30949.27335304513, 24480.68624156985, 30949.27335304513
425, 33542.9793013521, 24494.788019087, 33542.9793013521, 31015.031118724495, 24484.207104148507, 31015.031118724495
426, 33542.9793013521, 24494.788019087, 33542.9793013521, 30978.729630296766, 24488.308578241984, 30978.729630296766
427, 33542.9793013521, 24494.788019087, 33542.9793013521, 31035.153591091817, 24510.95443519375, 31035.153591091817
428, 33542.9793013521, 24494.788019087, 33542.9793013521, 30974.31924695011, 24534.939439758196, 30974.31924695011
429, 33626.3630159854, 24590.43373739745, 33626.3630159854, 31003.61416465207, 24542.853861232805, 31003.61416465207
430, 33626.3630159854, 24590.43373739745, 33626.3630159854, 31017.556263680955, 24543.72484009415, 31017.556263680955
431, 33626.3630159854, 24590.43373739745, 33626.3630159854, 31002.75374051117, 24544.811111066836, 31002.75374051117
432, 33626.3630159854, 24590.43373739745, 33626.3630159854, 31042.558335783688, 24544.044298808327, 31042.558335783688
433, 33626.3630159854, 24590.43373739745, 33626.3630159854, 31078.87844069151, 24546.99160918098, 31078.87844069151
434, 33626.3630159854, 24590.43373739745, 33626.3630159854, 31075.54401461782, 24548.804257937663, 31075.54401461782
435, 33626.3630159854, 24590.43373739745, 33626.3630159854, 31037.77903951831, 24552.836431430176, 31037.77903951831
436, 33626.3630159854, 24590.43373739745, 33626.3630159854, 31063.430387622077, 24555.042723455583, 31063.430387622077
437, 33626.3630159854, 24590.43373739745, 33626.3630159854, 31041.33182622782, 24562.74711834181, 31041.33182622782
438, 33626.3630159854, 24590.43373739745, 33626.3630159854, 31035.98252943566, 24578.794673339267, 31035.98252943566
439, 33626.3630159854, 24590.43373739745, 33626.3630159854, 31085.78956484999, 24595.073578984724, 31085.78956484999
440, 33626.3630159854, 24590.43373739745, 33626.3630159854, 31083.718863595463, 24609.689038783927, 31083.718863595463
441, 33626.3630159854, 24590.43373739745, 33626.3630159854, 31073.806141156303, 24610.37376442518, 31073.806141156303
442, 33754.460220913585, 24582.489840005255, 33754.460220913585, 31058.26511603962, 24609.805348423957, 31058.26511603962
443, 33754.460220913585, 24582.489840005255, 33754.460220913585, 31113.87991468934, 24610.275536686946, 31113.87991468934
444, 33754.460220913585, 24582.489840005255, 33754.460220913585, 31062.76905246759, 24607.998561936853, 31062.76905246759
445, 33754.460220913585, 24582.489840005255, 33754.460220913585, 31088.725391205684, 24607.886234712954, 31088.725391205684
446, 33754.460220913585, 24582.489840005255, 33754.460220913585, 31090.429743246044, 24606.447773802804, 31090.429743246044
447, 33754.460220913585, 24582.489840005255, 33754.460220913585, 31089.131657814487, 24601.80502858459, 31089.131657814487
448, 33754.460220913585, 24582.489840005255, 33754.460220913585, 31081.25600977111, 24599.783902865667, 31081.25600977111
449, 33754.460220913585, 24582.489840005255, 33754.460220913585, 31050.988025372695, 24593.33554019769, 31050.988025372695
450, 33754.460220913585, 24582.489840005255, 33754.460220913585, 31098.862665233322, 24579.77996210081, 31098.862665233322
451, 33754.460220913585, 24582.489840005255, 33754.460220913585, 31064.2367551524, 24558.159933218045, 31064.2367551524
452, 33754.460220913585, 24582.489840005255, 33754.460220913585, 31122.19914873132, 24561.655571438376, 31122.19914873132
453, 33754.460220913585, 24582.489840005255, 33754.460220913585, 31114.781465985958, 24575.182745306734, 31114.781465985958
454, 33754.460220913585, 24582.489840005255, 33754.460220913585, 31160.247481781502, 24593.623864209207, 31160.247481781502
455, 33754.460220913585, 24582.489840005255, 33754.460220913585, 31152.087025592, 24608.855629511098, 31152.087025592
456, 33754.460220913585, 24582.489840005255, 33754.460220913585, 31177.05557229786, 24604.49279232864, 31177.05557229786
457, 33754.460220913585, 24582.489840005255, 33754.460220913585, 31193.444835009035, 24604.61991033988, 31193.444835009035
458, 33754.460220913585, 24582.489840005255, 33754.460220913585, 31182.657271132026, 24604.36010591367, 31182.657271132026
459, 33754.460220913585, 24582.489840005255, 33754.460220913585, 31198.71256332784, 24605.29269615481, 31198.71256332784
460, 33754.460220913585, 24582.489840005255, 33754.460220913585, 31198.74400726214, 24606.318281726246, 31198.74400726214
461, 33754.460220913585, 24582.489840005255, 33754.460220913585, 31182.946295940164, 24604.270483608605, 31182.946295940164
462, 33797.12826446305, 24486.994165492462, 33797.12826446305, 31169.706112410568, 24603.6089113839, 31169.706112410568
463, 33797.12826446305, 24486.994165492462, 33797.12826446305, 31164.04895710014, 24604.68292106523, 31164.04895710014
464, 33797.12826446305, 24486.994165492462, 33797.12826446305, 31217.376952770584, 24603.242413756183, 31217.376952770584
465, 33797.12826446305, 24486.994165492462, 33797.12826446305, 31180.943448471357, 24604.29269105573, 31180.943448471357
466, 33797.12826446305, 24486.994165492462, 33797.12826446305, 31158.264615442375, 24602.107464707922, 31158.264615442375
467, 33797.12826446305, 24486.994165492462, 33797.12826446305, 31173.550688320604, 24601.677073627012, 31173.550688320604
468, 33797.12826446305, 24486.994165492462, 33797.12826446305, 31161.005320283217, 24596.389994037338, 31161.005320283217
469, 33797.12826446305, 24486.994165492462, 33797.12826446305, 31210.02058819139, 24592.0806886497, 31210.02058819139
470, 33797.12826446305, 24486.994165492462, 33797.12826446305, 31208.739964395347, 24585.617525582602, 31208.739964395347
471, 33797.12826446305, 24486.994165492462, 33797.12826446305, 31237.29223910398, 24567.988061000626, 31237.29223910398
472, 33797.12826446305, 24486.994165492462, 33797.12826446305, 31212.66421225647, 24541.35886266463, 31212.66421225647
473, 33797.12826446305, 24486.994165492462, 33797.12826446305, 31207.376490986328, 24538.651246909234, 31207.376490986328
474, 33797.12826446305, 24486.994165492462, 33797.12826446305, 31231.30156543375, 24539.29586425358, 31231.30156543375
475, 33797.12826446305, 24486.994165492462, 33797.12826446305, 31214.45107357442, 24538.022639270177, 31214.45107357442
476, 33864.615620899865, 24403.162010173444, 33864.615620899865, 31265.98754125156, 24535.843827897203, 31265.98754125156
477, 33864.615620899865, 24403.162010173444, 33864.615620899865, 31179.912219310278, 24536.51644891456, 31179.912219310278
478, 33864.615620899865, 24403.162010173444, 33864.615620899865, 31181.104773583244, 24537.608231077324, 31181.104773583244
479, 33864.615620899865, 24403.162010173444, 33864.615620899865, 31191.504553344555, 24536.679454658417, 31191.504553344555
480, 33864.615620899865, 24403.162010173444, 33864.615620899865, 31243.86526838088, 24536.53477275388, 31243.86526838088
481, 33864.615620899865, 24403.162010173444, 33864.615620899865, 31214.938979493436, 24532.802222276787, 31214.938979493436
482, 33864.615620899865, 24403.162010173444, 33864.615620899865, 31177.468221951738, 24531.450389887035, 31177.468221951738
483, 33903.23049799171, 24511.06194016663, 33903.23049799171, 31238.397736246683, 24527.703077820624, 31238.397736246683
484, 33903.23049799171, 24511.06194016663, 33903.23049799171, 31205.879321275326, 24521.84444019561, 31205.879321275326
485, 33903.23049799171, 24511.06194016663, 33903.23049799171, 31229.632257512636, 24506.05356622439, 31229.632257512636
486, 33903.23049799171, 24511.06194016663, 33903.23049799171, 31184.11318157699, 24488.6196356166, 31184.11318157699
487, 33903.23049799171, 24511.06194016663, 33903.23049799171, 31274.40006485735, 24481.79183661447, 31274.40006485735
488, 33903.23049799171, 24511.06194016663, 33903.23049799171, 31300.722778297448, 24481.398454555805, 31300.722778297448
489, 33903.23049799171, 24511.06194016663, 33903.23049799171, 31252.948980523444, 24487.533095237377, 31252.948980523444
490, 33903.23049799171, 24511.06194016663, 33903.23049799171, 31256.064993342778, 24492.929234972486, 31256.064993342778
491, 33903.23049799171, 24511.06194016663, 33903.23049799171, 31253.64503588331, 24500.670364279846, 31253.64503588331
492, 33903.23049799171, 24511.06194016663, 33903.23049799171, 31287.2286788763, 24507.959473824874, 31287.2286788763
493, 33903.23049799171, 24511.06194016663, 33903.23049799171, 31299.986024857764, 24523.43558507521, 31299.986024857764
494, 33903.23049799171, 24511.06194016663, 33903.23049799171, 31254.703314303682, 24553.99725103803, 31254.703314303682
495, 33903.23049799171, 24511.06194016663, 33903.23049799171, 31299.346039234657, 24555.08491214459, 31299.346039234657
496, 33903.23049799171, 24511.06194016663, 33903.23049799171, 31273.058566820546, 24553.358591832606, 31273.058566820546
497, 33903.23049799171, 24511.06194016663, 33903.23049799171, 31296.76703619468, 24553.965475456967, 31296.76703619468
498, 33920.68540932895, 24575.785836583265, 33920.68540932895, 31268.01998142293, 24555.48749471604, 31268.01998142293
499, 33920.68540932895, 24575.785836583265, 33920.68540932895, 31240.02354160929, 24554.099567282152, 31240.02354160929
500, 33920.68540932895, 24575.785836583265, 33920.68540932895, 31289.540682115836, 24555.126151550998, 31289.540682115836
