1, 26882.948258880588, 24657.009524367073, 26882.948258880588, 25176.815574548455, 24651.97402255807, 25176.815574548455
2, 26882.948258880588, 24657.009524367073, 26882.948258880588, 25715.786334260367, 24630.101163286105, 25715.786334260367
3, 27020.459066088497, 24670.950403506486, 27020.459066088497, 26080.39735173452, 24607.144530414753, 26080.39735173452
4, 27079.17563835157, 24499.695246668227, 27079.17563835157, 26359.845055193462, 24579.997352625793, 26359.845055193462
5, 27079.17563835157, 24499.695246668227, 27079.17563835157, 26634.059152469516, 24561.02894088466, 26634.059152469516
6, 27385.599098201277, 24388.748037873585, 27385.599098201277, 26809.638840704036, 24548.528070736174, 26809.638840704036
7, 27385.599098201277, 24388.748037873585, 27385.599098201277, 26914.7854410849, 24556.567153783402, 26914.7854410849
8, 27385.599098201277, 24388.748037873585, 27385.599098201277, 27003.41394842212, 24542.350488946107, 27003.41394842212
9, 27416.49192791998, 24411.47782521185, 27416.49192791998, 27089.4062197484, 24531.884334986262, 27089.4062197484
10, 27479.298531958462, 24497.19782873704, 27479.298531958462, 27171.902394742134, 24499.81009843956, 27171.902394742134
11, 27584.77794747016, 24589.49011033309, 27584.77794747016, 27258.139204236384, 24487.196933377603, 27258.139204236384
12, 27750.188948039333, 24581.065639608907, 27750.188948039333, 27361.473073391815, 24478.710597267385, 27361.473073391815
13, 27750.188948039333, 24581.065639608907, 27750.188948039333, 27445.04901602821, 24474.242160452326, 27445.04901602821
14, 27820.106820181634, 24484.641120765868, 27820.106820181634, 27519.139193647494, 24501.704261770323, 27519.139193647494
15, 27927.956402974836, 24344.5733689286, 27927.956402974836, 27578.471253335432, 24504.591015636004, 27578.471253335432
16, 27927.956402974836, 24344.5733689286, 27927.956402974836, 27641.265770790502, 24507.23269964011, 27641.265770790502
17, 27975.1533050032, 24440.839410520097, 27975.1533050032, 27693.885427024165, 24501.98487003395, 27693.885427024165
18, 28227.191199019606, 24483.57139301078, 28227.191199019606, 27761.81496613425, 24484.64179990849, 27761.81496613425
19, 28227.191199019606, 24483.57139301078, 28227.191199019606, 27834.359374092874, 24481.4270987471, 27834.359374092874
20, 28227.191199019606, 24483.57139301078, 28227.191199019606, 27891.613666141915, 24495.99326482445, 27891.613666141915
21, 28489.23746731746, 24489.633064080885, 28489.23746731746, 27974.769861486253, 24513.85520083203, 27974.769861486253
22, 28489.23746731746, 24489.633064080885, 28489.23746731746, 28050.400603382754, 24498.09623619668, 28050.400603382754
23, 28489.23746731746, 24489.633064080885, 28489.23746731746, 28109.71092519026, 24502.83405508703, 28109.71092519026
24, 28489.23746731746, 24489.633064080885, 28489.23746731746, 28164.074050713345, 24488.448813318762, 28164.074050713345
25, 28489.23746731746, 24489.633064080885, 28489.23746731746, 28217.283172577547, 24509.42268694406, 28217.283172577547
26, 28561.175208008473, 24687.495300298928, 28561.175208008473, 28270.694795804215, 24522.996026647794, 28270.694795804215
27, 28696.937899828576, 24489.566145190784, 28696.937899828576, 28336.42105780813, 24527.56779081315, 28336.42105780813
28, 28758.425638346947, 24516.161743257137, 28758.425638346947, 28408.158014184974, 24503.708187240823, 28408.158014184974
29, 28758.425638346947, 24516.161743257137, 28758.425638346947, 28474.119559316183, 24493.40996731101, 28474.119559316183
30, 28867.2370351949, 24581.404400522366, 28867.2370351949, 28554.291765922317, 24491.362230142026, 28554.291765922317
31, 28867.2370351949, 24581.404400522366, 28867.2370351949, 28639.979810747445, 24484.18232420551, 28639.979810747445
32, 28867.2370351949, 24581.404400522366, 28867.2370351949, 28700.828827720405, 24469.067012068186, 28700.828827720405
33, 29036.49749831768, 24614.732542187692, 29036.49749831768, 28740.83298411156, 24476.912473003093, 28740.83298411156
34, 29037.81743959222, 24557.67924429767, 29037.81743959222, 28795.703812926477, 24472.46020458811, 28795.703812926477
35, 29250.7090536584, 24510.535169775427, 29250.7090536584, 28854.540217680045, 24516.560375658108, 28854.540217680045
36, 29250.7090536584, 24510.535169775427, 29250.7090536584, 28904.44735317554, 24484.029705443972, 28904.44735317554
37, 29250.7090536584, 24510.535169775427, 29250.7090536584, 28957.7729058448, 24527.78514880737, 28957.7729058448
38, 29327.07148742164, 24530.752189340685, 29327.07148742164, 29009.49300848215, 24543.649643635224, 29009.49300848215
39, 29327.07148742164, 24530.752189340685, 29327.07148742164, 29052.602612636678, 24539.224298083904, 29052.602612636678
40, 29351.814720184084, 24489.2062808096, 29351.814720184084, 29096.84992151849, 24552.978839391064, 29096.84992151849
41, 29383.77930382307, 24318.240949307747, 29383.77930382307, 29143.81177419255, 24516.58668175137, 29143.81177419255
42, 29431.718798918748, 24224.168985562523, 29431.718798918748, 29189.78031636274, 24511.969326244503, 29189.78031636274
43, 29441.863886263844, 24602.04940173751, 29441.863886263844, 29238.680872250978, 24494.883839640737, 29238.680872250978
44, 29441.863886263844, 24602.04940173751, 29441.863886263844, 29281.592126458767, 24468.618288619673, 29281.592126458767
45, 29544.883727719774, 24673.25900193841, 29544.883727719774, 29317.75340222543, 24437.38036991436, 29317.75340222543
46, 29544.883727719774, 24673.25900193841, 29544.883727719774, 29358.20915332411, 24438.272918198174, 29358.20915332411
47, 29544.883727719774, 24673.25900193841, 29544.883727719774, 29398.04735920505, 24456.99969974997, 29398.04735920505
48, 29609.182449480977, 24467.17272631248, 29609.182449480977, 29429.987858286742, 24441.72303578883, 29429.987858286742
49, 29609.182449480977, 24467.17272631248, 29609.182449480977, 29463.945333019296, 24443.293505604095, 29463.945333019296
50, 29674.900574928244, 24627.406120096814, 29674.900574928244, 29493.58926105079, 24490.76027556035, 29493.58926105079
51, 29820.81667057268, 24505.182801052368, 29820.81667057268, 29532.644447985935, 24480.799041103295, 29532.644447985935
52, 29820.81667057268, 24505.182801052368, 29820.81667057268, 29568.51689544866, 24489.62907035012, 29568.51689544866
53, 29820.81667057268, 24505.182801052368, 29820.81667057268, 29597.4558229651, 24490.795140053597, 29597.4558229651
54, 29826.547073157555, 24686.41627732409, 29826.547073157555, 29630.82193788262, 24455.368901799702, 29630.82193788262
55, 29894.245454139753, 24285.349575634154, 29894.245454139753, 29672.165003171976, 24488.65101388077, 29672.165003171976
56, 29897.3638277166, 24519.84555976178, 29897.3638277166, 29714.499690914727, 24466.067876741137, 29714.499690914727
57, 29897.3638277166, 24519.84555976178, 29897.3638277166, 29751.67358107607, 24466.01985100267, 29751.67358107607
58, 29897.3638277166, 24519.84555976178, 29897.3638277166, 29785.240165048675, 24510.746298505546, 29785.240165048675
59, 30037.624063440806, 24484.472158922235, 30037.624063440806, 29830.82305974453, 24534.20648331722, 29830.82305974453
60, 30037.624063440806, 24484.472158922235, 30037.624063440806, 29858.76505779454, 24533.429959344925, 29858.76505779454
61, 30059.585962245143, 24386.200386111923, 30059.585962245143, 29881.568116100432, 24496.75447366212, 29881.568116100432
62, 30059.585962245143, 24386.200386111923, 30059.585962245143, 29903.9381335982, 24463.164690754755, 29903.9381335982
63, 30168.22953431925, 24026.24712264054, 30168.22953431925, 29920.786150677242, 24429.380359681858, 29920.786150677242
64, 30168.22953431925, 24026.24712264054, 30168.22953431925, 29943.18311098472, 24492.704248904953, 29943.18311098472
65, 30168.22953431925, 24026.24712264054, 30168.22953431925, 29972.78105270018, 24484.764290222935, 29972.78105270018
66, 30262.179760756804, 24153.189740870966, 30262.179760756804, 30006.55308810032, 24465.648193144018, 30006.55308810032
67, 30262.179760756804, 24153.189740870966, 30262.179760756804, 30051.251373392515, 24409.332707996316, 30051.251373392515
68, 30262.179760756804, 24153.189740870966, 30262.179760756804, 30088.668853226256, 24398.90822705983, 30088.668853226256
69, 30262.179760756804, 24153.189740870966, 30262.179760756804, 30117.682723524085, 24368.11032922646, 30117.682723524085
70, 30445.801179109858, 24281.86626125718, 30445.801179109858, 30152.972154346895, 24390.652881084894, 30152.972154346895
71, 30445.801179109858, 24281.86626125718, 30445.801179109858, 30189.32483677297, 24324.219259278663, 30189.32483677297
72, 30445.801179109858, 24281.86626125718, 30445.801179109858, 30228.075047413116, 24202.0880920637, 30228.075047413116
73, 30445.801179109858, 24281.86626125718, 30445.801179109858, 30266.64585202854, 24201.094844339037, 30266.64585202854
74, 30528.544448747085, 24370.64765116782, 30528.544448747085, 30290.267829507327, 24199.028553749253, 30290.267829507327
75, 30588.596599758468, 24088.838205685865, 30588.596599758468, 30321.291638445957, 24242.44704582692, 30321.291638445957
76, 30722.297696313948, 24304.173675781833, 30722.297696313948, 30373.308671576786, 24262.153131784362, 30373.308671576786
77, 30722.297696313948, 24304.173675781833, 30722.297696313948, 30424.678486694665, 24283.19085670552, 30424.678486694665
78, 30784.571143881032, 24490.808788664883, 30784.571143881032, 30465.13497199477, 24316.92266460723, 30465.13497199477
79, 30833.643470746014, 24462.742165852243, 30833.643470746014, 30500.00638177238, 24336.883683558208, 30500.00638177238
80, 30833.643470746014, 24462.742165852243, 30833.643470746014, 30540.962731677584, 24365.385523824283, 30540.962731677584
81, 30833.643470746014, 24462.742165852243, 30833.643470746014, 30588.864032888032, 24369.890253098565, 30588.864032888032
82, 30834.198064381453, 24659.32345479943, 30834.198064381453, 30634.410211181006, 24373.111371940602, 30634.410211181006
83, 30980.34371477645, 24603.34182309475, 30980.34371477645, 30684.39820915767, 24404.646004822025, 30684.39820915767
84, 30980.34371477645, 24603.34182309475, 30980.34371477645, 30734.25097709212, 24386.437725473697, 30734.25097709212
85, 31067.91368961263, 24389.23784333898, 31067.91368961263, 30772.675212026035, 24402.392896728517, 30772.675212026035
86, 31067.91368961263, 24389.23784333898, 31067.91368961263, 30807.088065647476, 24464.857543574275, 30807.088065647476
87, 31067.91368961263, 24389.23784333898, 31067.91368961263, 30853.108531922047, 24435.46317304719, 30853.108531922047
88, 31067.91368961263, 24389.23784333898, 31067.91368961263, 30892.627622731085, 24434.775441569574, 30892.627622731085
89, 31087.917071394215, 24455.78789248751, 31087.917071394215, 30929.74885229155, 24409.631883350237, 30929.74885229155
90, 31087.917071394215, 24455.78789248751, 31087.917071394215, 30978.04657651163, 24389.851654798305, 30978.04657651163
91, 31087.917071394215, 24455.78789248751, 31087.917071394215, 30993.95249276934, 24420.396140041194, 30993.95249276934
92, 31171.46633783868, 24342.771467859984, 31171.46633783868, 31010.399181528355, 24519.17017789965, 31010.399181528355
93, 31171.46633783868, 24342.771467859984, 31171.46633783868, 31035.751709730295, 24452.09172159623, 31035.751709730295
94, 31177.219408661524, 24541.766022832777, 31177.219408661524, 31061.093178935116, 24404.153979628114, 31061.093178935116
95, 31177.219408661524, 24541.766022832777, 31177.219408661524, 31077.35764196798, 24410.1200261426, 31077.35764196798
96, 31192.916992422044, 24536.36979322134, 31192.916992422044, 31085.204998140744, 24444.154739880836, 31085.204998140744
97, 31197.54326681208, 24647.981638907924, 31197.54326681208, 31098.06811203853, 24476.108263975824, 31098.06811203853
98, 31316.641213882296, 24499.193077933116, 31316.641213882296, 31113.20549527519, 24466.65932728774, 31113.20549527519
99, 31316.641213882296, 24499.193077933116, 31316.641213882296, 31129.99490993766, 24470.763092743837, 31129.99490993766
100, 31486.11395532838, 24520.635835453402, 31486.11395532838, 31155.22089057567, 24457.431727402258, 31155.22089057567
101, 31486.11395532838, 24520.635835453402, 31486.11395532838, 31172.91705663248, 24447.182854553354, 31172.91705663248
102, 31486.11395532838, 24520.635835453402, 31486.11395532838, 31186.75141104756, 24417.046967792663, 31186.75141104756
103, 31486.11395532838, 24520.635835453402, 31486.11395532838, 31197.242098958286, 24459.62622815855, 31197.242098958286
104, 31486.11395532838, 24520.635835453402, 31486.11395532838, 31207.90007138334, 24522.445823510112, 31207.90007138334
105, 31486.11395532838, 24520.635835453402, 31486.11395532838, 31217.78496882801, 24527.739309824352, 31217.78496882801
106, 31486.11395532838, 24520.635835453402, 31486.11395532838, 31232.21937686772, 24464.091300439286, 31232.21937686772
107, 31486.11395532838, 24520.635835453402, 31486.11395532838, 31257.0242954215, 24459.351132443426, 31257.0242954215
108, 31486.11395532838, 24520.635835453402, 31486.11395532838, 31284.923050009114, 24489.26359148584, 31284.923050009114
109, 31486.11395532838, 24520.635835453402, 31486.11395532838, 31313.66789888869, 24478.269392128306, 31313.66789888869
110, 31486.11395532838, 24520.635835453402, 31486.11395532838, 31325.120516845534, 24498.624234296436, 31325.120516845534
111, 31486.11395532838, 24520.635835453402, 31486.11395532838, 31331.947358746296, 24493.647363263717, 31331.947358746296
112, 31569.234095650878, 24329.592200413557, 31569.234095650878, 31344.8283002698, 24485.026965054967, 31344.8283002698
113, 31569.234095650878, 24329.592200413557, 31569.234095650878, 31359.089596145273, 24469.560173942857, 31359.089596145273
114, 31569.234095650878, 24329.592200413557, 31569.234095650878, 31389.349848009657, 24452.196680563058, 31389.349848009657
115, 31569.234095650878, 24329.592200413557, 31569.234095650878, 31428.394903535675, 24535.331422591666, 31428.394903535675
116, 31569.234095650878, 24329.592200413557, 31569.234095650878, 31471.184492259224, 24509.938593437866, 31471.184492259224
117, 31590.52976357424, 24406.25793418821, 31590.52976357424, 31491.206515691214, 24515.87728764305, 31491.206515691214
118, 31603.844059055777, 24443.61398912673, 31603.844059055777, 31496.443963669055, 24508.939222803645, 31496.443963669055
119, 31603.844059055777, 24443.61398912673, 31603.844059055777, 31500.828714236133, 24506.584352717855, 31500.828714236133
120, 31603.844059055777, 24443.61398912673, 31603.844059055777, 31510.67679813498, 24498.846511451473, 31510.67679813498
121, 31603.844059055777, 24443.61398912673, 31603.844059055777, 31524.44203569138, 24492.55783443639, 31524.44203569138
122, 31653.53330657623, 24489.307449745847, 31653.53330657623, 31545.422511018976, 24474.93103133182, 31545.422511018976
123, 31719.36628673152, 24641.3454384091, 31719.36628673152, 31563.607155813836, 24434.72529044621, 31563.607155813836
124, 31719.36628673152, 24641.3454384091, 31719.36628673152, 31574.020886367936, 24419.47695226498, 31574.020886367936
125, 31719.36628673152, 24641.3454384091, 31719.36628673152, 31579.50950650789, 24377.840411858568, 31579.50950650789
126, 31719.36628673152, 24641.3454384091, 31719.36628673152, 31587.941468658286, 24414.436650385618, 31587.941468658286
127, 31719.36628673152, 24641.3454384091, 31719.36628673152, 31602.348125549295, 24464.8710905552, 31602.348125549295
128, 31719.36628673152, 24641.3454384091, 31719.36628673152, 31618.338329301834, 24437.83192214727, 31618.338329301834
129, 31719.36628673152, 24641.3454384091, 31719.36628673152, 31634.680205096254, 24453.39093675017, 31634.680205096254
130, 31738.647134460927, 24649.242887731933, 31738.647134460927, 31655.13020445495, 24460.765982691348, 31655.13020445495
131, 31740.875699572007, 24273.60852434141, 31740.875699572007, 31681.033292472817, 24457.85291696667, 31681.033292472817
132, 31740.875699572007, 24273.60852434141, 31740.875699572007, 31698.017955009687, 24449.94325853029, 31698.017955009687
133, 31740.875699572007, 24273.60852434141, 31740.875699572007, 31714.87149540696, 24480.727714689237, 31714.87149540696
134, 31774.185280756265, 24311.376349753908, 31774.185280756265, 31719.20570608704, 24525.218206150945, 31719.20570608704
135, 31774.185280756265, 24311.376349753908, 31774.185280756265, 31721.675206816955, 24585.75745540165, 31721.675206816955
136, 31819.272803912587, 24450.4223512248, 31819.272803912587, 31724.84119999396, 24604.080984136723, 31724.84119999396
137, 31819.272803912587, 24450.4223512248, 31819.272803912587, 31729.791011257148, 24575.082352026784, 31729.791011257148
138, 31819.272803912587, 24450.4223512248, 31819.272803912587, 31735.459332866478, 24533.48827858647, 31735.459332866478
139, 31822.76141728992, 24649.889636800235, 31822.76141728992, 31743.762278268092, 24522.930654331398, 31743.762278268092
140, 31822.76141728992, 24649.889636800235, 31822.76141728992, 31756.174898989844, 24542.658869760322, 31756.174898989844
141, 31822.76141728992, 24649.889636800235, 31822.76141728992, 31767.63161565176, 24485.801635345495, 31767.63161565176
142, 31822.76141728992, 24649.889636800235, 31822.76141728992, 31784.816285614834, 24438.351781198395, 31784.816285614834
143, 31908.381493666013, 24443.3153437229, 31908.381493666013, 31793.262587313406, 24437.562469286706, 31793.262587313406
144, 31908.381493666013, 24443.3153437229, 31908.381493666013, 31807.437164488485, 24516.07804995354, 31807.437164488485
145, 31908.381493666013, 24443.3153437229, 31908.381493666013, 31822.45445321976, 24528.121752427953, 31822.45445321976
146, 31976.089946680284, 24480.202556938475, 31976.089946680284, 31826.2763485982, 24572.625265209183, 31826.2763485982
147, 31976.089946680284, 24480.202556938475, 31976.089946680284, 31832.19115581408, 24634.089997994444, 31832.19115581408
148, 31976.089946680284, 24480.202556938475, 31976.089946680284, 31838.343568703065, 24623.137450331124, 31838.343568703065
149, 31976.089946680284, 24480.202556938475, 31976.089946680284, 31851.7027876947, 24601.24398180452, 31851.7027876947
150, 32013.476587684196, 24458.983918402184, 32013.476587684196, 31870.24467587662, 24565.337135548336, 31870.24467587662
151, 32013.476587684196, 24458.983918402184, 32013.476587684196, 31884.251447400256, 24560.534428717256, 31884.251447400256
152, 32046.246761749742, 24615.687930485066, 32046.246761749742, 31897.889282605505, 24580.770851376798, 31897.889282605505
153, 32046.246761749742, 24615.687930485066, 32046.246761749742, 31914.95269598547, 24523.367851245697, 31914.95269598547
154, 32060.387109746818, 24649.65415902793, 32060.387109746818, 31938.29535193008, 24502.73376347903, 31938.29535193008
155, 32060.387109746818, 24649.65415902793, 32060.387109746818, 31957.480350824117, 24527.16329770755, 31957.480350824117
156, 32115.082287486093, 24344.885472104954, 32115.082287486093, 31982.957603889652, 24489.789623506167, 31982.957603889652
157, 32115.082287486093, 24344.885472104954, 32115.082287486093, 31989.937722504954, 24493.734014884252, 31989.937722504954
158, 32115.082287486093, 24344.885472104954, 32115.082287486093, 31999.989976526904, 24504.127865822265, 31999.989976526904
159, 32115.082287486093, 24344.885472104954, 32115.082287486093, 32015.659189789385, 24519.929990484132, 32015.659189789385
160, 32115.082287486093, 24344.885472104954, 32115.082287486093, 32037.59790584896, 24543.307622597134, 32037.59790584896
161, 32157.264405464393, 24420.636544945344, 32157.264405464393, 32052.121218065487, 24600.60320122676, 32052.121218065487
162, 32157.264405464393, 24420.636544945344, 32157.264405464393, 32063.02992452242, 24610.556297234645, 32063.02992452242
163, 32176.375602586904, 24622.324726979226, 32176.375602586904, 32071.650574832736, 24598.66136156599, 32071.650574832736
164, 32176.375602586904, 24622.324726979226, 32176.375602586904, 32080.972663649954, 24554.51829356988, 32080.972663649954
165, 32176.375602586904, 24622.324726979226, 32176.375602586904, 32097.16195087865, 24482.860115941567, 32097.16195087865
166, 32176.375602586904, 24622.324726979226, 32176.375602586904, 32117.242229786865, 24387.498178608213, 32117.242229786865
167, 32176.375602586904, 24622.324726979226, 32176.375602586904, 32123.625408198703, 24351.503531416594, 32123.625408198703
168, 32266.95800524056, 24472.897504533063, 32266.95800524056, 32129.34328488014, 24352.011553908727, 32129.34328488014
169, 32266.95800524056, 24472.897504533063, 32266.95800524056, 32137.923089003205, 24358.294090228992, 32137.923089003205
170, 32266.95800524056, 24472.897504533063, 32266.95800524056, 32148.094081454277, 24386.667425676536, 32148.094081454277
171, 32266.95800524056, 24472.897504533063, 32266.95800524056, 32160.03955077185, 24455.358742165583, 32160.03955077185
172, 32266.95800524056, 24472.897504533063, 32266.95800524056, 32169.87244723794, 24467.33756689881, 32169.87244723794
173, 32408.67347472415, 24638.98189032553, 32408.67347472415, 32174.821445814716, 24445.418394949, 32174.821445814716
174, 32408.67347472415, 24638.98189032553, 32408.67347472415, 32179.097790509008, 24359.17681433553, 32179.097790509008
175, 32408.67347472415, 24638.98189032553, 32408.67347472415, 32183.93646512649, 24444.88117185384, 32183.93646512649
176, 32408.67347472415, 24638.98189032553, 32408.67347472415, 32192.870038265424, 24555.52652542854, 32192.870038265424
177, 32408.67347472415, 24638.98189032553, 32408.67347472415, 32203.22768869314, 24540.92443839014, 32203.22768869314
178, 32408.67347472415, 24638.98189032553, 32408.67347472415, 32224.70065295491, 24480.180867244242, 32224.70065295491
179, 32408.67347472415, 24638.98189032553, 32408.67347472415, 32242.281930497815, 24435.944383159942, 32242.281930497815
180, 32408.67347472415, 24638.98189032553, 32408.67347472415, 32266.969765704893, 24465.51395296377, 32266.969765704893
181, 32408.67347472415, 24638.98189032553, 32408.67347472415, 32281.382647835464, 24477.87233426811, 32281.382647835464
182, 32408.67347472415, 24638.98189032553, 32408.67347472415, 32289.607891716478, 24483.968152762867, 32289.607891716478
183, 32408.67347472415, 24638.98189032553, 32408.67347472415, 32303.296810855743, 24490.333926629064, 32303.296810855743
184, 32418.60837948322, 24545.861920073963, 32418.60837948322, 32319.808864952214, 24489.08451007874, 32319.808864952214
185, 32418.60837948322, 24545.861920073963, 32418.60837948322, 32352.303570976874, 24498.30621032646, 32352.303570976874
186, 32418.60837948322, 24545.861920073963, 32418.60837948322, 32404.101954718204, 24630.676305452398, 32404.101954718204
187, 32418.60837948322, 24545.861920073963, 32418.60837948322, 32409.00145799271, 24630.113827582285, 32409.00145799271
188, 32418.60837948322, 24545.861920073963, 32418.60837948322, 32409.272880279674, 24621.68543005617, 32409.272880279674
189, 32418.60837948322, 24545.861920073963, 32418.60837948322, 32409.569147593764, 24610.605701446184, 32409.569147593764
190, 32430.3977141123, 24658.344702086557, 32430.3977141123, 32410.35232224304, 24591.252858357875, 32410.35232224304
191, 32553.783172233314, 24668.143723982816, 32553.783172233314, 32412.291067572573, 24562.658412629826, 32412.291067572573
192, 32553.783172233314, 24668.143723982816, 32553.783172233314, 32413.618269339502, 24524.097045301423, 32413.618269339502
193, 32553.783172233314, 24668.143723982816, 32553.783172233314, 32416.817699570736, 24449.43091865223, 32416.817699570736
194, 32553.783172233314, 24668.143723982816, 32553.783172233314, 32420.310135803906, 24469.919161173417, 32420.310135803906
195, 32553.783172233314, 24668.143723982816, 32553.783172233314, 32423.921611515558, 24558.055455144997, 32423.921611515558
196, 32553.783172233314, 24668.143723982816, 32553.783172233314, 32426.46108148535, 24566.154290133258, 32426.46108148535
197, 32553.783172233314, 24668.143723982816, 32553.783172233314, 32429.71432471649, 24577.75287649138, 32429.71432471649
198, 32553.783172233314, 24668.143723982816, 32553.783172233314, 32435.671759426637, 24597.129400329468, 32435.671759426637
199, 32553.783172233314, 24668.143723982816, 32553.783172233314, 32444.609189828843, 24628.801392962458, 32444.609189828843
200, 32553.783172233314, 24668.143723982816, 32553.783172233314, 32454.158527944142, 24617.017586122107, 32454.158527944142
201, 32553.783172233314, 24668.143723982816, 32553.783172233314, 32465.87765323963, 24600.827493209046, 32465.87765323963
202, 32553.783172233314, 24668.143723982816, 32553.783172233314, 32485.286264316044, 24576.62497187003, 32485.286264316044
203, 32553.783172233314, 24668.143723982816, 32553.783172233314, 32522.229963042042, 24627.13492080966, 32522.229963042042
204, 32553.783172233314, 24668.143723982816, 32553.783172233314, 32528.7642379366, 24633.615182972095, 32528.7642379366
205, 32553.783172233314, 24668.143723982816, 32553.783172233314, 32535.253795091332, 24644.6879020517, 32535.253795091332
206, 32553.783172233314, 24668.143723982816, 32553.783172233314, 32543.242823100165, 24658.54756924347, 32543.242823100165
207, 32553.783172233314, 24668.143723982816, 32553.783172233314, 32553.78317223326, 24668.14372398278, 32553.78317223326
208, 32677.677464307064, 24668.578889936805, 32677.677464307064, 32554.40264369363, 24668.145899812545, 32554.40264369363
209, 32677.677464307064, 24668.578889936805, 32677.677464307064, 32556.261058074735, 24668.15242730186, 32556.261058074735
210, 32677.677464307064, 24668.578889936805, 32677.677464307064, 32558.119472455837, 24668.158954791164, 32558.119472455837
211, 32677.677464307064, 24668.578889936805, 32677.677464307064, 32560.597358297313, 24668.167658110247, 32560.597358297313
212, 32677.677464307064, 24668.578889936805, 32677.677464307064, 32563.52994889738, 24667.430507827063, 32563.52994889738
213, 32677.677464307064, 24668.578889936805, 32677.677464307064, 32568.497155484907, 24667.408570608695, 32568.497155484907
214, 32677.677464307064, 24668.578889936805, 32677.677464307064, 32579.329543272564, 24665.912332823962, 32579.329543272564
215, 32677.677464307064, 24668.578889936805, 32677.677464307064, 32589.754056289014, 24665.42944777364, 32589.754056289014
216, 32677.677464307064, 24668.578889936805, 32677.677464307064, 32611.17845905772, 24663.6120744755, 32611.17845905772
217, 32677.677464307064, 24668.578889936805, 32677.677464307064, 32655.811190256496, 24657.527152236988, 32655.811190256496
218, 32677.677464307064, 24668.578889936805, 32677.677464307064, 32677.677464307213, 24668.57888993682, 32677.677464307213
219, 32850.32487791858, 24516.25278070152, 32850.32487791858, 32678.626553897586, 24667.432658331658, 32678.626553897586
220, 32850.32487791858, 24516.25278070152, 32850.32487791858, 32678.949137165255, 24666.985480817406, 32678.949137165255
221, 32850.32487791858, 24516.25278070152, 32850.32487791858, 32679.6212484013, 24666.42271121082, 32679.6212484013
222, 32850.32487791858, 24516.25278070152, 32850.32487791858, 32681.28261764728, 24663.84686597847, 32681.28261764728
223, 32850.32487791858, 24516.25278070152, 32850.32487791858, 32685.01990980834, 24659.28620908413, 32685.01990980834
224, 32850.32487791858, 24516.25278070152, 32850.32487791858, 32689.55473195141, 24652.83761234225, 32689.55473195141
225, 32850.32487791858, 24516.25278070152, 32850.32487791858, 32695.987733275248, 24644.096552390034, 32695.987733275248
226, 32850.32487791858, 24516.25278070152, 32850.32487791858, 32707.831877584667, 24625.455523616358, 32707.831877584667
227, 32850.32487791858, 24516.25278070152, 32850.32487791858, 32725.64521781115, 24597.233097140866, 32725.64521781115
228, 32850.32487791858, 24516.25278070152, 32850.32487791858, 32749.282047680044, 24584.40497862897, 32749.282047680044
229, 32850.32487791858, 24516.25278070152, 32850.32487791858, 32781.74082920535, 24565.180463470868, 32781.74082920535
230, 32850.32487791858, 24516.25278070152, 32850.32487791858, 32819.44665524536, 24527.231540296347, 32819.44665524536
231, 32850.32487791858, 24516.25278070152, 32850.32487791858, 32836.10944182401, 24523.09666431512, 32836.10944182401
232, 32850.32487791858, 24516.25278070152, 32850.32487791858, 32850.324877918676, 24516.25278070157, 32850.324877918676
233, 32860.02897274608, 24582.93125277895, 32860.02897274608, 32850.37339839282, 24516.586173061958, 32850.37339839282
234, 32954.083245415626, 24671.1983581819, 32954.083245415626, 32850.94071070444, 24517.694293309745, 32850.94071070444
235, 32986.7435515242, 24602.81519980292, 32986.7435515242, 32851.6713245466, 24518.460497765638, 32851.6713245466
236, 32986.7435515242, 24602.81519980292, 32986.7435515242, 32851.87185569772, 24519.5885690968, 32851.87185569772
237, 32986.7435515242, 24602.81519980292, 32986.7435515242, 32853.57079792419, 24521.7563594157, 32853.57079792419
238, 32986.7435515242, 24602.81519980292, 32986.7435515242, 32856.775097552396, 24525.159175890913, 32856.775097552396
239, 32986.7435515242, 24602.81519980292, 32986.7435515242, 32862.58469345112, 24533.261714087566, 32862.58469345112
240, 32986.7435515242, 24602.81519980292, 32986.7435515242, 32870.27002420698, 24544.645833149574, 32870.27002420698
241, 32986.7435515242, 24602.81519980292, 32986.7435515242, 32879.07059842437, 24555.845628949115, 32879.07059842437
242, 32986.7435515242, 24602.81519980292, 32986.7435515242, 32893.626022775476, 24577.093229103215, 32893.626022775476
243, 32986.7435515242, 24602.81519980292, 32986.7435515242, 32913.65586386109, 24604.08777899639, 32913.65586386109
244, 32986.7435515242, 24602.81519980292, 32986.7435515242, 32954.36505422161, 24617.59956207857, 32954.36505422161
245, 33022.30129322992, 24259.080076758946, 33022.30129322992, 32974.30970636793, 24626.658953071208, 32974.30970636793
246, 33022.30129322992, 24259.080076758946, 33022.30129322992, 32986.06010030347, 24601.251255517665, 32986.06010030347
247, 33022.30129322992, 24259.080076758946, 33022.30129322992, 32986.98311320988, 24600.836335422777, 32986.98311320988
248, 33022.30129322992, 24259.080076758946, 33022.30129322992, 32986.98311320988, 24600.836335422777, 32986.98311320988
249, 33022.30129322992, 24259.080076758946, 33022.30129322992, 32987.15689280783, 24601.190702327367, 32987.15689280783
250, 33022.30129322992, 24259.080076758946, 33022.30129322992, 32987.21866578488, 24600.930513562434, 32987.21866578488
251, 33022.30129322992, 24259.080076758946, 33022.30129322992, 32987.28043876193, 24600.6703247975, 32987.28043876193
252, 33022.30129322992, 24259.080076758946, 33022.30129322992, 32987.944451104624, 24600.425060575693, 32987.944451104624
253, 33022.30129322992, 24259.080076758946, 33022.30129322992, 32988.24177665668, 24600.25904995041, 32988.24177665668
254, 33022.30129322992, 24259.080076758946, 33022.30129322992, 32988.96762001532, 24599.162433436937, 32988.96762001532
255, 33022.30129322992, 24259.080076758946, 33022.30129322992, 32990.47710692111, 24598.42951919923, 32990.47710692111
256, 33033.30258910548, 24630.029230312197, 33033.30258910548, 32993.15674061328, 24592.997656818367, 32993.15674061328
257, 33033.30258910548, 24630.029230312197, 33033.30258910548, 32996.71873157733, 24584.375381922764, 32996.71873157733
258, 33033.30258910548, 24630.029230312197, 33033.30258910548, 33000.93238228193, 24569.005467664938, 33000.93238228193
259, 33033.30258910548, 24630.029230312197, 33033.30258910548, 33008.11898675053, 24544.450891011074, 33008.11898675053
260, 33033.30258910548, 24630.029230312197, 33033.30258910548, 33015.09738971018, 24517.93277042435, 33015.09738971018
261, 33033.30258910548, 24630.029230312197, 33033.30258910548, 33022.261372864596, 24491.805804233034, 33022.261372864596
262, 33033.30258910548, 24630.029230312197, 33033.30258910548, 33022.69789075309, 24387.280491234374, 33022.69789075309
263, 33062.88865958616, 24331.149123100695, 33062.88865958616, 33023.329327252206, 24287.26160850705, 33023.329327252206
264, 33062.88865958616, 24331.149123100695, 33062.88865958616, 33023.989405004744, 24309.518557720246, 33023.989405004744
265, 33062.88865958616, 24331.149123100695, 33062.88865958616, 33025.49596923794, 24343.598148844376, 33025.49596923794
266, 33082.647275872325, 24241.251828321754, 33082.647275872325, 33027.64168842252, 24394.953323612208, 33027.64168842252
267, 33082.647275872325, 24241.251828321754, 33082.647275872325, 33030.63342759897, 24479.111050466025, 33030.63342759897
268, 33082.647275872325, 24241.251828321754, 33082.647275872325, 33035.25655365367, 24606.64615948823, 33035.25655365367
269, 33082.647275872325, 24241.251828321754, 33082.647275872325, 33035.85678318933, 24599.432778234077, 33035.85678318933
270, 33082.647275872325, 24241.251828321754, 33082.647275872325, 33037.26608566335, 24581.381819737475, 33037.26608566335
271, 33082.647275872325, 24241.251828321754, 33082.647275872325, 33039.47735970702, 24554.419658548428, 33039.47735970702
272, 33082.647275872325, 24241.251828321754, 33082.647275872325, 33042.86531041227, 24506.359526468324, 33042.86531041227
273, 33082.647275872325, 24241.251828321754, 33082.647275872325, 33047.61758219169, 24440.494501463327, 33047.61758219169
274, 33109.14399820239, 24584.25470245572, 33109.14399820239, 33056.4307944911, 24323.75109491218, 33056.4307944911
275, 33109.14399820239, 24584.25470245572, 33109.14399820239, 33059.13548161588, 24256.4199217019, 33059.13548161588
276, 33109.14399820239, 24584.25470245572, 33109.14399820239, 33061.89601806735, 24291.77163247062, 33061.89601806735
277, 33109.14399820239, 24584.25470245572, 33109.14399820239, 33066.52382475594, 24340.000288745538, 33066.52382475594
278, 33109.14399820239, 24584.25470245572, 33109.14399820239, 33069.34335150833, 24349.94229702957, 33069.34335150833
279, 33133.238407157245, 24246.083330368998, 33133.238407157245, 33074.39097727005, 24368.89146170356, 33074.39097727005
280, 33133.238407157245, 24246.083330368998, 33133.238407157245, 33083.12711125339, 24400.73791500687, 33083.12711125339
281, 33170.60008474376, 24310.53605013595, 33170.60008474376, 33096.88515960595, 24448.810599131524, 33096.88515960595
282, 33170.60008474376, 24310.53605013595, 33170.60008474376, 33107.7440413645, 24576.567124206078, 33107.7440413645
283, 33170.60008474376, 24310.53605013595, 33170.60008474376, 33112.506212954, 24547.28490305502, 33112.506212954
284, 33170.60008474376, 24310.53605013595, 33170.60008474376, 33114.691205619645, 24528.430837110034, 33114.691205619645
285, 33170.60008474376, 24310.53605013595, 33170.60008474376, 33117.54821180253, 24498.31662923532, 33117.54821180253
286, 33170.60008474376, 24310.53605013595, 33170.60008474376, 33123.03562101889, 24448.25825034937, 33123.03562101889
287, 33170.60008474376, 24310.53605013595, 33170.60008474376, 33133.77912514396, 24369.61160130326, 33133.77912514396
288, 33170.60008474376, 24310.53605013595, 33170.60008474376, 33144.01781732275, 24326.25348708952, 33144.01781732275
289, 33170.60008474376, 24310.53605013595, 33170.60008474376, 33149.66285938625, 24366.02030924596, 33149.66285938625
290, 33181.439670991545, 24567.740672257893, 33181.439670991545, 33160.15743495187, 24441.98260221081, 33160.15743495187
291, 33181.439670991545, 24567.740672257893, 33181.439670991545, 33162.29662318432, 24417.414821623028, 33162.29662318432
292, 33184.49616947037, 24333.146841774596, 33184.49616947037, 33165.74522582027, 24375.626883380384, 33165.74522582027
293, 33184.49616947037, 24333.146841774596, 33184.49616947037, 33171.14262541198, 24318.808650044626, 33171.14262541198
294, 33184.49616947037, 24333.146841774596, 33184.49616947037, 33171.374699629334, 24322.779773334645, 33171.374699629334
295, 33184.49616947037, 24333.146841774596, 33184.49616947037, 33171.83247738159, 24332.1122884376, 33171.83247738159
296, 33184.49616947037, 24333.146841774596, 33184.49616947037, 33172.36864736743, 24341.775156869222, 33172.36864736743
297, 33231.25216820057, 24430.85272214004, 33231.25216820057, 33173.60274578164, 24359.86880128273, 33173.60274578164
298, 33231.25216820057, 24430.85272214004, 33231.25216820057, 33175.676616605364, 24394.800994503148, 33175.676616605364
299, 33231.25216820057, 24430.85272214004, 33231.25216820057, 33178.46689387555, 24433.96144674905, 33178.46689387555
300, 33231.25216820057, 24430.85272214004, 33231.25216820057, 33182.507885410545, 24501.371839352654, 33182.507885410545
301, 33231.25216820057, 24430.85272214004, 33231.25216820057, 33185.27706870736, 24502.549502267684, 33185.27706870736
302, 33231.25216820057, 24430.85272214004, 33231.25216820057, 33186.11140851209, 24475.37530141335, 33186.11140851209
303, 33254.930923301814, 24682.705690945255, 33254.930923301814, 33188.73019261893, 24421.903409934752, 33188.73019261893
304, 33254.930923301814, 24682.705690945255, 33254.930923301814, 33192.86249234116, 24353.99084810515, 33192.86249234116
305, 33254.930923301814, 24682.705690945255, 33254.930923301814, 33200.16732265873, 24371.545316961525, 33200.16732265873
306, 33254.930923301814, 24682.705690945255, 33254.930923301814, 33209.31620324726, 24393.590837624142, 33209.31620324726
307, 33254.930923301814, 24682.705690945255, 33254.930923301814, 33226.99737047925, 24438.13589072595, 33226.99737047925
308, 33254.930923301814, 24682.705690945255, 33254.930923301814, 33232.04536079847, 24438.190620296933, 33232.04536079847
309, 33254.930923301814, 24682.705690945255, 33254.930923301814, 33232.498089933986, 24441.89042226609, 33232.498089933986
310, 33259.3887700751, 24371.59971731885, 33259.3887700751, 33233.16674909968, 24446.312572634975, 33233.16674909968
311, 33298.74881599398, 24604.47237283544, 33298.74881599398, 33234.79740863164, 24456.06480047459, 33234.79740863164
312, 33298.74881599398, 24604.47237283544, 33298.74881599398, 33236.76086700486, 24471.751570257056, 33236.76086700486
313, 33298.74881599398, 24604.47237283544, 33298.74881599398, 33239.91202776741, 24492.26732146424, 33239.91202776741
314, 33298.74881599398, 24604.47237283544, 33298.74881599398, 33244.42250441543, 24522.972742374623, 33244.42250441543
315, 33298.74881599398, 24604.47237283544, 33298.74881599398, 33252.153516638136, 24576.412545146522, 33252.153516638136
316, 33298.74881599398, 24604.47237283544, 33298.74881599398, 33256.27461687355, 24659.81251934156, 33256.27461687355
317, 33298.74881599398, 24604.47237283544, 33298.74881599398, 33257.98931725493, 24643.12604023436, 33257.98931725493
318, 33298.74881599398, 24604.47237283544, 33298.74881599398, 33259.38985388045, 24620.56986264124, 33259.38985388045
319, 33298.74881599398, 24604.47237283544, 33298.74881599398, 33261.26671021554, 24591.59301897175, 33261.26671021554
320, 33298.74881599398, 24604.47237283544, 33298.74881599398, 33265.14115746247, 24538.447085384112, 33265.14115746247
321, 33298.74881599398, 24604.47237283544, 33298.74881599398, 33270.90571485803, 24514.52279148479, 33270.90571485803
322, 33298.74881599398, 24604.47237283544, 33298.74881599398, 33278.706953381334, 24584.90962296496, 33278.706953381334
323, 33298.74881599398, 24604.47237283544, 33298.74881599398, 33286.54606805094, 24640.290842967093, 33286.54606805094
324, 33298.74881599398, 24604.47237283544, 33298.74881599398, 33294.299897472985, 24617.531190070924, 33294.299897472985
325, 33492.150211572254, 24660.365772511534, 33492.150211572254, 33299.715822971746, 24604.75183983386, 33299.715822971746
326, 33492.150211572254, 24660.365772511534, 33492.150211572254, 33300.682829949634, 24605.031306832243, 33300.682829949634
327, 33492.150211572254, 24660.365772511534, 33492.150211572254, 33301.64983692753, 24605.310773830624, 33301.64983692753
328, 33492.150211572254, 24660.365772511534, 33492.150211572254, 33302.616843905416, 24605.590240829006, 33302.616843905416
329, 33492.150211572254, 24660.365772511534, 33492.150211572254, 33304.5508578612, 24606.149174825765, 33304.5508578612
330, 33492.150211572254, 24660.365772511534, 33492.150211572254, 33306.48487181698, 24606.708108822528, 33306.48487181698
331, 33492.150211572254, 24660.365772511534, 33492.150211572254, 33310.36398871171, 24607.557978451736, 33310.36398871171
332, 33492.150211572254, 24660.365772511534, 33492.150211572254, 33321.00106546851, 24610.63211543392, 33321.00106546851
333, 33492.150211572254, 24660.365772511534, 33492.150211572254, 33332.97670195081, 24614.081413731285, 33332.97670195081
334, 33492.150211572254, 24660.365772511534, 33492.150211572254, 33356.93906389856, 24620.7120119617, 33356.93906389856
335, 33492.150211572254, 24660.365772511534, 33492.150211572254, 33390.41823039705, 24630.330512491724, 33390.41823039705
336, 33492.150211572254, 24660.365772511534, 33492.150211572254, 33439.22509261228, 24642.813537000282, 33439.22509261228
337, 33492.150211572254, 24660.365772511534, 33492.150211572254, 33492.15021157237, 24660.365772511508, 33492.15021157237
338, 33492.150211572254, 24660.365772511534, 33492.150211572254, 33492.15021157237, 24660.365772511508, 33492.15021157237
339, 33492.150211572254, 24660.365772511534, 33492.150211572254, 33492.15021157237, 24660.365772511508, 33492.15021157237
340, 33495.043702313655, 24486.319582187924, 33495.043702313655, 33492.16467902608, 24659.495541559885, 33492.16467902608
341, 33495.043702313655, 24486.319582187924, 33495.043702313655, 33492.179146479786, 24658.62531060827, 33492.179146479786
342, 33505.65041577532, 24627.2850957933, 33505.65041577532, 33492.261114954505, 24657.58967627306, 33492.261114954505
343, 33505.65041577532, 24627.2850957933, 33505.65041577532, 33492.27558240821, 24656.719445321443, 33492.27558240821
344, 33633.240940498865, 24598.81480149588, 33633.240940498865, 33493.00997096026, 24654.67122856313, 33493.00997096026
345, 33633.240940498865, 24598.81480149588, 33633.240940498865, 33493.091939434984, 24653.63559422792, 33493.091939434984
346, 33633.240940498865, 24598.81480149588, 33633.240940498865, 33493.217310270826, 24649.989267037854, 33493.217310270826
347, 33633.240940498865, 24598.81480149588, 33633.240940498865, 33493.31374619926, 24648.083401751028, 33493.31374619926
348, 33633.240940498865, 24598.81480149588, 33633.240940498865, 33493.82070344713, 24640.492891911512, 33493.82070344713
349, 33633.240940498865, 24598.81480149588, 33633.240940498865, 33495.44555670017, 24628.271328375595, 33495.44555670017
350, 33633.240940498865, 24598.81480149588, 33633.240940498865, 33497.07052911789, 24612.050746446348, 33497.07052911789
351, 33633.240940498865, 24598.81480149588, 33633.240940498865, 33500.105501367834, 24583.93343626774, 33500.105501367834
352, 33633.240940498865, 24598.81480149588, 33633.240940498865, 33507.43961992738, 24539.99473674862, 33507.43961992738
353, 33633.240940498865, 24598.81480149588, 33633.240940498865, 33515.59407382377, 24582.535642255425, 33515.59407382377
354, 33633.240940498865, 24598.81480149588, 33633.240940498865, 33526.37926652955, 24633.199430808614, 33526.37926652955
355, 33633.240940498865, 24598.81480149588, 33633.240940498865, 33542.84068767218, 24637.60975088118, 33542.84068767218
356, 33633.240940498865, 24598.81480149588, 33633.240940498865, 33564.17124572955, 24638.937698307447, 33564.17124572955
357, 33633.240940498865, 24598.81480149588, 33633.240940498865, 33595.028525204834, 24620.5665503853, 33595.028525204834
358, 33633.240940498865, 24598.81480149588, 33633.240940498865, 33625.42586043894, 24600.7534111439, 33625.42586043894
359, 33633.240940498865, 24598.81480149588, 33633.240940498865, 33633.2409404989, 24598.814801495893, 33633.2409404989
360, 33633.240940498865, 24598.81480149588, 33633.240940498865, 33633.2409404989, 24598.814801495893, 33633.2409404989
361, 33633.240940498865, 24598.81480149588, 33633.240940498865, 33633.2409404989, 24598.814801495893, 33633.2409404989
362, 33633.240940498865, 24598.81480149588, 33633.240940498865, 33633.2409404989, 24598.814801495893, 33633.2409404989
363, 33633.240940498865, 24598.81480149588, 33633.240940498865, 33633.2409404989, 24598.814801495893, 33633.2409404989
364, 33633.240940498865, 24598.81480149588, 33633.240940498865, 33633.2409404989, 24598.814801495893, 33633.2409404989
365, 33633.240940498865, 24598.81480149588, 33633.240940498865, 33633.2409404989, 24598.814801495893, 33633.2409404989
366, 33633.240940498865, 24598.81480149588, 33633.240940498865, 33633.2409404989, 24598.814801495893, 33633.2409404989
367, 33700.55904234577, 24420.307734748625, 33700.55904234577, 33633.57753100814, 24597.92226616216, 33633.57753100814
368, 33700.55904234577, 24420.307734748625, 33700.55904234577, 33633.74095988128, 24597.99348500617, 33633.74095988128
369, 33700.55904234577, 24420.307734748625, 33700.55904234577, 33633.89619185429, 24598.217788038626, 33633.89619185429
370, 33700.55904234577, 24420.307734748625, 33700.55904234577, 33634.388014336546, 24597.549555737343, 33634.388014336546
371, 33700.55904234577, 24420.307734748625, 33700.55904234577, 33635.04326569194, 24596.952542280076, 33635.04326569194
372, 33700.55904234577, 24420.307734748625, 33700.55904234577, 33635.86194592048, 24596.42674766682, 33635.86194592048
373, 33700.55904234577, 24420.307734748625, 33700.55904234577, 33636.525394175995, 24595.676650021105, 33636.525394175995
374, 33700.55904234577, 24420.307734748625, 33700.55904234577, 33638.353845932244, 24592.473249406637, 33638.353845932244
375, 33700.55904234577, 24420.307734748625, 33700.55904234577, 33642.83916243621, 24584.505680542694, 33642.83916243621
376, 33700.55904234577, 24420.307734748625, 33700.55904234577, 33647.9879271957, 24575.788014033016, 33647.9879271957
377, 33700.55904234577, 24420.307734748625, 33700.55904234577, 33660.46842864329, 24553.068687855248, 33660.46842864329
378, 33700.55904234577, 24420.307734748625, 33700.55904234577, 33676.552044614065, 24527.506732079106, 33676.552044614065
379, 33700.55904234577, 24420.307734748625, 33700.55904234577, 33692.10004172126, 24466.946546560564, 33692.10004172126
380, 33700.55904234577, 24420.307734748625, 33700.55904234577, 33700.55904234574, 24420.307734748654, 33700.55904234574
381, 33700.55904234577, 24420.307734748625, 33700.55904234577, 33700.55904234574, 24420.307734748654, 33700.55904234574
382, 33700.55904234577, 24420.307734748625, 33700.55904234577, 33700.55904234574, 24420.307734748654, 33700.55904234574
383, 33700.55904234577, 24420.307734748625, 33700.55904234577, 33700.55904234574, 24420.307734748654, 33700.55904234574
384, 33700.55904234577, 24420.307734748625, 33700.55904234577, 33700.55904234574, 24420.307734748654, 33700.55904234574
385, 33717.90252652418, 24514.68919867104, 33717.90252652418, 33700.64575976663, 24420.779642068268, 33700.64575976663
386, 33717.90252652418, 24514.68919867104, 33717.90252652418, 33700.64575976663, 24420.779642068268, 33700.64575976663
387, 33717.90252652418, 24514.68919867104, 33717.90252652418, 33700.73247718752, 24421.25154938788, 33700.73247718752
388, 33720.02094051322, 24361.064455818247, 33720.02094051322, 33700.91650409925, 24421.42724031284, 33700.91650409925
389, 33720.02094051322, 24361.064455818247, 33720.02094051322, 33701.08993894103, 24422.371054952062, 33701.08993894103
390, 33720.02094051322, 24361.064455818247, 33720.02094051322, 33701.620835536334, 24424.43437515547, 33701.620835536334
391, 33720.02094051322, 24361.064455818247, 33720.02094051322, 33701.89157986895, 24425.08197340004, 33701.89157986895
392, 33720.02094051322, 24361.064455818247, 33720.02094051322, 33702.4986018152, 24428.385324637326, 33702.4986018152
393, 33720.02094051322, 24361.064455818247, 33720.02094051322, 33703.90194208698, 24435.380273403654, 33703.90194208698
394, 33720.02094051322, 24361.064455818247, 33720.02094051322, 33705.473447732984, 24443.106481442417, 33705.473447732984
395, 33720.02094051322, 24361.064455818247, 33720.02094051322, 33708.35630676235, 24457.1431755611, 33708.35630676235
396, 33720.02094051322, 24361.064455818247, 33720.02094051322, 33712.63723659592, 24477.962263079226, 33712.63723659592
397, 33720.02094051322, 24361.064455818247, 33720.02094051322, 33718.103775853095, 24500.09484809997, 33718.103775853095
398, 33780.866693483404, 24588.580282979514, 33780.866693483404, 33718.670814508696, 24494.61140510915, 33718.670814508696
399, 33780.866693483404, 24588.580282979514, 33780.866693483404, 33718.905789197175, 24484.377596183313, 33718.905789197175
400, 33780.866693483404, 24588.580282979514, 33780.866693483404, 33719.60141945815, 24470.725935790742, 33719.60141945815
401, 33780.866693483404, 24588.580282979514, 33780.866693483404, 33720.64705041095, 24437.341838446046, 33720.64705041095
402, 33780.866693483404, 24588.580282979514, 33780.866693483404, 33722.19390185887, 24394.817090006363, 33722.19390185887
403, 33780.866693483404, 24588.580282979514, 33780.866693483404, 33723.54122191863, 24408.030963944766, 33723.54122191863
404, 33780.866693483404, 24588.580282979514, 33780.866693483404, 33725.45444155279, 24433.007770428652, 33725.45444155279
405, 33780.866693483404, 24588.580282979514, 33780.866693483404, 33728.4880882865, 24477.36413450158, 33728.4880882865
406, 33780.866693483404, 24588.580282979514, 33780.866693483404, 33733.447648603105, 24547.3651198786, 33733.447648603105
407, 33780.866693483404, 24588.580282979514, 33780.866693483404, 33738.332989219205, 24612.83807789708, 33738.332989219205
408, 33780.866693483404, 24588.580282979514, 33780.866693483404, 33739.39220441478, 24612.250886746802, 33739.39220441478
409, 33780.866693483404, 24588.580282979514, 33780.866693483404, 33741.461421511645, 24609.262372391084, 33741.461421511645
410, 33780.866693483404, 24588.580282979514, 33780.866693483404, 33744.78097836262, 24604.46457669275, 33744.78097836262
411, 33780.866693483404, 24588.580282979514, 33780.866693483404, 33750.78869822187, 24594.75770530819, 33750.78869822187
412, 33780.866693483404, 24588.580282979514, 33780.866693483404, 33759.349863919204, 24579.58025649035, 33759.349863919204
413, 33780.866693483404, 24588.580282979514, 33780.866693483404, 33773.19179335388, 24555.195701396307, 33773.19179335388
414, 33780.866693483404, 24588.580282979514, 33780.866693483404, 33780.86669348345, 24588.580282979572, 33780.86669348345
415, 33780.866693483404, 24588.580282979514, 33780.866693483404, 33780.86669348345, 24588.580282979572, 33780.86669348345
416, 33780.866693483404, 24588.580282979514, 33780.866693483404, 33780.86669348345, 24588.580282979572, 33780.86669348345
417, 33780.866693483404, 24588.580282979514, 33780.866693483404, 33780.86669348345, 24588.580282979572, 33780.86669348345
418, 33780.866693483404, 24588.580282979514, 33780.866693483404, 33780.86669348345, 24588.580282979572, 33780.86669348345
419, 33780.866693483404, 24588.580282979514, 33780.866693483404, 33780.86669348345, 24588.580282979572, 33780.86669348345
420, 33780.866693483404, 24588.580282979514, 33780.866693483404, 33780.86669348345, 24588.580282979572, 33780.86669348345
421, 33866.64273341976, 24595.192627497334, 33866.64273341976, 33781.429717914165, 24588.643222809987, 33781.429717914165
422, 33866.64273341976, 24595.192627497334, 33866.64273341976, 33782.421622544556, 24588.739224363002, 33782.421622544556
423, 33866.64273341976, 24595.192627497334, 33866.64273341976, 33783.41352717496, 24588.835225916013, 33783.41352717496
424, 33866.64273341976, 24595.192627497334, 33866.64273341976, 33784.244840067746, 24588.9579219621, 33784.244840067746
425, 33866.64273341976, 24595.192627497334, 33866.64273341976, 33786.657529528224, 24589.18298679071, 33786.657529528224
426, 33866.64273341976, 24595.192627497334, 33866.64273341976, 33789.33850745077, 24589.467807834986, 33789.33850745077
427, 33866.64273341976, 24595.192627497334, 33866.64273341976, 33793.27967846578, 24589.908386647934, 33793.27967846578
428, 33866.64273341976, 24595.192627497334, 33866.64273341976, 33801.91208417071, 24590.769217010293, 33801.91208417071
429, 33866.64273341976, 24595.192627497334, 33866.64273341976, 33812.48898453732, 24592.309386610905, 33812.48898453732
430, 33866.64273341976, 24595.192627497334, 33866.64273341976, 33828.56198498007, 24594.449076407906, 33828.56198498007
431, 33866.64273341976, 24595.192627497334, 33866.64273341976, 33847.7226830461, 24596.598887195025, 33847.7226830461
432, 33866.64273341976, 24595.192627497334, 33866.64273341976, 33866.6427334196, 24595.192627497334, 33866.6427334196
433, 33866.64273341976, 24595.192627497334, 33866.64273341976, 33866.6427334196, 24595.192627497334, 33866.6427334196
434, 33866.64273341976, 24595.192627497334, 33866.64273341976, 33866.6427334196, 24595.192627497334, 33866.6427334196
435, 33866.64273341976, 24595.192627497334, 33866.64273341976, 33866.6427334196, 24595.192627497334, 33866.6427334196
436, 33866.64273341976, 24595.192627497334, 33866.64273341976, 33866.6427334196, 24595.192627497334, 33866.6427334196
437, 33866.64273341976, 24595.192627497334, 33866.64273341976, 33866.6427334196, 24595.192627497334, 33866.6427334196
438, 33866.64273341976, 24595.192627497334, 33866.64273341976, 33866.6427334196, 24595.192627497334, 33866.6427334196
439, 33866.64273341976, 24595.192627497334, 33866.64273341976, 33866.6427334196, 24595.192627497334, 33866.6427334196
440, 33866.64273341976, 24595.192627497334, 33866.64273341976, 33866.6427334196, 24595.192627497334, 33866.6427334196
441, 33866.64273341976, 24595.192627497334, 33866.64273341976, 33866.6427334196, 24595.192627497334, 33866.6427334196
442, 33866.64273341976, 24595.192627497334, 33866.64273341976, 33866.6427334196, 24595.192627497334, 33866.6427334196
443, 33866.64273341976, 24595.192627497334, 33866.64273341976, 33866.6427334196, 24595.192627497334, 33866.6427334196
444, 33866.64273341976, 24595.192627497334, 33866.64273341976, 33866.6427334196, 24595.192627497334, 33866.6427334196
445, 33866.64273341976, 24595.192627497334, 33866.64273341976, 33866.6427334196, 24595.192627497334, 33866.6427334196
446, 33866.64273341976, 24595.192627497334, 33866.64273341976, 33866.6427334196, 24595.192627497334, 33866.6427334196
447, 33866.64273341976, 24595.192627497334, 33866.64273341976, 33866.6427334196, 24595.192627497334, 33866.6427334196
448, 33866.64273341976, 24595.192627497334, 33866.64273341976, 33866.6427334196, 24595.192627497334, 33866.6427334196
449, 33866.64273341976, 24595.192627497334, 33866.64273341976, 33866.6427334196, 24595.192627497334, 33866.6427334196
450, 33866.64273341976, 24595.192627497334, 33866.64273341976, 33866.6427334196, 24595.192627497334, 33866.6427334196
451, 33866.64273341976, 24595.192627497334, 33866.64273341976, 33866.6427334196, 24595.192627497334, 33866.6427334196
452, 33866.64273341976, 24595.192627497334, 33866.64273341976, 33866.6427334196, 24595.192627497334, 33866.6427334196
453, 33915.60737884425, 24370.219578871725, 33915.60737884425, 33866.887556646725, 24594.067762254206, 33866.887556646725
454, 33915.60737884425, 24370.219578871725, 33915.60737884425, 33867.377203100965, 24591.81803176795, 33867.377203100965
455, 33915.60737884425, 24370.219578871725, 33915.60737884425, 33868.11167278233, 24588.443436038568, 33868.11167278233
456, 33915.60737884425, 24370.219578871725, 33915.60737884425, 33869.335788917946, 24582.819109822925, 33869.335788917946
457, 33915.60737884425, 24370.219578871725, 33915.60737884425, 33870.07025859931, 24579.444514093542, 33870.07025859931
458, 33915.60737884425, 24370.219578871725, 33915.60737884425, 33872.028844416294, 24570.445592148517, 33872.028844416294
459, 33915.60737884425, 24370.219578871725, 33915.60737884425, 33876.19083927737, 24551.32288301534, 33876.19083927737
460, 33915.60737884425, 24370.219578871725, 33915.60737884425, 33880.352834138444, 24532.20017388217, 33880.352834138444
461, 33915.60737884425, 24370.219578871725, 33915.60737884425, 33890.86607592173, 24484.30446530451, 33890.86607592173
462, 33915.60737884425, 24370.219578871725, 33915.60737884425, 33907.6420489217, 24406.38652381245, 33907.6420489217
463, 33915.60737884425, 24370.219578871725, 33915.60737884425, 33915.607378844186, 24370.219578871605, 33915.607378844186
464, 33915.60737884425, 24370.219578871725, 33915.60737884425, 33915.607378844186, 24370.219578871605, 33915.607378844186
465, 33915.60737884425, 24370.219578871725, 33915.60737884425, 33915.607378844186, 24370.219578871605, 33915.607378844186
466, 33915.60737884425, 24370.219578871725, 33915.60737884425, 33915.607378844186, 24370.219578871605, 33915.607378844186
467, 33915.60737884425, 24370.219578871725, 33915.60737884425, 33915.607378844186, 24370.219578871605, 33915.607378844186
468, 33915.60737884425, 24370.219578871725, 33915.60737884425, 33915.607378844186, 24370.219578871605, 33915.607378844186
469, 33915.60737884425, 24370.219578871725, 33915.60737884425, 33915.607378844186, 24370.219578871605, 33915.607378844186
470, 33915.60737884425, 24370.219578871725, 33915.60737884425, 33915.607378844186, 24370.219578871605, 33915.607378844186
471, 33915.60737884425, 24370.219578871725, 33915.60737884425, 33915.607378844186, 24370.219578871605, 33915.607378844186
472, 33941.64612074568, 24446.601466017182, 33941.64612074568, 33915.73757255369, 24370.601488307333, 33915.73757255369
473, 33941.64612074568, 24446.601466017182, 33941.64612074568, 33916.12815368221, 24371.747216614513, 33916.12815368221
474, 33941.64612074568, 24446.601466017182, 33941.64612074568, 33916.12815368221, 24371.747216614513, 33916.12815368221
475, 33941.64612074568, 24446.601466017182, 33941.64612074568, 33916.518734810736, 24372.892944921696, 33916.518734810736
476, 33941.64612074568, 24446.601466017182, 33941.64612074568, 33916.969110282174, 24374.29936986086, 33916.969110282174
477, 33971.281381810375, 24381.412965432217, 33971.281381810375, 33918.34882431598, 24377.67130891146, 33918.34882431598
478, 33971.281381810375, 24381.412965432217, 33971.281381810375, 33920.30172995859, 24383.399950447372, 33920.30172995859
479, 33971.281381810375, 24381.412965432217, 33971.281381810375, 33923.15538654409, 24391.9414418616, 33923.15538654409
480, 33971.281381810375, 24381.412965432217, 33971.281381810375, 33927.64176701026, 24405.1870593083, 33927.64176701026
481, 33971.281381810375, 24381.412965432217, 33971.281381810375, 33935.12260279511, 24427.216593776833, 33935.12260279511
482, 33971.281381810375, 24381.412965432217, 33971.281381810375, 33941.942473356336, 24445.94958101132, 33941.942473356336
483, 33971.281381810375, 24381.412965432217, 33971.281381810375, 33942.09064966165, 24445.623638508394, 33942.09064966165
484, 33971.281381810375, 24381.412965432217, 33971.281381810375, 33942.18625258924, 24446.00489600116, 33942.18625258924
485, 33971.281381810375, 24381.412965432217, 33971.281381810375, 33942.57820812748, 24445.73426848808, 33942.57820812748
486, 33971.281381810375, 24381.412965432217, 33971.281381810375, 33943.41469258169, 24444.48581346622, 33943.41469258169
487, 34012.5778048319, 24252.61857097114, 34012.5778048319, 33945.2320263996, 24443.847788930052, 33945.2320263996
488, 34012.5778048319, 24252.61857097114, 34012.5778048319, 33947.604768321, 24441.20670742003, 33947.604768321
489, 34012.5778048319, 24252.61857097114, 34012.5778048319, 33952.34097218015, 24435.38278838701, 33952.34097218015
490, 34012.5778048319, 24252.61857097114, 34012.5778048319, 33956.57788886515, 24431.007311818816, 33956.57788886515
491, 34012.5778048319, 24252.61857097114, 34012.5778048319, 33963.510905050476, 24420.373309332357, 33963.510905050476
492, 34012.5778048319, 24252.61857097114, 34012.5778048319, 33971.69355987675, 24410.00541363846, 33971.69355987675
493, 34012.5778048319, 24252.61857097114, 34012.5778048319, 33976.03047045778, 24366.601610069178, 33976.03047045778
494, 34050.25322161519, 24379.370376005794, 34050.25322161519, 33979.109597153205, 24358.219761482076, 33979.109597153205
495, 34050.25322161519, 24379.370376005794, 34050.25322161519, 33984.980925668446, 24341.733539061028, 33984.980925668446
496, 34050.25322161519, 24379.370376005794, 34050.25322161519, 33993.4466923878, 24315.330688196504, 33993.4466923878
497, 34050.25322161519, 24379.370376005794, 34050.25322161519, 34006.38577167154, 24278.736343613404, 34006.38577167154
498, 34050.25322161519, 24379.370376005794, 34050.25322161519, 34013.896444419224, 24257.054884147434, 34013.896444419224
499, 34050.25322161519, 24379.370376005794, 34050.25322161519, 34014.870258775394, 24261.162207718982, 34014.870258775394
500, 34050.25322161519, 24379.370376005794, 34050.25322161519, 34015.812144194984, 24264.331002844847, 34015.812144194984
