1, 27024.662669734076, 24637.310496580445, 27024.662669734076, 25192.914259439138, 24655.08080307066, 25192.914259439138
2, 27128.08527883138, 24688.78006331629, 27128.08527883138, 25700.33734004425, 24634.13019571226, 25700.33734004425
3, 27167.229776767166, 24678.638935721156, 27167.229776767166, 25922.826092057217, 24627.364322582638, 25922.826092057217
4, 27167.229776767166, 24678.638935721156, 27167.229776767166, 26117.656686836002, 24615.149604199618, 26117.656686836002
5, 27238.067779299603, 24587.288478961826, 27238.067779299603, 26243.57137995843, 24622.643402125617, 26243.57137995843
6, 27238.067779299603, 24587.288478961826, 27238.067779299603, 26366.746357802687, 24625.208782452955, 26366.746357802687
7, 27360.013168545505, 24190.752801929862, 27360.013168545505, 26469.66154347741, 24607.545244039546, 26469.66154347741
8, 27429.511588660313, 24568.30553062427, 27429.511588660313, 26540.055174813093, 24585.26441852838, 26540.055174813093
9, 27525.423955522518, 24502.55307082617, 27525.423955522518, 26635.68249925677, 24553.174500400106, 26635.68249925677
10, 27533.807822440114, 24396.835735347406, 27533.807822440114, 26660.611154506718, 24511.26271359626, 26660.611154506718
11, 27718.119648034542, 24400.19484952409, 27718.119648034542, 26751.084239675576, 24496.831098823564, 26751.084239675576
12, 27745.186844714524, 24255.302356250533, 27745.186844714524, 26800.955893529, 24523.017339250237, 26800.955893529
13, 27745.186844714524, 24255.302356250533, 27745.186844714524, 26861.03931432922, 24515.27680921983, 26861.03931432922
14, 27994.189689259198, 24345.33831276285, 27994.189689259198, 26870.91933294441, 24502.32668066086, 26870.91933294441
15, 28049.304286742892, 24096.801621751027, 28049.304286742892, 26925.092087407695, 24524.490558869922, 26925.092087407695
16, 28049.304286742892, 24096.801621751027, 28049.304286742892, 26943.3199555338, 24492.974973424876, 26943.3199555338
17, 28081.792370526557, 24328.469906245635, 28081.792370526557, 26996.865284370713, 24481.635748534973, 26996.865284370713
18, 28333.486301886503, 24293.719955875004, 28333.486301886503, 27053.907397426818, 24502.808560135727, 27053.907397426818
19, 28333.486301886503, 24293.719955875004, 28333.486301886503, 27139.727514745697, 24476.503347446065, 27139.727514745697
20, 28333.486301886503, 24293.719955875004, 28333.486301886503, 27185.541125292264, 24456.467515381857, 27185.541125292264
21, 28341.499174792334, 24323.733709558965, 28341.499174792334, 27198.148622712222, 24446.078290796937, 27198.148622712222
22, 28544.199340716666, 24603.113298948556, 28544.199340716666, 27283.53549300049, 24459.018544514296, 27283.53549300049
23, 28544.199340716666, 24603.113298948556, 28544.199340716666, 27328.12912816272, 24455.45952813869, 27328.12912816272
24, 28571.348475645143, 24441.959833725832, 28571.348475645143, 27400.001222731862, 24451.364574859785, 27400.001222731862
25, 28571.348475645143, 24441.959833725832, 28571.348475645143, 27393.173389965006, 24471.787565388022, 27393.173389965006
26, 28815.146666363536, 23870.150596713625, 28815.146666363536, 27470.503280307646, 24511.261132959324, 27470.503280307646
27, 28907.39861712741, 23973.15678143693, 28907.39861712741, 27528.52265699354, 24519.191496227846, 27528.52265699354
28, 28907.39861712741, 23973.15678143693, 28907.39861712741, 27533.148908774598, 24538.9016746028, 27533.148908774598
29, 28961.29189777933, 24471.959559934625, 28961.29189777933, 27564.328381589632, 24502.166070415475, 27564.328381589632
30, 28961.29189777933, 24471.959559934625, 28961.29189777933, 27645.31134630459, 24426.106763445496, 27645.31134630459
31, 29041.94202727063, 24589.832789861615, 29041.94202727063, 27682.052132695386, 24322.49791134116, 27682.052132695386
32, 29247.890411118962, 23741.807443938847, 29247.890411118962, 27768.01817657408, 24234.343699474226, 27768.01817657408
33, 29247.890411118962, 23741.807443938847, 29247.890411118962, 27743.92606322514, 24257.55047964669, 27743.92606322514
34, 29247.890411118962, 23741.807443938847, 29247.890411118962, 27794.061615888888, 24200.933990449455, 27794.061615888888
35, 29247.890411118962, 23741.807443938847, 29247.890411118962, 27861.713638809255, 24231.046597891054, 27861.713638809255
36, 29247.890411118962, 23741.807443938847, 29247.890411118962, 27866.607079697555, 24269.827753888032, 27866.607079697555
37, 29247.890411118962, 23741.807443938847, 29247.890411118962, 27868.993992251242, 24338.825904814945, 27868.993992251242
38, 29414.423695608417, 24589.317056310127, 29414.423695608417, 27973.497407746385, 24294.20130538384, 27973.497407746385
39, 29529.540323381232, 24369.931942583138, 29529.540323381232, 27939.686794699614, 24230.316985896625, 27939.686794699614
40, 29529.540323381232, 24369.931942583138, 29529.540323381232, 28001.98338510139, 24245.29027915043, 28001.98338510139
41, 29529.540323381232, 24369.931942583138, 29529.540323381232, 28057.871467782505, 24280.120686978866, 28057.871467782505
42, 29529.540323381232, 24369.931942583138, 29529.540323381232, 28099.14626997815, 24299.33242638055, 28099.14626997815
43, 29531.053789773367, 24562.975602920385, 29531.053789773367, 28111.146713308673, 24400.703400377693, 28111.146713308673
44, 29538.5279055151, 24456.762553004464, 29538.5279055151, 28071.97675625564, 24391.74196886273, 28071.97675625564
45, 29558.31009041218, 24280.886165569515, 29558.31009041218, 28185.637248844803, 24465.243004192133, 28185.637248844803
46, 29587.98582787282, 24514.638122843553, 29587.98582787282, 28181.167872871865, 24525.267862643628, 28181.167872871865
47, 29587.98582787282, 24514.638122843553, 29587.98582787282, 28152.23683000585, 24506.647048492545, 28152.23683000585
48, 29677.774531120383, 24604.214773981377, 29677.774531120383, 28206.63900458006, 24481.510673022392, 28206.63900458006
49, 29677.774531120383, 24604.214773981377, 29677.774531120383, 28197.207687081438, 24503.418144150637, 28197.207687081438
50, 29721.45844600759, 24496.427223085062, 29721.45844600759, 28228.771140052788, 24478.2646926096, 28228.771140052788
51, 29721.45844600759, 24496.427223085062, 29721.45844600759, 28234.375467675993, 24474.581602900005, 28234.375467675993
52, 29793.178187263744, 24365.74536730178, 29793.178187263744, 28287.03387183428, 24481.397523488213, 28287.03387183428
53, 29793.178187263744, 24365.74536730178, 29793.178187263744, 28316.014746513498, 24488.76965687985, 28316.014746513498
54, 29857.49135934707, 24059.393989029282, 29857.49135934707, 28300.188849741433, 24445.217561770834, 28300.188849741433
55, 29966.599157899, 24136.31048322298, 29966.599157899, 28353.57087584432, 24459.26626682764, 28353.57087584432
56, 29966.599157899, 24136.31048322298, 29966.599157899, 28328.973962450746, 24412.763518692504, 28328.973962450746
57, 29966.599157899, 24136.31048322298, 29966.599157899, 28353.281253132693, 24448.71785825888, 28353.281253132693
58, 29966.599157899, 24136.31048322298, 29966.599157899, 28403.675957582953, 24501.694609340433, 28403.675957582953
59, 30061.30824000417, 24430.62740392572, 30061.30824000417, 28407.087074203766, 24499.341931428375, 28407.087074203766
60, 30061.30824000417, 24430.62740392572, 30061.30824000417, 28464.65461424287, 24497.333158281413, 28464.65461424287
61, 30061.30824000417, 24430.62740392572, 30061.30824000417, 28461.865831876617, 24437.50441363189, 28461.865831876617
62, 30061.30824000417, 24430.62740392572, 30061.30824000417, 28483.597318487264, 24441.030742688115, 28483.597318487264
63, 30103.63006278433, 24634.951416876673, 30103.63006278433, 28525.723368993382, 24423.826666119723, 28525.723368993382
64, 30160.330426821387, 24462.709838385945, 30160.330426821387, 28532.746160787614, 24379.58745590218, 28532.746160787614
65, 30160.330426821387, 24462.709838385945, 30160.330426821387, 28570.620405761496, 24374.15300065011, 28570.620405761496
66, 30160.330426821387, 24462.709838385945, 30160.330426821387, 28602.28264481827, 24391.43188002034, 28602.28264481827
67, 30277.414872580535, 24360.478368625412, 30277.414872580535, 28606.00694220681, 24411.303887807022, 28606.00694220681
68, 30277.414872580535, 24360.478368625412, 30277.414872580535, 28588.28416517033, 24451.47873057887, 28588.28416517033
69, 30277.414872580535, 24360.478368625412, 30277.414872580535, 28649.52697547093, 24444.509758393146, 28649.52697547093
70, 30277.414872580535, 24360.478368625412, 30277.414872580535, 28678.107851343095, 24469.904063716087, 28678.107851343095
71, 30320.610439895245, 23923.226138569556, 30320.610439895245, 28620.90579283192, 24444.981721845626, 28620.90579283192
72, 30320.610439895245, 23923.226138569556, 30320.610439895245, 28659.057778392875, 24480.987415750777, 28659.057778392875
73, 30320.610439895245, 23923.226138569556, 30320.610439895245, 28635.447186135138, 24491.37695658065, 28635.447186135138
74, 30442.24832190078, 23921.655259772368, 30442.24832190078, 28693.21681097295, 24460.87027515762, 28693.21681097295
75, 30442.24832190078, 23921.655259772368, 30442.24832190078, 28728.90386476952, 24445.45901589834, 28728.90386476952
76, 30442.24832190078, 23921.655259772368, 30442.24832190078, 28745.766076094016, 24454.095798464175, 28745.766076094016
77, 30515.73418578663, 24322.039096065193, 30515.73418578663, 28742.222143094128, 24394.76869301237, 28742.222143094128
78, 30515.73418578663, 24322.039096065193, 30515.73418578663, 28735.955199498014, 24354.754531845952, 28735.955199498014
79, 30515.73418578663, 24322.039096065193, 30515.73418578663, 28767.4390228105, 24376.058715439267, 28767.4390228105
80, 30515.73418578663, 24322.039096065193, 30515.73418578663, 28827.918452673694, 24451.891342719584, 28827.918452673694
81, 30596.571794843265, 24472.734133064918, 30596.571794843265, 28793.815450897295, 24412.673206024705, 28793.815450897295
82, 30596.571794843265, 24472.734133064918, 30596.571794843265, 28836.060467060626, 24381.789961629227, 28836.060467060626
83, 30651.29049598791, 24000.597585013027, 30651.29049598791, 28853.515572537537, 24359.729683053352, 28853.515572537537
84, 30651.29049598791, 24000.597585013027, 30651.29049598791, 28908.881745124687, 24417.789788606515, 28908.881745124687
85, 30717.349530999334, 24614.028337800297, 30717.349530999334, 28911.25595219428, 24392.790979318215, 28911.25595219428
86, 30717.349530999334, 24614.028337800297, 30717.349530999334, 28952.79624548057, 24386.39838008077, 28952.79624548057
87, 30841.88619515224, 24269.431790811203, 30841.88619515224, 28927.884272239287, 24392.996579121183, 28927.884272239287
88, 30841.88619515224, 24269.431790811203, 30841.88619515224, 29002.935863046398, 24413.52028695828, 29002.935863046398
89, 30841.88619515224, 24269.431790811203, 30841.88619515224, 28978.04972949514, 24396.09338781828, 28978.04972949514
90, 30841.88619515224, 24269.431790811203, 30841.88619515224, 29043.08982142686, 24337.601608090157, 29043.08982142686
91, 30877.2215417718, 24346.955289422152, 30877.2215417718, 29035.60377582881, 24372.411527993085, 29035.60377582881
92, 30896.21779035529, 24258.816504622482, 30896.21779035529, 29095.146800090555, 24489.111099268397, 29095.146800090555
93, 30896.21779035529, 24258.816504622482, 30896.21779035529, 29108.36757299385, 24465.24409438556, 29108.36757299385
94, 30952.46536658872, 24266.065297332356, 30952.46536658872, 29140.684636912836, 24400.047358549484, 29140.684636912836
95, 30952.46536658872, 24266.065297332356, 30952.46536658872, 29141.522741141576, 24417.90331746147, 29141.522741141576
96, 30973.868002767635, 24221.16048304214, 30973.868002767635, 29182.713468112306, 24391.812583552397, 29182.713468112306
97, 30973.868002767635, 24221.16048304214, 30973.868002767635, 29149.15065472438, 24396.685050326443, 29149.15065472438
98, 30976.727979796244, 23942.549580246734, 30976.727979796244, 29146.333216299885, 24403.9773496873, 29146.333216299885
99, 30976.727979796244, 23942.549580246734, 30976.727979796244, 29171.54689652516, 24418.072011147877, 29171.54689652516
100, 31016.833768388413, 23897.295254444147, 31016.833768388413, 29187.898137889733, 24395.538908207174, 29187.898137889733
101, 31016.833768388413, 23897.295254444147, 31016.833768388413, 29232.022605552636, 24401.16617527192, 29232.022605552636
102, 31150.29779343324, 24375.584696517246, 31150.29779343324, 29222.96629841815, 24374.040915166264, 29222.96629841815
103, 31150.29779343324, 24375.584696517246, 31150.29779343324, 29219.170675719404, 24327.648509373736, 29219.170675719404
104, 31150.29779343324, 24375.584696517246, 31150.29779343324, 29263.43016761767, 24343.738536149747, 29263.43016761767
105, 31150.29779343324, 24375.584696517246, 31150.29779343324, 29265.83655487798, 24357.670308234083, 29265.83655487798
106, 31164.126497421414, 24663.639156694342, 31164.126497421414, 29259.57237094872, 24354.95114568318, 29259.57237094872
107, 31164.126497421414, 24663.639156694342, 31164.126497421414, 29243.78707781522, 24304.988159029024, 29243.78707781522
108, 31164.126497421414, 24663.639156694342, 31164.126497421414, 29225.07532218446, 24369.86198592207, 29225.07532218446
109, 31164.126497421414, 24663.639156694342, 31164.126497421414, 29263.580119968527, 24398.754938088463, 29263.580119968527
110, 31164.126497421414, 24663.639156694342, 31164.126497421414, 29307.441987397204, 24459.15250088687, 29307.441987397204
111, 31257.0535579224, 24210.19661790394, 31257.0535579224, 29320.441530399436, 24419.27004439385, 29320.441530399436
112, 31257.0535579224, 24210.19661790394, 31257.0535579224, 29339.028542975524, 24363.068978176154, 29339.028542975524
113, 31257.0535579224, 24210.19661790394, 31257.0535579224, 29322.751478031958, 24355.295159864858, 29322.751478031958
114, 31257.0535579224, 24210.19661790394, 31257.0535579224, 29342.498738987837, 24382.735502704643, 29342.498738987837
115, 31257.0535579224, 24210.19661790394, 31257.0535579224, 29347.26172826913, 24463.36788640647, 29347.26172826913
116, 31257.0535579224, 24210.19661790394, 31257.0535579224, 29363.98871168236, 24544.157711605876, 29363.98871168236
117, 31257.0535579224, 24210.19661790394, 31257.0535579224, 29349.643487612706, 24550.906414987487, 29349.643487612706
118, 31257.0535579224, 24210.19661790394, 31257.0535579224, 29340.142968038574, 24464.417422500475, 29340.142968038574
119, 31333.59214811507, 24304.216860851728, 31333.59214811507, 29362.31562233974, 24346.017457770402, 29362.31562233974
120, 31333.59214811507, 24304.216860851728, 31333.59214811507, 29422.894440359498, 24380.16119639872, 29422.894440359498
121, 31333.59214811507, 24304.216860851728, 31333.59214811507, 29397.9560189559, 24375.362103193234, 29397.9560189559
122, 31333.59214811507, 24304.216860851728, 31333.59214811507, 29483.086801149213, 24345.30508088937, 29483.086801149213
123, 31393.369694860074, 24326.138123943085, 31393.369694860074, 29421.379277008353, 24355.903214884554, 29421.379277008353
124, 31393.369694860074, 24326.138123943085, 31393.369694860074, 29382.070661170088, 24359.457740683378, 29382.070661170088
125, 31442.86372812598, 24425.660226874443, 31442.86372812598, 29423.017882202574, 24379.058111225822, 29423.017882202574
126, 31442.86372812598, 24425.660226874443, 31442.86372812598, 29438.299222461214, 24397.854412250006, 29438.299222461214
127, 31442.86372812598, 24425.660226874443, 31442.86372812598, 29447.483334679408, 24457.18879064689, 29447.483334679408
128, 31482.69149017808, 24649.259138459594, 31482.69149017808, 29455.17708102725, 24404.377855024482, 29455.17708102725
129, 31482.69149017808, 24649.259138459594, 31482.69149017808, 29516.01067625304, 24421.854436978985, 29516.01067625304
130, 31482.69149017808, 24649.259138459594, 31482.69149017808, 29525.973998813653, 24433.352994042787, 29525.973998813653
131, 31511.148945897505, 24646.690947032675, 31511.148945897505, 29518.04462401614, 24445.64096230974, 29518.04462401614
132, 31511.148945897505, 24646.690947032675, 31511.148945897505, 29550.989387790138, 24465.41046826774, 29550.989387790138
133, 31532.546307334993, 24132.653834138437, 31532.546307334993, 29535.528217542756, 24483.621911167033, 29535.528217542756
134, 31595.647095278724, 24525.081025835632, 31595.647095278724, 29623.76709109646, 24497.45949715502, 29623.76709109646
135, 31595.647095278724, 24525.081025835632, 31595.647095278724, 29585.84379972349, 24505.751036816175, 29585.84379972349
136, 31595.647095278724, 24525.081025835632, 31595.647095278724, 29586.02120790037, 24514.800150289982, 29586.02120790037
137, 31595.647095278724, 24525.081025835632, 31595.647095278724, 29591.817962743542, 24521.736242703413, 29591.817962743542
138, 31595.647095278724, 24525.081025835632, 31595.647095278724, 29572.89493627991, 24543.860740406133, 29572.89493627991
139, 31605.060239728675, 24630.30993604069, 31605.060239728675, 29611.627945110817, 24584.20491683591, 29611.627945110817
140, 31605.060239728675, 24630.30993604069, 31605.060239728675, 29608.112036425235, 24574.5606508938, 29608.112036425235
141, 31605.060239728675, 24630.30993604069, 31605.060239728675, 29630.52015355605, 24521.885839594564, 29630.52015355605
142, 31643.222779501004, 24591.861675287666, 31643.222779501004, 29628.060970224396, 24494.794450007794, 29628.060970224396
143, 31643.222779501004, 24591.861675287666, 31643.222779501004, 29659.679303818997, 24522.691283645796, 29659.679303818997
144, 31644.86287826871, 24436.26241574897, 31644.86287826871, 29623.450025732796, 24529.69349759316, 29623.450025732796
145, 31644.86287826871, 24436.26241574897, 31644.86287826871, 29656.653187777778, 24540.263939483404, 29656.653187777778
146, 31664.26341619907, 24594.96522690547, 31664.26341619907, 29657.241325091614, 24556.91677805963, 29657.241325091614
147, 31738.463390325964, 24350.45676684283, 31738.463390325964, 29678.259859791895, 24562.40862977392, 29678.259859791895
148, 31738.463390325964, 24350.45676684283, 31738.463390325964, 29669.44089409398, 24560.968703636518, 29669.44089409398
149, 31738.463390325964, 24350.45676684283, 31738.463390325964, 29690.05772850637, 24561.19860385779, 29690.05772850637
150, 31738.463390325964, 24350.45676684283, 31738.463390325964, 29716.16248334396, 24533.18841119616, 29716.16248334396
151, 31738.463390325964, 24350.45676684283, 31738.463390325964, 29704.518265127455, 24555.30280463037, 29704.518265127455
152, 31738.463390325964, 24350.45676684283, 31738.463390325964, 29677.000538629283, 24541.959354754334, 29677.000538629283
153, 31738.463390325964, 24350.45676684283, 31738.463390325964, 29752.88981286223, 24529.167435905212, 29752.88981286223
154, 31752.412733264468, 24173.606140389482, 31752.412733264468, 29682.785085433097, 24546.933949444116, 29682.785085433097
155, 31752.412733264468, 24173.606140389482, 31752.412733264468, 29697.733426501225, 24565.107488461177, 29697.733426501225
156, 31752.412733264468, 24173.606140389482, 31752.412733264468, 29733.449257553682, 24520.07249006413, 29733.449257553682
157, 31752.412733264468, 24173.606140389482, 31752.412733264468, 29760.277400361476, 24479.501803491698, 29760.277400361476
158, 31780.29453112957, 24362.62114563139, 31780.29453112957, 29774.136736480687, 24440.42833348768, 29774.136736480687
159, 31780.29453112957, 24362.62114563139, 31780.29453112957, 29746.084937029835, 24439.51167591972, 29746.084937029835
160, 31796.664417294814, 24381.54456075304, 31796.664417294814, 29815.382881011315, 24438.78664466772, 29815.382881011315
161, 31796.664417294814, 24381.54456075304, 31796.664417294814, 29741.99636602096, 24433.18307130182, 29741.99636602096
162, 31796.664417294814, 24381.54456075304, 31796.664417294814, 29773.30231078205, 24422.80988152586, 29773.30231078205
163, 31834.194176779387, 24219.272831328122, 31834.194176779387, 29719.237477322724, 24400.621424661404, 29719.237477322724
164, 31834.194176779387, 24219.272831328122, 31834.194176779387, 29747.43981433512, 24400.0089217737, 29747.43981433512
165, 31834.194176779387, 24219.272831328122, 31834.194176779387, 29759.542369039656, 24446.920251851603, 29759.542369039656
166, 31834.194176779387, 24219.272831328122, 31834.194176779387, 29803.634328205782, 24476.052201339062, 29803.634328205782
167, 31847.27440044946, 24407.948633933058, 31847.27440044946, 29821.48443780422, 24446.66850392534, 29821.48443780422
168, 31847.27440044946, 24407.948633933058, 31847.27440044946, 29773.340585280795, 24446.406745692177, 29773.340585280795
169, 31847.27440044946, 24407.948633933058, 31847.27440044946, 29818.628696922035, 24442.791304903654, 29818.628696922035
170, 31865.013611293696, 24408.589095072588, 31865.013611293696, 29784.12622648519, 24436.299462262596, 29784.12622648519
171, 31906.432231743398, 24342.838584451303, 31906.432231743398, 29777.68557935702, 24420.30673237049, 29777.68557935702
172, 31906.432231743398, 24342.838584451303, 31906.432231743398, 29850.426206343003, 24396.939305789667, 29850.426206343003
173, 31910.729828265576, 24335.328477608844, 31910.729828265576, 29841.664081495815, 24387.14911923659, 29841.664081495815
174, 31915.690483742383, 24384.1903781331, 31915.690483742383, 29879.193419102467, 24413.624431312073, 29879.193419102467
175, 31915.690483742383, 24384.1903781331, 31915.690483742383, 29850.60809697402, 24456.04745077034, 29850.60809697402
176, 31915.690483742383, 24384.1903781331, 31915.690483742383, 29866.997561522396, 24480.54774665221, 29866.997561522396
177, 31915.690483742383, 24384.1903781331, 31915.690483742383, 29881.89171282408, 24480.779023840205, 29881.89171282408
178, 32037.06041855139, 24425.26253523348, 32037.06041855139, 29837.921778582153, 24470.078407964433, 29837.921778582153
179, 32037.06041855139, 24425.26253523348, 32037.06041855139, 29856.710895171873, 24464.433169874344, 29856.710895171873
180, 32037.06041855139, 24425.26253523348, 32037.06041855139, 29901.43794341167, 24443.254096945766, 29901.43794341167
181, 32037.06041855139, 24425.26253523348, 32037.06041855139, 29962.63235036028, 24443.145475489717, 29962.63235036028
182, 32037.06041855139, 24425.26253523348, 32037.06041855139, 29875.28350053975, 24448.81760411318, 29875.28350053975
183, 32037.06041855139, 24425.26253523348, 32037.06041855139, 29890.39029913649, 24458.77624798873, 29890.39029913649
184, 32037.06041855139, 24425.26253523348, 32037.06041855139, 29877.969174527978, 24472.02873151606, 29877.969174527978
185, 32037.06041855139, 24425.26253523348, 32037.06041855139, 29920.58264814844, 24470.72558197547, 29920.58264814844
186, 32045.214888330884, 24434.71759986924, 32045.214888330884, 29893.008369372597, 24472.453521985328, 29893.008369372597
187, 32137.19407268657, 24654.122172507785, 32137.19407268657, 29996.077887676918, 24474.838183857846, 29996.077887676918
188, 32137.19407268657, 24654.122172507785, 32137.19407268657, 29896.727805583898, 24491.53930921413, 29896.727805583898
189, 32137.19407268657, 24654.122172507785, 32137.19407268657, 29989.02940151356, 24496.133548668306, 29989.02940151356
190, 32137.19407268657, 24654.122172507785, 32137.19407268657, 30005.036532501337, 24498.229934567717, 30005.036532501337
191, 32137.19407268657, 24654.122172507785, 32137.19407268657, 30002.512142751286, 24504.750420387496, 30002.512142751286
192, 32137.19407268657, 24654.122172507785, 32137.19407268657, 29952.78453736119, 24506.677205525055, 29952.78453736119
193, 32137.19407268657, 24654.122172507785, 32137.19407268657, 30053.12243219981, 24515.539631975913, 30053.12243219981
194, 32162.19426842112, 24552.294732126495, 32162.19426842112, 29988.261814990612, 24535.96789297571, 29988.261814990612
195, 32162.19426842112, 24552.294732126495, 32162.19426842112, 29979.056015749495, 24554.144969932, 29979.056015749495
196, 32162.19426842112, 24552.294732126495, 32162.19426842112, 30004.000913572112, 24579.0378450366, 30004.000913572112
197, 32162.19426842112, 24552.294732126495, 32162.19426842112, 29990.92566510761, 24605.95397839496, 29990.92566510761
198, 32162.19426842112, 24552.294732126495, 32162.19426842112, 30063.247702534507, 24648.43561062484, 30063.247702534507
199, 32162.19426842112, 24552.294732126495, 32162.19426842112, 30074.311372526823, 24652.277534065695, 30074.311372526823
200, 32162.19426842112, 24552.294732126495, 32162.19426842112, 30047.771659636182, 24650.781809685086, 30047.771659636182
201, 32162.19426842112, 24552.294732126495, 32162.19426842112, 30046.44523587033, 24650.68013694676, 30046.44523587033
202, 32162.19426842112, 24552.294732126495, 32162.19426842112, 30028.718222644893, 24644.351155336277, 30028.718222644893
203, 32162.19426842112, 24552.294732126495, 32162.19426842112, 30075.05009697015, 24640.257404432483, 30075.05009697015
204, 32162.19426842112, 24552.294732126495, 32162.19426842112, 30021.327111088252, 24629.044499021322, 30021.327111088252
205, 32162.19426842112, 24552.294732126495, 32162.19426842112, 30085.619696701528, 24612.671513347766, 30085.619696701528
206, 32217.23417056979, 24441.502611669748, 32217.23417056979, 30087.145332071887, 24590.612636773287, 30087.145332071887
207, 32217.23417056979, 24441.502611669748, 32217.23417056979, 30053.102274449095, 24565.14362235297, 30053.102274449095
208, 32217.23417056979, 24441.502611669748, 32217.23417056979, 30072.273198308743, 24579.3852352091, 30072.273198308743
209, 32217.23417056979, 24441.502611669748, 32217.23417056979, 30063.670373338427, 24573.487444326085, 30063.670373338427
210, 32217.23417056979, 24441.502611669748, 32217.23417056979, 30050.4909417986, 24570.958161637, 30050.4909417986
211, 32243.316710322062, 24647.660796286553, 32243.316710322062, 30032.737627672846, 24565.927236499043, 30032.737627672846
212, 32243.316710322062, 24647.660796286553, 32243.316710322062, 30058.61342284787, 24560.76443235832, 30058.61342284787
213, 32318.85353218668, 24375.495474239764, 32318.85353218668, 30071.130515600467, 24543.390214162064, 30071.130515600467
214, 32318.85353218668, 24375.495474239764, 32318.85353218668, 30089.999099044944, 24526.242549199425, 30089.999099044944
215, 32318.85353218668, 24375.495474239764, 32318.85353218668, 30085.695302274507, 24535.72757298775, 30085.695302274507
216, 32318.85353218668, 24375.495474239764, 32318.85353218668, 30114.60525326304, 24510.30457857965, 30114.60525326304
217, 32318.85353218668, 24375.495474239764, 32318.85353218668, 30093.51982133831, 24512.391885325378, 30093.51982133831
218, 32318.85353218668, 24375.495474239764, 32318.85353218668, 30135.375800714257, 24514.892776149336, 30135.375800714257
219, 32318.85353218668, 24375.495474239764, 32318.85353218668, 30096.414260533722, 24521.649648529063, 30096.414260533722
220, 32318.85353218668, 24375.495474239764, 32318.85353218668, 30100.449637160742, 24527.439389374966, 30100.449637160742
221, 32318.85353218668, 24375.495474239764, 32318.85353218668, 30155.145636704117, 24544.742896887306, 30155.145636704117
222, 32318.85353218668, 24375.495474239764, 32318.85353218668, 30118.392407379546, 24497.43350129486, 30118.392407379546
223, 32318.85353218668, 24375.495474239764, 32318.85353218668, 30163.747724498386, 24459.23666084446, 30163.747724498386
224, 32339.118398400555, 24481.226707984028, 32339.118398400555, 30172.807951802668, 24460.386780381403, 30172.807951802668
225, 32339.118398400555, 24481.226707984028, 32339.118398400555, 30160.245715900495, 24459.76906513514, 30160.245715900495
226, 32339.118398400555, 24481.226707984028, 32339.118398400555, 30202.029616366195, 24460.326661920393, 30202.029616366195
227, 32339.118398400555, 24481.226707984028, 32339.118398400555, 30187.332273339514, 24461.49558043889, 30187.332273339514
228, 32339.118398400555, 24481.226707984028, 32339.118398400555, 30165.386998495265, 24462.432445638216, 30165.386998495265
229, 32339.118398400555, 24481.226707984028, 32339.118398400555, 30202.09643845584, 24466.01503330661, 30202.09643845584
230, 32339.118398400555, 24481.226707984028, 32339.118398400555, 30149.86637508629, 24471.139185807548, 30149.86637508629
231, 32339.118398400555, 24481.226707984028, 32339.118398400555, 30215.635373500787, 24481.314091498145, 30215.635373500787
232, 32347.896198204926, 24529.520740930093, 32347.896198204926, 30107.706090894822, 24496.56451456719, 30107.706090894822
233, 32347.896198204926, 24529.520740930093, 32347.896198204926, 30211.703912102814, 24516.14050070173, 30211.703912102814
234, 32347.896198204926, 24529.520740930093, 32347.896198204926, 30178.49213652855, 24534.976174104842, 30178.49213652855
235, 32418.07286466456, 24466.592443611185, 32418.07286466456, 30191.516878028506, 24554.68030055958, 30191.516878028506
236, 32418.07286466456, 24466.592443611185, 32418.07286466456, 30133.848400916486, 24572.12391450699, 30133.848400916486
237, 32418.07286466456, 24466.592443611185, 32418.07286466456, 30183.614212883338, 24559.568085152925, 30183.614212883338
238, 32418.07286466456, 24466.592443611185, 32418.07286466456, 30241.64499654988, 24534.403935627226, 30241.64499654988
239, 32418.07286466456, 24466.592443611185, 32418.07286466456, 30205.67776931081, 24536.432531753486, 30205.67776931081
240, 32418.07286466456, 24466.592443611185, 32418.07286466456, 30164.749297276205, 24535.64964837292, 30164.749297276205
241, 32418.07286466456, 24466.592443611185, 32418.07286466456, 30169.58915292773, 24537.80408792146, 30169.58915292773
242, 32418.07286466456, 24466.592443611185, 32418.07286466456, 30209.23129493375, 24541.42630170297, 30209.23129493375
243, 32418.07286466456, 24466.592443611185, 32418.07286466456, 30188.493962531524, 24545.447482160274, 30188.493962531524
244, 32418.07286466456, 24466.592443611185, 32418.07286466456, 30231.454989906255, 24541.51628306701, 30231.454989906255
245, 32470.83511236968, 24462.758570327514, 32470.83511236968, 30226.693036947036, 24525.846558407182, 30226.693036947036
246, 32470.83511236968, 24462.758570327514, 32470.83511236968, 30239.12868165424, 24521.87604320513, 30239.12868165424
247, 32470.83511236968, 24462.758570327514, 32470.83511236968, 30245.03499101706, 24522.1226843127, 30245.03499101706
248, 32470.83511236968, 24462.758570327514, 32470.83511236968, 30219.216404089053, 24521.7259457999, 30219.216404089053
249, 32470.83511236968, 24462.758570327514, 32470.83511236968, 30225.374133527148, 24519.90500112387, 30225.374133527148
250, 32490.169134900483, 24677.742463596933, 32490.169134900483, 30281.0984557678, 24522.11964169984, 30281.0984557678
251, 32531.80164958209, 24283.78507682319, 32531.80164958209, 30237.027433706382, 24522.149039416872, 30237.027433706382
252, 32531.80164958209, 24283.78507682319, 32531.80164958209, 30240.00847363523, 24522.435446909974, 30240.00847363523
253, 32531.80164958209, 24283.78507682319, 32531.80164958209, 30292.97722803926, 24517.719595788178, 30292.97722803926
254, 32531.80164958209, 24283.78507682319, 32531.80164958209, 30277.576174672067, 24509.456161749455, 30277.576174672067
255, 32531.80164958209, 24283.78507682319, 32531.80164958209, 30279.327431052712, 24511.171613757502, 30279.327431052712
256, 32659.96984783277, 24595.377896527414, 32659.96984783277, 30268.414874437967, 24513.697071576644, 30268.414874437967
257, 32659.96984783277, 24595.377896527414, 32659.96984783277, 30296.84417430208, 24519.53811462606, 30296.84417430208
258, 32659.96984783277, 24595.377896527414, 32659.96984783277, 30275.69379568378, 24514.984961516875, 30275.69379568378
259, 32659.96984783277, 24595.377896527414, 32659.96984783277, 30303.546537605565, 24514.604881311723, 30303.546537605565
260, 32659.96984783277, 24595.377896527414, 32659.96984783277, 30355.001122896756, 24494.62222036398, 30355.001122896756
261, 32659.96984783277, 24595.377896527414, 32659.96984783277, 30322.595952411128, 24428.982983663624, 30322.595952411128
262, 32659.96984783277, 24595.377896527414, 32659.96984783277, 30335.54857217764, 24449.318531990983, 30335.54857217764
263, 32659.96984783277, 24595.377896527414, 32659.96984783277, 30357.14859974326, 24486.070425643367, 30357.14859974326
264, 32659.96984783277, 24595.377896527414, 32659.96984783277, 30371.45917456888, 24529.78230834381, 30371.45917456888
265, 32659.96984783277, 24595.377896527414, 32659.96984783277, 30374.59163717106, 24567.405243244753, 30374.59163717106
266, 32659.96984783277, 24595.377896527414, 32659.96984783277, 30386.676148206392, 24595.196327582446, 30386.676148206392
267, 32659.96984783277, 24595.377896527414, 32659.96984783277, 30407.658412313573, 24613.42070900273, 30407.658412313573
268, 32659.96984783277, 24595.377896527414, 32659.96984783277, 30425.153860956598, 24613.55494767253, 30425.153860956598
269, 32659.96984783277, 24595.377896527414, 32659.96984783277, 30369.05452930884, 24613.482427217714, 30369.05452930884
270, 32659.96984783277, 24595.377896527414, 32659.96984783277, 30392.20701102061, 24613.667013063583, 30392.20701102061
271, 32659.96984783277, 24595.377896527414, 32659.96984783277, 30427.40709401066, 24614.323496374833, 30427.40709401066
272, 32659.96984783277, 24595.377896527414, 32659.96984783277, 30397.109395934604, 24613.94619175269, 30397.109395934604
273, 32659.96984783277, 24595.377896527414, 32659.96984783277, 30407.04877698636, 24613.701251764913, 30407.04877698636
274, 32659.96984783277, 24595.377896527414, 32659.96984783277, 30430.69392836209, 24613.81429343745, 30430.69392836209
275, 32661.91230073045, 24617.611905034977, 32661.91230073045, 30394.60021680203, 24613.68261624194, 30394.60021680203
276, 32690.970297196785, 24681.478585954486, 32690.970297196785, 30387.015198588942, 24614.002129718767, 30387.015198588942
277, 32690.970297196785, 24681.478585954486, 32690.970297196785, 30443.902960769585, 24614.545376670165, 30443.902960769585
278, 32731.99013317777, 24653.192734899414, 32731.99013317777, 30380.286986884275, 24615.004987765955, 30380.286986884275
279, 32731.99013317777, 24653.192734899414, 32731.99013317777, 30385.779716191668, 24615.98945259089, 30385.779716191668
280, 32731.99013317777, 24653.192734899414, 32731.99013317777, 30369.987485395097, 24618.213448818125, 30369.987485395097
281, 32731.99013317777, 24653.192734899414, 32731.99013317777, 30474.22957012344, 24624.256211297576, 30474.22957012344
282, 32731.99013317777, 24653.192734899414, 32731.99013317777, 30480.01276609816, 24628.695112707173, 30480.01276609816
283, 32731.99013317777, 24653.192734899414, 32731.99013317777, 30468.356285411428, 24639.30188013826, 30468.356285411428
284, 32731.99013317777, 24653.192734899414, 32731.99013317777, 30405.697072788695, 24649.258325836327, 30405.697072788695
285, 32731.99013317777, 24653.192734899414, 32731.99013317777, 30436.81350350846, 24661.138837508806, 30436.81350350846
286, 32731.99013317777, 24653.192734899414, 32731.99013317777, 30462.746591059935, 24657.985560751833, 30462.746591059935
287, 32731.99013317777, 24653.192734899414, 32731.99013317777, 30472.97510198925, 24650.088185263816, 30472.97510198925
288, 32731.99013317777, 24653.192734899414, 32731.99013317777, 30468.575566777443, 24653.583293586515, 30468.575566777443
289, 32731.99013317777, 24653.192734899414, 32731.99013317777, 30454.732698065516, 24654.642628323705, 30454.732698065516
290, 32731.99013317777, 24653.192734899414, 32731.99013317777, 30441.989809062634, 24653.673348570155, 30441.989809062634
291, 32773.165428796005, 24507.221648642277, 32773.165428796005, 30430.07184130663, 24654.160722438344, 30430.07184130663
292, 32773.165428796005, 24507.221648642277, 32773.165428796005, 30430.044247596295, 24652.608411847643, 30430.044247596295
293, 32773.165428796005, 24507.221648642277, 32773.165428796005, 30448.06831434618, 24652.333194272687, 30448.06831434618
294, 32773.165428796005, 24507.221648642277, 32773.165428796005, 30488.409905696, 24649.670358378004, 30488.409905696
295, 32823.18442924235, 24634.48849057425, 32823.18442924235, 30531.009500370827, 24647.031865236546, 30531.009500370827
296, 32823.18442924235, 24634.48849057425, 32823.18442924235, 30469.34368838558, 24644.068490771475, 30469.34368838558
297, 32823.18442924235, 24634.48849057425, 32823.18442924235, 30467.292729105397, 24639.54602535087, 30467.292729105397
298, 32823.18442924235, 24634.48849057425, 32823.18442924235, 30505.12679804915, 24631.32042022854, 30505.12679804915
299, 32823.18442924235, 24634.48849057425, 32823.18442924235, 30444.241600144534, 24618.600712026968, 30444.241600144534
300, 32823.18442924235, 24634.48849057425, 32823.18442924235, 30552.38210440155, 24597.201922520468, 30552.38210440155
301, 32823.18442924235, 24634.48849057425, 32823.18442924235, 30510.360072408, 24565.08213975414, 30510.360072408
302, 32823.18442924235, 24634.48849057425, 32823.18442924235, 30512.129950772356, 24562.435802385364, 30512.129950772356
303, 32823.18442924235, 24634.48849057425, 32823.18442924235, 30464.525054151043, 24567.037735187285, 30464.525054151043
304, 32823.18442924235, 24634.48849057425, 32823.18442924235, 30517.480846310867, 24577.87073383702, 30517.480846310867
305, 32823.18442924235, 24634.48849057425, 32823.18442924235, 30493.674038899426, 24591.152213428108, 30493.674038899426
306, 32823.18442924235, 24634.48849057425, 32823.18442924235, 30471.498213133294, 24611.784957013642, 30471.498213133294
307, 32823.18442924235, 24634.48849057425, 32823.18442924235, 30542.74887628117, 24641.13191352066, 30542.74887628117
308, 32823.18442924235, 24634.48849057425, 32823.18442924235, 30496.04595711885, 24639.614982230654, 30496.04595711885
309, 32823.18442924235, 24634.48849057425, 32823.18442924235, 30503.892492341507, 24639.66342626256, 30503.892492341507
310, 32828.30558808754, 24660.231674245257, 32828.30558808754, 30548.404634087823, 24641.170996875982, 30548.404634087823
311, 32879.95544444392, 24609.84204745538, 32879.95544444392, 30524.613746762454, 24642.056048293984, 30524.613746762454
312, 32879.95544444392, 24609.84204745538, 32879.95544444392, 30565.348574208514, 24641.12506854527, 30565.348574208514
313, 32879.95544444392, 24609.84204745538, 32879.95544444392, 30474.50122576107, 24640.33637510664, 30474.50122576107
314, 32879.95544444392, 24609.84204745538, 32879.95544444392, 30563.631583288057, 24641.221108855196, 30563.631583288057
315, 32879.95544444392, 24609.84204745538, 32879.95544444392, 30534.623515916493, 24639.72390670827, 30534.623515916493
316, 32903.810312529145, 24667.262496237647, 32903.810312529145, 30493.413023490262, 24639.555268983342, 30493.413023490262
317, 32903.810312529145, 24667.262496237647, 32903.810312529145, 30520.72783582047, 24639.838572743767, 30520.72783582047
318, 32940.03182627322, 24540.010934616555, 32940.03182627322, 30569.51026203854, 24636.509310847345, 30569.51026203854
319, 32940.03182627322, 24540.010934616555, 32940.03182627322, 30497.198247026536, 24633.578665611105, 30497.198247026536
320, 32940.03182627322, 24540.010934616555, 32940.03182627322, 30533.2318592961, 24630.84073857491, 30533.2318592961
321, 32940.03182627322, 24540.010934616555, 32940.03182627322, 30503.664577750686, 24628.796498682852, 30503.664577750686
322, 32940.03182627322, 24540.010934616555, 32940.03182627322, 30558.65247148483, 24627.281990409174, 30558.65247148483
323, 32940.03182627322, 24540.010934616555, 32940.03182627322, 30588.947454849276, 24625.192026886623, 30588.947454849276
324, 32940.03182627322, 24540.010934616555, 32940.03182627322, 30583.282774378462, 24622.852123463304, 30583.282774378462
325, 32940.03182627322, 24540.010934616555, 32940.03182627322, 30585.16224012837, 24613.267483795455, 30585.16224012837
326, 32940.03182627322, 24540.010934616555, 32940.03182627322, 30565.941354842278, 24612.16733486753, 30565.941354842278
327, 32945.53159036831, 24481.707476227733, 32945.53159036831, 30606.846869639863, 24601.675105322916, 30606.846869639863
328, 32945.53159036831, 24481.707476227733, 32945.53159036831, 30547.581286354525, 24576.19618172318, 30547.581286354525
329, 32945.53159036831, 24481.707476227733, 32945.53159036831, 30582.407527666655, 24574.50347950518, 30582.407527666655
330, 32945.53159036831, 24481.707476227733, 32945.53159036831, 30564.641764070642, 24574.36268863915, 30564.641764070642
331, 32961.73894943509, 24590.30324808645, 32961.73894943509, 30584.047965127324, 24574.54855095144, 30584.047965127324
332, 32961.73894943509, 24590.30324808645, 32961.73894943509, 30553.481475170818, 24574.69782176569, 30553.481475170818
333, 32961.73894943509, 24590.30324808645, 32961.73894943509, 30573.350323317325, 24571.962880524905, 30573.350323317325
334, 32961.73894943509, 24590.30324808645, 32961.73894943509, 30590.31078737159, 24570.541128146066, 30590.31078737159
335, 32961.73894943509, 24590.30324808645, 32961.73894943509, 30612.170376585975, 24566.789259097553, 30612.170376585975
336, 32961.73894943509, 24590.30324808645, 32961.73894943509, 30555.558925983518, 24562.420263836448, 30555.558925983518
337, 32961.73894943509, 24590.30324808645, 32961.73894943509, 30615.119660735796, 24553.596221182957, 30615.119660735796
338, 32983.92312514861, 24346.330966542886, 32983.92312514861, 30579.92483649689, 24549.37424373579, 30579.92483649689
339, 32983.92312514861, 24346.330966542886, 32983.92312514861, 30605.810631042674, 24540.06691807314, 30605.810631042674
340, 32983.92312514861, 24346.330966542886, 32983.92312514861, 30657.814287617402, 24523.354814220467, 30657.814287617402
341, 32983.92312514861, 24346.330966542886, 32983.92312514861, 30596.537404910447, 24534.33335627399, 30596.537404910447
342, 32983.92312514861, 24346.330966542886, 32983.92312514861, 30613.832958205297, 24603.07767815244, 30613.832958205297
343, 32983.92312514861, 24346.330966542886, 32983.92312514861, 30615.255230919895, 24597.612631795015, 30615.255230919895
344, 32983.92312514861, 24346.330966542886, 32983.92312514861, 30582.004187245177, 24589.77948572491, 30582.004187245177
345, 32983.92312514861, 24346.330966542886, 32983.92312514861, 30628.30823384515, 24573.942101218938, 30628.30823384515
346, 32995.38967526576, 24232.5063148428, 32995.38967526576, 30613.102276868132, 24552.010131836814, 30613.102276868132
347, 32995.38967526576, 24232.5063148428, 32995.38967526576, 30649.235217799935, 24516.670711696795, 30649.235217799935
348, 32995.38967526576, 24232.5063148428, 32995.38967526576, 30626.149357639497, 24484.686029705783, 30626.149357639497
349, 32995.38967526576, 24232.5063148428, 32995.38967526576, 30667.73681203116, 24438.647741702913, 30667.73681203116
350, 32995.38967526576, 24232.5063148428, 32995.38967526576, 30626.75752583854, 24437.202901789555, 30626.75752583854
351, 32995.38967526576, 24232.5063148428, 32995.38967526576, 30637.96121301672, 24436.02541670196, 30637.96121301672
352, 32995.38967526576, 24232.5063148428, 32995.38967526576, 30654.081519293413, 24435.471268401194, 30654.081519293413
353, 33063.09407860793, 24642.64400421892, 33063.09407860793, 30662.380011457877, 24436.29765675794, 30662.380011457877
354, 33063.09407860793, 24642.64400421892, 33063.09407860793, 30673.4603524162, 24433.62084164841, 30673.4603524162
355, 33063.09407860793, 24642.64400421892, 33063.09407860793, 30663.133873864874, 24429.685854405234, 30663.133873864874
356, 33063.09407860793, 24642.64400421892, 33063.09407860793, 30605.401374879526, 24421.1985854647, 30605.401374879526
357, 33063.09407860793, 24642.64400421892, 33063.09407860793, 30604.44426193146, 24407.18862594647, 30604.44426193146
358, 33063.09407860793, 24642.64400421892, 33063.09407860793, 30731.222231235715, 24389.154154247477, 30731.222231235715
359, 33063.09407860793, 24642.64400421892, 33063.09407860793, 30642.915359867005, 24370.78399985623, 30642.915359867005
360, 33063.09407860793, 24642.64400421892, 33063.09407860793, 30603.648651599888, 24374.468602317134, 30603.648651599888
361, 33063.09407860793, 24642.64400421892, 33063.09407860793, 30612.854171207728, 24386.5755396017, 30612.854171207728
362, 33063.09407860793, 24642.64400421892, 33063.09407860793, 30652.67494643712, 24394.811748135402, 30652.67494643712
363, 33063.09407860793, 24642.64400421892, 33063.09407860793, 30684.200809091915, 24425.144517211105, 30684.200809091915
364, 33063.09407860793, 24642.64400421892, 33063.09407860793, 30634.296906139203, 24455.355411182627, 30634.296906139203
365, 33063.09407860793, 24642.64400421892, 33063.09407860793, 30694.88157617208, 24528.30741202386, 30694.88157617208
366, 33063.09407860793, 24642.64400421892, 33063.09407860793, 30650.367571691353, 24566.825811050418, 30650.367571691353
367, 33063.09407860793, 24642.64400421892, 33063.09407860793, 30683.260769584296, 24573.224179878267, 30683.260769584296
368, 33063.09407860793, 24642.64400421892, 33063.09407860793, 30655.04778148751, 24585.672968503986, 30655.04778148751
369, 33063.09407860793, 24642.64400421892, 33063.09407860793, 30668.083521501892, 24599.397099005408, 30668.083521501892
370, 33063.09407860793, 24642.64400421892, 33063.09407860793, 30685.188114213706, 24635.911317505095, 30685.188114213706
371, 33063.09407860793, 24642.64400421892, 33063.09407860793, 30709.061457050084, 24645.782382158395, 30709.061457050084
372, 33063.09407860793, 24642.64400421892, 33063.09407860793, 30665.70279868987, 24645.70114978389, 30665.70279868987
373, 33063.09407860793, 24642.64400421892, 33063.09407860793, 30646.780513508696, 24647.18368322131, 30646.780513508696
374, 33063.09407860793, 24642.64400421892, 33063.09407860793, 30717.368150701393, 24649.101188592093, 30717.368150701393
375, 33063.09407860793, 24642.64400421892, 33063.09407860793, 30660.684630380532, 24646.069335247408, 30660.684630380532
376, 33063.09407860793, 24642.64400421892, 33063.09407860793, 30709.202592298523, 24646.54583279836, 30709.202592298523
377, 33063.09407860793, 24642.64400421892, 33063.09407860793, 30685.04001801751, 24646.019312012653, 30685.04001801751
378, 33063.09407860793, 24642.64400421892, 33063.09407860793, 30757.119722697167, 24647.806939593887, 30757.119722697167
379, 33063.09407860793, 24642.64400421892, 33063.09407860793, 30707.409943603867, 24646.511192684866, 30707.409943603867
380, 33063.09407860793, 24642.64400421892, 33063.09407860793, 30684.044448302462, 24645.773086177156, 30684.044448302462
381, 33063.09407860793, 24642.64400421892, 33063.09407860793, 30696.28461225353, 24647.278637220832, 30696.28461225353
382, 33063.09407860793, 24642.64400421892, 33063.09407860793, 30693.532590154908, 24646.359062859112, 30693.532590154908
383, 33063.09407860793, 24642.64400421892, 33063.09407860793, 30690.311320181907, 24645.781182306164, 30690.311320181907
384, 33063.09407860793, 24642.64400421892, 33063.09407860793, 30665.689246857226, 24647.803925294884, 30665.689246857226
385, 33084.18625147341, 24599.45741749437, 33084.18625147341, 30647.918195710048, 24646.161895049525, 30647.918195710048
386, 33084.18625147341, 24599.45741749437, 33084.18625147341, 30703.52903201946, 24646.403450276786, 30703.52903201946
387, 33084.18625147341, 24599.45741749437, 33084.18625147341, 30676.729230039342, 24647.84286143333, 30676.729230039342
388, 33084.18625147341, 24599.45741749437, 33084.18625147341, 30706.92496440516, 24647.503191610216, 30706.92496440516
389, 33084.18625147341, 24599.45741749437, 33084.18625147341, 30712.05519839389, 24645.06818333707, 30712.05519839389
390, 33084.18625147341, 24599.45741749437, 33084.18625147341, 30686.656927490072, 24643.771862200607, 30686.656927490072
391, 33084.18625147341, 24599.45741749437, 33084.18625147341, 30698.183251389863, 24645.34236480278, 30698.183251389863
392, 33172.26700036943, 24676.168885549556, 33172.26700036943, 30690.724749100682, 24644.31620341224, 30690.724749100682
393, 33172.26700036943, 24676.168885549556, 33172.26700036943, 30751.075432035104, 24641.125317321625, 30751.075432035104
394, 33172.26700036943, 24676.168885549556, 33172.26700036943, 30718.673759206395, 24636.36646822341, 30718.673759206395
395, 33172.26700036943, 24676.168885549556, 33172.26700036943, 30726.802142439006, 24631.086390866792, 30726.802142439006
396, 33172.26700036943, 24676.168885549556, 33172.26700036943, 30736.309667320926, 24623.384845429395, 30736.309667320926
397, 33172.26700036943, 24676.168885549556, 33172.26700036943, 30690.238242869804, 24615.185652256223, 30690.238242869804
398, 33172.26700036943, 24676.168885549556, 33172.26700036943, 30686.50944643272, 24614.642002071792, 30686.50944643272
399, 33172.26700036943, 24676.168885549556, 33172.26700036943, 30715.964473997537, 24612.474380230513, 30715.964473997537
400, 33172.26700036943, 24676.168885549556, 33172.26700036943, 30703.820787190638, 24610.090206361358, 30703.820787190638
401, 33172.26700036943, 24676.168885549556, 33172.26700036943, 30726.162204702807, 24608.182059505827, 30726.162204702807
402, 33172.26700036943, 24676.168885549556, 33172.26700036943, 30730.063957028568, 24601.180473547058, 30730.063957028568
403, 33172.26700036943, 24676.168885549556, 33172.26700036943, 30750.590883845114, 24604.795382041815, 30750.590883845114
404, 33172.26700036943, 24676.168885549556, 33172.26700036943, 30729.94268342246, 24612.056105197604, 30729.94268342246
405, 33172.26700036943, 24676.168885549556, 33172.26700036943, 30686.952440923673, 24619.22075410244, 30686.952440923673
406, 33172.26700036943, 24676.168885549556, 33172.26700036943, 30755.786002179004, 24637.478612922492, 30755.786002179004
407, 33202.36332392415, 24564.19840728741, 33202.36332392415, 30760.644060905706, 24665.246074721214, 30760.644060905706
408, 33202.36332392415, 24564.19840728741, 33202.36332392415, 30738.094075239318, 24670.427500898648, 30738.094075239318
409, 33202.36332392415, 24564.19840728741, 33202.36332392415, 30766.301610650724, 24668.41303862627, 30766.301610650724
410, 33202.36332392415, 24564.19840728741, 33202.36332392415, 30805.7800529928, 24668.01526834067, 30805.7800529928
411, 33202.36332392415, 24564.19840728741, 33202.36332392415, 30763.24178728561, 24665.346298924247, 30763.24178728561
412, 33202.36332392415, 24564.19840728741, 33202.36332392415, 30789.352959165644, 24661.795128871, 30789.352959165644
413, 33202.36332392415, 24564.19840728741, 33202.36332392415, 30825.84067879867, 24656.709476079024, 30825.84067879867
414, 33202.36332392415, 24564.19840728741, 33202.36332392415, 30761.43470747965, 24648.58858764571, 30761.43470747965
415, 33241.36835119952, 24574.921689583916, 33241.36835119952, 30783.44575412078, 24636.265508791967, 30783.44575412078
416, 33241.36835119952, 24574.921689583916, 33241.36835119952, 30789.982360613398, 24615.879290208108, 30789.982360613398
417, 33273.99012483006, 24435.852311849452, 33273.99012483006, 30778.239949675208, 24591.602610449587, 30778.239949675208
418, 33273.99012483006, 24435.852311849452, 33273.99012483006, 30797.162437555966, 24592.548132182852, 30797.162437555966
419, 33273.99012483006, 24435.852311849452, 33273.99012483006, 30807.891835776783, 24591.185888184045, 30807.891835776783
420, 33273.99012483006, 24435.852311849452, 33273.99012483006, 30773.066180362, 24587.920847795485, 30773.066180362
421, 33273.99012483006, 24435.852311849452, 33273.99012483006, 30765.60649546375, 24585.984405299845, 30765.60649546375
422, 33349.72629947885, 24647.00053619841, 33349.72629947885, 30786.51923173741, 24582.269952462353, 30786.51923173741
423, 33349.72629947885, 24647.00053619841, 33349.72629947885, 30772.823348936072, 24578.587935919546, 30772.823348936072
424, 33349.72629947885, 24647.00053619841, 33349.72629947885, 30837.460028983267, 24572.368545272504, 30837.460028983267
425, 33349.72629947885, 24647.00053619841, 33349.72629947885, 30797.584156176123, 24557.34551228451, 30797.584156176123
426, 33349.72629947885, 24647.00053619841, 33349.72629947885, 30827.503213596363, 24540.98159223416, 30827.503213596363
427, 33349.72629947885, 24647.00053619841, 33349.72629947885, 30822.507211271524, 24510.25912876987, 30822.507211271524
428, 33349.72629947885, 24647.00053619841, 33349.72629947885, 30829.096090452917, 24514.605740536335, 30829.096090452917
429, 33349.72629947885, 24647.00053619841, 33349.72629947885, 30894.622982684654, 24517.455006214375, 30894.622982684654
430, 33349.72629947885, 24647.00053619841, 33349.72629947885, 30843.979668890664, 24526.689782068384, 30843.979668890664
431, 33349.72629947885, 24647.00053619841, 33349.72629947885, 30842.435669315793, 24543.45866974392, 30842.435669315793
432, 33349.72629947885, 24647.00053619841, 33349.72629947885, 30850.959251897264, 24571.603910479207, 30850.959251897264
433, 33349.72629947885, 24647.00053619841, 33349.72629947885, 30912.047028118395, 24618.302802202725, 30912.047028118395
434, 33349.72629947885, 24647.00053619841, 33349.72629947885, 30920.49369485315, 24649.58191669378, 30920.49369485315
435, 33349.72629947885, 24647.00053619841, 33349.72629947885, 30939.711654146082, 24650.95428380581, 30939.711654146082
436, 33349.72629947885, 24647.00053619841, 33349.72629947885, 30900.37146359676, 24649.157945227045, 30900.37146359676
437, 33349.72629947885, 24647.00053619841, 33349.72629947885, 30927.655049988516, 24649.404309921894, 30927.655049988516
438, 33349.72629947885, 24647.00053619841, 33349.72629947885, 30896.44949430891, 24649.530245289086, 30896.44949430891
439, 33349.72629947885, 24647.00053619841, 33349.72629947885, 30891.538553209033, 24649.496399976968, 30891.538553209033
440, 33349.72629947885, 24647.00053619841, 33349.72629947885, 30912.215213223208, 24649.559453543796, 30912.215213223208
441, 33349.72629947885, 24647.00053619841, 33349.72629947885, 30875.565835348618, 24650.114159866782, 30875.565835348618
442, 33349.72629947885, 24647.00053619841, 33349.72629947885, 30897.206346085044, 24650.109289219756, 30897.206346085044
443, 33349.72629947885, 24647.00053619841, 33349.72629947885, 30904.397916246075, 24650.918216602848, 30904.397916246075
444, 33349.72629947885, 24647.00053619841, 33349.72629947885, 30887.793289025318, 24649.072062461764, 30887.793289025318
445, 33349.72629947885, 24647.00053619841, 33349.72629947885, 30868.642546847663, 24648.39256257353, 30868.642546847663
446, 33349.72629947885, 24647.00053619841, 33349.72629947885, 30919.63992810058, 24650.27254471279, 30919.63992810058
447, 33349.72629947885, 24647.00053619841, 33349.72629947885, 30895.238635426067, 24651.151508185267, 30895.238635426067
448, 33349.72629947885, 24647.00053619841, 33349.72629947885, 30871.24295892131, 24649.409766979446, 30871.24295892131
449, 33349.72629947885, 24647.00053619841, 33349.72629947885, 30896.65513015677, 24649.487295667757, 30896.65513015677
450, 33349.72629947885, 24647.00053619841, 33349.72629947885, 30885.441086765277, 24649.42488726277, 30885.441086765277
451, 33349.72629947885, 24647.00053619841, 33349.72629947885, 30888.008227282153, 24650.73097703367, 30888.008227282153
452, 33349.72629947885, 24647.00053619841, 33349.72629947885, 30905.969036849445, 24651.34672343609, 30905.969036849445
453, 33349.72629947885, 24647.00053619841, 33349.72629947885, 30891.673547437545, 24649.849785178172, 30891.673547437545
454, 33349.72629947885, 24647.00053619841, 33349.72629947885, 30912.01077432544, 24649.236949923863, 30912.01077432544
455, 33349.72629947885, 24647.00053619841, 33349.72629947885, 30922.32605981205, 24650.641895663575, 30922.32605981205
456, 33349.72629947885, 24647.00053619841, 33349.72629947885, 30906.6081041775, 24650.59098110047, 30906.6081041775
457, 33349.72629947885, 24647.00053619841, 33349.72629947885, 30896.004729999033, 24649.99588228509, 30896.004729999033
458, 33349.72629947885, 24647.00053619841, 33349.72629947885, 30898.416198519535, 24649.487650216823, 30898.416198519535
459, 33349.72629947885, 24647.00053619841, 33349.72629947885, 30914.349866785207, 24649.32223953144, 30914.349866785207
460, 33349.72629947885, 24647.00053619841, 33349.72629947885, 30898.132975101005, 24649.70404381626, 30898.132975101005
461, 33349.72629947885, 24647.00053619841, 33349.72629947885, 30848.770237281075, 24650.66559390865, 30848.770237281075
462, 33349.72629947885, 24647.00053619841, 33349.72629947885, 30891.994226569674, 24650.51027988938, 30891.994226569674
463, 33371.53528298157, 24604.234552602025, 33371.53528298157, 30911.040730032342, 24650.635149308862, 30911.040730032342
464, 33371.53528298157, 24604.234552602025, 33371.53528298157, 30916.488772296667, 24650.502872906538, 30916.488772296667
465, 33371.53528298157, 24604.234552602025, 33371.53528298157, 30938.326462150653, 24647.925633908446, 30938.326462150653
466, 33371.53528298157, 24604.234552602025, 33371.53528298157, 30861.805272929767, 24651.31298620593, 30861.805272929767
467, 33371.53528298157, 24604.234552602025, 33371.53528298157, 30923.195178800142, 24649.379648996462, 30923.195178800142
468, 33371.53528298157, 24604.234552602025, 33371.53528298157, 30887.681558136093, 24648.631456821993, 30887.681558136093
469, 33371.53528298157, 24604.234552602025, 33371.53528298157, 30856.5059880594, 24649.359927293226, 30856.5059880594
470, 33371.53528298157, 24604.234552602025, 33371.53528298157, 30918.989521682757, 24648.11194241863, 30918.989521682757
471, 33371.53528298157, 24604.234552602025, 33371.53528298157, 30938.64913353861, 24647.952672991385, 30938.64913353861
472, 33371.53528298157, 24604.234552602025, 33371.53528298157, 30864.976576079043, 24639.544744353443, 30864.976576079043
473, 33371.53528298157, 24604.234552602025, 33371.53528298157, 30903.883275039578, 24620.664139967797, 30903.883275039578
474, 33371.53528298157, 24604.234552602025, 33371.53528298157, 30911.81701388408, 24619.448596618477, 30911.81701388408
475, 33381.57147871271, 24632.479446251175, 33381.57147871271, 30905.10280803736, 24620.88114756544, 30905.10280803736
476, 33381.57147871271, 24632.479446251175, 33381.57147871271, 30901.10943863716, 24620.222417452118, 30901.10943863716
477, 33381.57147871271, 24632.479446251175, 33381.57147871271, 30890.984661026232, 24618.889526163493, 30890.984661026232
478, 33381.57147871271, 24632.479446251175, 33381.57147871271, 30932.300318413974, 24619.123139547086, 30932.300318413974
479, 33381.57147871271, 24632.479446251175, 33381.57147871271, 30906.965665686712, 24620.016445673333, 30906.965665686712
480, 33381.57147871271, 24632.479446251175, 33381.57147871271, 30912.096376764555, 24621.627237705798, 30912.096376764555
481, 33381.57147871271, 24632.479446251175, 33381.57147871271, 30909.614035155635, 24620.84469831752, 30909.614035155635
482, 33381.57147871271, 24632.479446251175, 33381.57147871271, 30910.337051818427, 24622.85804321268, 30910.337051818427
483, 33381.57147871271, 24632.479446251175, 33381.57147871271, 30874.759864615877, 24623.47083863363, 30874.759864615877
484, 33381.57147871271, 24632.479446251175, 33381.57147871271, 30896.721679184036, 24627.863617702515, 30896.721679184036
485, 33381.57147871271, 24632.479446251175, 33381.57147871271, 30892.479516461444, 24630.498627179903, 30892.479516461444
486, 33381.57147871271, 24632.479446251175, 33381.57147871271, 30941.5962242989, 24635.91654495463, 30941.5962242989
487, 33381.57147871271, 24632.479446251175, 33381.57147871271, 30917.425396493665, 24639.549290321902, 30917.425396493665
488, 33381.57147871271, 24632.479446251175, 33381.57147871271, 30881.749564110763, 24639.21901466108, 30881.749564110763
489, 33381.57147871271, 24632.479446251175, 33381.57147871271, 30899.31761478368, 24639.525495761845, 30899.31761478368
490, 33397.83200610051, 24556.240691591793, 33397.83200610051, 30952.031862427848, 24639.03086074277, 30952.031862427848
491, 33397.83200610051, 24556.240691591793, 33397.83200610051, 30879.436189974807, 24638.76411137456, 30879.436189974807
492, 33397.83200610051, 24556.240691591793, 33397.83200610051, 30943.920175350184, 24638.69389977346, 30943.920175350184
493, 33397.83200610051, 24556.240691591793, 33397.83200610051, 30854.08583438918, 24639.84059654015, 30854.08583438918
494, 33397.83200610051, 24556.240691591793, 33397.83200610051, 30912.713760315026, 24637.596028783286, 30912.713760315026
495, 33397.83200610051, 24556.240691591793, 33397.83200610051, 30878.03934478674, 24638.211750012168, 30878.03934478674
496, 33397.83200610051, 24556.240691591793, 33397.83200610051, 30934.667851931405, 24635.301096728697, 30934.667851931405
497, 33397.83200610051, 24556.240691591793, 33397.83200610051, 30895.91122603514, 24633.922652616155, 30895.91122603514
498, 33448.677493926036, 24608.771275086605, 33448.677493926036, 30893.72172130426, 24627.403885587333, 30893.72172130426
499, 33448.677493926036, 24608.771275086605, 33448.677493926036, 30912.057852608497, 24616.81895869897, 30912.057852608497
500, 33448.677493926036, 24608.771275086605, 33448.677493926036, 30907.988197573424, 24608.159037005007, 30907.988197573424
