1, 1.6605088596113786, 0.878854456947781
1, 1.6605088596113786, 1.138835674346325
2, 1.6605088596113786, 1.138835674346325
2, 1.846033161844725, 1.3896562830704513
3, 1.846033161844725, 1.3896562830704513
3, 2.195100163353475, 1.6808273433886254
4, 2.195100163353475, 1.6808273433886254
4, 2.195100163353475, 1.9532398780287366
5, 2.195100163353475, 1.9532398780287366
5, 2.2789983313808277, 2.170657138433657
6, 2.2789983313808277, 2.170657138433657
6, 2.338149086666526, 2.215126236612045
7, 2.338149086666526, 2.215126236612045
7, 2.3490469199388238, 2.2600058375417236
8, 2.3490469199388238, 2.2600058375417236
8, 2.4261471057943296, 2.315829954680184
9, 2.4261471057943296, 2.315829954680184
9, 2.4866776826419668, 2.3800678872017893
10, 2.4866776826419668, 2.3800678872017893
10, 2.6528677812915737, 2.4464609917399356
11, 2.6528677812915737, 2.4464609917399356
11, 2.663350445847083, 2.5257735222675812
12, 2.663350445847083, 2.5257735222675812
12, 2.7450071278802977, 2.6097371625730776
13, 2.7450071278802977, 2.6097371625730776
13, 2.8919955715969667, 2.6882001690047854
14, 2.8919955715969667, 2.6882001690047854
14, 2.9494483415797195, 2.797281523678553
15, 2.9494483415797195, 2.797281523678553
15, 3.0319393981655995, 2.8663312865038204
16, 3.0319393981655995, 2.8663312865038204
16, 3.162706022550938, 2.948772499914
17, 3.162706022550938, 2.948772499914
17, 3.215939416235393, 3.0513832211313194
18, 3.215939416235393, 3.0513832211313194
18, 3.3378943021669025, 3.1592953031018016
19, 3.3378943021669025, 3.1592953031018016
19, 3.5451357787988322, 3.275356051780106
20, 3.5451357787988322, 3.275356051780106
20, 3.629149646857934, 3.4152636216305963
21, 3.629149646857934, 3.4152636216305963
21, 3.7499690391732985, 3.5442630629882292
22, 3.7499690391732985, 3.5442630629882292
22, 3.806926851313542, 3.626477913098887
23, 3.806926851313542, 3.626477913098887
23, 3.962637448127509, 3.7329889526035664
24, 3.962637448127509, 3.7329889526035664
24, 4.078063541427047, 3.8513963838225442
25, 4.078063541427047, 3.8513963838225442
25, 4.236042108175354, 3.9723562013972606
26, 4.236042108175354, 3.9723562013972606
26, 4.400841341430325, 4.096041578739022
27, 4.400841341430325, 4.096041578739022
27, 4.482735718941582, 4.240963566253928
28, 4.482735718941582, 4.240963566253928
28, 4.5639402454649485, 4.3886243781012375
29, 4.5639402454649485, 4.3886243781012375
29, 4.882137020958397, 4.526180837502508
30, 4.882137020958397, 4.526180837502508
30, 4.882137020958397, 4.643526049023851
31, 4.882137020958397, 4.643526049023851
31, 4.968436702096335, 4.763985041985399
32, 4.968436702096335, 4.763985041985399
32, 5.0972088843400485, 4.891807700425684
33, 5.0972088843400485, 4.891807700425684
33, 5.286478478068336, 5.0261649227220575
34, 5.286478478068336, 5.0261649227220575
34, 5.484817666495352, 5.188694022449713
35, 5.484817666495352, 5.188694022449713
35, 5.62510574550296, 5.349564075445065
36, 5.62510574550296, 5.349564075445065
36, 5.846938435757244, 5.492284297816314
37, 5.846938435757244, 5.492284297816314
37, 6.082803267321076, 5.6300639762704225
38, 6.082803267321076, 5.6300639762704225
38, 6.255477177160952, 5.7879148419140405
39, 6.255477177160952, 5.7879148419140405
39, 6.35533723255671, 5.933653037676358
40, 6.35533723255671, 5.933653037676358
40, 6.515327775537443, 6.132600257856418
41, 6.515327775537443, 6.132600257856418
41, 6.787947424179554, 6.345776013184015
42, 6.787947424179554, 6.345776013184015
42, 6.937952007071866, 6.500195054758419
43, 6.937952007071866, 6.500195054758419
43, 6.983458087624923, 6.643635360737772
44, 6.983458087624923, 6.643635360737772
44, 7.304230346151541, 6.817750726017725
45, 7.304230346151541, 6.817750726017725
45, 7.615031430909745, 6.993024608937153
46, 7.615031430909745, 6.993024608937153
46, 7.730278952493149, 7.184418723249332
47, 7.730278952493149, 7.184418723249332
47, 7.7873029465285395, 7.432190197537861
48, 7.7873029465285395, 7.432190197537861
48, 8.165772699146597, 7.696992548565075
49, 8.165772699146597, 7.696992548565075
49, 8.236555912636335, 7.881386945808606
50, 8.236555912636335, 7.881386945808606
50, 8.575699802643346, 8.096365787332374
51, 8.575699802643346, 8.096365787332374
51, 8.86920842553844, 8.324611698089718
52, 8.86920842553844, 8.324611698089718
52, 9.007825020637336, 8.554880869762385
53, 9.007825020637336, 8.554880869762385
53, 9.288480755835256, 8.768927068972031
54, 9.288480755835256, 8.768927068972031
54, 9.396457688458623, 9.007319789589303
55, 9.396457688458623, 9.007319789589303
55, 9.516071941815543, 9.266810757309681
56, 9.516071941815543, 9.266810757309681
56, 9.774095249109687, 9.4323673310593
57, 9.774095249109687, 9.4323673310593
57, 10.056749659224726, 9.607694028620337
58, 10.056749659224726, 9.607694028620337
58, 10.221571436018147, 9.842662552461412
59, 10.221571436018147, 9.842662552461412
59, 10.851451217581745, 10.118803929306512
60, 10.851451217581745, 10.118803929306512
60, 11.241778744636328, 10.4596503945869
61, 11.241778744636328, 10.4596503945869
61, 11.241778744636328, 10.813207923972392
62, 11.241778744636328, 10.813207923972392
62, 11.836387377696804, 11.104784760276495
63, 11.836387377696804, 11.104784760276495
63, 11.91492865301295, 11.399957733634665
64, 11.91492865301295, 11.399957733634665
64, 12.208414647143192, 11.692649722565761
65, 12.208414647143192, 11.692649722565761
65, 12.440757061597427, 11.970575595336244
66, 12.440757061597427, 11.970575595336244
66, 12.715531816315774, 12.249722452115872
67, 12.715531816315774, 12.249722452115872
67, 12.887696014971633, 12.478589930936664
68, 12.887696014971633, 12.478589930936664
68, 13.303406196481827, 12.75154371375029
69, 13.303406196481827, 12.75154371375029
69, 14.362020111612566, 13.084038078220082
70, 14.362020111612566, 13.084038078220082
70, 14.362020111612566, 13.37893252926069
71, 14.362020111612566, 13.37893252926069
71, 14.79010776376804, 13.762301248414742
72, 14.79010776376804, 13.762301248414742
72, 14.80409274520814, 14.2673549024399
73, 14.80409274520814, 14.2673549024399
73, 15.479295088761095, 14.717271082556183
74, 15.479295088761095, 14.717271082556183
74, 15.706699407495082, 15.102730045785805
75, 15.706699407495082, 15.102730045785805
75, 16.222204956993778, 15.504318723435036
76, 16.222204956993778, 15.504318723435036
76, 16.580734991832642, 15.955585231358125
77, 16.580734991832642, 15.955585231358125
77, 16.881517530648047, 16.34104507793232
78, 16.881517530648047, 16.34104507793232
78, 17.46008370944481, 16.72984058608045
79, 17.46008370944481, 16.72984058608045
79, 18.13174672567019, 17.14566050141299
80, 18.13174672567019, 17.14566050141299
80, 20.099007070665525, 17.623613374352413
81, 20.099007070665525, 17.623613374352413
81, 20.099007070665525, 18.0753001180282
82, 20.099007070665525, 18.0753001180282
82, 20.20145312048427, 18.573961117561783
83, 20.20145312048427, 18.573961117561783
83, 20.483031141457914, 19.225786632978966
84, 20.483031141457914, 19.225786632978966
84, 21.64040508166193, 19.872886176400044
85, 21.64040508166193, 19.872886176400044
85, 23.195366400910803, 20.398068424541016
86, 23.195366400910803, 20.398068424541016
86, 23.195366400910803, 20.876912392473518
87, 23.195366400910803, 20.876912392473518
87, 23.282327495818016, 21.501961647818383
88, 23.282327495818016, 21.501961647818383
88, 23.401687330844428, 22.06169121783887
89, 23.401687330844428, 22.06169121783887
89, 24.175992402590932, 22.567067900797493
90, 24.175992402590932, 22.567067900797493
90, 24.374056353436675, 22.99724903048939
91, 24.374056353436675, 22.99724903048939
91, 25.25507796149353, 23.454916522346263
92, 25.25507796149353, 23.454916522346263
92, 25.741520369336282, 23.971968791003977
93, 25.741520369336282, 23.971968791003977
93, 26.6231505448003, 24.739098971043536
94, 26.6231505448003, 24.739098971043536
94, 26.75291473093454, 25.52340550252028
95, 26.75291473093454, 25.52340550252028
95, 27.825911222042606, 26.23015492951983
96, 27.825911222042606, 26.23015492951983
96, 27.908725081787058, 26.841760355428377
97, 27.908725081787058, 26.841760355428377
97, 28.67359806411919, 27.433076434984876
98, 28.67359806411919, 27.433076434984876
98, 29.74519191854277, 28.152404857148767
99, 29.74519191854277, 28.152404857148767
99, 30.37099880557393, 28.872332349096986
100, 30.37099880557393, 28.872332349096986
100, 30.862989888376806, 29.487158325424062
