1, 27898.741430380283, 24659.791109825335, 27898.741430380283, 25187.23650386767, 24658.12545671231, 25187.23650386767
2, 28046.277488281044, 24629.670442020073, 28046.277488281044, 21354.301990032265, 24668.029846059675, 26405.598127149766
3, 28237.923060479032, 24583.088225122523, 28237.923060479032, 22744.790353134125, 24641.419711996095, 26899.942611685976
4, 28438.313202103072, 24457.643082480816, 28438.313202103072, 24069.42175645039, 24615.731746218644, 27632.20708761642
5, 28870.21060695515, 24524.17711251606, 28870.21060695515, 25615.234839129233, 24591.609054939498, 28110.51859326472
6, 29018.44502600617, 24422.71490824577, 29018.44502600617, 24886.934456268995, 24586.58583452551, 28366.711851751883
7, 29060.568095668157, 24638.41532054616, 29060.568095668157, 23545.150634464288, 24606.968347470316, 28628.9541252786
8, 29207.250093779203, 24632.92744002922, 29207.250093779203, 26253.95200819758, 24579.659756597455, 28799.364774108017
9, 29301.05595184388, 24565.282170245337, 29301.05595184388, 25611.619943532245, 24590.09786206559, 28973.160759016533
10, 29519.764619137346, 24632.780913197534, 29519.764619137346, 25863.582349910466, 24596.749431975637, 29072.361661467454
11, 29805.68543627248, 24564.06646211149, 29805.68543627248, 24855.719693730203, 24622.317185546723, 29216.547550513234
12, 30069.179816088086, 24630.416913294306, 30069.179816088086, 25634.630345833157, 24604.588160682088, 29383.65303765616
13, 30155.936009325633, 24378.175403654845, 30155.936009325633, 25474.555706214673, 24611.03485595327, 29577.375312174656
14, 30191.148257420842, 24515.1761010744, 30191.148257420842, 27349.36084869437, 24593.694059948673, 29818.160399293272
15, 30430.92029932367, 24627.631883730377, 30430.92029932367, 25544.816280077892, 24602.1646900234, 30017.278343040216
16, 30591.03781227668, 24667.74499039588, 30591.03781227668, 25139.556179268824, 24621.14617659646, 30119.94934780264
17, 30591.03781227668, 24667.74499039588, 30591.03781227668, 24209.64818448373, 24624.772044444555, 30225.884142297506
18, 30609.39837946035, 24613.40786519392, 30609.39837946035, 24595.44648459174, 24625.996488386663, 30273.68350687227
19, 30862.589617924197, 24565.60276468403, 30862.589617924197, 26339.071193536998, 24628.436538770973, 30364.147862719812
20, 31152.06957524777, 24605.649617338928, 31152.06957524777, 26286.3073838235, 24643.74075701239, 30501.883824410823
21, 31223.739906411945, 24592.81600070639, 31223.739906411945, 26405.387698678413, 24630.548554554458, 30656.857701074783
22, 31225.87592550327, 24657.64354131986, 31225.87592550327, 26525.737140566147, 24625.28069279007, 30779.653080591503
23, 31248.82622455241, 24635.930679003846, 31248.82622455241, 25817.67584543052, 24630.115554302378, 30928.636260097464
24, 31284.415944459055, 24613.58349598268, 31284.415944459055, 26751.047916878935, 24610.51076402423, 31012.235407718472
25, 31284.415944459055, 24613.58349598268, 31284.415944459055, 26476.947185749916, 24633.390819284148, 31085.31706400943
26, 31311.280454733693, 24647.54756839953, 31311.280454733693, 26698.175763415486, 24628.466391763213, 31137.316086653278
27, 31446.447517513516, 24360.25273670319, 31446.447517513516, 30340.123589438022, 24567.378746828792, 31196.753545946387
28, 31460.01780478721, 24665.08069386688, 31460.01780478721, 30555.51472666687, 24576.332448995134, 31237.326730781864
29, 31514.358828280325, 24618.997451843155, 31514.358828280325, 25108.546568310067, 24598.216419770222, 31275.296984426965
30, 31514.358828280325, 24618.997451843155, 31514.358828280325, 26336.561983427357, 24570.743950148306, 31320.291986024626
31, 31514.358828280325, 24618.997451843155, 31514.358828280325, 25856.811699262984, 24558.159941033675, 31348.82543283967
32, 31545.958736479675, 24342.220589706034, 31545.958736479675, 27771.596432474606, 24497.36237105506, 31380.485508302067
33, 31560.72750396341, 24235.212331609593, 31560.72750396341, 30554.821919397516, 24454.747914228472, 31413.631807276968
34, 31714.898873089427, 24665.97688937723, 31714.898873089427, 30575.738566973814, 24489.841902158423, 31433.563703036958
35, 31842.419944714646, 24575.96585935527, 31842.419944714646, 25959.804003016718, 24588.25425533022, 31490.17617101475
36, 31842.419944714646, 24575.96585935527, 31842.419944714646, 26511.434984850795, 24595.851557124028, 31548.02654053782
37, 31849.476690867486, 24555.08891277919, 31849.476690867486, 27921.4800662883, 24564.778047529588, 31557.394596193404
38, 31849.476690867486, 24555.08891277919, 31849.476690867486, 27271.915127590426, 24521.71252402436, 31604.60235690346
39, 32065.398754205322, 24579.763395692164, 32065.398754205322, 27499.369087525392, 24611.125936837398, 31663.59262889072
40, 32065.398754205322, 24579.763395692164, 32065.398754205322, 27737.229223635284, 24622.972973906046, 31749.482876349168
41, 32065.398754205322, 24579.763395692164, 32065.398754205322, 27444.098986021458, 24620.804482838015, 31803.710565288882
42, 32103.422967209866, 24618.073186457907, 32103.422967209866, 26952.372040622813, 24632.26627461261, 31841.822474234432
43, 32103.422967209866, 24618.073186457907, 32103.422967209866, 26099.80126067708, 24645.996534847847, 31874.73114984607
44, 32302.52315925707, 24575.73342385982, 32302.52315925707, 27521.92372453702, 24646.938658943076, 31894.39422205856
45, 32318.357923274154, 24534.28612847093, 32318.357923274154, 27228.16747425343, 24638.74220209263, 31985.025052154353
46, 32342.444741963518, 24450.03242679409, 32342.444741963518, 29212.064556667734, 24609.006770374068, 32026.88604523663
47, 32342.444741963518, 24450.03242679409, 32342.444741963518, 29443.74173238792, 24600.057987906028, 32078.763642661273
48, 32345.100532672335, 24592.63879455685, 32345.100532672335, 29855.54536956282, 24595.100321847793, 32146.93225578431
49, 32345.100532672335, 24592.63879455685, 32345.100532672335, 26731.713209930414, 24614.106330649993, 32190.75350196103
50, 32351.64544207579, 24618.055347152294, 32351.64544207579, 27283.44835851932, 24633.380067940685, 32211.617337313754
51, 32351.64544207579, 24618.055347152294, 32351.64544207579, 26954.50502593038, 24624.653159242313, 32237.90986752312
52, 32652.528185882624, 24633.26964323939, 32652.528185882624, 27857.444307264683, 24592.71673421992, 32272.20543235665
53, 32652.528185882624, 24633.26964323939, 32652.528185882624, 26119.160594161145, 24613.94562021084, 32334.734891536416
54, 32652.528185882624, 24633.26964323939, 32652.528185882624, 26317.228542187033, 24627.540651782714, 32347.41100448361
55, 32652.528185882624, 24633.26964323939, 32652.528185882624, 26702.272804137487, 24629.402907234227, 32376.374828961667
56, 32652.528185882624, 24633.26964323939, 32652.528185882624, 26737.99298714261, 24636.853858606773, 32424.806121486683
57, 32698.092856039795, 24649.50934436939, 32698.092856039795, 26785.23549272792, 24659.818527952048, 32475.750968602402
58, 32698.092856039795, 24649.50934436939, 32698.092856039795, 26831.40093274893, 24655.287425419367, 32513.67298258476
59, 32748.918095508157, 24680.100804060185, 32748.918095508157, 25988.019557524487, 24668.893136220166, 32583.397993114988
60, 32748.918095508157, 24680.100804060185, 32748.918095508157, 26908.757457170468, 24669.05029890394, 32619.384504329228
61, 32748.918095508157, 24680.100804060185, 32748.918095508157, 25839.373247590618, 24684.03135921018, 32610.589458094128
62, 32847.95003551467, 24487.131211716332, 32847.95003551467, 28518.477108095634, 24633.080714243053, 32625.54465316426
63, 32847.95003551467, 24487.131211716332, 32847.95003551467, 29430.061818366823, 24619.510709133163, 32645.316489367608
64, 32847.95003551467, 24487.131211716332, 32847.95003551467, 28726.333341679463, 24590.980537365456, 32656.015963344624
65, 32847.95003551467, 24487.131211716332, 32847.95003551467, 28028.20753186536, 24628.520239491467, 32676.744758609846
66, 32847.95003551467, 24487.131211716332, 32847.95003551467, 28933.529360189583, 24622.49054053516, 32694.95508736237
67, 32847.95003551467, 24487.131211716332, 32847.95003551467, 28596.06825427283, 24615.181397166012, 32700.180176219106
68, 32847.95003551467, 24487.131211716332, 32847.95003551467, 28967.26961909851, 24608.965232926246, 32715.11569743387
69, 32847.95003551467, 24487.131211716332, 32847.95003551467, 29688.72381271802, 24582.84346621082, 32722.52704192167
70, 32981.372393886144, 24589.371810754237, 32981.372393886144, 29180.889692731733, 24575.99564472032, 32758.398849627516
71, 32981.372393886144, 24589.371810754237, 32981.372393886144, 27580.047890139955, 24590.672308425193, 32775.87298833326
72, 32981.372393886144, 24589.371810754237, 32981.372393886144, 27772.034433144006, 24592.824544039922, 32784.71105030409
73, 32981.372393886144, 24589.371810754237, 32981.372393886144, 27777.96154204871, 24577.46216364645, 32812.1854801335
74, 32981.372393886144, 24589.371810754237, 32981.372393886144, 27068.205264848137, 24588.972365091042, 32796.827171856225
75, 33087.30931315997, 24226.489833429983, 33087.30931315997, 27986.755379914088, 24589.1473589625, 32825.609692682985
76, 33087.30931315997, 24226.489833429983, 33087.30931315997, 32500.225949617317, 24554.18732856491, 32861.73848033968
77, 33087.30931315997, 24226.489833429983, 33087.30931315997, 32354.276690107366, 24573.610408499513, 32893.95638783457
78, 33087.30931315997, 24226.489833429983, 33087.30931315997, 32013.195873125354, 24540.912162011136, 32912.92558294727
79, 33166.46820624892, 24247.46409220809, 33166.46820624892, 32575.11687521976, 24541.373869681203, 32936.21243647442
80, 33166.46820624892, 24247.46409220809, 33166.46820624892, 32413.404172270686, 24519.055877377657, 32953.84542094728
81, 33166.46820624892, 24247.46409220809, 33166.46820624892, 32786.98562744071, 24494.175593482407, 32967.10049161101
82, 33172.743385046764, 24281.618768480148, 33172.743385046764, 32802.67297430229, 24455.11052175967, 32983.95950319665
83, 33226.77649361555, 24630.77993931128, 33226.77649361555, 27777.52627515374, 24466.452757760104, 33018.136345248764
84, 33226.77649361555, 24630.77993931128, 33226.77649361555, 26887.027455977823, 24443.565072843474, 33033.60692613047
85, 33226.77649361555, 24630.77993931128, 33226.77649361555, 26543.613219117793, 24414.472430282272, 33051.161798291534
86, 33226.77649361555, 24630.77993931128, 33226.77649361555, 26915.50102598118, 24426.129035003454, 33053.49688609474
87, 33226.77649361555, 24630.77993931128, 33226.77649361555, 27104.7037464537, 24466.457564528733, 33061.86755429892
88, 33275.692982305605, 24653.95040625085, 33275.692982305605, 27482.169701586867, 24502.417435705876, 33078.9617166492
89, 33275.692982305605, 24653.95040625085, 33275.692982305605, 26604.654601303177, 24532.0874963148, 33110.92663046864
90, 33275.692982305605, 24653.95040625085, 33275.692982305605, 26617.195922793187, 24532.73791699168, 33124.96636746924
91, 33307.417568865014, 24587.90582454735, 33307.417568865014, 26810.783637382796, 24610.765980817123, 33152.253833423296
92, 33307.417568865014, 24587.90582454735, 33307.417568865014, 29356.924376148967, 24653.689690306746, 33164.163163367135
93, 33350.34160318429, 24582.859100953137, 33350.34160318429, 27192.393859928245, 24644.531983482422, 33179.6947579635
94, 33350.34160318429, 24582.859100953137, 33350.34160318429, 26828.72380529773, 24632.47316695789, 33174.99672787329
95, 33350.34160318429, 24582.859100953137, 33350.34160318429, 27385.59585686156, 24644.36647905526, 33181.672631503476
96, 33350.34160318429, 24582.859100953137, 33350.34160318429, 28673.65236597648, 24616.32609224209, 33202.04249505112
97, 33350.34160318429, 24582.859100953137, 33350.34160318429, 27231.43483541205, 24650.117368882897, 33222.26056816359
98, 33350.34160318429, 24582.859100953137, 33350.34160318429, 27589.50198639889, 24660.67768553963, 33213.28359545122
99, 33350.34160318429, 24582.859100953137, 33350.34160318429, 27430.519653435127, 24637.60759451439, 33232.86729384326
100, 33350.34160318429, 24582.859100953137, 33350.34160318429, 27440.122454775006, 24605.398872917056, 33234.701495466776
101, 33350.34160318429, 24582.859100953137, 33350.34160318429, 28711.561296922737, 24623.83900530654, 33232.654166706176
102, 33350.34160318429, 24582.859100953137, 33350.34160318429, 27991.532128320294, 24619.628800886447, 33247.64266379337
103, 33350.34160318429, 24582.859100953137, 33350.34160318429, 27645.854843073193, 24630.174694288475, 33267.433699124456
104, 33350.34160318429, 24582.859100953137, 33350.34160318429, 28551.4690601831, 24625.285723372737, 33262.43026463258
105, 33457.809934370925, 24522.432694905812, 33457.809934370925, 29471.87550725797, 24611.371752573003, 33290.72593160027
106, 33457.809934370925, 24522.432694905812, 33457.809934370925, 28383.151390820993, 24613.47602447743, 33298.04777318329
107, 33457.809934370925, 24522.432694905812, 33457.809934370925, 29104.030317744608, 24613.343383007457, 33287.05939598857
108, 33457.809934370925, 24522.432694905812, 33457.809934370925, 28749.309678740985, 24619.097643130106, 33296.24363613761
109, 33457.809934370925, 24522.432694905812, 33457.809934370925, 28203.826589353714, 24622.44108517346, 33303.68568830737
110, 33457.809934370925, 24522.432694905812, 33457.809934370925, 29476.77005664665, 24592.45569285905, 33286.93550180559
111, 33457.809934370925, 24522.432694905812, 33457.809934370925, 28394.365545785862, 24602.999641982675, 33300.89359689685
112, 33458.949269736615, 24399.6545643287, 33458.949269736615, 31317.311377646976, 24560.436410082177, 33317.574017007515
113, 33458.949269736615, 24399.6545643287, 33458.949269736615, 31329.280619216555, 24561.870470516897, 33325.18695696154
114, 33491.19717076033, 24304.170626187224, 33491.19717076033, 32623.565401919586, 24499.088297859184, 33351.3410015483
115, 33590.17462093918, 24616.223261656753, 33590.17462093918, 32296.967542467723, 24506.16785336668, 33390.876287955856
116, 33590.17462093918, 24616.223261656753, 33590.17462093918, 27571.332553281074, 24578.838016648806, 33408.89275644798
117, 33590.17462093918, 24616.223261656753, 33590.17462093918, 27758.415876905317, 24576.839317908783, 33421.54531760235
118, 33590.17462093918, 24616.223261656753, 33590.17462093918, 28124.236189742853, 24559.10541738319, 33417.41071268526
119, 33590.17462093918, 24616.223261656753, 33590.17462093918, 28500.32482005819, 24547.49439514175, 33425.11555023885
120, 33590.17462093918, 24616.223261656753, 33590.17462093918, 27964.402157149827, 24561.80575049066, 33434.96574691866
121, 33590.17462093918, 24616.223261656753, 33590.17462093918, 28163.198632529853, 24567.552911929568, 33450.562002261395
122, 33590.17462093918, 24616.223261656753, 33590.17462093918, 27635.34482155292, 24641.733157447543, 33476.71057310462
123, 33590.17462093918, 24616.223261656753, 33590.17462093918, 27644.597721561233, 24672.381343966103, 33487.14177793993
124, 33596.6211087281, 24670.701611957644, 33596.6211087281, 27296.52128812578, 24671.801531884143, 33504.45392459864
125, 33637.9988991008, 24662.525185785555, 33637.9988991008, 26754.481174146804, 24675.27403559537, 33509.98122643349
126, 33637.9988991008, 24662.525185785555, 33637.9988991008, 27301.362765101385, 24666.440000067454, 33509.716335881356
127, 33637.9988991008, 24662.525185785555, 33637.9988991008, 27481.750087176086, 24666.224641302528, 33513.897871104455
128, 33637.9988991008, 24662.525185785555, 33637.9988991008, 27666.589773261163, 24667.345759665495, 33517.29225698119
129, 33685.13357868755, 24333.116925624814, 33685.13357868755, 27123.02190163135, 24671.153925443145, 33521.41402436885
130, 33685.13357868755, 24333.116925624814, 33685.13357868755, 32070.455613007973, 24609.987639011208, 33532.04823419239
131, 33685.13357868755, 24333.116925624814, 33685.13357868755, 31900.146173641453, 24606.649312043875, 33543.708677385715
132, 33685.13357868755, 24333.116925624814, 33685.13357868755, 32086.7933736643, 24602.87763828093, 33548.55691547477
133, 33685.13357868755, 24333.116925624814, 33685.13357868755, 32470.183274309074, 24579.805543467493, 33571.53776283989
134, 33685.13357868755, 24333.116925624814, 33685.13357868755, 31929.847294164745, 24565.56413262846, 33573.8098888506
135, 33685.13357868755, 24333.116925624814, 33685.13357868755, 32675.856649225632, 24512.299817756513, 33589.47191452647
136, 33685.13357868755, 24333.116925624814, 33685.13357868755, 31950.730221597656, 24482.35582036453, 33593.94835605239
137, 33685.13357868755, 24333.116925624814, 33685.13357868755, 31402.022000449862, 24459.59737075616, 33589.99390274913
138, 33804.76771521353, 24406.279461547285, 33804.76771521353, 33054.717857523894, 24408.517076904605, 33605.80934460822
139, 33884.216388304136, 24438.086976535422, 33884.216388304136, 31062.65983508239, 24410.999487373603, 33630.836944279945
140, 33983.14369308763, 24549.654193935, 33983.14369308763, 29430.825174524954, 24437.627204028806, 33671.15215363413
141, 33983.14369308763, 24549.654193935, 33983.14369308763, 28700.30182587319, 24463.742054630893, 33685.5937077594
142, 33983.14369308763, 24549.654193935, 33983.14369308763, 28352.73176870267, 24497.59499415767, 33705.58996295181
143, 33983.14369308763, 24549.654193935, 33983.14369308763, 28202.458123981032, 24540.54108134517, 33736.1469494766
144, 33983.14369308763, 24549.654193935, 33983.14369308763, 29164.227425743677, 24555.80515450471, 33775.8888399979
145, 33983.14369308763, 24549.654193935, 33983.14369308763, 29010.887302419513, 24589.601841028765, 33808.43433707154
146, 33983.14369308763, 24549.654193935, 33983.14369308763, 30161.389017462778, 24571.74131670268, 33855.45533915745
147, 33983.14369308763, 24549.654193935, 33983.14369308763, 29444.841731797613, 24609.33370457931, 33876.085856743004
148, 33983.14369308763, 24549.654193935, 33983.14369308763, 29640.05224993803, 24585.555782916614, 33887.02550010706
149, 33983.14369308763, 24549.654193935, 33983.14369308763, 28908.361849189147, 24598.40773914135, 33888.7770322714
150, 33999.421233686066, 24652.457585879936, 33999.421233686066, 27251.75666088702, 24614.350301551043, 33895.15348929171
151, 33999.421233686066, 24652.457585879936, 33999.421233686066, 27617.015741010513, 24607.667511743668, 33886.92001920748
152, 33999.421233686066, 24652.457585879936, 33999.421233686066, 28722.46023046809, 24603.375931755472, 33890.02899850061
153, 34068.668264464744, 24643.87505107779, 34068.668264464744, 26884.513110889126, 24622.383417726887, 33896.00504143775
154, 34068.668264464744, 24643.87505107779, 34068.668264464744, 28177.375709568252, 24615.900735028463, 33920.16910855859
155, 34068.668264464744, 24643.87505107779, 34068.668264464744, 27438.71542990855, 24619.197544070284, 33918.240304917774
156, 34068.668264464744, 24643.87505107779, 34068.668264464744, 27629.415628066716, 24630.298037268734, 33918.79795412639
157, 34156.92900282349, 24656.168159426907, 34156.92900282349, 26896.451252161463, 24642.68082131058, 33933.41914843229
158, 34156.92900282349, 24656.168159426907, 34156.92900282349, 27456.0156818712, 24647.439249204133, 33946.195612138705
159, 34156.92900282349, 24656.168159426907, 34156.92900282349, 27831.62532575839, 24677.64479480105, 33956.84990364695
160, 34156.92900282349, 24656.168159426907, 34156.92900282349, 28027.693870351533, 24694.1827303721, 33968.49729648928
161, 34156.92900282349, 24656.168159426907, 34156.92900282349, 27684.277484194517, 24690.2518309887, 33975.96053415613
162, 34156.92900282349, 24656.168159426907, 34156.92900282349, 28431.846584066447, 24673.910347971036, 33996.06082226297
163, 34156.92900282349, 24656.168159426907, 34156.92900282349, 27880.35688659293, 24687.64854273035, 34002.83249415053
164, 34156.92900282349, 24656.168159426907, 34156.92900282349, 27880.12507804393, 24685.256869695233, 33995.03872377878
165, 34156.92900282349, 24656.168159426907, 34156.92900282349, 27321.418041225104, 24685.60911084822, 33994.266979313186
166, 34156.92900282349, 24656.168159426907, 34156.92900282349, 27516.57765685275, 24681.573204980483, 34007.501182422304
167, 34156.92900282349, 24656.168159426907, 34156.92900282349, 27887.645401071946, 24688.672379886164, 34002.797851606076
168, 34156.92900282349, 24656.168159426907, 34156.92900282349, 28461.031352956805, 24672.98194592333, 34025.855644076466
169, 34156.92900282349, 24656.168159426907, 34156.92900282349, 27355.27025944351, 24690.47670902829, 34023.357668931036
170, 34156.92900282349, 24656.168159426907, 34156.92900282349, 27365.048999606217, 24693.002242658233, 34038.42621808994
171, 34220.40538934889, 24650.950885616166, 34220.40538934889, 28687.26277075052, 24680.449772567616, 34066.49059586101
172, 34220.40538934889, 24650.950885616166, 34220.40538934889, 27756.47527680512, 24698.19897841246, 34074.41212792217
173, 34236.849221435674, 24477.643359597805, 34236.849221435674, 30736.63349602448, 24655.22227348012, 34085.69654104223
174, 34236.849221435674, 24477.643359597805, 34236.849221435674, 31112.228084798993, 24655.903634253675, 34074.6237430471
175, 34236.849221435674, 24477.643359597805, 34236.849221435674, 29067.50369390801, 24671.03153081291, 34081.06122905846
176, 34236.849221435674, 24477.643359597805, 34236.849221435674, 30921.881000385794, 24651.049995999314, 34083.754912646924
177, 34420.79895923605, 24641.06793167851, 34420.79895923605, 29816.917519030525, 24658.12463376406, 34094.01222950764
178, 34420.79895923605, 24641.06793167851, 34420.79895923605, 27034.021501541392, 24695.088988703974, 34140.966708851
179, 34420.79895923605, 24641.06793167851, 34420.79895923605, 28175.03785957479, 24685.143786306922, 34155.29757642859
180, 34420.79895923605, 24641.06793167851, 34420.79895923605, 27623.696005663332, 24686.10036212785, 34153.3217221304
181, 34420.79895923605, 24641.06793167851, 34420.79895923605, 27455.34261334526, 24689.03401396649, 34190.57548608854
182, 34420.79895923605, 24641.06793167851, 34420.79895923605, 28031.839721184944, 24681.11142000367, 34188.26194862701
183, 34420.79895923605, 24641.06793167851, 34420.79895923605, 27474.77194280623, 24685.13794726029, 34193.1038473277
184, 34420.79895923605, 24641.06793167851, 34420.79895923605, 27862.629164238842, 24664.5300378728, 34209.028940336546
185, 34420.79895923605, 24641.06793167851, 34420.79895923605, 28630.151007272758, 24642.5125808018, 34231.075828973815
186, 34420.79895923605, 24641.06793167851, 34420.79895923605, 27904.775186022936, 24666.45109687357, 34245.5388685252
187, 34420.79895923605, 24641.06793167851, 34420.79895923605, 27754.924517194555, 24671.695030220522, 34294.47451411237
188, 34420.79895923605, 24641.06793167851, 34420.79895923605, 27788.576501517466, 24689.109503805874, 34327.614273564555
189, 34420.79895923605, 24641.06793167851, 34420.79895923605, 28157.965008297517, 24689.753550502726, 34315.14104936759
190, 34420.79895923605, 24641.06793167851, 34420.79895923605, 27414.173326369222, 24695.868234933616, 34320.41156632128
191, 34548.64241671637, 24684.80554740418, 34548.64241671637, 28164.67494590632, 24691.924760047015, 34323.599056788036
192, 34548.64241671637, 24684.80554740418, 34548.64241671637, 27416.259031733764, 24698.310383538366, 34355.419122599225
193, 34548.64241671637, 24684.80554740418, 34548.64241671637, 27230.65142799127, 24700.992727967834, 34357.49896535464
194, 34548.64241671637, 24684.80554740418, 34548.64241671637, 27604.490498751136, 24692.145169129908, 34362.22886538233
195, 34548.64241671637, 24684.80554740418, 34548.64241671637, 27796.369837448063, 24693.130347674614, 34358.07995860178
196, 34548.64241671637, 24684.80554740418, 34548.64241671637, 26485.930733484332, 24703.094452177465, 34362.43803835475
197, 34548.64241671637, 24684.80554740418, 34548.64241671637, 27429.54974181702, 24701.20369584014, 34372.78712490589
198, 34548.64241671637, 24684.80554740418, 34548.64241671637, 27442.47602349497, 24701.97822184157, 34369.14205803666
199, 34548.64241671637, 24684.80554740418, 34548.64241671637, 26893.226447422046, 24715.64973259663, 34393.18243124441
200, 34548.64241671637, 24684.80554740418, 34548.64241671637, 27670.332068655014, 24729.961460969553, 34413.22066336439
201, 34548.64241671637, 24684.80554740418, 34548.64241671637, 27888.31447744746, 24715.248065041735, 34458.87049544262
202, 34566.84428842891, 24623.44921225767, 34566.84428842891, 28822.454599267036, 24711.84676034987, 34444.39829664761
203, 34566.84428842891, 24623.44921225767, 34566.84428842891, 28451.833149821476, 24717.98236011071, 34455.54854565101
204, 34566.84428842891, 24623.44921225767, 34566.84428842891, 28073.34148639359, 24720.37081606697, 34446.370565603844
205, 34566.84428842891, 24623.44921225767, 34566.84428842891, 28263.82757616448, 24717.41282690379, 34448.71387741095
206, 34566.84428842891, 24623.44921225767, 34566.84428842891, 27513.600805056205, 24721.516042321633, 34449.139190530965
207, 34566.84428842891, 24623.44921225767, 34566.84428842891, 28078.212416923103, 24723.319175942772, 34444.703759238975
208, 34566.84428842891, 24623.44921225767, 34566.84428842891, 29200.62231658083, 24699.85540394465, 34448.77505733501
209, 34566.84428842891, 24623.44921225767, 34566.84428842891, 29023.64168520785, 24696.172487258864, 34455.917225516416
210, 34566.84428842891, 24623.44921225767, 34566.84428842891, 27330.999650505222, 24720.63104725939, 34458.4255146374
211, 34566.84428842891, 24623.44921225767, 34566.84428842891, 28838.24465434943, 24697.78866376192, 34462.25744481235
212, 34566.84428842891, 24623.44921225767, 34566.84428842891, 28455.85513269838, 24696.185436093965, 34461.36773385379
213, 34573.17448603104, 24596.912394711577, 34573.17448603104, 28649.967974650423, 24679.44370288433, 34467.87660319685
214, 34573.17448603104, 24596.912394711577, 34573.17448603104, 28834.689868128018, 24662.794961834676, 34460.253212194366
215, 34586.24790573794, 24633.562133638323, 34586.24790573794, 29220.746630353904, 24657.41387974657, 34475.68514439716
216, 34586.24790573794, 24633.562133638323, 34586.24790573794, 28840.164880546552, 24660.484635572706, 34469.45454967146
217, 34586.24790573794, 24633.562133638323, 34586.24790573794, 27532.271090967857, 24677.715455054353, 34476.08438918783
218, 34586.24790573794, 24633.562133638323, 34586.24790573794, 27716.406915931424, 24666.161592556226, 34464.87160909513
219, 34586.24790573794, 24633.562133638323, 34586.24790573794, 29220.420259083487, 24651.355339659167, 34471.5421811645
220, 34586.24790573794, 24633.562133638323, 34586.24790573794, 28094.09238691876, 24663.703766763665, 34485.78680045743
221, 34610.38962337718, 24636.263787995165, 34610.38962337718, 27907.92973575176, 24652.33679203577, 34490.77807707452
222, 34610.38962337718, 24636.263787995165, 34610.38962337718, 27729.464016198734, 24642.741175401476, 34480.17986902404
223, 34610.38962337718, 24636.263787995165, 34610.38962337718, 27919.956854000182, 24627.632246647194, 34487.65863478651
224, 34610.38962337718, 24636.263787995165, 34610.38962337718, 27923.586457957957, 24621.354349423014, 34507.18904501323
225, 34610.38962337718, 24636.263787995165, 34610.38962337718, 29039.484706800733, 24639.198008374588, 34476.92260487249
226, 34610.38962337718, 24636.263787995165, 34610.38962337718, 28113.584544909867, 24673.586022643056, 34507.376416030966
227, 34610.38962337718, 24636.263787995165, 34610.38962337718, 28111.174083799535, 24676.8970309215, 34496.69730356621
228, 34610.38962337718, 24636.263787995165, 34610.38962337718, 27922.836024362052, 24678.511393801607, 34489.08364152332
229, 34610.38962337718, 24636.263787995165, 34610.38962337718, 27737.038929249815, 24678.609128699387, 34498.10587816997
230, 34610.38962337718, 24636.263787995165, 34610.38962337718, 28119.68210518633, 24674.558671183255, 34510.12088698693
231, 34610.38962337718, 24636.263787995165, 34610.38962337718, 28125.112337243765, 24676.12327763442, 34520.43945836196
232, 34610.38962337718, 24636.263787995165, 34610.38962337718, 28131.047020275564, 24672.225006570538, 34518.646008763695
233, 34610.38962337718, 24636.263787995165, 34610.38962337718, 28314.450475491776, 24677.181528742854, 34511.70347921908
234, 34610.38962337718, 24636.263787995165, 34610.38962337718, 28500.80752686703, 24684.472180309458, 34504.68652978082
235, 34610.38962337718, 24636.263787995165, 34610.38962337718, 28499.068042632265, 24674.36924538483, 34506.50860520589
236, 34610.38962337718, 24636.263787995165, 34610.38962337718, 28312.31613161265, 24681.393865015725, 34498.78784109857
237, 34610.38962337718, 24636.263787995165, 34610.38962337718, 27752.53927870621, 24682.20927032218, 34516.69379151656
238, 34610.38962337718, 24636.263787995165, 34610.38962337718, 27938.06316912991, 24687.010651562643, 34508.8590127215
239, 34610.38962337718, 24636.263787995165, 34610.38962337718, 28125.974735211457, 24681.671020320948, 34507.38847873359
240, 34610.38962337718, 24636.263787995165, 34610.38962337718, 28123.687349538406, 24674.569260279266, 34514.958839377025
241, 34610.38962337718, 24636.263787995165, 34610.38962337718, 27935.052075681277, 24684.577005329997, 34501.700784094064
242, 34610.38962337718, 24636.263787995165, 34610.38962337718, 29259.847010520312, 24666.686792245346, 34515.4099015155
243, 34610.38962337718, 24636.263787995165, 34610.38962337718, 27375.0662556129, 24686.75675926603, 34508.86883296698
244, 34610.38962337718, 24636.263787995165, 34610.38962337718, 27936.61819075049, 24684.61792788191, 34503.73127195261
245, 34610.38962337718, 24636.263787995165, 34610.38962337718, 28131.24979457433, 24678.37509492196, 34510.468229760394
246, 34610.38962337718, 24636.263787995165, 34610.38962337718, 27751.19499992916, 24692.99511060896, 34514.11114069641
247, 34610.38962337718, 24636.263787995165, 34610.38962337718, 28689.156669984586, 24679.226338502067, 34499.65989665841
248, 34610.38962337718, 24636.263787995165, 34610.38962337718, 28313.4222708885, 24682.94678706487, 34506.4690339897
249, 34610.38962337718, 24636.263787995165, 34610.38962337718, 28316.289033895067, 24678.719078071663, 34508.161101197686
250, 34610.38962337718, 24636.263787995165, 34610.38962337718, 28129.083022424336, 24682.292940507745, 34513.225860039
251, 34610.38962337718, 24636.263787995165, 34610.38962337718, 27938.965348192763, 24681.003660616236, 34510.06593660039
252, 34610.38962337718, 24636.263787995165, 34610.38962337718, 28500.02803394738, 24674.74907890931, 34511.170450258905
253, 34610.38962337718, 24636.263787995165, 34610.38962337718, 27940.53988654048, 24687.950122122347, 34504.76093561241
254, 34610.38962337718, 24636.263787995165, 34610.38962337718, 27377.892446556634, 24681.279856855967, 34512.609650821294
255, 34610.38962337718, 24636.263787995165, 34610.38962337718, 28685.098064092355, 24667.28231816943, 34504.12550458315
256, 34610.38962337718, 24636.263787995165, 34610.38962337718, 27563.18276508277, 24682.12223023788, 34517.932848065335
257, 34610.38962337718, 24636.263787995165, 34610.38962337718, 28316.018852777997, 24676.41669453487, 34508.89208976606
258, 34610.38962337718, 24636.263787995165, 34610.38962337718, 28501.337764297463, 24678.948205718658, 34505.16341285314
259, 34610.38962337718, 24636.263787995165, 34610.38962337718, 27752.770492339234, 24690.071635344113, 34518.055033400386
260, 34610.38962337718, 24636.263787995165, 34610.38962337718, 28312.58340721643, 24678.78290962189, 34513.346456312254
261, 34610.38962337718, 24636.263787995165, 34610.38962337718, 27749.839013982688, 24680.448085944277, 34511.64353535555
262, 34610.38962337718, 24636.263787995165, 34610.38962337718, 27938.99127217012, 24680.414614847883, 34514.49212832538
263, 34610.38962337718, 24636.263787995165, 34610.38962337718, 28505.004754623737, 24683.701606541625, 34524.54079068284
264, 34610.38962337718, 24636.263787995165, 34610.38962337718, 28126.12235993326, 24686.00727766455, 34506.02317550224
265, 34610.38962337718, 24636.263787995165, 34610.38962337718, 28876.23238315884, 24675.77475915937, 34511.84194653122
266, 34610.38962337718, 24636.263787995165, 34610.38962337718, 27940.203989719106, 24685.093440664074, 34511.75011341062
267, 34610.38962337718, 24636.263787995165, 34610.38962337718, 27937.735839567056, 24681.010035615047, 34509.757961673364
268, 34610.38962337718, 24636.263787995165, 34610.38962337718, 27746.225694024808, 24685.164946057095, 34506.59471758323
269, 34610.38962337718, 24636.263787995165, 34610.38962337718, 28124.13643981939, 24682.34527627963, 34508.28023222793
270, 34610.38962337718, 24636.263787995165, 34610.38962337718, 28313.239794998306, 24682.09209785589, 34508.96012156235
271, 34610.38962337718, 24636.263787995165, 34610.38962337718, 28684.44619196034, 24677.159889484137, 34499.828562285096
272, 34610.38962337718, 24636.263787995165, 34610.38962337718, 28873.906077603144, 24675.867522322733, 34514.61557938423
273, 34610.38962337718, 24636.263787995165, 34610.38962337718, 28691.432315465794, 24675.55497715251, 34504.56498808017
274, 34610.38962337718, 24636.263787995165, 34610.38962337718, 27933.172034543524, 24678.552876926246, 34502.26920239206
275, 34639.22274690659, 24536.234645531134, 34639.22274690659, 29258.949975175845, 24662.12726432601, 34526.9053189326
276, 34639.22274690659, 24536.234645531134, 34639.22274690659, 30566.579223951725, 24653.090748573162, 34514.94419947072
277, 34639.22274690659, 24536.234645531134, 34639.22274690659, 29635.443796060415, 24652.83057059808, 34514.91925528648
278, 34639.22274690659, 24536.234645531134, 34639.22274690659, 29635.507396143723, 24668.207316102256, 34517.09920032483
279, 34639.22274690659, 24536.234645531134, 34639.22274690659, 29253.535966498748, 24662.046248664326, 34506.90806825826
280, 34639.22274690659, 24536.234645531134, 34639.22274690659, 29628.415985424046, 24652.59708831609, 34511.59436068684
281, 34639.22274690659, 24536.234645531134, 34639.22274690659, 29820.307321384087, 24650.19562964251, 34522.25440446899
282, 34639.22274690659, 24536.234645531134, 34639.22274690659, 29257.551509904948, 24649.18994743727, 34518.21249742493
283, 34639.22274690659, 24536.234645531134, 34639.22274690659, 29824.37850405895, 24646.281452963813, 34523.62772298228
284, 34639.22274690659, 24536.234645531134, 34639.22274690659, 29643.59481363448, 24637.45220293728, 34536.6358695544
285, 34639.22274690659, 24536.234645531134, 34639.22274690659, 29267.297532464, 24623.14219425105, 34523.559687111294
286, 34667.6203718102, 24670.641318820777, 34667.6203718102, 28338.049327082, 24612.158556512204, 34544.48745854923
287, 34667.6203718102, 24670.641318820777, 34667.6203718102, 27022.195151815024, 24616.67982826782, 34550.35491109066
288, 34667.6203718102, 24670.641318820777, 34667.6203718102, 27585.995126121852, 24613.6350479441, 34546.32253420973
289, 34667.6203718102, 24670.641318820777, 34667.6203718102, 27958.029698692113, 24602.936793634206, 34547.07006595518
290, 34699.29375331501, 24512.66500660738, 34699.29375331501, 28716.61554401831, 24590.580521279466, 34546.47260128813
291, 34699.29375331501, 24512.66500660738, 34699.29375331501, 30403.158222808677, 24586.147915916816, 34544.69769961803
292, 34699.29375331501, 24512.66500660738, 34699.29375331501, 30600.57112507807, 24595.624708578456, 34557.5823767145
293, 34699.29375331501, 24512.66500660738, 34699.29375331501, 30041.855550968852, 24599.8732881595, 34560.97918773815
294, 34699.29375331501, 24512.66500660738, 34699.29375331501, 30613.524319164997, 24611.814733322495, 34560.39496211265
295, 34699.29375331501, 24512.66500660738, 34699.29375331501, 30240.10115975075, 24635.98640911773, 34562.06052620118
296, 34699.29375331501, 24512.66500660738, 34699.29375331501, 29877.869581362444, 24669.434737600004, 34579.83658120433
297, 34699.29375331501, 24512.66500660738, 34699.29375331501, 29875.372548091418, 24658.49634758183, 34575.71045815366
298, 34699.29375331501, 24512.66500660738, 34699.29375331501, 31000.27383997146, 24633.92120199588, 34580.98879915713
299, 34699.29375331501, 24512.66500660738, 34699.29375331501, 31002.85734461639, 24602.83383199289, 34573.697003507354
300, 34699.29375331501, 24512.66500660738, 34699.29375331501, 30829.98407455035, 24563.781184759788, 34596.333056553325
301, 34699.29375331501, 24512.66500660738, 34699.29375331501, 31023.587714952075, 24548.22833277256, 34601.79716561645
302, 34699.29375331501, 24512.66500660738, 34699.29375331501, 31017.669003044706, 24553.827676446992, 34589.26494823625
303, 34699.29375331501, 24512.66500660738, 34699.29375331501, 30269.41962390998, 24554.395349925373, 34598.02416174175
304, 34779.200664429605, 24446.1036690525, 34779.200664429605, 29710.105573483754, 24563.184390795694, 34611.32096957927
305, 34779.200664429605, 24446.1036690525, 34779.200664429605, 30847.61919930589, 24550.098077559178, 34619.6539882815
306, 34779.200664429605, 24446.1036690525, 34779.200664429605, 30837.85502528213, 24549.47649121633, 34602.674588032525
307, 34779.200664429605, 24446.1036690525, 34779.200664429605, 31415.62952705206, 24539.362755793478, 34622.949071561976
308, 34779.200664429605, 24446.1036690525, 34779.200664429605, 31032.426509919056, 24536.82857988733, 34617.954236342135
309, 34779.200664429605, 24446.1036690525, 34779.200664429605, 32180.38373986413, 24524.82053908482, 34636.99205366121
310, 34779.200664429605, 24446.1036690525, 34779.200664429605, 32178.16360402056, 24527.349432028466, 34630.97132855705
311, 34779.200664429605, 24446.1036690525, 34779.200664429605, 31254.024476943654, 24529.420811940046, 34645.59009390645
312, 34779.200664429605, 24446.1036690525, 34779.200664429605, 31638.638929807898, 24510.505186549613, 34658.003620992626
313, 34779.200664429605, 24446.1036690525, 34779.200664429605, 30337.297878187506, 24500.53059370629, 34675.21575402194
314, 34779.200664429605, 24446.1036690525, 34779.200664429605, 32227.149134675707, 24485.16560652194, 34676.95990819194
315, 34813.571355249755, 24673.37410330085, 34813.571355249755, 29210.339955093248, 24537.110163416874, 34688.6582873142
316, 34814.51186918234, 24464.14585122242, 34814.51186918234, 30913.29469424052, 24504.08314167931, 34685.278415581495
317, 34814.51186918234, 24464.14585122242, 34814.51186918234, 30719.87069048331, 24505.67720348304, 34690.46822386062
318, 34814.51186918234, 24464.14585122242, 34814.51186918234, 29778.59022483769, 24515.98776779025, 34687.457233813926
319, 34834.34029269047, 24652.28882771504, 34834.34029269047, 31666.321739584208, 24513.467541603608, 34688.833677667295
320, 34834.34029269047, 24652.28882771504, 34834.34029269047, 28080.80488814634, 24563.425037571076, 34696.774096211564
321, 34834.34029269047, 24652.28882771504, 34834.34029269047, 28084.613314959974, 24590.83480671173, 34693.9547296895
322, 34834.34029269047, 24652.28882771504, 34834.34029269047, 27898.1384739976, 24614.117521101798, 34705.12528020698
323, 34834.34029269047, 24652.28882771504, 34834.34029269047, 28659.875777231027, 24662.457051190533, 34703.60250630958
324, 34834.34029269047, 24652.28882771504, 34834.34029269047, 28293.71819953575, 24665.73235321937, 34720.36226893619
325, 34834.34029269047, 24652.28882771504, 34834.34029269047, 27915.204239631956, 24624.20690504741, 34722.31860340679
326, 34834.34029269047, 24652.28882771504, 34834.34029269047, 28293.630727245032, 24587.734998902142, 34719.95602177736
327, 34834.34029269047, 24652.28882771504, 34834.34029269047, 28672.337681733447, 24618.16510731116, 34721.577372214764
328, 34834.34029269047, 24652.28882771504, 34834.34029269047, 28493.073649825583, 24655.542739338456, 34726.67657712608
329, 34834.34029269047, 24652.28882771504, 34834.34029269047, 28876.58823676331, 24685.751061439165, 34735.539559773926
330, 34834.34029269047, 24652.28882771504, 34834.34029269047, 27741.1356773321, 24703.5024979183, 34725.086152126176
331, 34834.34029269047, 24652.28882771504, 34834.34029269047, 27929.53884683236, 24695.93592919048, 34724.65098819455
332, 34834.34029269047, 24652.28882771504, 34834.34029269047, 28117.844679727896, 24698.971639706913, 34732.24921422859
333, 34834.34029269047, 24652.28882771504, 34834.34029269047, 28495.859101256672, 24686.530844781424, 34730.47815153452
334, 34834.34029269047, 24652.28882771504, 34834.34029269047, 28113.067886705132, 24695.163050216197, 34727.96625922777
335, 34834.34029269047, 24652.28882771504, 34834.34029269047, 27927.234139529985, 24693.589339221813, 34729.415990126436
336, 34834.34029269047, 24652.28882771504, 34834.34029269047, 28311.06250068071, 24697.33574428982, 34735.21292799476
337, 34834.34029269047, 24652.28882771504, 34834.34029269047, 28880.97037699879, 24687.50356497311, 34744.24260099968
338, 34834.34029269047, 24652.28882771504, 34834.34029269047, 28686.306751020995, 24687.57682412169, 34733.101964967944
339, 34834.34029269047, 24652.28882771504, 34834.34029269047, 28681.86002005425, 24694.408918665456, 34728.44903702914
340, 34924.771994690534, 24456.2077892672, 34924.771994690534, 32861.180218968155, 24638.33866381704, 34753.855256283794
341, 34924.771994690534, 24456.2077892672, 34924.771994690534, 31712.705896989442, 24643.610462454137, 34743.51551665672
342, 34924.771994690534, 24456.2077892672, 34924.771994690534, 31728.20332112632, 24640.977326411616, 34758.61027110174
343, 34924.771994690534, 24456.2077892672, 34924.771994690534, 31916.949174317946, 24637.698738533916, 34760.12478913637
344, 34924.771994690534, 24456.2077892672, 34924.771994690534, 31346.08197521252, 24640.10545850959, 34750.64759494963
345, 34924.771994690534, 24456.2077892672, 34924.771994690534, 31537.852549432904, 24626.62522354261, 34751.04608155586
346, 34924.771994690534, 24456.2077892672, 34924.771994690534, 30784.062773463836, 24626.563357163526, 34757.301861687156
347, 34924.771994690534, 24456.2077892672, 34924.771994690534, 30228.564560382216, 24611.838908007783, 34767.89207104162
348, 34924.771994690534, 24456.2077892672, 34924.771994690534, 31182.690785557104, 24576.779100626598, 34781.14909561178
349, 34924.771994690534, 24456.2077892672, 34924.771994690534, 31567.42911758614, 24556.611435836014, 34783.95560274613
350, 34924.771994690534, 24456.2077892672, 34924.771994690534, 32142.297837268852, 24522.79800590668, 34787.83773305477
351, 34924.771994690534, 24456.2077892672, 34924.771994690534, 31201.326664921296, 24532.367030537018, 34795.92622819706
352, 34924.771994690534, 24456.2077892672, 34924.771994690534, 31587.472402786912, 24522.419041264133, 34795.954083957695
353, 34924.771994690534, 24456.2077892672, 34924.771994690534, 31029.70189397695, 24512.063659174994, 34812.00548828999
354, 34924.771994690534, 24456.2077892672, 34924.771994690534, 31412.29554045666, 24504.204156342606, 34824.83274683963
355, 34924.771994690534, 24456.2077892672, 34924.771994690534, 31410.955777632702, 24507.46231728892, 34809.76877629814
356, 34924.771994690534, 24456.2077892672, 34924.771994690534, 30467.98374357841, 24516.445469140315, 34827.157234824685
357, 34924.771994690534, 24456.2077892672, 34924.771994690534, 31599.547228946416, 24502.375389606892, 34817.87413742111
358, 34924.771994690534, 24456.2077892672, 34924.771994690534, 31036.2779714846, 24508.76951411054, 34828.77349589893
359, 34924.771994690534, 24456.2077892672, 34924.771994690534, 30648.756952980268, 24504.744340104695, 34816.41235799186
360, 35016.379755711474, 24662.695156357557, 35016.379755711474, 30093.07664416597, 24522.10596787448, 34838.594018911164
361, 35016.379755711474, 24662.695156357557, 35016.379755711474, 28007.429365249187, 24550.664471579566, 34846.80907032374
362, 35016.379755711474, 24662.695156357557, 35016.379755711474, 28387.080509765565, 24543.941420267412, 34847.33801305793
363, 35016.379755711474, 24662.695156357557, 35016.379755711474, 28383.443093035145, 24557.08674867381, 34843.74135088874
364, 35016.379755711474, 24662.695156357557, 35016.379755711474, 28769.486729238437, 24545.01237787085, 34846.405875145545
365, 35016.379755711474, 24662.695156357557, 35016.379755711474, 27825.370269840067, 24571.124035982026, 34852.262809206535
366, 35016.379755711474, 24662.695156357557, 35016.379755711474, 28403.29857371311, 24585.63726539848, 34856.147233553456
367, 35016.379755711474, 24662.695156357557, 35016.379755711474, 28220.57008938866, 24598.15319769344, 34857.58021068184
368, 35016.379755711474, 24662.695156357557, 35016.379755711474, 27856.838516348093, 24632.483430965447, 34874.97879320253
369, 35016.379755711474, 24662.695156357557, 35016.379755711474, 27873.92314895896, 24638.884948232513, 34893.81077333295
370, 35016.379755711474, 24662.695156357557, 35016.379755711474, 27875.35380721165, 24654.3144267672, 34902.66297427353
371, 35016.379755711474, 24662.695156357557, 35016.379755711474, 28072.760344841834, 24684.25657940506, 34912.8960457087
372, 35016.379755711474, 24662.695156357557, 35016.379755711474, 28646.997954516046, 24706.355005813595, 34912.55064635771
373, 35016.379755711474, 24662.695156357557, 35016.379755711474, 28454.468990888305, 24699.906437477144, 34908.85462403383
374, 35016.379755711474, 24662.695156357557, 35016.379755711474, 28451.07478569716, 24706.310971240877, 34912.482886171805
375, 35016.379755711474, 24662.695156357557, 35016.379755711474, 27696.09938710085, 24710.466931326206, 34918.13082124387
376, 35016.379755711474, 24662.695156357557, 35016.379755711474, 29017.17278910524, 24706.661557330877, 34895.629521137234
377, 35016.379755711474, 24662.695156357557, 35016.379755711474, 27696.20046326348, 24712.74099226272, 34908.13130482447
378, 35016.379755711474, 24662.695156357557, 35016.379755711474, 28077.785129454438, 24715.003439550528, 34907.9444523446
379, 35016.379755711474, 24662.695156357557, 35016.379755711474, 27885.106740599236, 24710.377768740553, 34906.17792046807
380, 35016.379755711474, 24662.695156357557, 35016.379755711474, 27694.70808563317, 24706.33853988643, 34905.0287826127
381, 35016.379755711474, 24662.695156357557, 35016.379755711474, 28075.0462287714, 24719.84700094258, 34904.51296926346
382, 35016.379755711474, 24662.695156357557, 35016.379755711474, 28264.105677651947, 24707.579548029284, 34908.86097526481
383, 35016.379755711474, 24662.695156357557, 35016.379755711474, 27503.926043121483, 24707.82367609556, 34912.36835813956
384, 35016.379755711474, 24662.695156357557, 35016.379755711474, 28077.087977615764, 24712.32290707268, 34909.368614738436
385, 35016.379755711474, 24662.695156357557, 35016.379755711474, 28075.08853129785, 24711.536014733683, 34913.2596681235
386, 35016.379755711474, 24662.695156357557, 35016.379755711474, 27698.50813167965, 24708.0086360313, 34913.17869158885
387, 35016.379755711474, 24662.695156357557, 35016.379755711474, 28265.29719651299, 24705.82047350944, 34909.64557935628
388, 35016.379755711474, 24662.695156357557, 35016.379755711474, 27699.339546498733, 24706.993159254158, 34900.9294030719
389, 35016.379755711474, 24662.695156357557, 35016.379755711474, 28643.855598220387, 24701.273030428463, 34905.80880809322
390, 35016.379755711474, 24662.695156357557, 35016.379755711474, 28265.858491736555, 24701.07430396827, 34909.81932071582
391, 35016.379755711474, 24662.695156357557, 35016.379755711474, 28265.98749379525, 24705.641873249788, 34906.97217378992
392, 35016.379755711474, 24662.695156357557, 35016.379755711474, 28267.04101619479, 24721.88447216093, 34914.480988823416
393, 35016.379755711474, 24662.695156357557, 35016.379755711474, 28076.115422376795, 24706.703205758768, 34906.05603603404
394, 35016.379755711474, 24662.695156357557, 35016.379755711474, 27886.484558074848, 24713.64722215143, 34912.61084439116
395, 35016.379755711474, 24662.695156357557, 35016.379755711474, 28453.38889178412, 24695.12526462027, 34919.051478298425
396, 35016.379755711474, 24662.695156357557, 35016.379755711474, 28829.66229701104, 24701.37742518349, 34899.12692449827
397, 35016.379755711474, 24662.695156357557, 35016.379755711474, 29022.97737888063, 24699.018257224718, 34913.59279174601
398, 35016.379755711474, 24662.695156357557, 35016.379755711474, 28454.997625285083, 24702.73721069202, 34907.4636771551
399, 35016.379755711474, 24662.695156357557, 35016.379755711474, 27885.468556419, 24710.355683224312, 34916.12193940146
400, 35016.379755711474, 24662.695156357557, 35016.379755711474, 28074.17027477498, 24717.009127542275, 34909.141368772805
401, 35016.379755711474, 24662.695156357557, 35016.379755711474, 28267.036351172883, 24709.930077957728, 34917.58366793962
402, 35016.379755711474, 24662.695156357557, 35016.379755711474, 28265.064433275442, 24713.172894696152, 34920.013525882634
403, 35016.379755711474, 24662.695156357557, 35016.379755711474, 27314.28814863509, 24714.258796975875, 34902.06579142627
404, 35016.379755711474, 24662.695156357557, 35016.379755711474, 29217.834435087392, 24699.729722781547, 34906.740320759214
405, 35016.379755711474, 24662.695156357557, 35016.379755711474, 28455.31863473181, 24703.60082058902, 34913.862740509736
406, 35016.379755711474, 24662.695156357557, 35016.379755711474, 28263.894132565743, 24702.331069879107, 34912.814423477656
407, 35016.379755711474, 24662.695156357557, 35016.379755711474, 28648.085892061124, 24706.296997221038, 34908.775801448006
408, 35016.379755711474, 24662.695156357557, 35016.379755711474, 29019.21468597908, 24697.41802297233, 34909.5043677917
409, 35016.379755711474, 24662.695156357557, 35016.379755711474, 28457.097252506723, 24706.630334474597, 34917.11577122784
410, 35016.379755711474, 24662.695156357557, 35016.379755711474, 28262.13664216193, 24710.71289372129, 34908.57964432998
411, 35016.379755711474, 24662.695156357557, 35016.379755711474, 27884.444210306756, 24702.710629235145, 34916.23645658595
412, 35016.379755711474, 24662.695156357557, 35016.379755711474, 27884.445078852335, 24713.445491456965, 34895.503629405845
413, 35016.379755711474, 24662.695156357557, 35016.379755711474, 27694.142856623894, 24715.203018018157, 34912.745034833686
414, 35016.379755711474, 24662.695156357557, 35016.379755711474, 28262.9737403023, 24701.11608740997, 34907.32037474506
415, 35016.379755711474, 24662.695156357557, 35016.379755711474, 29020.384703764135, 24696.220754195383, 34906.57888825704
416, 35016.379755711474, 24662.695156357557, 35016.379755711474, 27890.54812822677, 24708.96166163435, 34915.66466011137
417, 35016.379755711474, 24662.695156357557, 35016.379755711474, 27884.130172695117, 24704.49463535517, 34911.50515016959
418, 35016.379755711474, 24662.695156357557, 35016.379755711474, 27887.548443959764, 24715.113614151665, 34917.70838444182
419, 35016.379755711474, 24662.695156357557, 35016.379755711474, 28261.0068075616, 24711.853050079968, 34911.969125117175
420, 35016.379755711474, 24662.695156357557, 35016.379755711474, 28076.052685056093, 24703.769357061286, 34914.70617289744
421, 35016.379755711474, 24662.695156357557, 35016.379755711474, 27695.63998611341, 24710.801850929707, 34905.39124245389
422, 35016.379755711474, 24662.695156357557, 35016.379755711474, 28071.292963033953, 24709.803394292263, 34904.476678213476
423, 35016.379755711474, 24662.695156357557, 35016.379755711474, 28451.962987479426, 24707.16452775482, 34916.30787472208
424, 35016.379755711474, 24662.695156357557, 35016.379755711474, 27884.567439091894, 24713.113272604234, 34904.06665109695
425, 35016.379755711474, 24662.695156357557, 35016.379755711474, 28078.28851093275, 24712.630395990138, 34918.63183872085
426, 35016.379755711474, 24662.695156357557, 35016.379755711474, 27314.425474719406, 24705.74424594024, 34917.60093675365
427, 35016.379755711474, 24662.695156357557, 35016.379755711474, 28261.835958121104, 24706.10745984536, 34917.681393188
428, 35016.379755711474, 24662.695156357557, 35016.379755711474, 27885.09673688106, 24707.54444131127, 34906.06956935815
429, 35016.379755711474, 24662.695156357557, 35016.379755711474, 28456.67459530465, 24713.518862660472, 34907.945829432225
430, 35016.379755711474, 24662.695156357557, 35016.379755711474, 28266.226532670204, 24703.703799434632, 34907.41073710157
431, 35016.379755711474, 24662.695156357557, 35016.379755711474, 28453.74229762264, 24703.94668652804, 34915.620985054775
432, 35016.379755711474, 24662.695156357557, 35016.379755711474, 28452.762310258615, 24700.11801431236, 34914.307855581865
433, 35016.379755711474, 24662.695156357557, 35016.379755711474, 27697.975704120785, 24707.218212321673, 34923.552248899374
434, 35016.379755711474, 24662.695156357557, 35016.379755711474, 28074.537732815283, 24707.464533323182, 34906.01957130848
435, 35016.379755711474, 24662.695156357557, 35016.379755711474, 28458.4396173127, 24705.237055303256, 34903.67848070986
436, 35016.379755711474, 24662.695156357557, 35016.379755711474, 28835.572435912476, 24704.072649085254, 34909.67212922482
437, 35016.379755711474, 24662.695156357557, 35016.379755711474, 27883.539160533306, 24707.520180666517, 34906.82642790588
438, 35042.20319296715, 24567.182374449945, 35042.20319296715, 28833.265998836854, 24682.209900311205, 34910.34587029905
439, 35042.20319296715, 24567.182374449945, 35042.20319296715, 30732.7735584217, 24681.092384166088, 34909.67234290208
440, 35042.20319296715, 24567.182374449945, 35042.20319296715, 28458.16752272922, 24695.599922619524, 34922.977077963944
441, 35042.20319296715, 24567.182374449945, 35042.20319296715, 27891.220492137585, 24694.54569485828, 34927.261430203216
442, 35042.20319296715, 24567.182374449945, 35042.20319296715, 29411.439215345912, 24683.10017041399, 34932.76358634396
443, 35042.20319296715, 24567.182374449945, 35042.20319296715, 28834.898059395604, 24690.034379393815, 34926.72974604093
444, 35042.20319296715, 24567.182374449945, 35042.20319296715, 29216.331062621786, 24692.685886403448, 34914.52009418895
445, 35042.20319296715, 24567.182374449945, 35042.20319296715, 30169.398725862353, 24674.634137544017, 34917.87306575995
446, 35042.20319296715, 24567.182374449945, 35042.20319296715, 30551.635426839402, 24681.24272589233, 34920.11529969578
447, 35042.20319296715, 24567.182374449945, 35042.20319296715, 29214.921306278404, 24681.346897433476, 34913.964739356794
448, 35042.20319296715, 24567.182374449945, 35042.20319296715, 29412.07921609546, 24672.34860589525, 34923.33809149241
449, 35042.20319296715, 24567.182374449945, 35042.20319296715, 29408.367582193856, 24661.623398821634, 34921.75767520105
450, 35042.20319296715, 24567.182374449945, 35042.20319296715, 29040.98797927373, 24653.04334277618, 34927.65079340105
451, 35042.20319296715, 24567.182374449945, 35042.20319296715, 30564.86337963454, 24616.08967112061, 34934.012404370376
452, 35042.20319296715, 24567.182374449945, 35042.20319296715, 29234.153022667997, 24612.781812720797, 34936.40405370432
453, 35042.20319296715, 24567.182374449945, 35042.20319296715, 29239.57001641753, 24614.104279468054, 34932.413447449966
454, 35042.20319296715, 24567.182374449945, 35042.20319296715, 29610.851619365145, 24614.505728341133, 34922.964377139666
455, 35042.20319296715, 24567.182374449945, 35042.20319296715, 29043.70434397386, 24611.53050227593, 34929.8418860799
456, 35042.20319296715, 24567.182374449945, 35042.20319296715, 29612.97988033846, 24610.062036637515, 34935.227147799254
457, 35042.20319296715, 24567.182374449945, 35042.20319296715, 29992.381747196076, 24601.539056785154, 34931.08247059732
458, 35042.20319296715, 24567.182374449945, 35042.20319296715, 28285.569769506288, 24617.234525137457, 34928.1587888326
459, 35042.20319296715, 24567.182374449945, 35042.20319296715, 29236.926546118826, 24611.201365585417, 34936.57757370365
460, 35042.20319296715, 24567.182374449945, 35042.20319296715, 29805.998391100547, 24616.00522025432, 34928.18205924784
461, 35042.20319296715, 24567.182374449945, 35042.20319296715, 29805.172380059154, 24609.741263985874, 34933.88791349698
462, 35080.887491099194, 24565.76412327229, 35080.887491099194, 29618.64332915603, 24612.83329608031, 34952.597457444936
463, 35159.1246314603, 24577.455798182895, 35159.1246314603, 30193.911736208946, 24607.92996093998, 34948.57800188814
464, 35159.1246314603, 24577.455798182895, 35159.1246314603, 28669.991600932895, 24621.130589964116, 34959.80811987036
465, 35159.1246314603, 24577.455798182895, 35159.1246314603, 29435.516584269077, 24622.547895063406, 34966.77175592519
466, 35159.1246314603, 24577.455798182895, 35159.1246314603, 29247.906056466567, 24623.93202761693, 34972.883519805226
467, 35159.1246314603, 24577.455798182895, 35159.1246314603, 29439.80207544992, 24618.74695965122, 34962.84050196267
468, 35159.1246314603, 24577.455798182895, 35159.1246314603, 29058.8964727029, 24620.672050618163, 34953.89268875017
469, 35159.1246314603, 24577.455798182895, 35159.1246314603, 28691.088917653287, 24629.937951126853, 34969.74409980336
470, 35159.1246314603, 24577.455798182895, 35159.1246314603, 29643.416854455612, 24618.808165687355, 34988.12963604954
471, 35159.1246314603, 24577.455798182895, 35159.1246314603, 30421.144272445854, 24610.292697519842, 34991.806149392745
472, 35159.1246314603, 24577.455798182895, 35159.1246314603, 28339.599805288894, 24628.933510998504, 35004.61376222061
473, 35159.1246314603, 24577.455798182895, 35159.1246314603, 28932.770482900713, 24630.34959209848, 35026.349680550564
474, 35159.1246314603, 24577.455798182895, 35159.1246314603, 29333.155219138276, 24631.23497764864, 35049.63596942781
475, 35159.1246314603, 24577.455798182895, 35159.1246314603, 29142.99647701438, 24627.793284808802, 35064.81016879367
476, 35159.1246314603, 24577.455798182895, 35159.1246314603, 29910.410563793583, 24619.11762640248, 35053.73554360873
477, 35159.1246314603, 24577.455798182895, 35159.1246314603, 29520.667894333994, 24626.382857905515, 35046.0441284003
478, 35159.1246314603, 24577.455798182895, 35159.1246314603, 28572.296863822376, 24634.084438149664, 35051.67372998216
479, 35159.1246314603, 24577.455798182895, 35159.1246314603, 28760.25231591455, 24633.89574375588, 35053.8561315346
480, 35159.1246314603, 24577.455798182895, 35159.1246314603, 28570.897439056364, 24632.326573449176, 35056.94091233032
481, 35159.1246314603, 24577.455798182895, 35159.1246314603, 29148.687927341918, 24631.95474109089, 35050.641517892705
482, 35159.1246314603, 24577.455798182895, 35159.1246314603, 29333.182566340107, 24624.989903897236, 35049.11165182372
483, 35159.1246314603, 24577.455798182895, 35159.1246314603, 29709.88575936574, 24619.86092007037, 35046.42390381875
484, 35159.1246314603, 24577.455798182895, 35159.1246314603, 28763.041599492288, 24625.422821212203, 35057.87602803176
485, 35159.1246314603, 24577.455798182895, 35159.1246314603, 28571.779446986377, 24632.227617681547, 35045.93225337559
486, 35159.1246314603, 24577.455798182895, 35159.1246314603, 28762.058809204256, 24631.575064826302, 35057.93223607701
487, 35159.1246314603, 24577.455798182895, 35159.1246314603, 29719.914241802435, 24619.51454452097, 35060.48701589091
488, 35159.1246314603, 24577.455798182895, 35159.1246314603, 29717.29262686965, 24616.659777915982, 35056.33513096138
489, 35159.1246314603, 24577.455798182895, 35159.1246314603, 28759.628845346924, 24630.946552485264, 35051.72581543488
490, 35159.1246314603, 24577.455798182895, 35159.1246314603, 29334.40539797679, 24625.081373605164, 35060.754837285065
491, 35159.1246314603, 24577.455798182895, 35159.1246314603, 28377.847363716788, 24626.939274073167, 35045.87139339251
492, 35159.1246314603, 24577.455798182895, 35159.1246314603, 28954.19373265407, 24631.692693319495, 35055.0605247021
493, 35159.1246314603, 24577.455798182895, 35159.1246314603, 29521.856449154635, 24624.247217475913, 35047.93010324817
494, 35159.1246314603, 24577.455798182895, 35159.1246314603, 29144.302616768695, 24633.344762110304, 35050.73083469724
495, 35159.1246314603, 24577.455798182895, 35159.1246314603, 29714.34007622045, 24616.36156176855, 35055.12081030288
496, 35159.1246314603, 24577.455798182895, 35159.1246314603, 29714.33948783422, 24621.601046548138, 35058.65207559111
497, 35159.1246314603, 24577.455798182895, 35159.1246314603, 28759.592016375762, 24624.318681762026, 35041.64742170808
498, 35159.1246314603, 24577.455798182895, 35159.1246314603, 28949.751806000193, 24615.34995179669, 35052.44256486853
499, 35159.1246314603, 24577.455798182895, 35159.1246314603, 28952.587056289653, 24627.186292073988, 35047.27835462288
500, 35159.1246314603, 24577.455798182895, 35159.1246314603, 29148.955523839537, 24635.19692784173, 35059.16990624891
