1, 26793.270387469514, 24663.49580870482, 26793.270387469514, 25146.266448392867, 24654.650614473307, 25146.266448392867
2, 26793.270387469514, 24663.49580870482, 26793.270387469514, 25655.37189083684, 24642.761383383287, 25655.37189083684
3, 27007.923273454624, 24676.80849077356, 27007.923273454624, 25933.154408162864, 24629.18285453109, 25933.154408162864
4, 27007.923273454624, 24676.80849077356, 27007.923273454624, 26043.59577350615, 24613.815445948814, 26043.59577350615
5, 27196.653605230305, 24540.593144086284, 27196.653605230305, 26162.965974381746, 24610.436063847286, 26162.965974381746
6, 27196.653605230305, 24540.593144086284, 27196.653605230305, 26323.767145902864, 24612.669450091475, 26323.767145902864
7, 27196.653605230305, 24540.593144086284, 27196.653605230305, 26391.567860579606, 24617.766821286412, 26391.567860579606
8, 27196.653605230305, 24540.593144086284, 27196.653605230305, 26385.869965692717, 24593.387671274784, 26385.869965692717
9, 27395.34293357152, 24572.8891651789, 27395.34293357152, 26491.09535244974, 24586.876365786615, 26491.09535244974
10, 27395.34293357152, 24572.8891651789, 27395.34293357152, 26552.10979510464, 24555.46964191521, 26552.10979510464
11, 27444.627803125717, 24548.58060821755, 27444.627803125717, 26562.85685869306, 24557.391795319352, 26562.85685869306
12, 27456.935145421015, 24477.62177956371, 27456.935145421015, 26652.114661915577, 24563.280737709432, 26652.114661915577
13, 27552.557930113704, 24435.889064966716, 27552.557930113704, 26681.085232415124, 24541.798556188518, 26681.085232415124
14, 27592.890697616076, 24635.79894978018, 27592.890697616076, 26692.362634129284, 24545.427033766053, 26692.362634129284
15, 27627.017217610977, 24492.316561734147, 27627.017217610977, 26736.257786316834, 24539.900602843394, 26736.257786316834
16, 27743.509171161015, 24431.186857261542, 27743.509171161015, 26764.52746212616, 24534.183439570726, 26764.52746212616
17, 28037.192880236656, 24685.93101126265, 28037.192880236656, 26815.74243508623, 24536.40532927531, 26815.74243508623
18, 28113.4040587752, 24444.255036512783, 28113.4040587752, 26830.623044434917, 24524.129940345207, 26830.623044434917
19, 28125.14806232361, 24439.365393572734, 28125.14806232361, 26927.315024817228, 24497.497553088164, 26927.315024817228
20, 28125.14806232361, 24439.365393572734, 28125.14806232361, 27013.800120510095, 24500.09986872254, 27013.800120510095
21, 28220.17138523104, 24412.11883554715, 28220.17138523104, 27100.819063689294, 24519.654201765596, 27100.819063689294
22, 28343.65934956407, 24393.473244405282, 28343.65934956407, 27160.799708501254, 24530.771657346835, 27160.799708501254
23, 28373.1133894225, 24622.13501798661, 28373.1133894225, 27140.585959105058, 24536.556355790173, 27140.585959105058
24, 28425.23737687363, 24461.559827878827, 28425.23737687363, 27250.07420098855, 24563.978459085258, 27250.07420098855
25, 28579.78396893583, 24464.881416591277, 28579.78396893583, 27310.621802042955, 24562.422937273794, 27310.621802042955
26, 28579.78396893583, 24464.881416591277, 28579.78396893583, 27308.672363969526, 24570.95420726518, 27308.672363969526
27, 28579.78396893583, 24464.881416591277, 28579.78396893583, 27362.182564932842, 24581.818989661228, 27362.182564932842
28, 28596.750596616705, 24674.58658204448, 28596.750596616705, 27438.504121672, 24578.50647619024, 27438.504121672
29, 28682.63009678695, 24493.354591220745, 28682.63009678695, 27495.69608263259, 24576.759145984724, 27495.69608263259
30, 28682.63009678695, 24493.354591220745, 28682.63009678695, 27502.7878750473, 24568.34380252623, 27502.7878750473
31, 28727.294054687063, 24548.45971006804, 28727.294054687063, 27491.527880069298, 24573.334508196396, 27491.527880069298
32, 28842.679780108087, 24439.95047514956, 28842.679780108087, 27532.011586143322, 24579.661593101155, 27532.011586143322
33, 28879.390607968504, 24287.34221855467, 28879.390607968504, 27573.09739067592, 24572.275372253764, 27573.09739067592
34, 29023.951492951164, 24492.84605430888, 29023.951492951164, 27659.12532399374, 24563.415840353307, 27659.12532399374
35, 29023.951492951164, 24492.84605430888, 29023.951492951164, 27663.927073850773, 24561.11894352756, 27663.927073850773
36, 29132.69856586855, 24688.485964621508, 29132.69856586855, 27702.616549457707, 24548.361653177577, 27702.616549457707
37, 29132.69856586855, 24688.485964621508, 29132.69856586855, 27794.19602288168, 24523.538853760416, 27794.19602288168
38, 29137.088412238238, 24348.335307869056, 29137.088412238238, 27809.225999203358, 24497.560469809665, 27809.225999203358
39, 29152.414610850785, 24270.935098825234, 29152.414610850785, 27888.894029220755, 24513.972820112747, 27888.894029220755
40, 29152.414610850785, 24270.935098825234, 29152.414610850785, 27874.088779680187, 24512.071026406247, 27874.088779680187
41, 29393.53074263507, 24135.114644132183, 29393.53074263507, 27896.855801290938, 24525.110907345228, 27896.855801290938
42, 29393.53074263507, 24135.114644132183, 29393.53074263507, 27899.575987146036, 24504.226823425124, 27899.575987146036
43, 29393.53074263507, 24135.114644132183, 29393.53074263507, 27996.318422378903, 24480.93358565377, 27996.318422378903
44, 29393.53074263507, 24135.114644132183, 29393.53074263507, 27943.98440028689, 24448.45041161588, 27943.98440028689
45, 29393.53074263507, 24135.114644132183, 29393.53074263507, 27948.45842931714, 24462.36727791062, 27948.45842931714
46, 29519.262876587083, 24159.39612660649, 29519.262876587083, 28027.119677809187, 24463.212412337783, 28027.119677809187
47, 29519.262876587083, 24159.39612660649, 29519.262876587083, 28111.83657755114, 24451.786082681574, 28111.83657755114
48, 29575.82464924421, 24385.364241186493, 29575.82464924421, 28137.92799135046, 24466.140288733583, 28137.92799135046
49, 29575.82464924421, 24385.364241186493, 29575.82464924421, 28144.269522461364, 24451.5424232336, 28144.269522461364
50, 29639.52045276099, 24374.23606142626, 29639.52045276099, 28183.92789877458, 24428.4415249526, 28183.92789877458
51, 29719.840728670424, 24576.24379054283, 29719.840728670424, 28200.066460230708, 24476.51817694311, 28200.066460230708
52, 29719.840728670424, 24576.24379054283, 29719.840728670424, 28214.557920530067, 24486.76823497845, 28214.557920530067
53, 29753.449598297233, 24257.89069061412, 29753.449598297233, 28266.786088962344, 24474.65383617417, 28266.786088962344
54, 29753.449598297233, 24257.89069061412, 29753.449598297233, 28286.565745433323, 24495.857073494913, 28286.565745433323
55, 29815.31075719281, 24616.9229799296, 29815.31075719281, 28287.261581935094, 24513.955214142756, 28287.261581935094
56, 29840.464171553358, 24465.310587731034, 29840.464171553358, 28315.086675209724, 24517.719161803463, 28315.086675209724
57, 29878.84563095379, 24563.76576177772, 29878.84563095379, 28338.72993479989, 24537.883426407418, 28338.72993479989
58, 29878.84563095379, 24563.76576177772, 29878.84563095379, 28367.285532369, 24531.974121546078, 28367.285532369
59, 29926.215427410214, 24307.543580383004, 29926.215427410214, 28373.40308843684, 24497.075124890398, 28373.40308843684
60, 29988.85497910563, 24624.988841528957, 29988.85497910563, 28419.074260111116, 24479.66794527846, 28419.074260111116
61, 30019.44705035083, 24485.95214201185, 30019.44705035083, 28416.46101817219, 24524.85174261244, 28416.46101817219
62, 30207.832286395856, 24408.372784514842, 30207.832286395856, 28448.54556610455, 24521.097695646346, 28448.54556610455
63, 30207.832286395856, 24408.372784514842, 30207.832286395856, 28472.628792637304, 24534.748723130342, 28472.628792637304
64, 30207.832286395856, 24408.372784514842, 30207.832286395856, 28447.24229531324, 24557.14721418556, 28447.24229531324
65, 30207.832286395856, 24408.372784514842, 30207.832286395856, 28573.167344863996, 24526.979705072292, 28573.167344863996
66, 30207.832286395856, 24408.372784514842, 30207.832286395856, 28541.395656340737, 24516.513714040964, 28541.395656340737
67, 30285.12108699225, 24488.191444069525, 30285.12108699225, 28602.264947256026, 24536.375626708767, 28602.264947256026
68, 30351.32063656514, 24465.278305448737, 30351.32063656514, 28580.841193437474, 24529.831431822156, 28580.841193437474
69, 30351.32063656514, 24465.278305448737, 30351.32063656514, 28643.346304879793, 24519.687381264703, 28643.346304879793
70, 30351.32063656514, 24465.278305448737, 30351.32063656514, 28704.84085671521, 24499.710663159847, 28704.84085671521
71, 30351.32063656514, 24465.278305448737, 30351.32063656514, 28735.912913264154, 24501.042337298913, 28735.912913264154
72, 30394.67315019257, 24597.583463658764, 30394.67315019257, 28693.28090003545, 24492.623428688796, 28693.28090003545
73, 30394.67315019257, 24597.583463658764, 30394.67315019257, 28704.495403528086, 24503.03304548169, 28704.495403528086
74, 30525.401447333414, 24314.57084877177, 30525.401447333414, 28732.995480758556, 24492.780717365127, 28732.995480758556
75, 30525.401447333414, 24314.57084877177, 30525.401447333414, 28727.953188113657, 24454.86453034689, 28727.953188113657
76, 30525.401447333414, 24314.57084877177, 30525.401447333414, 28748.87398691898, 24480.386000195696, 28748.87398691898
77, 30535.815840974676, 24453.52742199341, 30535.815840974676, 28813.07989049852, 24521.576114400512, 28813.07989049852
78, 30618.729124631096, 24377.461546340302, 30618.729124631096, 28815.849909664485, 24549.393313483524, 28815.849909664485
79, 30691.297574026223, 24554.42142302899, 30691.297574026223, 28843.627781294646, 24551.983444194888, 28843.627781294646
80, 30691.297574026223, 24554.42142302899, 30691.297574026223, 28889.83993785951, 24537.270751987722, 28889.83993785951
81, 30691.297574026223, 24554.42142302899, 30691.297574026223, 28876.705854508116, 24549.04215140496, 28876.705854508116
82, 30691.297574026223, 24554.42142302899, 30691.297574026223, 28867.810553826428, 24551.582450475238, 28867.810553826428
83, 30691.297574026223, 24554.42142302899, 30691.297574026223, 28927.632324258582, 24550.80953052603, 28927.632324258582
84, 30691.297574026223, 24554.42142302899, 30691.297574026223, 28954.692772964565, 24578.27232189511, 28954.692772964565
85, 30734.133429081834, 24560.49276662697, 30734.133429081834, 28991.96842520491, 24599.31232235175, 28991.96842520491
86, 30784.23617685251, 24569.241061911536, 30784.23617685251, 29032.699853132264, 24589.115532702246, 29032.699853132264
87, 30784.23617685251, 24569.241061911536, 30784.23617685251, 29018.499416321596, 24584.997350919537, 29018.499416321596
88, 30784.23617685251, 24569.241061911536, 30784.23617685251, 28999.123598003047, 24581.449535839594, 28999.123598003047
89, 30800.19017654053, 24660.443112076486, 30800.19017654053, 29099.426348853078, 24580.99321592849, 29099.426348853078
90, 30865.85394395021, 24637.320028888098, 30865.85394395021, 29036.662360013845, 24581.792249765702, 29036.662360013845
91, 30871.673510001525, 24539.208912700647, 30871.673510001525, 29083.661767037982, 24567.18054337163, 29083.661767037982
92, 30871.673510001525, 24539.208912700647, 30871.673510001525, 29080.28280842208, 24563.28493500997, 29080.28280842208
93, 30894.117485169478, 24417.71643976269, 30894.117485169478, 29070.655888497928, 24580.46715279612, 29070.655888497928
94, 30956.580811138934, 24464.461153603188, 30956.580811138934, 29139.497860028398, 24608.096999692363, 29139.497860028398
95, 30956.580811138934, 24464.461153603188, 30956.580811138934, 29083.964204822187, 24616.220280895614, 29083.964204822187
96, 30956.580811138934, 24464.461153603188, 30956.580811138934, 29139.866096446975, 24608.10802974309, 29139.866096446975
97, 30956.580811138934, 24464.461153603188, 30956.580811138934, 29156.923964904458, 24601.27233241146, 29156.923964904458
98, 30966.037926351237, 24471.241799522253, 30966.037926351237, 29157.91378041361, 24618.10453784973, 29157.91378041361
99, 30966.037926351237, 24471.241799522253, 30966.037926351237, 29191.346893398895, 24604.66155155742, 29191.346893398895
100, 30966.037926351237, 24471.241799522253, 30966.037926351237, 29170.75109052734, 24588.97060538817, 29170.75109052734
101, 30966.037926351237, 24471.241799522253, 30966.037926351237, 29195.88446471043, 24589.138262512755, 29195.88446471043
102, 31049.852591920033, 24607.55741954455, 31049.852591920033, 29180.993103780904, 24589.36244280173, 29180.993103780904
103, 31055.35536735381, 24549.83016620704, 31055.35536735381, 29202.46617252765, 24580.995612313305, 29202.46617252765
104, 31144.91095781575, 24398.020600613203, 31144.91095781575, 29246.362347146136, 24532.63343077775, 29246.362347146136
105, 31194.5374009473, 24492.95258420543, 31194.5374009473, 29212.60332710658, 24546.218681002516, 29212.60332710658
106, 31194.5374009473, 24492.95258420543, 31194.5374009473, 29201.78076324457, 24559.1365889997, 29201.78076324457
107, 31194.5374009473, 24492.95258420543, 31194.5374009473, 29278.32781505344, 24585.2414043582, 29278.32781505344
108, 31194.5374009473, 24492.95258420543, 31194.5374009473, 29297.308035937716, 24600.308694941228, 29297.308035937716
109, 31274.385986700385, 24544.369824676196, 31274.385986700385, 29324.13012528361, 24585.300984979673, 29324.13012528361
110, 31274.385986700385, 24544.369824676196, 31274.385986700385, 29326.617635555103, 24567.385973291755, 29326.617635555103
111, 31299.218898976625, 24467.61475149037, 31299.218898976625, 29365.824974903608, 24546.65021526993, 29365.824974903608
112, 31299.218898976625, 24467.61475149037, 31299.218898976625, 29315.561068019862, 24565.85864980782, 29315.561068019862
113, 31299.218898976625, 24467.61475149037, 31299.218898976625, 29383.40242198647, 24558.780392463625, 29383.40242198647
114, 31320.530018313835, 24562.817997605533, 31320.530018313835, 29421.987862560363, 24553.31707148729, 29421.987862560363
115, 31320.530018313835, 24562.817997605533, 31320.530018313835, 29350.762771228932, 24565.43721607126, 29350.762771228932
116, 31500.96128025611, 24572.688387006758, 31500.96128025611, 29432.595148838678, 24575.737155659775, 29432.595148838678
117, 31500.96128025611, 24572.688387006758, 31500.96128025611, 29458.847104603312, 24575.262231889035, 29458.847104603312
118, 31500.96128025611, 24572.688387006758, 31500.96128025611, 29472.03141215874, 24568.107724387613, 29472.03141215874
119, 31500.96128025611, 24572.688387006758, 31500.96128025611, 29528.742134614236, 24563.502890816693, 29528.742134614236
120, 31623.93475284003, 24588.397865951007, 31623.93475284003, 29470.146700602523, 24553.592996217223, 29470.146700602523
121, 31667.499766192665, 24565.743035285777, 31667.499766192665, 29536.59174587055, 24573.727421295695, 29536.59174587055
122, 31667.499766192665, 24565.743035285777, 31667.499766192665, 29591.60698353433, 24580.52575591957, 29591.60698353433
123, 31667.499766192665, 24565.743035285777, 31667.499766192665, 29579.254168502022, 24584.878509491984, 29579.254168502022
124, 31667.499766192665, 24565.743035285777, 31667.499766192665, 29617.302676429623, 24597.388076470736, 29617.302676429623
125, 31667.499766192665, 24565.743035285777, 31667.499766192665, 29620.66667347866, 24598.398014231283, 29620.66667347866
126, 31667.499766192665, 24565.743035285777, 31667.499766192665, 29655.677019568644, 24598.761823820216, 29655.677019568644
127, 31667.499766192665, 24565.743035285777, 31667.499766192665, 29650.51116288839, 24603.144287219922, 29650.51116288839
128, 31673.8321451214, 24630.872310149796, 31673.8321451214, 29673.17401959842, 24587.500576848648, 29673.17401959842
129, 31679.845062634293, 24364.184741224733, 31679.845062634293, 29714.124584369714, 24575.739626731513, 29714.124584369714
130, 31713.719544317555, 24654.566453445925, 31713.719544317555, 29765.034534444552, 24559.090486852263, 29765.034534444552
131, 31717.858125287403, 24450.72391368936, 31717.858125287403, 29737.826009341294, 24533.919175362415, 29737.826009341294
132, 31717.858125287403, 24450.72391368936, 31717.858125287403, 29683.22519543433, 24571.533142064894, 29683.22519543433
133, 31717.858125287403, 24450.72391368936, 31717.858125287403, 29717.29755143191, 24600.621917451255, 29717.29755143191
134, 31829.95546838016, 24373.636690578212, 31829.95546838016, 29734.76939018185, 24605.325013166694, 29734.76939018185
135, 31829.95546838016, 24373.636690578212, 31829.95546838016, 29673.936783046218, 24610.74791439413, 29673.936783046218
136, 31829.95546838016, 24373.636690578212, 31829.95546838016, 29780.647649277464, 24610.78879973405, 29780.647649277464
137, 31853.26527401916, 24535.814643566544, 31853.26527401916, 29761.549303713866, 24588.96830620714, 29761.549303713866
138, 31853.26527401916, 24535.814643566544, 31853.26527401916, 29737.144477804886, 24568.045405366254, 29737.144477804886
139, 31876.437510843734, 24576.73809229851, 31876.437510843734, 29744.975884053718, 24560.74935678205, 29744.975884053718
140, 31876.437510843734, 24576.73809229851, 31876.437510843734, 29724.03106609586, 24546.92213921462, 29724.03106609586
141, 31876.437510843734, 24576.73809229851, 31876.437510843734, 29784.677631559884, 24531.783290561572, 29784.677631559884
142, 31911.493536611073, 24636.421609879766, 31911.493536611073, 29836.759757009364, 24543.45769102687, 29836.759757009364
143, 31911.493536611073, 24636.421609879766, 31911.493536611073, 29817.02157050133, 24555.530153722208, 29817.02157050133
144, 31911.493536611073, 24636.421609879766, 31911.493536611073, 29827.39072780532, 24546.866292642677, 29827.39072780532
145, 31911.493536611073, 24636.421609879766, 31911.493536611073, 29828.776986107216, 24551.5909625829, 29828.776986107216
146, 31911.493536611073, 24636.421609879766, 31911.493536611073, 29842.73473393939, 24575.726426681715, 29842.73473393939
147, 31968.057137446383, 24637.17290553018, 31968.057137446383, 29847.51917795328, 24580.4256121227, 29847.51917795328
148, 31968.057137446383, 24637.17290553018, 31968.057137446383, 29809.847293072544, 24585.473552802814, 29809.847293072544
149, 31968.057137446383, 24637.17290553018, 31968.057137446383, 29863.915821572868, 24591.871721197316, 29863.915821572868
150, 31968.057137446383, 24637.17290553018, 31968.057137446383, 29841.583194911807, 24600.680391696114, 29841.583194911807
151, 32096.26769037367, 24514.024637928425, 32096.26769037367, 29905.77096857881, 24602.946637421377, 29905.77096857881
152, 32096.26769037367, 24514.024637928425, 32096.26769037367, 29894.317719032988, 24602.971571828875, 29894.317719032988
153, 32096.26769037367, 24514.024637928425, 32096.26769037367, 29901.34248708219, 24607.160099751636, 29901.34248708219
154, 32096.26769037367, 24514.024637928425, 32096.26769037367, 29919.511490506833, 24621.098262557458, 29919.511490506833
155, 32096.26769037367, 24514.024637928425, 32096.26769037367, 29919.050246979605, 24607.12733287306, 29919.050246979605
156, 32141.454218952513, 24542.851650367087, 32141.454218952513, 29914.941241278062, 24637.73771837795, 29914.941241278062
157, 32141.454218952513, 24542.851650367087, 32141.454218952513, 29912.339974760573, 24636.155624460574, 29912.339974760573
158, 32141.454218952513, 24542.851650367087, 32141.454218952513, 29933.26179570148, 24630.090973736656, 29933.26179570148
159, 32141.454218952513, 24542.851650367087, 32141.454218952513, 29934.756547263438, 24625.071688188935, 29934.756547263438
160, 32190.168382215717, 24550.792937758146, 32190.168382215717, 29950.24196098055, 24611.580923270103, 29950.24196098055
161, 32190.168382215717, 24550.792937758146, 32190.168382215717, 29941.64816768817, 24592.6398434773, 29941.64816768817
162, 32190.168382215717, 24550.792937758146, 32190.168382215717, 29991.286363610034, 24585.82381998867, 29991.286363610034
163, 32190.168382215717, 24550.792937758146, 32190.168382215717, 30024.113536725454, 24564.056116385385, 30024.113536725454
164, 32190.168382215717, 24550.792937758146, 32190.168382215717, 30019.966153151454, 24560.100317180477, 30019.966153151454
165, 32190.168382215717, 24550.792937758146, 32190.168382215717, 30060.262329057477, 24560.44801368955, 30060.262329057477
166, 32190.168382215717, 24550.792937758146, 32190.168382215717, 30046.12901947684, 24563.698596386275, 30046.12901947684
167, 32190.168382215717, 24550.792937758146, 32190.168382215717, 30054.592996797823, 24578.6070739338, 30054.592996797823
168, 32231.19613990442, 24434.349353545993, 32231.19613990442, 30073.760202793026, 24577.025755085637, 30073.760202793026
169, 32231.19613990442, 24434.349353545993, 32231.19613990442, 30080.41709453708, 24578.369162634666, 30080.41709453708
170, 32231.19613990442, 24434.349353545993, 32231.19613990442, 30102.161717935513, 24581.727326097698, 30102.161717935513
171, 32231.19613990442, 24434.349353545993, 32231.19613990442, 30062.374573077985, 24573.86381151371, 30062.374573077985
172, 32231.19613990442, 24434.349353545993, 32231.19613990442, 30094.075771781336, 24577.068708093826, 30094.075771781336
173, 32231.19613990442, 24434.349353545993, 32231.19613990442, 30069.37217050763, 24574.44452987216, 30069.37217050763
174, 32243.975857592824, 24350.250338798887, 32243.975857592824, 30099.56941882779, 24568.48147447364, 30099.56941882779
175, 32243.975857592824, 24350.250338798887, 32243.975857592824, 30108.29140455025, 24564.005429954268, 30108.29140455025
176, 32289.263182487117, 24333.084437746704, 32289.263182487117, 30071.0334110037, 24549.397286867268, 30071.0334110037
177, 32297.91969989155, 24618.219613863756, 32297.91969989155, 30124.109349387185, 24534.64213298202, 30124.109349387185
178, 32297.91969989155, 24618.219613863756, 32297.91969989155, 30098.435044962294, 24507.634974444136, 30098.435044962294
179, 32297.91969989155, 24618.219613863756, 32297.91969989155, 30131.297353852147, 24497.480216731612, 30131.297353852147
180, 32297.91969989155, 24618.219613863756, 32297.91969989155, 30150.13002030851, 24493.554495736353, 30150.13002030851
181, 32297.91969989155, 24618.219613863756, 32297.91969989155, 30105.376043787106, 24490.274053067984, 30105.376043787106
182, 32309.121057944587, 24297.418760859146, 32309.121057944587, 30132.641078280914, 24485.3819976664, 30132.641078280914
183, 32309.121057944587, 24297.418760859146, 32309.121057944587, 30136.27701766819, 24482.653316925334, 30136.27701766819
184, 32309.121057944587, 24297.418760859146, 32309.121057944587, 30108.02258287196, 24465.069283596476, 30108.02258287196
185, 32309.121057944587, 24297.418760859146, 32309.121057944587, 30148.019479207713, 24484.515846508057, 30148.019479207713
186, 32309.121057944587, 24297.418760859146, 32309.121057944587, 30125.000994511214, 24508.644739236173, 30125.000994511214
187, 32481.927175974797, 24570.131576209827, 32481.927175974797, 30139.183537865003, 24561.344044691516, 30139.183537865003
188, 32481.927175974797, 24570.131576209827, 32481.927175974797, 30188.748970096985, 24616.316306267796, 30188.748970096985
189, 32481.927175974797, 24570.131576209827, 32481.927175974797, 30166.623052790357, 24610.83217726211, 30166.623052790357
190, 32481.927175974797, 24570.131576209827, 32481.927175974797, 30180.741171016576, 24595.752706681375, 30180.741171016576
191, 32481.927175974797, 24570.131576209827, 32481.927175974797, 30150.618966128994, 24584.24831948117, 30150.618966128994
192, 32481.927175974797, 24570.131576209827, 32481.927175974797, 30187.152254283705, 24551.202837415927, 30187.152254283705
193, 32481.927175974797, 24570.131576209827, 32481.927175974797, 30229.73240797785, 24513.989411022238, 30229.73240797785
194, 32481.927175974797, 24570.131576209827, 32481.927175974797, 30176.09020464296, 24489.016511614915, 30176.09020464296
195, 32481.927175974797, 24570.131576209827, 32481.927175974797, 30205.68993392392, 24547.817364845818, 30205.68993392392
196, 32481.927175974797, 24570.131576209827, 32481.927175974797, 30224.412419087916, 24595.193554130477, 30224.412419087916
197, 32481.927175974797, 24570.131576209827, 32481.927175974797, 30291.639559483272, 24589.2613446591, 30291.639559483272
198, 32481.927175974797, 24570.131576209827, 32481.927175974797, 30259.136543347136, 24596.547101822754, 30259.136543347136
199, 32517.6704219747, 24662.940170908423, 32517.6704219747, 30264.18439291024, 24597.02671992538, 30264.18439291024
200, 32517.6704219747, 24662.940170908423, 32517.6704219747, 30263.357118861117, 24596.18978863963, 30263.357118861117
201, 32517.6704219747, 24662.940170908423, 32517.6704219747, 30268.68182686889, 24595.303200535804, 30268.68182686889
202, 32517.6704219747, 24662.940170908423, 32517.6704219747, 30336.592988375607, 24598.554080452166, 30336.592988375607
203, 32553.121402398294, 24470.168398188707, 32553.121402398294, 30274.712903243162, 24600.138026449058, 30274.712903243162
204, 32553.121402398294, 24470.168398188707, 32553.121402398294, 30316.69683492066, 24601.03146447188, 30316.69683492066
205, 32569.20735669031, 24489.519606670136, 32569.20735669031, 30287.772835206026, 24604.735175266647, 30287.772835206026
206, 32569.20735669031, 24489.519606670136, 32569.20735669031, 30255.480899595575, 24609.397885022503, 30255.480899595575
207, 32569.20735669031, 24489.519606670136, 32569.20735669031, 30335.563120402225, 24617.00372144714, 30335.563120402225
208, 32569.20735669031, 24489.519606670136, 32569.20735669031, 30314.59222024982, 24627.35923571729, 30314.59222024982
209, 32569.20735669031, 24489.519606670136, 32569.20735669031, 30299.4573717492, 24633.224473837185, 30299.4573717492
210, 32569.20735669031, 24489.519606670136, 32569.20735669031, 30287.91565290355, 24640.518033622797, 30287.91565290355
211, 32569.20735669031, 24489.519606670136, 32569.20735669031, 30380.155797637166, 24634.99477960756, 30380.155797637166
212, 32569.20735669031, 24489.519606670136, 32569.20735669031, 30331.926623881125, 24618.733371434013, 30331.926623881125
213, 32569.20735669031, 24489.519606670136, 32569.20735669031, 30307.15567779852, 24600.67694740308, 30307.15567779852
214, 32627.734768943188, 24464.56103549, 32627.734768943188, 30296.692928326593, 24556.10981574285, 30296.692928326593
215, 32627.734768943188, 24464.56103549, 32627.734768943188, 30317.8829780539, 24536.812707625846, 30317.8829780539
216, 32627.734768943188, 24464.56103549, 32627.734768943188, 30379.509540749088, 24540.61106885587, 30379.509540749088
217, 32627.734768943188, 24464.56103549, 32627.734768943188, 30330.658789782086, 24539.34036062036, 30330.658789782086
218, 32627.734768943188, 24464.56103549, 32627.734768943188, 30356.100821066004, 24539.377449001684, 30356.100821066004
219, 32632.849377291375, 24549.88031792076, 32632.849377291375, 30331.42599748334, 24540.450449384647, 30331.42599748334
220, 32633.377827171662, 24449.29760243001, 32633.377827171662, 30362.776501654396, 24541.075941795214, 30362.776501654396
221, 32633.377827171662, 24449.29760243001, 32633.377827171662, 30362.011341055568, 24540.061366806967, 30362.011341055568
222, 32633.377827171662, 24449.29760243001, 32633.377827171662, 30285.13776572712, 24538.84601169547, 30285.13776572712
223, 32633.377827171662, 24449.29760243001, 32633.377827171662, 30359.677821161255, 24539.34959395057, 30359.677821161255
224, 32633.377827171662, 24449.29760243001, 32633.377827171662, 30370.30798117655, 24541.11073692846, 30370.30798117655
225, 32633.377827171662, 24449.29760243001, 32633.377827171662, 30340.73586611772, 24539.44841075574, 30340.73586611772
226, 32711.300715929774, 24583.91836616937, 32711.300715929774, 30370.03185024356, 24540.711615233547, 30370.03185024356
227, 32711.300715929774, 24583.91836616937, 32711.300715929774, 30382.657220648416, 24552.25039745333, 30382.657220648416
228, 32711.300715929774, 24583.91836616937, 32711.300715929774, 30369.086536638002, 24566.54038810842, 30369.086536638002
229, 32711.300715929774, 24583.91836616937, 32711.300715929774, 30365.844268140434, 24567.333230206394, 30365.844268140434
230, 32711.300715929774, 24583.91836616937, 32711.300715929774, 30404.125299095354, 24561.079323616814, 30404.125299095354
231, 32711.300715929774, 24583.91836616937, 32711.300715929774, 30410.681368512734, 24550.15289034827, 30410.681368512734
232, 32756.135382227374, 24477.816105491485, 32756.135382227374, 30443.83505886966, 24528.193515548086, 30443.83505886966
233, 32756.135382227374, 24477.816105491485, 32756.135382227374, 30413.811098471586, 24531.45720655298, 30413.811098471586
234, 32756.135382227374, 24477.816105491485, 32756.135382227374, 30382.514980180436, 24544.243143937023, 30382.514980180436
235, 32756.135382227374, 24477.816105491485, 32756.135382227374, 30423.983408460015, 24571.466547177966, 30423.983408460015
236, 32756.135382227374, 24477.816105491485, 32756.135382227374, 30463.10548022164, 24580.293327306168, 30463.10548022164
237, 32756.135382227374, 24477.816105491485, 32756.135382227374, 30469.299990569794, 24616.64449310827, 30469.299990569794
238, 32768.468198179646, 24614.20500344056, 32768.468198179646, 30466.66531134769, 24603.540746311213, 30466.66531134769
239, 32768.468198179646, 24614.20500344056, 32768.468198179646, 30453.94338089968, 24604.210176515837, 30453.94338089968
240, 32768.468198179646, 24614.20500344056, 32768.468198179646, 30475.124963358947, 24605.873097719323, 30475.124963358947
241, 32768.468198179646, 24614.20500344056, 32768.468198179646, 30442.439755851072, 24604.30194453752, 30442.439755851072
242, 32770.53455712235, 24477.243546577964, 32770.53455712235, 30453.813020524147, 24601.509328482476, 30453.813020524147
243, 32770.53455712235, 24477.243546577964, 32770.53455712235, 30423.69028351049, 24597.336488834568, 30423.69028351049
244, 32770.53455712235, 24477.243546577964, 32770.53455712235, 30492.95213757794, 24591.89859035482, 30492.95213757794
245, 32770.53455712235, 24477.243546577964, 32770.53455712235, 30440.047944952665, 24577.55867389481, 30440.047944952665
246, 32770.53455712235, 24477.243546577964, 32770.53455712235, 30445.733830652, 24561.643189405808, 30445.733830652
247, 32770.53455712235, 24477.243546577964, 32770.53455712235, 30468.494939747216, 24577.11740494696, 30468.494939747216
248, 32770.53455712235, 24477.243546577964, 32770.53455712235, 30482.622415062928, 24604.12248888911, 30482.622415062928
249, 32770.53455712235, 24477.243546577964, 32770.53455712235, 30476.477484916915, 24617.093667623056, 30476.477484916915
250, 32770.53455712235, 24477.243546577964, 32770.53455712235, 30478.24502926945, 24613.47577016382, 30478.24502926945
251, 32781.06669401689, 24602.8561150704, 32781.06669401689, 30510.572165333615, 24603.79566564082, 30510.572165333615
252, 32781.06669401689, 24602.8561150704, 32781.06669401689, 30448.548023027422, 24587.020605685557, 30448.548023027422
253, 32781.06669401689, 24602.8561150704, 32781.06669401689, 30427.35645446322, 24564.988703882518, 30427.35645446322
254, 32788.376218453275, 24664.822254758226, 32788.376218453275, 30494.48112864762, 24537.849953346158, 30494.48112864762
255, 32811.21782030516, 24334.03685489722, 32811.21782030516, 30483.325605357135, 24539.219750894135, 30483.325605357135
256, 32811.21782030516, 24334.03685489722, 32811.21782030516, 30524.05179625583, 24544.545577032302, 30524.05179625583
257, 32862.509807399845, 24521.38915650856, 32862.509807399845, 30472.494974410743, 24550.75568061139, 30472.494974410743
258, 32889.796974855875, 24482.310412256345, 32889.796974855875, 30473.970228524933, 24563.977584439614, 30473.970228524933
259, 32889.796974855875, 24482.310412256345, 32889.796974855875, 30512.515244130125, 24579.658148441533, 30512.515244130125
260, 32889.796974855875, 24482.310412256345, 32889.796974855875, 30496.751807437347, 24601.8882507364, 30496.751807437347
261, 32891.75298346288, 24668.959080470144, 32891.75298346288, 30502.65755398992, 24597.347160827216, 30502.65755398992
262, 32891.75298346288, 24668.959080470144, 32891.75298346288, 30520.77396520996, 24580.213668668344, 30520.77396520996
263, 32995.21482298131, 24463.471220480842, 32995.21482298131, 30497.103741093673, 24577.693297101596, 30497.103741093673
264, 32995.21482298131, 24463.471220480842, 32995.21482298131, 30526.79636921228, 24553.891726375972, 30526.79636921228
265, 32995.21482298131, 24463.471220480842, 32995.21482298131, 30570.897703702605, 24551.589404622548, 30570.897703702605
266, 32995.21482298131, 24463.471220480842, 32995.21482298131, 30573.267761053216, 24571.81588028655, 30573.267761053216
267, 32995.21482298131, 24463.471220480842, 32995.21482298131, 30564.912758571805, 24578.37446576221, 30564.912758571805
268, 32995.21482298131, 24463.471220480842, 32995.21482298131, 30533.937179431003, 24583.35353423791, 30533.937179431003
269, 32995.21482298131, 24463.471220480842, 32995.21482298131, 30582.690748708304, 24587.542145247953, 30582.690748708304
270, 32995.21482298131, 24463.471220480842, 32995.21482298131, 30610.839514825482, 24610.757507725033, 30610.839514825482
271, 33023.51386640416, 24473.541794350003, 33023.51386640416, 30624.29427234634, 24591.935208031595, 30624.29427234634
272, 33023.51386640416, 24473.541794350003, 33023.51386640416, 30658.633417571342, 24544.84257991811, 30658.633417571342
273, 33059.74487432239, 24441.90892922506, 33059.74487432239, 30681.678524300023, 24523.00314238114, 30681.678524300023
274, 33059.74487432239, 24441.90892922506, 33059.74487432239, 30631.381428395325, 24522.596145393843, 30631.381428395325
275, 33094.05996218359, 24441.569366973406, 33094.05996218359, 30633.68370639767, 24524.14318606859, 30633.68370639767
276, 33094.05996218359, 24441.569366973406, 33094.05996218359, 30710.162684139916, 24526.020144799895, 30710.162684139916
277, 33094.05996218359, 24441.569366973406, 33094.05996218359, 30682.14759776911, 24526.70731388823, 30682.14759776911
278, 33094.05996218359, 24441.569366973406, 33094.05996218359, 30702.34428869873, 24529.430838259625, 30702.34428869873
279, 33094.05996218359, 24441.569366973406, 33094.05996218359, 30653.05202889835, 24534.903915041123, 30653.05202889835
280, 33094.05996218359, 24441.569366973406, 33094.05996218359, 30650.891887051766, 24539.69304983115, 30650.891887051766
281, 33094.05996218359, 24441.569366973406, 33094.05996218359, 30713.345867559394, 24533.645112123384, 30713.345867559394
282, 33094.05996218359, 24441.569366973406, 33094.05996218359, 30684.696689008902, 24507.849414617638, 30684.696689008902
283, 33094.05996218359, 24441.569366973406, 33094.05996218359, 30697.698948480618, 24507.947087797464, 30697.698948480618
284, 33094.05996218359, 24441.569366973406, 33094.05996218359, 30743.0665496779, 24511.83573922981, 30743.0665496779
285, 33106.7687055154, 24644.661243230592, 33106.7687055154, 30733.462099780114, 24507.047794238515, 30733.462099780114
286, 33106.7687055154, 24644.661243230592, 33106.7687055154, 30714.802720243046, 24507.50076679927, 30714.802720243046
287, 33171.88290193436, 24505.17722270089, 33171.88290193436, 30700.51722726163, 24507.37364684509, 30700.51722726163
288, 33185.48754962144, 24474.734801537637, 33185.48754962144, 30713.75919785131, 24511.191122558852, 30713.75919785131
289, 33185.48754962144, 24474.734801537637, 33185.48754962144, 30725.16135714279, 24516.038860564808, 30725.16135714279
290, 33185.48754962144, 24474.734801537637, 33185.48754962144, 30665.89901464116, 24517.663446552582, 30665.89901464116
291, 33185.48754962144, 24474.734801537637, 33185.48754962144, 30713.331121455296, 24528.63951431729, 30713.331121455296
292, 33185.48754962144, 24474.734801537637, 33185.48754962144, 30758.728161611598, 24542.653160686732, 30758.728161611598
293, 33185.48754962144, 24474.734801537637, 33185.48754962144, 30737.88278883342, 24562.703260059632, 30737.88278883342
294, 33185.48754962144, 24474.734801537637, 33185.48754962144, 30776.457401780994, 24592.923157205423, 30776.457401780994
295, 33185.48754962144, 24474.734801537637, 33185.48754962144, 30754.249996309063, 24588.15967703818, 30754.249996309063
296, 33185.48754962144, 24474.734801537637, 33185.48754962144, 30748.74717857614, 24544.227312957224, 30748.74717857614
297, 33185.48754962144, 24474.734801537637, 33185.48754962144, 30800.261535913512, 24530.359630256273, 30800.261535913512
298, 33185.48754962144, 24474.734801537637, 33185.48754962144, 30766.060489499076, 24529.802924520867, 30766.060489499076
299, 33185.48754962144, 24474.734801537637, 33185.48754962144, 30729.843925537425, 24528.094280048637, 30729.843925537425
300, 33211.003905552105, 24653.066951155877, 33211.003905552105, 30749.281315893473, 24530.297446750992, 30749.281315893473
301, 33211.003905552105, 24653.066951155877, 33211.003905552105, 30758.07450532977, 24531.37957995165, 30758.07450532977
302, 33211.003905552105, 24653.066951155877, 33211.003905552105, 30783.722939324813, 24532.817226439733, 30783.722939324813
303, 33211.003905552105, 24653.066951155877, 33211.003905552105, 30761.532086350577, 24532.770436998737, 30761.532086350577
304, 33211.003905552105, 24653.066951155877, 33211.003905552105, 30766.65236557914, 24539.431196918085, 30766.65236557914
305, 33211.003905552105, 24653.066951155877, 33211.003905552105, 30796.610226395325, 24544.192112710633, 30796.610226395325
306, 33297.35006231037, 24571.88275842627, 33297.35006231037, 30751.59921838496, 24550.57114961489, 30751.59921838496
307, 33297.35006231037, 24571.88275842627, 33297.35006231037, 30793.009898813652, 24562.997406268605, 30793.009898813652
308, 33297.35006231037, 24571.88275842627, 33297.35006231037, 30812.45967999822, 24577.34862524163, 30812.45967999822
309, 33297.35006231037, 24571.88275842627, 33297.35006231037, 30776.444206300122, 24613.234132508587, 30776.444206300122
310, 33297.35006231037, 24571.88275842627, 33297.35006231037, 30766.14033927896, 24650.67445235779, 30766.14033927896
311, 33297.35006231037, 24571.88275842627, 33297.35006231037, 30778.792042929766, 24649.98153385888, 30778.792042929766
312, 33297.35006231037, 24571.88275842627, 33297.35006231037, 30777.612536032764, 24649.235769991217, 30777.612536032764
313, 33297.35006231037, 24571.88275842627, 33297.35006231037, 30816.027386908896, 24646.644240904312, 30816.027386908896
314, 33297.35006231037, 24571.88275842627, 33297.35006231037, 30816.51359040214, 24640.88482667197, 30816.51359040214
315, 33297.35006231037, 24571.88275842627, 33297.35006231037, 30817.864466653606, 24639.494466672448, 30817.864466653606
316, 33297.35006231037, 24571.88275842627, 33297.35006231037, 30818.49163831018, 24632.49267271155, 30818.49163831018
317, 33317.33261733664, 24551.266652575247, 33317.33261733664, 30856.72568152868, 24619.567097691142, 30856.72568152868
318, 33317.33261733664, 24551.266652575247, 33317.33261733664, 30889.70957044263, 24600.539057282185, 30889.70957044263
319, 33317.33261733664, 24551.266652575247, 33317.33261733664, 30787.857980171153, 24596.310815744302, 30787.857980171153
320, 33368.8588588199, 24668.887348743723, 33368.8588588199, 30851.805997940035, 24596.76081433721, 30851.805997940035
321, 33368.8588588199, 24668.887348743723, 33368.8588588199, 30849.26453460282, 24597.294442346556, 30849.26453460282
322, 33368.8588588199, 24668.887348743723, 33368.8588588199, 30888.428962741098, 24599.22611236003, 30888.428962741098
323, 33368.8588588199, 24668.887348743723, 33368.8588588199, 30886.66464124688, 24599.408750282146, 30886.66464124688
324, 33368.8588588199, 24668.887348743723, 33368.8588588199, 30868.293652210396, 24603.47311041035, 30868.293652210396
325, 33368.8588588199, 24668.887348743723, 33368.8588588199, 30885.349214996742, 24611.223584676678, 30885.349214996742
326, 33368.8588588199, 24668.887348743723, 33368.8588588199, 30886.94524701414, 24615.739305097915, 30886.94524701414
327, 33368.8588588199, 24668.887348743723, 33368.8588588199, 30898.29032763678, 24628.617432719228, 30898.29032763678
328, 33368.8588588199, 24668.887348743723, 33368.8588588199, 30883.5961769106, 24655.47314134819, 30883.5961769106
329, 33368.8588588199, 24668.887348743723, 33368.8588588199, 30943.08948756502, 24666.096708115652, 30943.08948756502
330, 33368.8588588199, 24668.887348743723, 33368.8588588199, 30894.40564456532, 24664.7832370425, 30894.40564456532
331, 33368.8588588199, 24668.887348743723, 33368.8588588199, 30864.1630522088, 24665.677286011094, 30864.1630522088
332, 33368.8588588199, 24668.887348743723, 33368.8588588199, 30877.071467991558, 24665.228032542513, 30877.071467991558
333, 33368.8588588199, 24668.887348743723, 33368.8588588199, 30930.532980604334, 24665.26230144461, 30930.532980604334
334, 33368.8588588199, 24668.887348743723, 33368.8588588199, 30858.118545516412, 24664.767335602744, 30858.118545516412
335, 33368.8588588199, 24668.887348743723, 33368.8588588199, 30940.275712144783, 24665.227037678404, 30940.275712144783
336, 33368.8588588199, 24668.887348743723, 33368.8588588199, 30912.518843852627, 24666.653912983402, 30912.518843852627
337, 33368.8588588199, 24668.887348743723, 33368.8588588199, 30915.274835826756, 24665.37708374909, 30915.274835826756
338, 33417.52091520474, 24604.59183449551, 33417.52091520474, 30886.52328761605, 24665.510636022213, 30886.52328761605
339, 33417.52091520474, 24604.59183449551, 33417.52091520474, 30931.03154266118, 24663.083379477623, 30931.03154266118
340, 33417.52091520474, 24604.59183449551, 33417.52091520474, 30940.707881310384, 24664.727757305776, 30940.707881310384
341, 33417.52091520474, 24604.59183449551, 33417.52091520474, 30964.490749923745, 24662.78716841269, 30964.490749923745
342, 33417.52091520474, 24604.59183449551, 33417.52091520474, 30925.433670823317, 24663.7775899956, 30925.433670823317
343, 33419.851346187286, 24485.986080991774, 33419.851346187286, 30903.071182837764, 24660.12703074362, 30903.071182837764
344, 33419.851346187286, 24485.986080991774, 33419.851346187286, 30922.30627125621, 24662.414617158793, 30922.30627125621
345, 33419.851346187286, 24485.986080991774, 33419.851346187286, 30910.157032321727, 24658.60859425905, 30910.157032321727
346, 33419.851346187286, 24485.986080991774, 33419.851346187286, 30922.186068246767, 24656.701035392765, 30922.186068246767
347, 33419.851346187286, 24485.986080991774, 33419.851346187286, 30967.427687842544, 24652.683064050972, 30967.427687842544
348, 33419.851346187286, 24485.986080991774, 33419.851346187286, 30949.98196282542, 24645.67731679298, 30949.98196282542
349, 33419.851346187286, 24485.986080991774, 33419.851346187286, 30928.16469387944, 24637.278936146282, 30928.16469387944
350, 33419.851346187286, 24485.986080991774, 33419.851346187286, 30941.78343319755, 24620.99401523589, 30941.78343319755
351, 33419.851346187286, 24485.986080991774, 33419.851346187286, 30930.262504796334, 24604.69492706553, 30930.262504796334
352, 33419.851346187286, 24485.986080991774, 33419.851346187286, 30934.300804764403, 24592.570593906577, 30934.300804764403
353, 33419.851346187286, 24485.986080991774, 33419.851346187286, 30940.52362043311, 24575.044539799866, 30940.52362043311
354, 33419.851346187286, 24485.986080991774, 33419.851346187286, 30954.528841766514, 24540.897286096224, 30954.528841766514
355, 33419.851346187286, 24485.986080991774, 33419.851346187286, 30945.06577934772, 24537.14585576171, 30945.06577934772
356, 33430.810292049646, 24259.415971835177, 33430.810292049646, 30948.1139188264, 24536.62802392103, 30948.1139188264
357, 33430.810292049646, 24259.415971835177, 33430.810292049646, 30919.43148016373, 24536.750655377, 30919.43148016373
358, 33430.810292049646, 24259.415971835177, 33430.810292049646, 30942.427210079102, 24536.44748229167, 30942.427210079102
359, 33430.810292049646, 24259.415971835177, 33430.810292049646, 30912.857621794057, 24535.767990624383, 30912.857621794057
360, 33430.810292049646, 24259.415971835177, 33430.810292049646, 30941.610659958165, 24534.413939440143, 30941.610659958165
361, 33465.07136099117, 24310.42123180289, 33465.07136099117, 30943.065562159965, 24533.251914600623, 30943.065562159965
362, 33465.07136099117, 24310.42123180289, 33465.07136099117, 30959.43236364867, 24533.72507773123, 30959.43236364867
363, 33465.07136099117, 24310.42123180289, 33465.07136099117, 30963.734433726655, 24532.863999098594, 30963.734433726655
364, 33465.07136099117, 24310.42123180289, 33465.07136099117, 31011.30987378971, 24528.700319985754, 31011.30987378971
365, 33465.07136099117, 24310.42123180289, 33465.07136099117, 30965.31666604125, 24522.369507940337, 30965.31666604125
366, 33465.07136099117, 24310.42123180289, 33465.07136099117, 30932.029437355744, 24513.779793051955, 30932.029437355744
367, 33465.07136099117, 24310.42123180289, 33465.07136099117, 30942.789852206246, 24494.11845197736, 30942.789852206246
368, 33465.07136099117, 24310.42123180289, 33465.07136099117, 30988.417964423978, 24463.61995095513, 30988.417964423978
369, 33465.925477063196, 24667.158184382046, 33465.925477063196, 30940.55021547436, 24436.94588093525, 30940.55021547436
370, 33465.925477063196, 24667.158184382046, 33465.925477063196, 30974.87823717142, 24468.272197298807, 30974.87823717142
371, 33465.925477063196, 24667.158184382046, 33465.925477063196, 30938.431221913917, 24515.866815164325, 30938.431221913917
372, 33465.925477063196, 24667.158184382046, 33465.925477063196, 30943.76356568921, 24510.683803429376, 30943.76356568921
373, 33465.925477063196, 24667.158184382046, 33465.925477063196, 30986.117685602483, 24443.854196379394, 30986.117685602483
374, 33465.925477063196, 24667.158184382046, 33465.925477063196, 31004.938319174827, 24423.986299241613, 31004.938319174827
375, 33465.925477063196, 24667.158184382046, 33465.925477063196, 30995.391006508304, 24426.07425960932, 30995.391006508304
376, 33465.925477063196, 24667.158184382046, 33465.925477063196, 30979.001434520083, 24431.178418793566, 30979.001434520083
377, 33465.925477063196, 24667.158184382046, 33465.925477063196, 30979.40140603776, 24437.723104261877, 30979.40140603776
378, 33465.925477063196, 24667.158184382046, 33465.925477063196, 30947.962364756302, 24445.686987658126, 30947.962364756302
379, 33465.925477063196, 24667.158184382046, 33465.925477063196, 30968.48759920177, 24477.22749881752, 30968.48759920177
380, 33465.925477063196, 24667.158184382046, 33465.925477063196, 31036.717994343304, 24520.777355118524, 31036.717994343304
381, 33465.925477063196, 24667.158184382046, 33465.925477063196, 30945.910582363053, 24580.314594166204, 30945.910582363053
382, 33465.925477063196, 24667.158184382046, 33465.925477063196, 30958.952835519383, 24664.418447522567, 30958.952835519383
383, 33465.925477063196, 24667.158184382046, 33465.925477063196, 30949.29262489913, 24663.60699568114, 30949.29262489913
384, 33465.925477063196, 24667.158184382046, 33465.925477063196, 30983.630712605584, 24663.214304833422, 30983.630712605584
385, 33465.925477063196, 24667.158184382046, 33465.925477063196, 30952.64734759977, 24662.80206245814, 30952.64734759977
386, 33465.925477063196, 24667.158184382046, 33465.925477063196, 30965.49950911075, 24664.372926374668, 30965.49950911075
387, 33465.925477063196, 24667.158184382046, 33465.925477063196, 30950.328974121087, 24664.29483952986, 30950.328974121087
388, 33465.925477063196, 24667.158184382046, 33465.925477063196, 30977.880426437456, 24664.276849924558, 30977.880426437456
389, 33465.925477063196, 24667.158184382046, 33465.925477063196, 30981.79151724976, 24663.774596261657, 30981.79151724976
390, 33465.925477063196, 24667.158184382046, 33465.925477063196, 30944.415520736304, 24663.870509108976, 30944.415520736304
391, 33465.925477063196, 24667.158184382046, 33465.925477063196, 30996.11525841856, 24663.3752753133, 30996.11525841856
392, 33465.925477063196, 24667.158184382046, 33465.925477063196, 30983.8916390017, 24661.55653467047, 30983.8916390017
393, 33476.68831148731, 24686.13213752137, 33476.68831148731, 30988.357768006612, 24663.95704841581, 30988.357768006612
394, 33476.68831148731, 24686.13213752137, 33476.68831148731, 30993.21259775681, 24662.913630179257, 30993.21259775681
395, 33476.68831148731, 24686.13213752137, 33476.68831148731, 30969.58427338826, 24664.07755757183, 30969.58427338826
396, 33476.68831148731, 24686.13213752137, 33476.68831148731, 31024.08330082908, 24663.57285723331, 31024.08330082908
397, 33478.47859839469, 24617.588556073904, 33478.47859839469, 30970.976654634378, 24664.42606399985, 30970.976654634378
398, 33601.389963428475, 24667.846555217344, 33601.389963428475, 31033.17211383591, 24664.148032932047, 31033.17211383591
399, 33601.389963428475, 24667.846555217344, 33601.389963428475, 30989.599947990828, 24662.328492132863, 30989.599947990828
400, 33601.389963428475, 24667.846555217344, 33601.389963428475, 30984.661347605983, 24661.5229348272, 30984.661347605983
401, 33601.389963428475, 24667.846555217344, 33601.389963428475, 31001.369138184982, 24662.02513634021, 31001.369138184982
402, 33601.389963428475, 24667.846555217344, 33601.389963428475, 30982.105436519003, 24659.39813784, 30982.105436519003
403, 33601.389963428475, 24667.846555217344, 33601.389963428475, 30977.804525708998, 24654.77693053506, 30977.804525708998
404, 33601.389963428475, 24667.846555217344, 33601.389963428475, 30981.49071846781, 24648.7016040255, 30981.49071846781
405, 33601.389963428475, 24667.846555217344, 33601.389963428475, 30989.833829189778, 24632.965499877766, 30989.833829189778
406, 33601.389963428475, 24667.846555217344, 33601.389963428475, 30997.07563282435, 24624.134003730444, 30997.07563282435
407, 33601.389963428475, 24667.846555217344, 33601.389963428475, 31070.45415765346, 24621.72722437125, 31070.45415765346
408, 33601.389963428475, 24667.846555217344, 33601.389963428475, 31028.305546181262, 24620.292278462242, 31028.305546181262
409, 33601.389963428475, 24667.846555217344, 33601.389963428475, 31066.61230968189, 24655.30321263452, 31066.61230968189
410, 33601.389963428475, 24667.846555217344, 33601.389963428475, 31062.398624973357, 24663.175846223763, 31062.398624973357
411, 33601.389963428475, 24667.846555217344, 33601.389963428475, 31127.641840847627, 24664.992980376537, 31127.641840847627
412, 33601.389963428475, 24667.846555217344, 33601.389963428475, 31024.122461960927, 24663.80779478386, 31024.122461960927
413, 33601.389963428475, 24667.846555217344, 33601.389963428475, 31022.589714365262, 24666.18571041346, 31022.589714365262
414, 33601.389963428475, 24667.846555217344, 33601.389963428475, 31075.849101321055, 24664.223196437, 31075.849101321055
415, 33601.389963428475, 24667.846555217344, 33601.389963428475, 31083.37123571416, 24664.007250007362, 31083.37123571416
416, 33601.389963428475, 24667.846555217344, 33601.389963428475, 31025.26096835599, 24662.84021253616, 31025.26096835599
417, 33601.389963428475, 24667.846555217344, 33601.389963428475, 31082.88248602424, 24664.11994810742, 31082.88248602424
418, 33601.389963428475, 24667.846555217344, 33601.389963428475, 31070.228959368407, 24663.675848165432, 31070.228959368407
419, 33601.389963428475, 24667.846555217344, 33601.389963428475, 31089.401807926326, 24663.613111832834, 31089.401807926326
420, 33601.389963428475, 24667.846555217344, 33601.389963428475, 31083.61180747364, 24666.352726504527, 31083.61180747364
421, 33601.389963428475, 24667.846555217344, 33601.389963428475, 31070.455751433565, 24664.243582364226, 31070.455751433565
422, 33601.389963428475, 24667.846555217344, 33601.389963428475, 31077.184890564044, 24665.93976192134, 31077.184890564044
423, 33601.389963428475, 24667.846555217344, 33601.389963428475, 31090.79664296915, 24663.179648926263, 31090.79664296915
424, 33601.389963428475, 24667.846555217344, 33601.389963428475, 31116.311605598945, 24663.253986325453, 31116.311605598945
425, 33601.389963428475, 24667.846555217344, 33601.389963428475, 31032.48214995427, 24664.1874287534, 31032.48214995427
426, 33601.389963428475, 24667.846555217344, 33601.389963428475, 31088.12782385739, 24663.92329984478, 31088.12782385739
427, 33601.389963428475, 24667.846555217344, 33601.389963428475, 31088.5799462085, 24665.710561292144, 31088.5799462085
428, 33660.950044406345, 24683.203980752012, 33660.950044406345, 31100.419773598423, 24665.232108234028, 31100.419773598423
429, 33660.950044406345, 24683.203980752012, 33660.950044406345, 31060.233392045215, 24662.365327945085, 31060.233392045215
430, 33660.950044406345, 24683.203980752012, 33660.950044406345, 31123.751706629995, 24666.165735710874, 31123.751706629995
431, 33660.950044406345, 24683.203980752012, 33660.950044406345, 31028.118528048646, 24663.7708347474, 31028.118528048646
432, 33660.950044406345, 24683.203980752012, 33660.950044406345, 31080.646688398356, 24665.203649033672, 31080.646688398356
433, 33660.950044406345, 24683.203980752012, 33660.950044406345, 31024.21300479615, 24663.24332758819, 31024.21300479615
434, 33660.950044406345, 24683.203980752012, 33660.950044406345, 31067.69946126428, 24665.121506373875, 31067.69946126428
435, 33660.950044406345, 24683.203980752012, 33660.950044406345, 31114.522324994567, 24665.13302776612, 31114.522324994567
436, 33660.950044406345, 24683.203980752012, 33660.950044406345, 31118.729199087582, 24666.549900615773, 31118.729199087582
437, 33660.950044406345, 24683.203980752012, 33660.950044406345, 31098.64910283836, 24666.363975784687, 31098.64910283836
438, 33660.950044406345, 24683.203980752012, 33660.950044406345, 31098.18154624899, 24675.692174323238, 31098.18154624899
439, 33660.950044406345, 24683.203980752012, 33660.950044406345, 31112.079725096864, 24675.551600264196, 31112.079725096864
440, 33660.950044406345, 24683.203980752012, 33660.950044406345, 31144.522905930065, 24675.153356489176, 31144.522905930065
441, 33660.950044406345, 24683.203980752012, 33660.950044406345, 31163.698648113204, 24675.383540192888, 31163.698648113204
442, 33660.950044406345, 24683.203980752012, 33660.950044406345, 31120.1892994682, 24675.84074660939, 31120.1892994682
443, 33660.950044406345, 24683.203980752012, 33660.950044406345, 31082.08132688398, 24675.42407923895, 31082.08132688398
444, 33660.950044406345, 24683.203980752012, 33660.950044406345, 31069.307046368263, 24674.942086976193, 31069.307046368263
445, 33660.950044406345, 24683.203980752012, 33660.950044406345, 31135.532576838843, 24675.539384667092, 31135.532576838843
446, 33660.950044406345, 24683.203980752012, 33660.950044406345, 31094.06699592221, 24674.73565612433, 31094.06699592221
447, 33660.950044406345, 24683.203980752012, 33660.950044406345, 31142.250950249465, 24673.91196474057, 31142.250950249465
448, 33660.950044406345, 24683.203980752012, 33660.950044406345, 31136.021783687094, 24675.056335091904, 31136.021783687094
449, 33660.950044406345, 24683.203980752012, 33660.950044406345, 31114.13791088343, 24674.710330418508, 31114.13791088343
450, 33660.950044406345, 24683.203980752012, 33660.950044406345, 31134.70681171826, 24673.944806561034, 31134.70681171826
451, 33660.950044406345, 24683.203980752012, 33660.950044406345, 31088.598969053677, 24674.355854464477, 31088.598969053677
452, 33660.950044406345, 24683.203980752012, 33660.950044406345, 31101.753838823646, 24675.98588024606, 31101.753838823646
453, 33660.950044406345, 24683.203980752012, 33660.950044406345, 31093.431031544133, 24675.28714231371, 31093.431031544133
454, 33660.950044406345, 24683.203980752012, 33660.950044406345, 31128.21820667188, 24674.680593552595, 31128.21820667188
455, 33660.950044406345, 24683.203980752012, 33660.950044406345, 31104.44704926498, 24675.069815482446, 31104.44704926498
456, 33660.950044406345, 24683.203980752012, 33660.950044406345, 31170.822877423525, 24675.034115925446, 31170.822877423525
457, 33660.950044406345, 24683.203980752012, 33660.950044406345, 31161.030148217083, 24676.223102968535, 31161.030148217083
458, 33662.8627911318, 24655.336794513485, 33662.8627911318, 31084.75102586021, 24676.797681939126, 31084.75102586021
459, 33673.3687347884, 24628.216601961558, 33673.3687347884, 31142.445648216857, 24674.096069484633, 31142.445648216857
460, 33673.3687347884, 24628.216601961558, 33673.3687347884, 31065.786711412486, 24673.748363466468, 31065.786711412486
461, 33673.3687347884, 24628.216601961558, 33673.3687347884, 31084.444989003492, 24672.898505276513, 31084.444989003492
462, 33673.3687347884, 24628.216601961558, 33673.3687347884, 31085.044611631612, 24673.88180525876, 31085.044611631612
463, 33673.3687347884, 24628.216601961558, 33673.3687347884, 31172.160391309426, 24672.522904732137, 31172.160391309426
464, 33673.3687347884, 24628.216601961558, 33673.3687347884, 31126.38748258494, 24670.381463371697, 31126.38748258494
465, 33697.15212761482, 24558.130474728212, 33697.15212761482, 31149.464451306445, 24669.071299979532, 31149.464451306445
466, 33697.15212761482, 24558.130474728212, 33697.15212761482, 31129.208000738723, 24663.874854520145, 31129.208000738723
467, 33697.15212761482, 24558.130474728212, 33697.15212761482, 31133.149775325208, 24661.395193218003, 31133.149775325208
468, 33697.15212761482, 24558.130474728212, 33697.15212761482, 31049.76947399703, 24650.931923467695, 31049.76947399703
469, 33697.15212761482, 24558.130474728212, 33697.15212761482, 31098.90055256324, 24639.064973134526, 31098.90055256324
470, 33697.15212761482, 24558.130474728212, 33697.15212761482, 31114.680529009118, 24631.98108186377, 31114.680529009118
471, 33697.15212761482, 24558.130474728212, 33697.15212761482, 31138.44962729274, 24630.040349241794, 31138.44962729274
472, 33697.15212761482, 24558.130474728212, 33697.15212761482, 31128.246355495245, 24625.437502936606, 31128.246355495245
473, 33697.15212761482, 24558.130474728212, 33697.15212761482, 31103.061383468877, 24616.62677112825, 31103.061383468877
474, 33697.15212761482, 24558.130474728212, 33697.15212761482, 31153.71290521914, 24605.238015302475, 31153.71290521914
475, 33697.15212761482, 24558.130474728212, 33697.15212761482, 31130.488576012092, 24585.561201257442, 31130.488576012092
476, 33697.15212761482, 24558.130474728212, 33697.15212761482, 31142.30176782907, 24587.601655531227, 31142.30176782907
477, 33697.15212761482, 24558.130474728212, 33697.15212761482, 31159.293368332805, 24588.231535413357, 31159.293368332805
478, 33697.15212761482, 24558.130474728212, 33697.15212761482, 31158.49584590983, 24588.891542731297, 31158.49584590983
479, 33707.895792636955, 24470.79093825446, 33707.895792636955, 31143.111853179384, 24587.34937848653, 31143.111853179384
480, 33721.960055589174, 24593.843395686385, 33721.960055589174, 31160.578596462972, 24586.33183685197, 31160.578596462972
481, 33721.960055589174, 24593.843395686385, 33721.960055589174, 31114.322019600273, 24586.829699709517, 31114.322019600273
482, 33721.960055589174, 24593.843395686385, 33721.960055589174, 31113.40408810588, 24585.946174948265, 31113.40408810588
483, 33721.960055589174, 24593.843395686385, 33721.960055589174, 31129.35608120978, 24583.316337129007, 31129.35608120978
484, 33721.960055589174, 24593.843395686385, 33721.960055589174, 31154.292172156755, 24582.14904917878, 31154.292172156755
485, 33721.960055589174, 24593.843395686385, 33721.960055589174, 31120.547049236415, 24575.697564215763, 31120.547049236415
486, 33721.960055589174, 24593.843395686385, 33721.960055589174, 31149.139366995823, 24568.937453741975, 31149.139366995823
487, 33721.960055589174, 24593.843395686385, 33721.960055589174, 31091.971844298318, 24557.66399542128, 31091.971844298318
488, 33721.960055589174, 24593.843395686385, 33721.960055589174, 31134.97247254145, 24548.483139172014, 31134.97247254145
489, 33721.960055589174, 24593.843395686385, 33721.960055589174, 31087.97149694525, 24559.765814845287, 31087.97149694525
490, 33721.960055589174, 24593.843395686385, 33721.960055589174, 31140.270180599808, 24577.91807069278, 31140.270180599808
491, 33721.960055589174, 24593.843395686385, 33721.960055589174, 31149.71749309954, 24605.598356373426, 31149.71749309954
492, 33721.960055589174, 24593.843395686385, 33721.960055589174, 31135.166053748188, 24615.056022482153, 31135.166053748188
493, 33721.960055589174, 24593.843395686385, 33721.960055589174, 31126.620465881013, 24612.024510971005, 31126.620465881013
494, 33721.960055589174, 24593.843395686385, 33721.960055589174, 31153.80149170381, 24613.4202559738, 31153.80149170381
495, 33721.960055589174, 24593.843395686385, 33721.960055589174, 31199.69343980327, 24612.295357886655, 31199.69343980327
496, 33721.960055589174, 24593.843395686385, 33721.960055589174, 31119.276300677844, 24610.559122370953, 31119.276300677844
497, 33721.960055589174, 24593.843395686385, 33721.960055589174, 31167.888878465186, 24613.19508666397, 31167.888878465186
498, 33721.960055589174, 24593.843395686385, 33721.960055589174, 31141.085145532925, 24613.250242313963, 31141.085145532925
499, 33721.960055589174, 24593.843395686385, 33721.960055589174, 31120.085293741842, 24614.17554217486, 31120.085293741842
500, 33721.960055589174, 24593.843395686385, 33721.960055589174, 31169.23335643969, 24612.815701472868, 31169.23335643969
