1, 27086.561405157154, 24679.49860375736, 27086.561405157154, 25230.74007821845, 24657.404887918743, 25230.74007821845
2, 27518.75379953669, 24577.84163711959, 27518.75379953669, 23670.22882390208, 24628.24543925728, 26204.08588810362
3, 27724.710186000553, 24523.8069170827, 27724.710186000553, 25491.006993852818, 24569.26379302687, 26848.91660281073
4, 28264.334354765848, 24338.442067618358, 28264.334354765848, 27494.679286547645, 24469.491188266264, 27494.679286547645
5, 28597.29688789235, 24612.399148126446, 28597.29688789235, 23711.061444923573, 24478.24916205528, 27890.648473213463
6, 28982.135123934804, 24393.3091519794, 28982.135123934804, 23590.049875063327, 24481.591627669495, 28130.391100149107
7, 29212.015466316872, 24488.33586316498, 29212.015466316872, 26959.704463195467, 24519.511939228265, 28386.351458116584
8, 29476.780968506384, 24454.725756011907, 29476.780968506384, 26719.540437188054, 24530.494738640675, 28798.340086913653
9, 29685.52128422299, 24385.7814645643, 29685.52128422299, 27493.905417083297, 24505.707904474508, 29102.4702016436
10, 29839.79126032537, 24401.055941764098, 29839.79126032537, 27881.305844533934, 24513.673842377113, 29341.150740998182
11, 29922.028354968723, 24560.99701851755, 29922.028354968723, 28561.51107162256, 24491.766105130602, 29539.11307136235
12, 29961.573665183274, 24546.62377228616, 29961.573665183274, 25763.517994316837, 24519.272650701496, 29690.46216028763
13, 30311.173059281402, 24579.05593469708, 30311.173059281402, 26180.504745640996, 24528.45351911472, 29800.569655360276
14, 30553.70321250885, 24519.73838867592, 30553.70321250885, 26459.023077424048, 24549.04265371677, 29929.767846189337
15, 30662.836109145454, 24502.24529107066, 30662.836109145454, 28917.7987604471, 24542.571969060846, 30085.206794290913
16, 30791.475937194326, 24629.532828221985, 30791.475937194326, 27977.8013685816, 24534.991259925242, 30318.81203256203
17, 30859.782271531174, 24629.75986359497, 30859.782271531174, 25288.52422348445, 24553.295892748305, 30494.145107999597
18, 30992.77132647684, 24487.79388973712, 30992.77132647684, 25865.011836569734, 24568.363002261125, 30572.09828441846
19, 31164.91850945465, 24498.238296962856, 31164.91850945465, 28309.159634930573, 24548.924674290858, 30671.492599237234
20, 31266.696044559903, 24496.195578876694, 31266.696044559903, 28598.989666907608, 24573.496373807007, 30805.092816853743
21, 31277.231680414276, 24622.17832832931, 31277.231680414276, 28381.348331038647, 24574.155382065816, 30935.28136705378
22, 31332.604442843698, 24684.791406178585, 31332.604442843698, 26433.8655518914, 24597.839292283752, 31034.158738153412
23, 31446.845443712155, 24659.591264298295, 31446.845443712155, 25475.00815278216, 24592.53541908487, 31106.939479983113
24, 31500.74818246153, 24666.110033544, 31500.74818246153, 25522.20865119737, 24604.16248417934, 31174.47392888863
25, 31500.74818246153, 24666.110033544, 31500.74818246153, 25559.78280670913, 24608.812907818487, 31229.052623347565
26, 31521.600817922197, 24683.275275119784, 31521.600817922197, 25420.036734855144, 24621.628785591984, 31256.72314465659
27, 31533.600888861714, 24658.98239738841, 31533.600888861714, 25625.550222007292, 24662.47316387028, 31277.999998581214
28, 31533.600888861714, 24658.98239738841, 31533.600888861714, 25137.2355315889, 24669.43423274485, 31326.672790348555
29, 31727.35654745882, 24554.114688439604, 31727.35654745882, 26039.18017744186, 24672.94697069393, 31370.796180151174
30, 31767.757582194758, 24537.651336591534, 31767.757582194758, 27121.195176055917, 24653.52645066616, 31441.027608209857
31, 31805.121712609453, 24560.036392562313, 31805.121712609453, 28560.406939228233, 24632.64645474018, 31495.465021872627
32, 31824.14166460053, 24644.641185779426, 31824.14166460053, 27753.54018413618, 24646.59419783755, 31563.48656435645
33, 31824.14166460053, 24644.641185779426, 31824.14166460053, 25028.225285710603, 24647.62676554796, 31613.14320020233
34, 31853.335261424436, 24387.76484456506, 31853.335261424436, 29063.20551784985, 24567.49660007787, 31662.84040783599
35, 31853.335261424436, 24387.76484456506, 31853.335261424436, 30644.83255982661, 24564.74091532858, 31690.194627307566
36, 31894.966293305562, 24587.142782241768, 31894.966293305562, 26174.728274424873, 24613.99301540504, 31738.443795224077
37, 31968.658997003942, 24642.823713780886, 31968.658997003942, 28093.83833456545, 24605.916801244097, 31737.398745974857
38, 31974.86464841833, 24687.678199595182, 31974.86464841833, 26384.517549330532, 24636.30536787432, 31773.599674119698
39, 31974.86464841833, 24687.678199595182, 31974.86464841833, 25703.72176629559, 24632.17436134722, 31800.268121352958
40, 31974.86464841833, 24687.678199595182, 31974.86464841833, 25889.570444416506, 24646.82473094038, 31810.90209974587
41, 31982.28095543647, 24636.764781444832, 31982.28095543647, 25555.514593241976, 24659.550625250587, 31836.976388985695
42, 31982.28095543647, 24636.764781444832, 31982.28095543647, 26102.97626804929, 24622.810070879113, 31844.774003598886
43, 32028.823044509387, 24572.588488364017, 32028.823044509387, 27862.26425870796, 24633.365252435924, 31865.75026052022
44, 32165.668047800926, 24651.29326507458, 32165.668047800926, 27362.27202405275, 24660.30024515397, 31896.11152777283
45, 32165.668047800926, 24651.29326507458, 32165.668047800926, 25813.382784508638, 24672.671407472182, 31945.48739947437
46, 32165.668047800926, 24651.29326507458, 32165.668047800926, 26516.938266063335, 24670.445445854508, 31957.12284269894
47, 32165.668047800926, 24651.29326507458, 32165.668047800926, 26175.896947679463, 24675.98845325308, 31951.6097539028
48, 32283.59395060777, 24602.030061307803, 32283.59395060777, 25312.027954002544, 24678.318589762435, 31970.863349717554
49, 32283.59395060777, 24602.030061307803, 32283.59395060777, 27260.96061187166, 24662.908962065543, 31999.674504218332
50, 32283.59395060777, 24602.030061307803, 32283.59395060777, 26580.68903019876, 24648.15632953526, 32026.647900784326
51, 32283.59395060777, 24602.030061307803, 32283.59395060777, 26781.480418310817, 24649.572080340426, 32055.245018296682
52, 32283.59395060777, 24602.030061307803, 32283.59395060777, 27339.244349196582, 24665.703707464, 32074.869052552192
53, 32283.59395060777, 24602.030061307803, 32283.59395060777, 27016.98982701074, 24672.1743100662, 32108.76740177774
54, 32283.59395060777, 24602.030061307803, 32283.59395060777, 27576.706491341156, 24663.790982100072, 32150.80007029302
55, 32360.013790888646, 24628.421374075948, 32360.013790888646, 27075.82977773686, 24655.90450164997, 32178.239316417712
56, 32360.013790888646, 24628.421374075948, 32360.013790888646, 26393.167000177666, 24664.58317979416, 32203.678037908303
57, 32360.013790888646, 24628.421374075948, 32360.013790888646, 26233.125787390745, 24664.681843436163, 32226.702553214767
58, 32547.680692238704, 24545.37966571967, 32547.680692238704, 26947.622341935847, 24624.792722898634, 32225.45342628668
59, 32597.91405381606, 24463.721175312876, 32597.91405381606, 28926.420086291117, 24620.681879992146, 32291.38574772273
60, 32597.91405381606, 24463.721175312876, 32597.91405381606, 30367.6942826402, 24595.663511786195, 32317.432388222063
61, 32650.14662914618, 24334.35627583232, 32650.14662914618, 30055.523684034037, 24579.61128134342, 32358.391199719666
62, 32650.14662914618, 24334.35627583232, 32650.14662914618, 31348.059539675985, 24552.77688272823, 32413.932556943713
63, 32703.07199621298, 24601.060499457115, 32703.07199621298, 31757.28279425576, 24538.622654741048, 32468.553902711836
64, 32703.07199621298, 24601.060499457115, 32703.07199621298, 28232.624602342745, 24586.717350152034, 32504.06509483422
65, 32703.07199621298, 24601.060499457115, 32703.07199621298, 27555.20152315363, 24587.828678185273, 32527.068555148784
66, 32703.07199621298, 24601.060499457115, 32703.07199621298, 26676.41004938537, 24578.267996256152, 32555.327425846146
67, 32742.466255550975, 24605.158306458066, 32742.466255550975, 27582.68280938314, 24550.30929735857, 32559.862818077254
68, 32742.466255550975, 24605.158306458066, 32742.466255550975, 27243.76609384055, 24533.558534531592, 32590.10749358023
69, 32742.466255550975, 24605.158306458066, 32742.466255550975, 28138.99845728004, 24557.073882333585, 32591.387917874006
70, 32798.16623885712, 24535.27466087562, 32798.16623885712, 27269.04228213036, 24600.399032568115, 32613.202671376846
71, 32879.73984166297, 24665.707762685153, 32879.73984166297, 27998.807746744373, 24567.37163924406, 32638.431184396333
72, 32879.73984166297, 24665.707762685153, 32879.73984166297, 26951.030810290304, 24650.967323583234, 32678.25800828964
73, 32879.73984166297, 24665.707762685153, 32879.73984166297, 26416.356990982702, 24657.903596256783, 32671.54828558527
74, 32879.73984166297, 24665.707762685153, 32879.73984166297, 26249.599965125082, 24671.077860343015, 32689.202712186816
75, 32879.73984166297, 24665.707762685153, 32879.73984166297, 27872.98050806655, 24645.420167925764, 32701.93963647814
76, 32883.96767698196, 24568.48911867935, 32883.96767698196, 25929.976265155525, 24679.054865384325, 32721.00609491587
77, 32960.827953464934, 24661.954732539238, 32960.827953464934, 28454.029861553874, 24656.83708035906, 32744.23267743092
78, 32960.827953464934, 24661.954732539238, 32960.827953464934, 26331.27483790344, 24679.461468733458, 32784.2520212634
79, 32966.82216161694, 24622.066675301932, 32966.82216161694, 25806.38077096618, 24686.398034435962, 32801.08458588366
80, 32966.82216161694, 24622.066675301932, 32966.82216161694, 26713.715402677873, 24665.486467657873, 32817.065855090426
81, 32966.82216161694, 24622.066675301932, 32966.82216161694, 27088.12238532063, 24680.698835480678, 32816.26092962275
82, 32966.82216161694, 24622.066675301932, 32966.82216161694, 27452.137329965462, 24689.76700238228, 32838.521083596126
83, 32966.82216161694, 24622.066675301932, 32966.82216161694, 27462.80859772252, 24677.57720474776, 32838.78538349223
84, 32966.82216161694, 24622.066675301932, 32966.82216161694, 27108.42999736164, 24668.337254437778, 32841.82056983207
85, 32966.82216161694, 24622.066675301932, 32966.82216161694, 27126.270344444438, 24674.980476541532, 32860.50496746409
86, 32991.404336609376, 24542.84762919137, 32991.404336609376, 29830.76941601884, 24646.448128080778, 32877.07103890556
87, 32991.404336609376, 24542.84762919137, 32991.404336609376, 29126.289337980314, 24669.682048589217, 32896.26064826378
88, 33096.57020225389, 24626.36776653641, 33096.57020225389, 26433.25334833724, 24692.535910030034, 32911.71068216287
89, 33147.912621387426, 24577.15197609963, 33147.912621387426, 27516.086017624435, 24678.453521044055, 32919.029775250645
90, 33147.912621387426, 24577.15197609963, 33147.912621387426, 28427.6497938692, 24647.505880482604, 32928.03120035353
91, 33147.912621387426, 24577.15197609963, 33147.912621387426, 28435.99505874316, 24647.631967260884, 32938.15139241464
92, 33147.912621387426, 24577.15197609963, 33147.912621387426, 29344.107942434453, 24633.357579202227, 32949.12863406294
93, 33147.912621387426, 24577.15197609963, 33147.912621387426, 28463.79636640336, 24634.911845990042, 32972.008830504645
94, 33147.912621387426, 24577.15197609963, 33147.912621387426, 28122.176293142402, 24651.712936594704, 32993.86265392777
95, 33241.26316579161, 24626.560777417002, 33241.26316579161, 28326.555921135758, 24660.13706781253, 33017.269922844695
96, 33241.26316579161, 24626.560777417002, 33241.26316579161, 27268.94452778621, 24653.74774566802, 33054.10482547402
97, 33241.26316579161, 24626.560777417002, 33241.26316579161, 27266.75838448778, 24645.367007065153, 33043.810407498044
98, 33241.26316579161, 24626.560777417002, 33241.26316579161, 27277.01948030197, 24632.732325288143, 33062.055610003845
99, 33241.26316579161, 24626.560777417002, 33241.26316579161, 27463.36984280455, 24606.24822824637, 33059.18352434255
100, 33241.26316579161, 24626.560777417002, 33241.26316579161, 27647.27590930133, 24599.82073761599, 33069.432513585074
101, 33241.26316579161, 24626.560777417002, 33241.26316579161, 26578.573133533253, 24641.538247290646, 33077.842807312634
102, 33241.26316579161, 24626.560777417002, 33241.26316579161, 27670.418367143604, 24624.459212111964, 33099.55843653772
103, 33241.26316579161, 24626.560777417002, 33241.26316579161, 27137.587153074466, 24634.859177178914, 33103.2172465623
104, 33253.801322151754, 24660.35537257715, 33253.801322151754, 27862.754133218023, 24625.478740588136, 33106.29670205182
105, 33261.03406002639, 24659.968192322263, 33261.03406002639, 26606.372278331666, 24646.050321718983, 33109.87690097827
106, 33270.32743993976, 24479.3425053845, 33270.32743993976, 27526.307040479598, 24643.883509648433, 33131.1201885634
107, 33356.52187117473, 24641.546948874216, 33356.52187117473, 29172.51829146177, 24644.576366716163, 33159.40405460323
108, 33356.52187117473, 24641.546948874216, 33356.52187117473, 27741.982579285363, 24662.01018813017, 33185.553061965984
109, 33356.52187117473, 24641.546948874216, 33356.52187117473, 27566.90169773083, 24671.68396387662, 33193.67069441899
110, 33356.52187117473, 24641.546948874216, 33356.52187117473, 27206.173331976832, 24667.747482952735, 33187.61696062273
111, 33356.52187117473, 24641.546948874216, 33356.52187117473, 27031.733226261833, 24670.770735594884, 33193.40275548444
112, 33356.52187117473, 24641.546948874216, 33356.52187117473, 27212.987949541894, 24668.376002361696, 33202.09534520129
113, 33398.2222820919, 24673.67893038584, 33398.2222820919, 26499.312146832144, 24670.45830635529, 33216.59042384643
114, 33398.2222820919, 24673.67893038584, 33398.2222820919, 27045.9811357021, 24662.720773019108, 33213.63646340774
115, 33446.02990607825, 24665.886177702592, 33446.02990607825, 27233.862265940443, 24610.12031619886, 33227.12948387928
116, 33446.02990607825, 24665.886177702592, 33446.02990607825, 26881.734915187433, 24604.038359973947, 33250.812085928286
117, 33446.02990607825, 24665.886177702592, 33446.02990607825, 27252.04239863496, 24626.41973337077, 33246.6996320007
118, 33446.02990607825, 24665.886177702592, 33446.02990607825, 26176.13012767772, 24652.332999102367, 33270.382756759056
119, 33446.02990607825, 24665.886177702592, 33446.02990607825, 27291.17566594318, 24670.242081652323, 33291.47597249434
120, 33527.271622897984, 24408.18493313612, 33527.271622897984, 27311.365352231875, 24694.85942835698, 33317.99688867061
121, 33528.679089689176, 24613.752028966363, 33528.679089689176, 32060.260862905037, 24629.673650246626, 33336.7567478985
122, 33528.679089689176, 24613.752028966363, 33528.679089689176, 26798.33873733756, 24681.25087546307, 33355.25331239786
123, 33528.679089689176, 24613.752028966363, 33528.679089689176, 26819.139069859597, 24681.13337387293, 33377.2022143078
124, 33528.679089689176, 24613.752028966363, 33528.679089689176, 27382.284246866177, 24660.6179012352, 33391.29099552523
125, 33528.679089689176, 24613.752028966363, 33528.679089689176, 28116.436800579475, 24628.063635679468, 33406.50665756767
126, 33528.679089689176, 24613.752028966363, 33528.679089689176, 27039.598550365947, 24592.371332542854, 33413.75347907211
127, 33528.679089689176, 24613.752028966363, 33528.679089689176, 27964.725754614214, 24573.588246377043, 33432.088682471156
128, 33528.679089689176, 24613.752028966363, 33528.679089689176, 28161.048590189588, 24554.839480954422, 33452.4149310978
129, 33594.24773618194, 24378.50771665408, 33594.24773618194, 31452.713743958393, 24558.465947593126, 33457.28374960456
130, 33609.81441597336, 24557.32563316162, 33609.81441597336, 31272.21059822458, 24602.03704788608, 33469.2933944305
131, 33617.23499089428, 24608.343757313738, 33617.23499089428, 27254.28172985459, 24650.464848188432, 33460.066655000766
132, 33617.23499089428, 24608.343757313738, 33617.23499089428, 27441.373431010223, 24643.146339340725, 33465.55633753549
133, 33617.23499089428, 24608.343757313738, 33617.23499089428, 28172.57112747727, 24635.56987905968, 33470.97195478044
134, 33617.23499089428, 24608.343757313738, 33617.23499089428, 27815.292644661527, 24612.831512203542, 33483.64537633711
135, 33617.23499089428, 24608.343757313738, 33617.23499089428, 27824.84889497266, 24585.748750740728, 33499.5322085756
136, 33617.23499089428, 24608.343757313738, 33617.23499089428, 27654.648567619945, 24580.78822324731, 33497.818624088446
137, 33617.23499089428, 24608.343757313738, 33617.23499089428, 28587.57004406931, 24555.403048047407, 33519.115167715405
138, 33617.23499089428, 24608.343757313738, 33617.23499089428, 27313.676012993044, 24578.1332225955, 33532.65028347728
139, 33704.62154613718, 24393.478027135938, 33704.62154613718, 31354.282037562578, 24546.523497385813, 33547.77556378323
140, 33741.97724694253, 24515.999207393194, 33741.97724694253, 29530.926254443173, 24626.2571563263, 33557.738585631494
141, 33741.97724694253, 24515.999207393194, 33741.97724694253, 29167.615549497157, 24624.27917197577, 33569.271772479035
142, 33741.97724694253, 24515.999207393194, 33741.97724694253, 28438.5713556779, 24615.645583571993, 33573.89795677602
143, 33741.97724694253, 24515.999207393194, 33741.97724694253, 29363.886726948545, 24600.43499999847, 33574.54304298651
144, 33741.97724694253, 24515.999207393194, 33741.97724694253, 29736.316036774133, 24592.578224843302, 33595.61385774012
145, 33741.97724694253, 24515.999207393194, 33741.97724694253, 30499.191060179848, 24549.846799517203, 33611.73652741776
146, 33799.183188145405, 24668.020003857404, 33799.183188145405, 30507.201375567543, 24555.61087716848, 33619.120215852614
147, 33799.183188145405, 24668.020003857404, 33799.183188145405, 27221.200503061296, 24559.936742617585, 33645.01524088117
148, 33799.183188145405, 24668.020003857404, 33799.183188145405, 26677.547750075046, 24554.693076668933, 33654.98962771097
149, 33799.183188145405, 24668.020003857404, 33799.183188145405, 27420.682820834267, 24584.400392778178, 33662.9727823401
150, 33802.875524443574, 24635.667076002344, 33802.875524443574, 27610.05790891107, 24591.71097837494, 33673.640621301034
151, 33802.875524443574, 24635.667076002344, 33802.875524443574, 27424.084146129746, 24593.638372081525, 33664.38298114316
152, 33802.875524443574, 24635.667076002344, 33802.875524443574, 27795.537337385813, 24594.42419991534, 33677.93303316447
153, 33802.875524443574, 24635.667076002344, 33802.875524443574, 26694.299188750218, 24612.99604473843, 33677.903351450484
154, 33802.875524443574, 24635.667076002344, 33802.875524443574, 28348.881166956617, 24602.127202772255, 33679.141987320036
155, 33802.875524443574, 24635.667076002344, 33802.875524443574, 27622.648556940596, 24616.66664294756, 33685.643155238446
156, 33802.875524443574, 24635.667076002344, 33802.875524443574, 27083.12392769181, 24650.743006474222, 33680.092290304434
157, 33802.875524443574, 24635.667076002344, 33802.875524443574, 27642.615033434653, 24683.886112684337, 33707.35376133048
158, 33802.875524443574, 24635.667076002344, 33802.875524443574, 27106.143019249623, 24699.204019830402, 33718.993813432986
159, 33802.875524443574, 24635.667076002344, 33802.875524443574, 27838.34036016843, 24684.565241085264, 33713.82125267749
160, 33802.875524443574, 24635.667076002344, 33802.875524443574, 28022.419523148823, 24677.314317518314, 33718.09799791587
161, 33802.875524443574, 24635.667076002344, 33802.875524443574, 28015.89951070213, 24678.99926624111, 33719.9410088879
162, 33802.875524443574, 24635.667076002344, 33802.875524443574, 28023.821696975076, 24678.631151058424, 33717.28075996494
163, 33807.95134108184, 24656.55793159969, 33807.95134108184, 28025.131690544807, 24676.320937430082, 33718.89615995986
164, 33807.95134108184, 24656.55793159969, 33807.95134108184, 28205.544288938483, 24680.187580852496, 33710.106560783686
165, 33812.06447821283, 24593.803833374834, 33812.06447821283, 28204.44077880682, 24675.755698782075, 33718.91186684384
166, 33812.06447821283, 24593.803833374834, 33812.06447821283, 28391.528537660066, 24662.833678179257, 33712.59955078502
167, 33812.06447821283, 24593.803833374834, 33812.06447821283, 27103.07061142833, 24683.51098099948, 33715.828514449226
168, 33891.295851255985, 24583.573990184403, 33891.295851255985, 29132.35855130209, 24662.283797325268, 33728.144953541516
169, 33891.295851255985, 24583.573990184403, 33891.295851255985, 28215.794858857258, 24666.373135703205, 33738.54554554536
170, 33891.295851255985, 24583.573990184403, 33891.295851255985, 28772.09266185831, 24663.957423163592, 33739.65408214237
171, 33891.295851255985, 24583.573990184403, 33891.295851255985, 29138.668820427512, 24662.70361503577, 33734.571646579105
172, 33891.295851255985, 24583.573990184403, 33891.295851255985, 27854.35318975279, 24679.58107239354, 33749.82648145635
173, 33891.295851255985, 24583.573990184403, 33891.295851255985, 28962.687864901298, 24658.071188275277, 33750.67015619865
174, 33891.295851255985, 24583.573990184403, 33891.295851255985, 28783.14258929404, 24643.642958927394, 33747.88730168954
175, 33891.295851255985, 24583.573990184403, 33891.295851255985, 28796.3898437662, 24634.098788152067, 33762.53380663265
176, 33940.6899587375, 24542.68309209277, 33940.6899587375, 28813.261179040295, 24617.22172778408, 33792.62709372252
177, 33940.6899587375, 24542.68309209277, 33940.6899587375, 28650.504353159085, 24622.830809795098, 33810.501583589015
178, 34047.80402759993, 24653.426686211482, 34047.80402759993, 28478.221720439793, 24633.075968676734, 33835.725123277494
179, 34047.80402759993, 24653.426686211482, 34047.80402759993, 28478.392965492803, 24635.237277261116, 33845.44303336373
180, 34047.80402759993, 24653.426686211482, 34047.80402759993, 27188.12604521187, 24643.489779138556, 33840.89445571908
181, 34047.80402759993, 24653.426686211482, 34047.80402759993, 27751.932546127915, 24638.77373405504, 33852.58797532214
182, 34047.80402759993, 24653.426686211482, 34047.80402759993, 27018.90904814145, 24646.88139734461, 33849.86769018881
183, 34047.80402759993, 24653.426686211482, 34047.80402759993, 27404.19137432635, 24636.204517540096, 33873.141025990575
184, 34047.80402759993, 24653.426686211482, 34047.80402759993, 27235.84591478599, 24640.38971342338, 33895.40127395115
185, 34047.80402759993, 24653.426686211482, 34047.80402759993, 27800.447468175393, 24666.059959790316, 33902.310534960816
186, 34047.80402759993, 24653.426686211482, 34047.80402759993, 27442.998329839647, 24675.577574829353, 33913.3386456367
187, 34168.58928128972, 24642.407906463814, 34168.58928128972, 28011.373409910262, 24690.907255279628, 33929.574782541415
188, 34168.58928128972, 24642.407906463814, 34168.58928128972, 27306.70671498475, 24691.4121275932, 33983.888087438
189, 34168.58928128972, 24642.407906463814, 34168.58928128972, 27490.48291525792, 24692.1205956236, 33979.27329726575
190, 34168.58928128972, 24642.407906463814, 34168.58928128972, 28612.18698856139, 24684.396360257913, 33995.80228186468
191, 34168.58928128972, 24642.407906463814, 34168.58928128972, 27491.2901294555, 24687.838175093413, 33984.60592256399
192, 34168.58928128972, 24642.407906463814, 34168.58928128972, 28055.82382773805, 24682.681419534547, 33984.188282017
193, 34168.58928128972, 24642.407906463814, 34168.58928128972, 27691.682864751223, 24693.730150020074, 33997.20819535709
194, 34168.58928128972, 24642.407906463814, 34168.58928128972, 28074.022093030937, 24677.00283345979, 34008.58654079423
195, 34168.58928128972, 24642.407906463814, 34168.58928128972, 27725.586256497274, 24690.142629418544, 34029.29285130313
196, 34203.76021995672, 24613.222214865415, 34203.76021995672, 28491.772992646158, 24683.847739416615, 34046.7088564096
197, 34203.76021995672, 24613.222214865415, 34203.76021995672, 27397.730275613914, 24694.332612131282, 34073.74052214381
198, 34203.76021995672, 24613.222214865415, 34203.76021995672, 28694.531635688018, 24672.758086045775, 34087.28622459924
199, 34203.76021995672, 24613.222214865415, 34203.76021995672, 27583.61532467351, 24682.566550898067, 34080.50103050191
200, 34203.76021995672, 24613.222214865415, 34203.76021995672, 28143.60713234164, 24678.11969775256, 34080.21888794178
201, 34203.76021995672, 24613.222214865415, 34203.76021995672, 28513.55925847387, 24668.912231275015, 34081.937971563624
202, 34203.76021995672, 24613.222214865415, 34203.76021995672, 27771.894552175436, 24686.095681581417, 34072.68960734217
203, 34203.76021995672, 24613.222214865415, 34203.76021995672, 28521.92085476235, 24672.187680522864, 34095.36202069601
204, 34203.76021995672, 24613.222214865415, 34203.76021995672, 28333.261492802507, 24675.154173526236, 34076.71091768926
205, 34203.76021995672, 24613.222214865415, 34203.76021995672, 29264.242834738867, 24658.11484925263, 34083.84528546339
206, 34203.76021995672, 24613.222214865415, 34203.76021995672, 28900.980186472356, 24662.18888679689, 34095.15525683922
207, 34204.829894134076, 24477.5648254665, 34204.829894134076, 30953.14774264069, 24626.7767049192, 34106.314738561254
208, 34204.829894134076, 24477.5648254665, 34204.829894134076, 29844.92359156018, 24627.96083481906, 34113.11743954629
209, 34204.829894134076, 24477.5648254665, 34204.829894134076, 30027.339555661205, 24624.00675310189, 34116.054100686415
210, 34204.829894134076, 24477.5648254665, 34204.829894134076, 30960.110519590875, 24617.040761751134, 34109.91373736573
211, 34204.829894134076, 24477.5648254665, 34204.829894134076, 30953.908105302184, 24614.706113514792, 34111.24110450764
212, 34231.91999091297, 24554.784525743606, 34231.91999091297, 30587.86899327826, 24612.07093538388, 34116.75038733523
213, 34231.91999091297, 24554.784525743606, 34231.91999091297, 28920.376261847534, 24618.80239860749, 34116.049623719024
214, 34231.91999091297, 24554.784525743606, 34231.91999091297, 29840.697530435118, 24592.222845056032, 34113.32863156409
215, 34231.91999091297, 24554.784525743606, 34231.91999091297, 30589.314277361387, 24549.068187551067, 34126.65800557538
216, 34231.91999091297, 24554.784525743606, 34231.91999091297, 28913.702755376165, 24542.246475993896, 34123.82046568091
217, 34231.91999091297, 24554.784525743606, 34231.91999091297, 29283.2762119784, 24540.326404882177, 34113.66528286389
218, 34231.91999091297, 24554.784525743606, 34231.91999091297, 29095.655552409247, 24549.670385640948, 34116.00491740859
219, 34231.91999091297, 24554.784525743606, 34231.91999091297, 30024.849617734148, 24544.285789727892, 34116.376293879635
220, 34231.91999091297, 24554.784525743606, 34231.91999091297, 29476.752383193583, 24548.951916761307, 34117.9947637415
221, 34231.91999091297, 24554.784525743606, 34231.91999091297, 29105.01100905848, 24560.35760153734, 34112.92325324708
222, 34231.91999091297, 24554.784525743606, 34231.91999091297, 28369.294306655902, 24579.244577632, 34126.38554007661
223, 34237.50891174507, 24570.26566202027, 34237.50891174507, 29301.8085704717, 24594.988412036313, 34132.11221523068
224, 34237.50891174507, 24570.26566202027, 34237.50891174507, 28744.924590866987, 24613.07883858326, 34137.742460374364
225, 34237.50891174507, 24570.26566202027, 34237.50891174507, 29864.229501911763, 24595.303788768408, 34143.52225118456
226, 34237.50891174507, 24570.26566202027, 34237.50891174507, 28002.685081600594, 24607.441986816277, 34128.8692641365
227, 34237.50891174507, 24570.26566202027, 34237.50891174507, 28562.262710870382, 24604.733802579623, 34141.76514949711
228, 34237.50891174507, 24570.26566202027, 34237.50891174507, 30241.684073793185, 24589.223925009504, 34150.4324555779
229, 34237.50891174507, 24570.26566202027, 34237.50891174507, 28562.28467467149, 24606.99621835808, 34138.30578223988
230, 34237.50891174507, 24570.26566202027, 34237.50891174507, 29868.13322817264, 24600.355157775593, 34147.763826518916
231, 34237.50891174507, 24570.26566202027, 34237.50891174507, 28938.408046756842, 24604.410895475314, 34143.98645030813
232, 34348.94561241727, 24585.05859414596, 34348.94561241727, 29127.552037228277, 24616.362717563487, 34152.29670137651
233, 34348.94561241727, 24585.05859414596, 34348.94561241727, 28944.00280937544, 24627.157705939062, 34161.5106312318
234, 34348.94561241727, 24585.05859414596, 34348.94561241727, 29513.672369001193, 24620.70807465041, 34174.5779265831
235, 34348.94561241727, 24585.05859414596, 34348.94561241727, 28581.851356885472, 24626.006395758708, 34173.66822726561
236, 34348.94561241727, 24585.05859414596, 34348.94561241727, 28769.842393155057, 24623.212271241144, 34174.90822453386
237, 34348.94561241727, 24585.05859414596, 34348.94561241727, 29527.358226705506, 24615.631830146383, 34191.240319931334
238, 34348.94561241727, 24585.05859414596, 34348.94561241727, 28603.574509470887, 24621.15682046245, 34191.501151956974
239, 34348.94561241727, 24585.05859414596, 34348.94561241727, 29173.633344877384, 24622.652257048867, 34202.92934044817
240, 34348.94561241727, 24585.05859414596, 34348.94561241727, 29570.47419152819, 24632.457230527456, 34227.31528435945
241, 34348.94561241727, 24585.05859414596, 34348.94561241727, 29220.297758053195, 24627.03345490513, 34253.045160666654
242, 34348.94561241727, 24585.05859414596, 34348.94561241727, 28854.047317687207, 24622.10830800301, 34254.55353542882
243, 34348.94561241727, 24585.05859414596, 34348.94561241727, 28283.697815890257, 24634.936757223288, 34249.7852735861
244, 34348.94561241727, 24585.05859414596, 34348.94561241727, 28466.832515560593, 24623.42548526246, 34240.243074201055
245, 34478.88018437134, 24671.05372274743, 34478.88018437134, 27916.639055556483, 24651.88555667757, 34274.48196726705
246, 34478.88018437134, 24671.05372274743, 34478.88018437134, 27169.01456309953, 24654.336923178085, 34277.262528839856
247, 34478.88018437134, 24671.05372274743, 34478.88018437134, 26799.290737022267, 24663.4407895439, 34288.615787407114
248, 34478.88018437134, 24671.05372274743, 34478.88018437134, 27549.412471511776, 24647.2945535044, 34289.48789940999
249, 34478.88018437134, 24671.05372274743, 34478.88018437134, 27554.565042338443, 24668.117626797903, 34302.51184585447
250, 34478.88018437134, 24671.05372274743, 34478.88018437134, 27177.85919825963, 24663.63832542932, 34283.69862607653
251, 34478.88018437134, 24671.05372274743, 34478.88018437134, 27373.817939225635, 24675.030395414426, 34297.57494837671
252, 34478.88018437134, 24671.05372274743, 34478.88018437134, 27388.896634512417, 24673.016877249862, 34316.2525949709
253, 34478.88018437134, 24671.05372274743, 34478.88018437134, 28149.57030937977, 24674.574491803305, 34335.46963626769
254, 34478.88018437134, 24671.05372274743, 34478.88018437134, 26865.80557160262, 24713.67684910745, 34346.52328268392
255, 34478.88018437134, 24671.05372274743, 34478.88018437134, 27825.748792813083, 24720.88161697338, 34373.78755917689
256, 34478.88018437134, 24671.05372274743, 34478.88018437134, 27270.950444771897, 24711.3131193354, 34384.70001635893
257, 34478.88018437134, 24671.05372274743, 34478.88018437134, 27269.23356572953, 24717.187653185083, 34384.54238772193
258, 34478.88018437134, 24671.05372274743, 34478.88018437134, 28581.90280271665, 24710.5705296201, 34382.430867314455
259, 34478.88018437134, 24671.05372274743, 34478.88018437134, 28389.084480601894, 24719.624451221396, 34384.207807025035
260, 34478.88018437134, 24671.05372274743, 34478.88018437134, 27835.721785149097, 24719.023547484983, 34397.115564156615
261, 34478.88018437134, 24671.05372274743, 34478.88018437134, 26896.418056822826, 24716.999149083007, 34375.142118460724
262, 34478.88018437134, 24671.05372274743, 34478.88018437134, 27645.951691292907, 24718.737541687322, 34379.315095982274
263, 34478.88018437134, 24671.05372274743, 34478.88018437134, 27271.466427690928, 24716.367248706796, 34385.26176373874
264, 34478.88018437134, 24671.05372274743, 34478.88018437134, 27645.293130213147, 24712.909631123264, 34379.57040938642
265, 34478.88018437134, 24671.05372274743, 34478.88018437134, 27833.657691873348, 24720.293558721318, 34376.2947079541
266, 34478.88018437134, 24671.05372274743, 34478.88018437134, 28209.688539041195, 24708.856358467245, 34383.86342431988
267, 34478.88018437134, 24671.05372274743, 34478.88018437134, 27831.331442428364, 24720.287179842362, 34386.64800234475
268, 34478.88018437134, 24671.05372274743, 34478.88018437134, 27270.8475045687, 24719.97420290419, 34376.72632856309
269, 34478.88018437134, 24671.05372274743, 34478.88018437134, 27644.029373844805, 24715.683667945457, 34381.45609265039
270, 34478.88018437134, 24671.05372274743, 34478.88018437134, 28203.01324388626, 24714.437658414456, 34386.015801103385
271, 34478.88018437134, 24671.05372274743, 34478.88018437134, 27081.638218534154, 24717.217734701313, 34384.97042590096
272, 34559.394165697755, 24676.05902095145, 34559.394165697755, 27462.26081549264, 24716.73235457115, 34399.00314568769
273, 34559.394165697755, 24676.05902095145, 34559.394165697755, 27086.22354093968, 24723.394026604605, 34391.916374661
274, 34559.394165697755, 24676.05902095145, 34559.394165697755, 27273.312488041003, 24723.191645038252, 34395.87561034259
275, 34559.394165697755, 24676.05902095145, 34559.394165697755, 27460.349101268937, 24718.527095821413, 34398.1898856163
276, 34559.394165697755, 24676.05902095145, 34559.394165697755, 27836.461593550972, 24715.975859615337, 34401.352996770576
277, 34559.394165697755, 24676.05902095145, 34559.394165697755, 27650.82323381797, 24716.118438766774, 34404.87576812355
278, 34559.394165697755, 24676.05902095145, 34559.394165697755, 27273.93258793525, 24717.39654898706, 34397.404493254486
279, 34559.394165697755, 24676.05902095145, 34559.394165697755, 27652.882166243577, 24715.90629903683, 34404.84291054704
280, 34559.394165697755, 24676.05902095145, 34559.394165697755, 27276.83691600072, 24722.87233821963, 34401.60300165331
281, 34559.394165697755, 24676.05902095145, 34559.394165697755, 27840.72814401482, 24718.11414990013, 34405.42727906209
282, 34559.394165697755, 24676.05902095145, 34559.394165697755, 28226.826615541926, 24707.301011112377, 34416.86216834799
283, 34559.394165697755, 24676.05902095145, 34559.394165697755, 28044.790036017443, 24710.396574527116, 34418.50955995149
284, 34559.394165697755, 24676.05902095145, 34559.394165697755, 28053.777051252604, 24710.19505550108, 34426.318263174784
285, 34559.394165697755, 24676.05902095145, 34559.394165697755, 27511.67936111628, 24711.312056752537, 34450.55972224167
286, 34559.394165697755, 24676.05902095145, 34559.394165697755, 27713.346970356815, 24709.816760598394, 34460.37237111198
287, 34559.394165697755, 24676.05902095145, 34559.394165697755, 27895.556028164006, 24720.976112031538, 34461.89633793387
288, 34559.394165697755, 24676.05902095145, 34559.394165697755, 27714.216015189948, 24714.33885181495, 34464.9371612669
289, 34559.394165697755, 24676.05902095145, 34559.394165697755, 28278.416188131643, 24717.59797211857, 34466.04610988744
290, 34559.394165697755, 24676.05902095145, 34559.394165697755, 27894.579621238696, 24720.57024431912, 34445.920923578604
291, 34559.394165697755, 24676.05902095145, 34559.394165697755, 28831.872162749736, 24707.54108434196, 34463.342709090786
292, 34559.394165697755, 24676.05902095145, 34559.394165697755, 27523.59940809801, 24719.419135753647, 34466.42447454409
293, 34559.394165697755, 24676.05902095145, 34559.394165697755, 27706.961941086032, 24721.620205231826, 34458.6394108489
294, 34559.394165697755, 24676.05902095145, 34559.394165697755, 27710.8782661154, 24724.228248840427, 34462.61242025523
295, 34559.394165697755, 24676.05902095145, 34559.394165697755, 27146.192166697558, 24729.008271865358, 34461.3241139496
296, 34559.394165697755, 24676.05902095145, 34559.394165697755, 26959.818132133827, 24721.590524029645, 34468.93092359598
297, 34559.394165697755, 24676.05902095145, 34559.394165697755, 27893.48292063189, 24723.381079165552, 34456.80793801407
298, 34559.394165697755, 24676.05902095145, 34559.394165697755, 28080.72181374366, 24715.175769007514, 34459.726646426185
299, 34559.394165697755, 24676.05902095145, 34559.394165697755, 27896.29895829958, 24717.999353971067, 34449.8885487518
300, 34559.394165697755, 24676.05902095145, 34559.394165697755, 27712.528674501726, 24717.33962874931, 34473.04846982987
301, 34559.394165697755, 24676.05902095145, 34559.394165697755, 27334.234841144123, 24730.945578355742, 34451.81064089084
302, 34559.394165697755, 24676.05902095145, 34559.394165697755, 28460.32073207615, 24712.441135004676, 34460.72239748015
303, 34559.394165697755, 24676.05902095145, 34559.394165697755, 28085.12023219947, 24708.137728501548, 34456.62022964859
304, 34559.394165697755, 24676.05902095145, 34559.394165697755, 27522.672679782783, 24723.279379345866, 34452.22719621283
305, 34559.394165697755, 24676.05902095145, 34559.394165697755, 27708.012784767074, 24724.18862950253, 34459.719245683824
306, 34559.394165697755, 24676.05902095145, 34559.394165697755, 27709.315900255107, 24717.923720217685, 34459.5925612895
307, 34559.394165697755, 24676.05902095145, 34559.394165697755, 27522.40968971348, 24724.979616578603, 34460.64383621462
308, 34559.394165697755, 24676.05902095145, 34559.394165697755, 27899.578653523324, 24716.62874613011, 34472.203314297556
309, 34559.394165697755, 24676.05902095145, 34559.394165697755, 27521.751232642404, 24719.551502945014, 34464.609953103594
310, 34559.394165697755, 24676.05902095145, 34559.394165697755, 27895.313074953705, 24713.454377871712, 34443.45527978536
311, 34559.394165697755, 24676.05902095145, 34559.394165697755, 27144.01856424133, 24722.932798610524, 34454.49936577613
312, 34559.394165697755, 24676.05902095145, 34559.394165697755, 27336.246587357266, 24724.890412645393, 34468.79785530826
313, 34559.67527836947, 24499.761263101722, 34559.67527836947, 27524.372633007897, 24719.853769116668, 34452.983184869496
314, 34559.67527836947, 24499.761263101722, 34559.67527836947, 30338.34628200788, 24680.471543993142, 34454.33850577573
315, 34559.67527836947, 24499.761263101722, 34559.67527836947, 30711.893396093383, 24677.124864919188, 34461.02273172354
316, 34559.67527836947, 24499.761263101722, 34559.67527836947, 31278.068671944086, 24676.385477900312, 34461.94688082744
317, 34559.67527836947, 24499.761263101722, 34559.67527836947, 29961.66749602418, 24679.136624074596, 34465.296735870594
318, 34559.67527836947, 24499.761263101722, 34559.67527836947, 30333.630109239104, 24677.106758707407, 34460.46556464049
319, 34559.67527836947, 24499.761263101722, 34559.67527836947, 30148.33526938154, 24670.207704926248, 34460.9827289083
320, 34559.67527836947, 24499.761263101722, 34559.67527836947, 30518.60476165654, 24656.42508224376, 34452.009444745745
321, 34559.67527836947, 24499.761263101722, 34559.67527836947, 30335.486369555478, 24650.110389463705, 34447.21864785525
322, 34559.67527836947, 24499.761263101722, 34559.67527836947, 30144.72731047582, 24619.70324534637, 34460.10507189507
323, 34559.67527836947, 24499.761263101722, 34559.67527836947, 29960.217317319748, 24596.776020171008, 34462.548555266214
324, 34583.554727971954, 24624.25823236456, 34583.554727971954, 30529.415729019078, 24549.561116184825, 34464.53540407783
325, 34583.554727971954, 24624.25823236456, 34583.554727971954, 28460.61604157193, 24574.12254666689, 34461.08926401849
326, 34583.554727971954, 24624.25823236456, 34583.554727971954, 27898.930776529407, 24581.35843952599, 34463.81264034662
327, 34583.554727971954, 24624.25823236456, 34583.554727971954, 28274.48349117357, 24576.46368050648, 34465.916267251516
328, 34583.554727971954, 24624.25823236456, 34583.554727971954, 28652.87592550883, 24582.211419156836, 34476.16511813285
329, 34583.554727971954, 24624.25823236456, 34583.554727971954, 27528.714570436172, 24604.136676487276, 34462.23444270645
330, 34583.554727971954, 24624.25823236456, 34583.554727971954, 27343.556066400866, 24610.186276123644, 34470.5844596714
331, 34648.044941958266, 24650.489121053222, 34648.044941958266, 27911.042822263822, 24627.305587979034, 34484.99482408467
332, 34648.044941958266, 24650.489121053222, 34648.044941958266, 27538.83225359257, 24668.52552365361, 34490.45849364669
333, 34648.044941958266, 24650.489121053222, 34648.044941958266, 28290.682488448023, 24671.38541941245, 34492.669001871865
334, 34648.044941958266, 24650.489121053222, 34648.044941958266, 27541.367834541037, 24680.663301690154, 34490.78320258471
335, 34648.044941958266, 24650.489121053222, 34648.044941958266, 27543.001917224374, 24677.24655532934, 34498.02373511229
336, 34648.044941958266, 24650.489121053222, 34648.044941958266, 27360.582571794603, 24684.80080226839, 34501.274542514715
337, 34648.044941958266, 24650.489121053222, 34648.044941958266, 27922.9893909491, 24684.19188754398, 34505.87758182409
338, 34648.044941958266, 24650.489121053222, 34648.044941958266, 27747.202551396662, 24679.32990383321, 34514.06057491485
339, 34648.044941958266, 24650.489121053222, 34648.044941958266, 27751.866086819122, 24684.63658207644, 34518.675668661075
340, 34648.044941958266, 24650.489121053222, 34648.044941958266, 27202.706760972487, 24701.27755769678, 34538.20328759304
341, 34648.044941958266, 24650.489121053222, 34648.044941958266, 27968.641372753, 24698.90863126539, 34554.67354402587
342, 34648.044941958266, 24650.489121053222, 34648.044941958266, 27215.382509037398, 24696.715234558655, 34542.190056302024
343, 34648.044941958266, 24650.489121053222, 34648.044941958266, 27589.31822114623, 24695.43966095324, 34548.1299093568
344, 34648.044941958266, 24650.489121053222, 34648.044941958266, 27776.313507477, 24705.833854918594, 34544.80441198397
345, 34648.044941958266, 24650.489121053222, 34648.044941958266, 28531.740131570874, 24691.91447964073, 34547.144195653156
346, 34648.044941958266, 24650.489121053222, 34648.044941958266, 27971.36577988746, 24702.38655264507, 34546.677649667065
347, 34648.044941958266, 24650.489121053222, 34648.044941958266, 27969.663204687557, 24691.61564258861, 34554.4824279353
348, 34648.044941958266, 24650.489121053222, 34648.044941958266, 27778.944506237254, 24692.406929859837, 34545.61568371075
349, 34648.044941958266, 24650.489121053222, 34648.044941958266, 27969.267998622658, 24692.969688588877, 34556.41741040234
350, 34648.044941958266, 24650.489121053222, 34648.044941958266, 27969.604094638904, 24697.318714935645, 34543.09475036351
351, 34648.044941958266, 24650.489121053222, 34648.044941958266, 28342.59292801412, 24685.673498988464, 34551.99720877847
352, 34648.044941958266, 24650.489121053222, 34648.044941958266, 27217.49589880843, 24698.05654205445, 34555.112069517956
353, 34648.044941958266, 24650.489121053222, 34648.044941958266, 27782.187940035354, 24701.459929752615, 34547.010320126916
354, 34648.044941958266, 24650.489121053222, 34648.044941958266, 27779.463293469456, 24695.12531211263, 34554.24786042374
355, 34648.044941958266, 24650.489121053222, 34648.044941958266, 27968.531429724168, 24698.41126401434, 34560.20951507229
356, 34648.044941958266, 24650.489121053222, 34648.044941958266, 27594.07943194003, 24692.68083866604, 34546.03508445688
357, 34648.044941958266, 24650.489121053222, 34648.044941958266, 27968.618374507103, 24702.756083775064, 34549.90767337171
358, 34648.044941958266, 24650.489121053222, 34648.044941958266, 29089.355914659915, 24687.83030771007, 34542.08478590547
359, 34648.044941958266, 24650.489121053222, 34648.044941958266, 28156.114330933444, 24694.008410510938, 34544.67620751664
360, 34648.044941958266, 24650.489121053222, 34648.044941958266, 27966.64342092048, 24701.53242585493, 34535.67594833491
361, 34648.044941958266, 24650.489121053222, 34648.044941958266, 28346.652508360883, 24693.796924398153, 34549.86536242388
362, 34648.044941958266, 24650.489121053222, 34648.044941958266, 27967.853380843353, 24705.44360943716, 34550.29621241281
363, 34648.044941958266, 24650.489121053222, 34648.044941958266, 27407.220129183264, 24701.63307570996, 34541.60441134423
364, 34648.044941958266, 24650.489121053222, 34648.044941958266, 27970.528460264733, 24693.655359378554, 34553.865268205336
365, 34648.044941958266, 24650.489121053222, 34648.044941958266, 27782.443660654968, 24698.7285004914, 34559.61720220315
366, 34648.044941958266, 24650.489121053222, 34648.044941958266, 27971.346364219124, 24687.672226418297, 34550.708239124084
367, 34648.044941958266, 24650.489121053222, 34648.044941958266, 27781.566723537806, 24699.29549733981, 34547.08303953025
368, 34648.044941958266, 24650.489121053222, 34648.044941958266, 27216.421061535766, 24701.242564384134, 34549.35812707599
369, 34648.044941958266, 24650.489121053222, 34648.044941958266, 27589.811751998725, 24688.254639970488, 34551.691477481494
370, 34648.044941958266, 24650.489121053222, 34648.044941958266, 27780.468917041366, 24694.949928711532, 34548.46217760803
371, 34648.044941958266, 24650.489121053222, 34648.044941958266, 27593.56319276626, 24707.3821223919, 34549.51748500647
372, 34648.044941958266, 24650.489121053222, 34648.044941958266, 27593.233160921904, 24692.497930579822, 34541.6805309358
373, 34648.044941958266, 24650.489121053222, 34648.044941958266, 29283.62690218587, 24684.56976950571, 34554.28588112434
374, 34648.044941958266, 24650.489121053222, 34648.044941958266, 28345.758375190337, 24696.866154345935, 34549.47824841547
375, 34648.044941958266, 24650.489121053222, 34648.044941958266, 27591.708943098143, 24694.479553116784, 34549.43162760314
376, 34648.044941958266, 24650.489121053222, 34648.044941958266, 28153.88950675745, 24696.368000996554, 34540.426033749085
377, 34648.044941958266, 24650.489121053222, 34648.044941958266, 27591.4478459949, 24689.718721696277, 34548.35817469388
378, 34735.47191834439, 24626.245848778817, 34735.47191834439, 28539.80308342862, 24689.875249471075, 34558.35744757118
379, 34735.47191834439, 24626.245848778817, 34735.47191834439, 28349.63093889997, 24691.38791192883, 34568.0740194254
380, 34735.47191834439, 24626.245848778817, 34735.47191834439, 27597.341159014195, 24695.254121304297, 34571.55998056379
381, 34735.47191834439, 24626.245848778817, 34735.47191834439, 28538.183289330755, 24683.719904730122, 34576.03809805964
382, 34735.47191834439, 24626.245848778817, 34735.47191834439, 28351.59823080904, 24686.686743116225, 34564.399368769424
383, 34739.410214042866, 24675.026213936377, 34739.410214042866, 28166.587280759642, 24692.363500129846, 34568.39089635392
384, 34739.410214042866, 24675.026213936377, 34739.410214042866, 27412.126605435325, 24712.846190900935, 34570.642724722115
385, 34739.410214042866, 24675.026213936377, 34739.410214042866, 27415.313169454876, 24708.633742077982, 34572.78256046386
386, 34739.410214042866, 24675.026213936377, 34739.410214042866, 27607.02853579814, 24706.010923361995, 34584.23729689801
387, 34739.410214042866, 24675.026213936377, 34739.410214042866, 27615.56996408913, 24698.317594926248, 34589.885229816566
388, 34739.410214042866, 24675.026213936377, 34739.410214042866, 28189.979682068413, 24683.961192554376, 34600.85695751103
389, 34739.410214042866, 24675.026213936377, 34739.410214042866, 27648.36586379276, 24685.20766184694, 34620.31130696505
390, 34739.410214042866, 24675.026213936377, 34739.410214042866, 27471.761867100762, 24694.02622490103, 34642.127112590526
391, 34797.43284567241, 24654.352025782126, 34797.43284567241, 27473.556864465976, 24690.405718619873, 34649.46874622358
392, 34797.43284567241, 24654.352025782126, 34797.43284567241, 28424.263603937812, 24682.794056999006, 34654.46200916185
393, 34797.43284567241, 24654.352025782126, 34797.43284567241, 28040.78726026612, 24701.336359789446, 34650.202081068484
394, 34797.43284567241, 24654.352025782126, 34797.43284567241, 28046.639831310807, 24710.629317781684, 34655.74099411398
395, 34797.43284567241, 24654.352025782126, 34797.43284567241, 27858.68496853808, 24720.38397993346, 34646.29906661803
396, 34797.43284567241, 24654.352025782126, 34797.43284567241, 27669.20926917964, 24720.98843565534, 34671.51757104678
397, 34797.43284567241, 24654.352025782126, 34797.43284567241, 27864.38035197335, 24714.896619147697, 34658.95112400391
398, 34797.43284567241, 24654.352025782126, 34797.43284567241, 27860.510743132847, 24715.908558576823, 34644.57967124947
399, 34797.43284567241, 24654.352025782126, 34797.43284567241, 28056.623105957777, 24711.109619542854, 34664.15938478125
400, 34823.25848569582, 24687.60300264447, 34823.25848569582, 31279.561279395595, 24668.105533659305, 34672.67140682061
401, 34823.25848569582, 24687.60300264447, 34823.25848569582, 26939.24345836342, 24716.871413292025, 34684.23653706349
402, 34823.25848569582, 24687.60300264447, 34823.25848569582, 27899.880448950025, 24704.66015651461, 34701.94687515524
403, 34823.25848569582, 24687.60300264447, 34823.25848569582, 27899.521307730534, 24699.549425631103, 34706.78846008538
404, 34823.25848569582, 24687.60300264447, 34823.25848569582, 28282.83791910001, 24694.645268622877, 34715.202782267916
405, 34823.25848569582, 24687.60300264447, 34823.25848569582, 26958.70331236077, 24716.204624005604, 34700.12013203834
406, 34885.51666890424, 24582.668313208676, 34885.51666890424, 27150.42966823834, 24722.769937598703, 34710.04407520605
407, 34885.51666890424, 24582.668313208676, 34885.51666890424, 28485.469906696035, 24687.382771182078, 34737.99379975749
408, 34885.51666890424, 24582.668313208676, 34885.51666890424, 28291.160074853076, 24687.650486540984, 34723.01477608629
409, 34885.51666890424, 24582.668313208676, 34885.51666890424, 29427.942107835835, 24681.889403004327, 34724.1870619586
410, 34885.51666890424, 24582.668313208676, 34885.51666890424, 28864.552907787085, 24695.186030590387, 34726.18458542294
411, 34885.51666890424, 24582.668313208676, 34885.51666890424, 29628.63575651623, 24708.6682880924, 34733.522249819755
412, 34885.51666890424, 24582.668313208676, 34885.51666890424, 27924.100053291088, 24720.88899697055, 34731.9499638932
413, 34885.51666890424, 24582.668313208676, 34885.51666890424, 28679.683210868203, 24718.7404631762, 34730.64795818991
414, 34885.51666890424, 24582.668313208676, 34885.51666890424, 29059.940830406165, 24709.48318331506, 34739.07687417543
415, 34885.51666890424, 24582.668313208676, 34885.51666890424, 29062.641005519436, 24709.36866192233, 34736.75427256031
416, 34885.51666890424, 24582.668313208676, 34885.51666890424, 29444.917841307073, 24701.870769868052, 34745.90317429192
417, 34885.51666890424, 24582.668313208676, 34885.51666890424, 29822.30239073441, 24691.705783306898, 34739.646178829156
418, 34885.51666890424, 24582.668313208676, 34885.51666890424, 28879.846562155184, 24700.909593273158, 34754.383248670856
419, 34885.51666890424, 24582.668313208676, 34885.51666890424, 28690.484902201737, 24682.946061246585, 34741.31481462164
420, 34885.51666890424, 24582.668313208676, 34885.51666890424, 29460.025533590604, 24677.540896162584, 34767.86863624975
421, 34885.51666890424, 24582.668313208676, 34885.51666890424, 29281.584623196704, 24662.09673806172, 34761.03459015541
422, 34885.51666890424, 24582.668313208676, 34885.51666890424, 28349.03216136073, 24640.425732426847, 34777.468197545575
423, 34885.51666890424, 24582.668313208676, 34885.51666890424, 29114.428296318212, 24631.12068312902, 34793.88151995456
424, 34885.51666890424, 24582.668313208676, 34885.51666890424, 28535.457947664425, 24627.88381661338, 34776.45521516299
425, 34885.51666890424, 24582.668313208676, 34885.51666890424, 29859.508528428414, 24623.58141573442, 34774.39702498267
426, 34885.51666890424, 24582.668313208676, 34885.51666890424, 28728.142310046715, 24634.755945203888, 34771.58122249902
427, 34885.51666890424, 24582.668313208676, 34885.51666890424, 29486.00371565067, 24629.51005263102, 34782.03428022107
428, 34885.51666890424, 24582.668313208676, 34885.51666890424, 29104.846372643748, 24628.152553132644, 34782.70818125816
429, 34885.51666890424, 24582.668313208676, 34885.51666890424, 29675.491013476927, 24630.914247874032, 34774.37882808856
430, 34885.51666890424, 24582.668313208676, 34885.51666890424, 28538.53317314954, 24631.40797127671, 34781.65345395802
431, 34885.51666890424, 24582.668313208676, 34885.51666890424, 29486.64579465483, 24618.22129452774, 34789.68517260867
432, 34885.51666890424, 24582.668313208676, 34885.51666890424, 28922.97894941038, 24628.610928166694, 34798.15336852198
433, 34905.252182225195, 24653.87276746629, 34905.252182225195, 27591.873924580235, 24650.155929572127, 34792.89155800197
434, 34905.252182225195, 24653.87276746629, 34905.252182225195, 28163.824941411865, 24639.829837372996, 34799.768077865374
435, 34905.252182225195, 24653.87276746629, 34905.252182225195, 27595.74999185762, 24644.952581192956, 34801.398552323924
436, 34905.252182225195, 24653.87276746629, 34905.252182225195, 27967.794551764422, 24649.00313289792, 34780.420905430605
437, 34910.83900674264, 24523.97998510713, 34910.83900674264, 29869.681895182413, 24617.900437769425, 34796.898284877665
438, 34910.83900674264, 24523.97998510713, 34910.83900674264, 30242.220844270574, 24619.942804941318, 34783.39321776915
439, 34910.83900674264, 24523.97998510713, 34910.83900674264, 30627.920632078694, 24618.68404789619, 34789.71707110615
440, 34910.83900674264, 24523.97998510713, 34910.83900674264, 29488.273413667477, 24627.713856784718, 34789.42534416085
441, 34910.83900674264, 24523.97998510713, 34910.83900674264, 29300.28321212263, 24635.977524769005, 34789.70486629223
442, 34910.83900674264, 24523.97998510713, 34910.83900674264, 29115.57126447192, 24640.626195059827, 34806.46931490068
443, 34910.83900674264, 24523.97998510713, 34910.83900674264, 29690.132148234174, 24645.04886967077, 34802.66181779489
444, 34910.83900674264, 24523.97998510713, 34910.83900674264, 30268.826036149825, 24643.151309071967, 34809.85709941718
445, 34910.83900674264, 24523.97998510713, 34910.83900674264, 30449.92114842931, 24623.083953468366, 34806.19696751993
446, 34910.83900674264, 24523.97998510713, 34910.83900674264, 30265.838594051962, 24596.434701358194, 34815.83796031759
447, 34910.83900674264, 24523.97998510713, 34910.83900674264, 29698.140789314308, 24571.40111030804, 34806.88452598065
448, 34910.83900674264, 24523.97998510713, 34910.83900674264, 29697.081052891284, 24578.625530137597, 34808.39045356239
449, 34910.83900674264, 24523.97998510713, 34910.83900674264, 30642.01129987494, 24564.972221098335, 34802.255644952056
450, 34910.83900674264, 24523.97998510713, 34910.83900674264, 29317.971227912974, 24572.121461867107, 34805.737876121326
451, 35046.8248006683, 24664.685103786924, 35046.8248006683, 28944.41663762604, 24601.04905661615, 34827.08002293873
452, 35046.8248006683, 24664.685103786924, 35046.8248006683, 28001.514033073763, 24602.588234737505, 34846.92747712798
453, 35046.8248006683, 24664.685103786924, 35046.8248006683, 27616.375991964658, 24603.042979288857, 34849.727127589715
454, 35046.8248006683, 24664.685103786924, 35046.8248006683, 28188.025166807296, 24597.584004116747, 34834.55918980362
455, 35046.8248006683, 24664.685103786924, 35046.8248006683, 29137.757155529802, 24591.239206110786, 34832.60887197753
456, 35046.8248006683, 24664.685103786924, 35046.8248006683, 28379.190285361878, 24606.883782349392, 34839.48722775398
457, 35046.8248006683, 24664.685103786924, 35046.8248006683, 28189.203348719304, 24608.488402100433, 34843.50042253116
458, 35046.8248006683, 24664.685103786924, 35046.8248006683, 27429.71572115032, 24617.962353736, 34839.03501553276
459, 35046.8248006683, 24664.685103786924, 35046.8248006683, 28195.952820662184, 24605.89148677995, 34844.19781315307
460, 35046.8248006683, 24664.685103786924, 35046.8248006683, 28396.660276833067, 24624.728257414692, 34861.2010378571
461, 35046.8248006683, 24664.685103786924, 35046.8248006683, 27640.00183585477, 24624.321567252213, 34861.05333164536
462, 35046.8248006683, 24664.685103786924, 35046.8248006683, 27645.674110578875, 24656.311257599624, 34857.678079825004
463, 35046.8248006683, 24664.685103786924, 35046.8248006683, 28227.725683228662, 24659.02038551784, 34878.67502539218
464, 35046.8248006683, 24664.685103786924, 35046.8248006683, 28071.442896044773, 24695.53154766635, 34917.75497801531
465, 35046.8248006683, 24664.685103786924, 35046.8248006683, 27907.7510018591, 24711.598213967372, 34939.1930649169
466, 35046.8248006683, 24664.685103786924, 35046.8248006683, 27906.242639372416, 24717.580119370454, 34935.539480303116
467, 35046.8248006683, 24664.685103786924, 35046.8248006683, 28291.785843985694, 24717.443177160578, 34935.73543688581
468, 35046.8248006683, 24664.685103786924, 35046.8248006683, 27337.111118146808, 24725.002801277842, 34951.37934177293
469, 35046.8248006683, 24664.685103786924, 35046.8248006683, 27910.564411943134, 24719.5789246909, 34950.20753083925
470, 35046.8248006683, 24664.685103786924, 35046.8248006683, 28670.243131313597, 24705.484863318223, 34945.343143300306
471, 35046.8248006683, 24664.685103786924, 35046.8248006683, 29053.973337366093, 24699.577606820414, 34953.008831088046
472, 35056.35649667823, 24550.146995304225, 35056.35649667823, 28672.685640900007, 24690.545587589575, 34941.141417993545
473, 35056.35649667823, 24550.146995304225, 35056.35649667823, 29624.64963768883, 24683.578403350988, 34953.23580419212
474, 35056.35649667823, 24550.146995304225, 35056.35649667823, 30002.34131473196, 24685.58732228415, 34947.91995845694
475, 35056.35649667823, 24550.146995304225, 35056.35649667823, 28859.16461248453, 24693.420741142025, 34938.70704446122
476, 35056.35649667823, 24550.146995304225, 35056.35649667823, 30189.138941497553, 24672.31659759999, 34941.27608229924
477, 35074.35715688776, 24678.4961355009, 35074.35715688776, 27724.749164409885, 24698.640662451056, 34952.3089068624
478, 35074.35715688776, 24678.4961355009, 35074.35715688776, 27722.289688069664, 24691.511383906207, 34952.15163681015
479, 35074.35715688776, 24678.4961355009, 35074.35715688776, 27533.689713927455, 24683.764328558045, 34946.81924293307
480, 35074.35715688776, 24678.4961355009, 35074.35715688776, 28290.711812461628, 24653.057772574943, 34944.693671096386
481, 35074.35715688776, 24678.4961355009, 35074.35715688776, 28300.508289552887, 24635.73908030906, 34963.31054149103
482, 35074.35715688776, 24678.4961355009, 35074.35715688776, 28490.68573906512, 24631.78965218984, 34959.64667770446
483, 35074.35715688776, 24678.4961355009, 35074.35715688776, 28298.755750305896, 24631.016127134408, 34961.55717283236
484, 35074.35715688776, 24678.4961355009, 35074.35715688776, 27162.171832511325, 24661.294703538253, 34955.49983314286
485, 35074.35715688776, 24678.4961355009, 35074.35715688776, 27929.3884100064, 24668.823098836707, 34982.18049993995
486, 35074.35715688776, 24678.4961355009, 35074.35715688776, 28119.89181965685, 24694.18394324648, 34972.557691357106
487, 35074.35715688776, 24678.4961355009, 35074.35715688776, 27742.892144730704, 24721.92148918127, 34978.890210332254
488, 35074.35715688776, 24678.4961355009, 35074.35715688776, 28500.24996325847, 24718.774865640684, 34973.42298374663
489, 35074.35715688776, 24678.4961355009, 35074.35715688776, 28121.6674152878, 24727.590401566093, 34970.19684008411
490, 35074.35715688776, 24678.4961355009, 35074.35715688776, 27551.287888184666, 24729.879029179367, 34977.76303683806
491, 35074.35715688776, 24678.4961355009, 35074.35715688776, 27933.287813494244, 24728.35357511363, 34974.22302849807
492, 35074.35715688776, 24678.4961355009, 35074.35715688776, 27736.513016959052, 24730.356795915868, 34962.350427132034
493, 35074.35715688776, 24678.4961355009, 35074.35715688776, 28119.99723383277, 24735.67274959203, 34972.40774853328
494, 35074.35715688776, 24678.4961355009, 35074.35715688776, 27361.18584257958, 24730.16971518799, 34961.62131019982
495, 35074.35715688776, 24678.4961355009, 35074.35715688776, 27932.417765130303, 24720.958258890223, 34962.650434226634
496, 35074.35715688776, 24678.4961355009, 35074.35715688776, 28119.143034666475, 24724.60038734221, 34962.86346640669
497, 35074.35715688776, 24678.4961355009, 35074.35715688776, 28309.622306008852, 24712.412862757334, 34981.33263114664
498, 35074.35715688776, 24678.4961355009, 35074.35715688776, 28501.48532841975, 24718.141472675587, 34966.84067841839
499, 35074.35715688776, 24678.4961355009, 35074.35715688776, 28123.145661978808, 24729.601108907897, 34960.45786542136
500, 35074.35715688776, 24678.4961355009, 35074.35715688776, 28119.0572788173, 24717.315894931024, 34947.904667783674
