1, 26601.051828165215, 24676.46713798718, 26601.051828165215, 25117.13301105488, 24656.87149286026, 25117.13301105488
2, 26601.051828165215, 24676.46713798718, 26601.051828165215, 25627.94012310569, 24635.015967806048, 25627.94012310569
3, 26795.46757714992, 24477.483327802074, 26795.46757714992, 25881.68613806881, 24617.809167840023, 25881.68613806881
4, 26965.20439960701, 24521.604614586704, 26965.20439960701, 26107.97413983501, 24614.32349532453, 26107.97413983501
5, 26965.20439960701, 24521.604614586704, 26965.20439960701, 26314.15837235534, 24585.219259672478, 26314.15837235534
6, 26983.261512172598, 24446.975637080403, 26983.261512172598, 26469.571090024263, 24539.708626955864, 26469.571090024263
7, 27041.395856198807, 24653.485322937504, 27041.395856198807, 26622.538242802977, 24520.458694067405, 26622.538242802977
8, 27074.89824769077, 24661.917964619253, 27074.89824769077, 26746.7196466741, 24471.031516871182, 26746.7196466741
9, 27209.166167190444, 24547.2666087771, 27209.166167190444, 26864.019554271406, 24445.9270767874, 26864.019554271406
10, 27301.798387129234, 24667.50778991656, 27301.798387129234, 26953.30048085922, 24452.303958602544, 26953.30048085922
11, 27301.798387129234, 24667.50778991656, 27301.798387129234, 27030.17200452724, 24460.340567504572, 27030.17200452724
12, 27536.004550463993, 24575.957521977478, 27536.004550463993, 27102.31248305731, 24502.52441727992, 27102.31248305731
13, 27536.004550463993, 24575.957521977478, 27536.004550463993, 27165.254758195093, 24474.575909406773, 27165.254758195093
14, 27536.004550463993, 24575.957521977478, 27536.004550463993, 27242.31937097834, 24482.75695179563, 27242.31937097834
15, 27536.004550463993, 24575.957521977478, 27536.004550463993, 27308.46852782405, 24460.662894182882, 27308.46852782405
16, 27575.763318763788, 24563.91519726512, 27575.763318763788, 27380.44598584707, 24488.695148934876, 27380.44598584707
17, 27686.019851028617, 24376.33286756046, 27686.019851028617, 27447.29606432578, 24489.14758659302, 27447.29606432578
18, 27781.90895258288, 24672.66334210908, 27781.90895258288, 27517.013837046536, 24505.016445988957, 27517.013837046536
19, 27851.528337899406, 24493.303127328207, 27851.528337899406, 27583.709483873336, 24493.881874151266, 27583.709483873336
20, 27940.277892140184, 24615.330938950356, 27940.277892140184, 27649.738936748476, 24467.19606650528, 27649.738936748476
21, 28034.46171066349, 24477.758809835803, 28034.46171066349, 27724.646324356065, 24467.635751813003, 27724.646324356065
22, 28120.60296150181, 24156.05412390397, 28120.60296150181, 27786.87641960699, 24463.915038189007, 27786.87641960699
23, 28170.347399716546, 24395.207201712157, 28170.347399716546, 27856.835102005163, 24489.40635240692, 27856.835102005163
24, 28289.225804880567, 24417.39685134107, 28289.225804880567, 27924.36427684421, 24492.412825245483, 27924.36427684421
25, 28299.59439554018, 24313.620712701457, 28299.59439554018, 28004.97875288174, 24470.65740130674, 28004.97875288174
26, 28446.37213745133, 24423.616962957312, 28446.37213745133, 28101.726359964083, 24417.062265258635, 28101.726359964083
27, 28522.88545902844, 24484.336122308367, 28522.88545902844, 28186.10355101998, 24395.60637891313, 28186.10355101998
28, 28686.654047625194, 24549.784439737527, 28686.654047625194, 28255.722758372285, 24424.40842002061, 28255.722758372285
29, 28739.969442007787, 24565.605923947274, 28739.969442007787, 28315.771767460425, 24425.508096989677, 28315.771767460425
30, 28739.969442007787, 24565.605923947274, 28739.969442007787, 28373.39295996596, 24453.365153721723, 28373.39295996596
31, 28739.969442007787, 24565.605923947274, 28739.969442007787, 28436.155450385824, 24460.81666559699, 28436.155450385824
32, 28739.969442007787, 24565.605923947274, 28739.969442007787, 28503.003244486914, 24448.327373153927, 28503.003244486914
33, 29077.397256084056, 24541.087512498274, 29077.397256084056, 28576.83323092316, 24467.30530331897, 28576.83323092316
34, 29077.397256084056, 24541.087512498274, 29077.397256084056, 28651.322956344997, 24464.22969167249, 28651.322956344997
35, 29077.397256084056, 24541.087512498274, 29077.397256084056, 28702.833599544978, 24445.37456406174, 28702.833599544978
36, 29077.397256084056, 24541.087512498274, 29077.397256084056, 28732.733983722952, 24427.106806579715, 28732.733983722952
37, 29077.397256084056, 24541.087512498274, 29077.397256084056, 28762.348339242144, 24408.026145225354, 28762.348339242144
38, 29107.249114711238, 24369.70736021319, 29107.249114711238, 28799.07645364116, 24447.326381043677, 28799.07645364116
39, 29107.249114711238, 24369.70736021319, 29107.249114711238, 28851.433239256403, 24394.771373382115, 28851.433239256403
40, 29182.57000527078, 24372.36101123011, 29182.57000527078, 28899.606155175396, 24406.68875506554, 28899.606155175396
41, 29410.335028730457, 24651.426534746104, 29410.335028730457, 28955.28568834469, 24431.26006110633, 28955.28568834469
42, 29410.335028730457, 24651.426534746104, 29410.335028730457, 29016.028899451157, 24445.98604351975, 29016.028899451157
43, 29410.335028730457, 24651.426534746104, 29410.335028730457, 29072.010826661008, 24461.59698366956, 29072.010826661008
44, 29410.335028730457, 24651.426534746104, 29410.335028730457, 29104.898500717332, 24487.893649327616, 29104.898500717332
45, 29434.19525174106, 24683.485054429068, 29434.19525174106, 29139.201127167642, 24437.633481138335, 29139.201127167642
46, 29434.19525174106, 24683.485054429068, 29434.19525174106, 29198.651994663738, 24422.851395856902, 29198.651994663738
47, 29509.602472834962, 24230.842050659063, 29509.602472834962, 29255.2790582271, 24370.17359629378, 29255.2790582271
48, 29509.602472834962, 24230.842050659063, 29509.602472834962, 29309.484819218, 24374.56100437659, 29309.484819218
49, 29509.602472834962, 24230.842050659063, 29509.602472834962, 29340.985889104057, 24383.06172528527, 29340.985889104057
50, 29509.602472834962, 24230.842050659063, 29509.602472834962, 29379.658527353426, 24387.39246273252, 29379.658527353426
51, 29580.06746458548, 24155.843711223177, 29580.06746458548, 29410.811470857967, 24476.31715947196, 29410.811470857967
52, 29610.174708495797, 24315.531333359064, 29610.174708495797, 29441.243413498356, 24498.761187674805, 29441.243413498356
53, 29610.174708495797, 24315.531333359064, 29610.174708495797, 29465.873154529174, 24502.35237188972, 29465.873154529174
54, 29667.966871678647, 24616.462670077297, 29667.966871678647, 29495.64420193944, 24371.124374807234, 29495.64420193944
55, 29813.23794558901, 24219.81657860325, 29813.23794558901, 29520.972400923994, 24341.55983948618, 29520.972400923994
56, 29813.23794558901, 24219.81657860325, 29813.23794558901, 29543.10343543948, 24359.412326524718, 29543.10343543948
57, 29813.23794558901, 24219.81657860325, 29813.23794558901, 29567.41347559739, 24407.329954945468, 29567.41347559739
58, 29926.23508179732, 24353.296480515895, 29926.23508179732, 29600.310419879228, 24354.264741267525, 29600.310419879228
59, 29926.23508179732, 24353.296480515895, 29926.23508179732, 29630.910440166503, 24379.97384123709, 29630.910440166503
60, 30021.103972025536, 24224.384255230616, 30021.103972025536, 29659.01425438625, 24420.14858300498, 29659.01425438625
61, 30021.103972025536, 24224.384255230616, 30021.103972025536, 29686.717174045116, 24470.131687721452, 29686.717174045116
62, 30021.103972025536, 24224.384255230616, 30021.103972025536, 29723.837996605784, 24430.587591078278, 29723.837996605784
63, 30046.948952636034, 24286.94783759708, 30046.948952636034, 29762.230314357537, 24393.31661129504, 29762.230314357537
64, 30046.948952636034, 24286.94783759708, 30046.948952636034, 29803.120414325233, 24330.26207011729, 29803.120414325233
65, 30046.948952636034, 24286.94783759708, 30046.948952636034, 29850.938851490286, 24342.004841200946, 29850.938851490286
66, 30138.924713924836, 24436.97173770693, 30138.924713924836, 29892.03496612038, 24289.859017372408, 29892.03496612038
67, 30138.924713924836, 24436.97173770693, 30138.924713924836, 29949.535368161378, 24323.1071249373, 29949.535368161378
68, 30138.924713924836, 24436.97173770693, 30138.924713924836, 29997.0110440498, 24282.973723777475, 29997.0110440498
69, 30293.992562027466, 24220.324081489456, 30293.992562027466, 30029.931953264506, 24247.33712704738, 30029.931953264506
70, 30293.992562027466, 24220.324081489456, 30293.992562027466, 30041.491695340057, 24265.316306675268, 30041.491695340057
71, 30293.992562027466, 24220.324081489456, 30293.992562027466, 30063.562548968577, 24300.760196728235, 30063.562548968577
72, 30368.156044050662, 24270.145567317348, 30368.156044050662, 30105.18764829246, 24347.621165515324, 30105.18764829246
73, 30368.156044050662, 24270.145567317348, 30368.156044050662, 30138.12699594137, 24383.857601539446, 30138.12699594137
74, 30368.156044050662, 24270.145567317348, 30368.156044050662, 30175.283938797835, 24381.748881633946, 30175.283938797835
75, 30389.233831905385, 24448.69581816219, 30389.233831905385, 30217.018948026915, 24378.94900109096, 30217.018948026915
76, 30469.86035049721, 24265.33473594533, 30469.86035049721, 30265.009042384932, 24326.89540501672, 30265.009042384932
77, 30469.86035049721, 24265.33473594533, 30469.86035049721, 30305.420214358135, 24293.16458915369, 30305.420214358135
78, 30469.86035049721, 24265.33473594533, 30469.86035049721, 30331.181885192418, 24268.432363853655, 30331.181885192418
79, 30495.818747244113, 24476.08663798603, 30495.818747244113, 30354.941580037983, 24287.072263974507, 30354.941580037983
80, 30518.17461454009, 24444.099050652407, 30518.17461454009, 30379.489297619923, 24308.064257921968, 30379.489297619923
81, 30518.17461454009, 24444.099050652407, 30518.17461454009, 30392.961952436206, 24315.968930038212, 30392.961952436206
82, 30518.17461454009, 24444.099050652407, 30518.17461454009, 30405.510474457617, 24344.904248912717, 30405.510474457617
83, 30518.17461454009, 24444.099050652407, 30518.17461454009, 30428.348771766778, 24402.32173409676, 30428.348771766778
84, 30518.17461454009, 24444.099050652407, 30518.17461454009, 30452.541340008793, 24386.578059424563, 30452.541340008793
85, 30518.17461454009, 24444.099050652407, 30518.17461454009, 30467.893117543208, 24387.061406049375, 30467.893117543208
86, 30651.4154154302, 24373.04932562647, 30651.4154154302, 30480.6515187807, 24339.46646930947, 30480.6515187807
87, 30651.4154154302, 24373.04932562647, 30651.4154154302, 30489.280550839998, 24395.19537815031, 30489.280550839998
88, 30651.4154154302, 24373.04932562647, 30651.4154154302, 30500.543074998393, 24450.43843465317, 30500.543074998393
89, 30651.4154154302, 24373.04932562647, 30651.4154154302, 30511.050992983008, 24449.96761107287, 30511.050992983008
90, 30651.4154154302, 24373.04932562647, 30651.4154154302, 30521.028671821983, 24446.363388763108, 30521.028671821983
91, 30651.4154154302, 24373.04932562647, 30651.4154154302, 30538.003245236923, 24417.848246399397, 30538.003245236923
92, 30665.557979036625, 24236.813290090526, 30665.557979036625, 30555.732511199218, 24360.159885231067, 30555.732511199218
93, 30740.081573073498, 24590.307013134465, 30740.081573073498, 30577.02994571626, 24322.450971723, 30577.02994571626
94, 30740.081573073498, 24590.307013134465, 30740.081573073498, 30611.724451580583, 24296.86466595506, 30611.724451580583
95, 30742.686720495578, 24434.30612067645, 30742.686720495578, 30640.038902798136, 24312.586259180796, 30640.038902798136
96, 30742.686720495578, 24434.30612067645, 30742.686720495578, 30657.901396856196, 24370.064410792693, 30657.901396856196
97, 30795.667043407993, 24293.600453662886, 30795.667043407993, 30662.75306850973, 24365.23625072138, 30662.75306850973
98, 30797.558139574674, 24447.24684811928, 30797.558139574674, 30671.962372039492, 24362.25826830687, 30671.962372039492
99, 30875.693491140522, 24489.85207676844, 30875.693491140522, 30686.483544808427, 24352.18342780044, 30686.483544808427
100, 30875.693491140522, 24489.85207676844, 30875.693491140522, 30711.855960778823, 24394.4189381848, 30711.855960778823
101, 30875.693491140522, 24489.85207676844, 30875.693491140522, 30732.916883108577, 24469.156885246583, 30732.916883108577
102, 30875.693491140522, 24489.85207676844, 30875.693491140522, 30747.748073891376, 24491.503066485835, 30747.748073891376
103, 30912.916612940226, 24591.264182804232, 30912.916612940226, 30754.58930269404, 24444.25421226232, 30754.58930269404
104, 30912.916612940226, 24591.264182804232, 30912.916612940226, 30763.70002886019, 24411.708311732953, 30763.70002886019
105, 30912.916612940226, 24591.264182804232, 30912.916612940226, 30777.072976534822, 24396.866727444212, 30777.072976534822
106, 30951.73285474167, 24411.73798056545, 30951.73285474167, 30797.11846099121, 24391.597443615738, 30797.11846099121
107, 30951.73285474167, 24411.73798056545, 30951.73285474167, 30809.507789207346, 24409.67185748129, 30809.507789207346
108, 30951.73285474167, 24411.73798056545, 30951.73285474167, 30818.480443195425, 24459.36628804634, 30818.480443195425
109, 30951.73285474167, 24411.73798056545, 30951.73285474167, 30833.60926857286, 24466.69565431794, 30833.60926857286
110, 30951.73285474167, 24411.73798056545, 30951.73285474167, 30848.862183799225, 24425.424808254826, 30848.862183799225
111, 31059.91943823768, 24546.731220152196, 31059.91943823768, 30864.77527520501, 24440.07540591409, 30864.77527520501
112, 31059.91943823768, 24546.731220152196, 31059.91943823768, 30875.666656126497, 24438.675994500158, 30875.666656126497
113, 31059.91943823768, 24546.731220152196, 31059.91943823768, 30885.196847639232, 24434.750155192214, 30885.196847639232
114, 31059.91943823768, 24546.731220152196, 31059.91943823768, 30893.742786109728, 24450.820718550418, 30893.742786109728
115, 31059.91943823768, 24546.731220152196, 31059.91943823768, 30902.575627694212, 24418.086224387247, 30902.575627694212
116, 31059.91943823768, 24546.731220152196, 31059.91943823768, 30917.377167731025, 24411.980848004307, 30917.377167731025
117, 31059.91943823768, 24546.731220152196, 31059.91943823768, 30940.25147524672, 24527.523089222093, 30940.25147524672
118, 31059.91943823768, 24546.731220152196, 31059.91943823768, 30957.496583150205, 24491.600540334362, 30957.496583150205
119, 31059.91943823768, 24546.731220152196, 31059.91943823768, 30978.367594087063, 24434.947714770675, 30978.367594087063
120, 31065.074952439663, 24225.670845464145, 31065.074952439663, 31000.678393021808, 24408.091888112664, 31000.678393021808
121, 31068.98640636676, 24428.74090282325, 31068.98640636676, 31030.02056498487, 24402.189463055314, 31030.02056498487
122, 31184.625882327204, 24634.045694728666, 31184.625882327204, 31045.541613845806, 24436.133196896226, 31045.541613845806
123, 31184.625882327204, 24634.045694728666, 31184.625882327204, 31061.000310359406, 24508.097474537535, 31061.000310359406
124, 31260.995309534694, 24535.617355064776, 31260.995309534694, 31066.171352271394, 24525.773941016218, 31066.171352271394
125, 31260.995309534694, 24535.617355064776, 31260.995309534694, 31071.80482740467, 24514.543799521754, 31071.80482740467
126, 31260.995309534694, 24535.617355064776, 31260.995309534694, 31078.423531754004, 24489.940636876523, 31078.423531754004
127, 31260.995309534694, 24535.617355064776, 31260.995309534694, 31091.405292916148, 24455.506154951607, 31091.405292916148
128, 31395.08489820567, 24384.101495444396, 31395.08489820567, 31117.050372243513, 24438.057963670948, 31117.050372243513
129, 31395.08489820567, 24384.101495444396, 31395.08489820567, 31149.061679670493, 24459.906299071958, 31149.061679670493
130, 31395.08489820567, 24384.101495444396, 31395.08489820567, 31172.048181711612, 24480.457621334765, 31172.048181711612
131, 31395.08489820567, 24384.101495444396, 31395.08489820567, 31193.287547216467, 24494.194416564584, 31193.287547216467
132, 31395.08489820567, 24384.101495444396, 31395.08489820567, 31204.270465265265, 24523.518766863075, 31204.270465265265
133, 31598.550621013866, 24438.32936853719, 31598.550621013866, 31222.872551110064, 24535.105051114526, 31222.872551110064
134, 31598.550621013866, 24438.32936853719, 31598.550621013866, 31245.85746159068, 24537.553873063775, 31245.85746159068
135, 31598.550621013866, 24438.32936853719, 31598.550621013866, 31284.98480859583, 24466.671931217203, 31284.98480859583
136, 31598.550621013866, 24438.32936853719, 31598.550621013866, 31332.741370886528, 24450.644639313352, 31332.741370886528
137, 31598.550621013866, 24438.32936853719, 31598.550621013866, 31381.963556868977, 24410.606239685836, 31381.963556868977
138, 31598.550621013866, 24438.32936853719, 31598.550621013866, 31410.75116647136, 24388.12638522292, 31410.75116647136
139, 31598.550621013866, 24438.32936853719, 31598.550621013866, 31422.452864931452, 24393.133854836495, 31422.452864931452
140, 31598.550621013866, 24438.32936853719, 31598.550621013866, 31438.448729032218, 24401.46933789446, 31438.448729032218
141, 31616.38445448757, 24500.948712672456, 31616.38445448757, 31468.8605922322, 24406.23696754173, 31468.8605922322
142, 31654.374714737984, 24516.699810129892, 31654.374714737984, 31511.176272539768, 24423.572491464358, 31511.176272539768
143, 31680.709739164206, 24613.55751423262, 31680.709739164206, 31567.491623063128, 24435.067875764777, 31567.491623063128
144, 31754.375245961688, 24335.349954385667, 31754.375245961688, 31601.21369827346, 24441.510407909547, 31601.21369827346
145, 31754.375245961688, 24335.349954385667, 31754.375245961688, 31601.85648651632, 24443.807278976128, 31601.85648651632
146, 31754.375245961688, 24335.349954385667, 31754.375245961688, 31605.000825196865, 24449.902759514836, 31605.000825196865
147, 31754.375245961688, 24335.349954385667, 31754.375245961688, 31607.275238732607, 24453.843564584266, 31607.275238732607
148, 31754.375245961688, 24335.349954385667, 31754.375245961688, 31614.040604501464, 24462.384890893103, 31614.040604501464
149, 31754.375245961688, 24335.349954385667, 31754.375245961688, 31623.181431246296, 24474.56632177454, 31623.181431246296
150, 31754.375245961688, 24335.349954385667, 31754.375245961688, 31639.178544290397, 24498.255277826036, 31639.178544290397
151, 31777.660789139674, 24656.028851764488, 31777.660789139674, 31660.94214087091, 24508.518550619105, 31660.94214087091
152, 31777.660789139674, 24656.028851764488, 31777.660789139674, 31671.324038601088, 24503.764139444796, 31671.324038601088
153, 31777.660789139674, 24656.028851764488, 31777.660789139674, 31682.233866913957, 24501.675938212975, 31682.233866913957
154, 31777.660789139674, 24656.028851764488, 31777.660789139674, 31699.142420406424, 24498.23405744452, 31699.142420406424
155, 31777.660789139674, 24656.028851764488, 31777.660789139674, 31717.854719919367, 24411.15787537697, 31717.854719919367
156, 31777.660789139674, 24656.028851764488, 31777.660789139674, 31742.436636201284, 24335.030592486044, 31742.436636201284
157, 31777.660789139674, 24656.028851764488, 31777.660789139674, 31755.8252933545, 24321.331442650164, 31755.8252933545
158, 31869.788740871274, 24674.267396814543, 31869.788740871274, 31757.19649214267, 24360.290212239437, 31757.19649214267
159, 31869.788740871274, 24674.267396814543, 31869.788740871274, 31758.888285397497, 24371.688819668245, 31758.888285397497
160, 31869.788740871274, 24674.267396814543, 31869.788740871274, 31762.056775740795, 24394.681819936377, 31762.056775740795
161, 31869.788740871274, 24674.267396814543, 31869.788740871274, 31767.263310367096, 24434.318666917956, 31767.263310367096
162, 31869.788740871274, 24674.267396814543, 31869.788740871274, 31775.773658084196, 24504.297659968994, 31775.773658084196
163, 31869.788740871274, 24674.267396814543, 31869.788740871274, 31785.55085593788, 24623.547534847818, 31785.55085593788
164, 31869.788740871274, 24674.267396814543, 31869.788740871274, 31790.548054987612, 24656.82598847775, 31790.548054987612
165, 31869.788740871274, 24674.267396814543, 31869.788740871274, 31797.022835765743, 24657.76145363226, 31797.022835765743
166, 31869.788740871274, 24674.267396814543, 31869.788740871274, 31807.632894128634, 24658.951210980864, 31807.632894128634
167, 31869.788740871274, 24674.267396814543, 31869.788740871274, 31830.141946594726, 24662.345860922575, 31830.141946594726
168, 31869.788740871274, 24674.267396814543, 31869.788740871274, 31864.353545849488, 24668.862075261557, 31864.353545849488
169, 31869.788740871274, 24674.267396814543, 31869.788740871274, 31869.7887408714, 24674.267396814557, 31869.7887408714
170, 31938.172387713228, 24628.16042135412, 31938.172387713228, 31870.327978447036, 24674.047260620093, 31870.327978447036
171, 32010.263707047943, 24608.07031777973, 32010.263707047943, 31871.056902363198, 24673.685286386815, 31871.056902363198
172, 32010.263707047943, 24608.07031777973, 32010.263707047943, 31871.700499728708, 24673.16616677607, 31871.700499728708
173, 32010.263707047943, 24608.07031777973, 32010.263707047943, 31872.31900683827, 24673.166373986463, 31872.31900683827
174, 32010.263707047943, 24608.07031777973, 32010.263707047943, 31873.598927199506, 24672.570789037756, 31873.598927199506
175, 32010.263707047943, 24608.07031777973, 32010.263707047943, 31875.977866468835, 24670.554242247377, 31875.977866468835
176, 32010.263707047943, 24608.07031777973, 32010.263707047943, 31878.21121187107, 24669.92529017414, 31878.21121187107
177, 32010.263707047943, 24608.07031777973, 32010.263707047943, 31885.53637602278, 24666.210815704464, 31885.53637602278
178, 32010.263707047943, 24608.07031777973, 32010.263707047943, 31892.87225888568, 24662.46456282298, 31892.87225888568
179, 32013.41128649606, 24685.991273523498, 32013.41128649606, 31907.215701735808, 24654.706542523927, 31907.215701735808
180, 32013.41128649606, 24685.991273523498, 32013.41128649606, 31922.215833036495, 24650.41515382409, 31922.215833036495
181, 32013.41128649606, 24685.991273523498, 32013.41128649606, 31926.723522071563, 24641.052473310876, 31926.723522071563
182, 32013.41128649606, 24685.991273523498, 32013.41128649606, 31934.13910853728, 24623.767069427682, 31934.13910853728
183, 32013.41128649606, 24685.991273523498, 32013.41128649606, 31943.305598582894, 24630.897340238713, 31943.305598582894
184, 32013.41128649606, 24685.991273523498, 32013.41128649606, 31946.241226316295, 24631.37791422944, 31946.241226316295
185, 32013.41128649606, 24685.991273523498, 32013.41128649606, 31952.551436995665, 24632.9775429651, 31952.551436995665
186, 32013.41128649606, 24685.991273523498, 32013.41128649606, 31961.438150507547, 24634.85705535147, 31961.438150507547
187, 32013.41128649606, 24685.991273523498, 32013.41128649606, 31972.478416808513, 24639.362617153944, 31972.478416808513
188, 32013.41128649606, 24685.991273523498, 32013.41128649606, 31993.10737258564, 24635.062525875514, 31993.10737258564
189, 32013.41128649606, 24685.991273523498, 32013.41128649606, 32012.640129531323, 24666.90063936621, 32012.640129531323
190, 32013.41128649606, 24685.991273523498, 32013.41128649606, 32013.411286495928, 24685.991273523403, 32013.411286495928
191, 32013.41128649606, 24685.991273523498, 32013.41128649606, 32013.411286495928, 24685.991273523403, 32013.411286495928
192, 32041.869237345796, 24569.59568855314, 32041.869237345796, 32013.553576250175, 24685.409295598547, 32013.553576250175
193, 32158.572283272842, 24565.572475320536, 32158.572283272842, 32014.421670988308, 24684.225223682683, 32014.421670988308
194, 32158.572283272842, 24565.572475320536, 32158.572283272842, 32014.812477342024, 24681.716586676404, 32014.812477342024
195, 32158.572283272842, 24565.572475320536, 32158.572283272842, 32015.736500290237, 24675.902628633256, 32015.736500290237
196, 32158.572283272842, 24565.572475320536, 32158.572283272842, 32017.458415146113, 24670.60816383302, 32017.458415146113
197, 32158.572283272842, 24565.572475320536, 32158.572283272842, 32020.531771024827, 24661.667064131965, 32020.531771024827
198, 32158.572283272842, 24565.572475320536, 32158.572283272842, 32023.166086822937, 24652.100448785663, 32023.166086822937
199, 32158.572283272842, 24565.572475320536, 32158.572283272842, 32029.121726287347, 24627.75281773998, 32029.121726287347
200, 32158.572283272842, 24565.572475320536, 32158.572283272842, 32038.835431756896, 24587.90213233796, 32038.835431756896
201, 32158.572283272842, 24565.572475320536, 32158.572283272842, 32053.54606303915, 24565.689641982415, 32053.54606303915
202, 32158.572283272842, 24565.572475320536, 32158.572283272842, 32060.623985493992, 24569.080997477948, 32060.623985493992
203, 32158.572283272842, 24565.572475320536, 32158.572283272842, 32072.451081557763, 24568.859790872793, 32072.451081557763
204, 32176.521315189857, 24654.67802601991, 32176.521315189857, 32087.297225514587, 24568.246008885602, 32087.297225514587
205, 32176.521315189857, 24654.67802601991, 32176.521315189857, 32117.894905881094, 24597.04835679668, 32117.894905881094
206, 32176.521315189857, 24654.67802601991, 32176.521315189857, 32151.309672732426, 24615.738092831216, 32151.309672732426
207, 32181.0296074636, 24584.279927207917, 32181.0296074636, 32154.271545324824, 24607.90507136181, 32154.271545324824
208, 32181.0296074636, 24584.279927207917, 32181.0296074636, 32157.406039880017, 24587.685996953714, 32157.406039880017
209, 32181.0296074636, 24584.279927207917, 32181.0296074636, 32159.886498330976, 24571.799789968063, 32159.886498330976
210, 32257.38815647569, 24641.263137615002, 32257.38815647569, 32161.454379875857, 24575.165645635338, 32161.454379875857
211, 32257.38815647569, 24641.263137615002, 32257.38815647569, 32163.153047259875, 24582.974156399057, 32163.153047259875
212, 32257.38815647569, 24641.263137615002, 32257.38815647569, 32166.20450023117, 24592.745382827386, 32166.20450023117
213, 32257.38815647569, 24641.263137615002, 32257.38815647569, 32170.93231638296, 24607.71857882213, 32170.93231638296
214, 32257.38815647569, 24641.263137615002, 32257.38815647569, 32178.18889501847, 24636.25052840302, 32178.18889501847
215, 32257.38815647569, 24641.263137615002, 32257.38815647569, 32181.291713658924, 24640.903890611615, 32181.291713658924
216, 32257.38815647569, 24641.263137615002, 32257.38815647569, 32184.96378475647, 24633.543644427467, 32184.96378475647
217, 32257.38815647569, 24641.263137615002, 32257.38815647569, 32190.134801673124, 24621.100884660336, 32190.134801673124
218, 32257.38815647569, 24641.263137615002, 32257.38815647569, 32200.206497763447, 24602.79759659026, 32200.206497763447
219, 32257.38815647569, 24641.263137615002, 32257.38815647569, 32212.971043915353, 24610.659815522795, 32212.971043915353
220, 32257.38815647569, 24641.263137615002, 32257.38815647569, 32232.66900487387, 24626.120187986005, 32232.66900487387
221, 32257.38815647569, 24641.263137615002, 32257.38815647569, 32256.5160464005, 24647.06878225741, 32256.5160464005
222, 32267.316794225833, 24598.67691383958, 32267.316794225833, 32257.43779966432, 24641.050206496104, 32257.43779966432
223, 32267.316794225833, 24598.67691383958, 32267.316794225833, 32257.487442853075, 24640.837275377227, 32257.487442853075
224, 32279.89302520654, 24618.628691389982, 32279.89302520654, 32257.59996719673, 24640.7241031461, 32257.59996719673
225, 32325.513117201146, 24612.39749571109, 32325.513117201146, 32257.940592000356, 24640.57977493658, 32257.940592000356
226, 32325.513117201146, 24612.39749571109, 32325.513117201146, 32258.734365951266, 24640.17794628642, 32258.734365951266
227, 32325.513117201146, 24612.39749571109, 32325.513117201146, 32259.42384622795, 24638.16793733339, 32259.42384622795
228, 32325.513117201146, 24612.39749571109, 32325.513117201146, 32261.15727192335, 24636.53029819257, 32261.15727192335
229, 32325.513117201146, 24612.39749571109, 32325.513117201146, 32263.29054943237, 24632.43888427799, 32263.29054943237
230, 32325.513117201146, 24612.39749571109, 32325.513117201146, 32268.05456550809, 24627.03003284294, 32268.05456550809
231, 32368.03655728794, 24592.475253774148, 32368.03655728794, 32274.159991844142, 24620.20268374165, 32274.159991844142
232, 32368.03655728794, 24592.475253774148, 32368.03655728794, 32287.26710398397, 24604.538943721942, 32287.26710398397
233, 32368.03655728794, 24592.475253774148, 32368.03655728794, 32298.94137026542, 24592.274212043616, 32298.94137026542
234, 32368.03655728794, 24592.475253774148, 32368.03655728794, 32312.62021258236, 24610.858004459307, 32312.62021258236
235, 32425.768382807062, 24664.00379899, 32425.768382807062, 32328.618972328273, 24612.16185874973, 32328.618972328273
236, 32425.768382807062, 24664.00379899, 32425.768382807062, 32330.16957618675, 24612.048050981128, 32330.16957618675
237, 32425.768382807062, 24664.00379899, 32425.768382807062, 32332.984000243698, 24611.703071276854, 32332.984000243698
238, 32425.768382807062, 24664.00379899, 32425.768382807062, 32336.651626255785, 24611.17469375825, 32336.651626255785
239, 32425.768382807062, 24664.00379899, 32425.768382807062, 32344.148877411102, 24608.901592629347, 32344.148877411102
240, 32425.768382807062, 24664.00379899, 32425.768382807062, 32358.234259322166, 24614.512781318397, 32358.234259322166
241, 32425.768382807062, 24664.00379899, 32425.768382807062, 32374.409575712973, 24603.11677810787, 32374.409575712973
242, 32425.768382807062, 24664.00379899, 32425.768382807062, 32386.239729953162, 24620.03269843045, 32386.239729953162
243, 32425.768382807062, 24664.00379899, 32425.768382807062, 32395.713070223337, 24634.140329723425, 32395.713070223337
244, 32425.768382807062, 24664.00379899, 32425.768382807062, 32410.78471259716, 24657.291126621818, 32410.78471259716
245, 32425.768382807062, 24664.00379899, 32425.768382807062, 32425.76838280719, 24664.003798989972, 32425.76838280719
246, 32425.768382807062, 24664.00379899, 32425.768382807062, 32425.76838280719, 24664.003798989972, 32425.76838280719
247, 32425.768382807062, 24664.00379899, 32425.768382807062, 32425.76838280719, 24664.003798989972, 32425.76838280719
248, 32517.853889499427, 24613.15379548744, 32517.853889499427, 32426.22881034065, 24663.749548972457, 32426.22881034065
249, 32607.85423531041, 24663.584939829252, 32607.85423531041, 32427.59966713663, 24663.49320465914, 32427.59966713663
250, 32607.85423531041, 24663.584939829252, 32607.85423531041, 32428.52052220355, 24662.984704624116, 32428.52052220355
251, 32607.85423531041, 24663.584939829252, 32607.85423531041, 32429.44137727048, 24662.47620458909, 32429.44137727048
252, 32607.85423531041, 24663.584939829252, 32607.85423531041, 32432.723186702566, 24660.902733285086, 32432.723186702566
253, 32607.85423531041, 24663.584939829252, 32607.85423531041, 32439.60874809568, 24658.101794500835, 32439.60874809568
254, 32607.85423531041, 24663.584939829252, 32607.85423531041, 32450.15687814767, 24654.279667054932, 32450.15687814767
255, 32607.85423531041, 24663.584939829252, 32607.85423531041, 32464.61417684903, 24646.543751350622, 32464.61417684903
256, 32607.85423531041, 24663.584939829252, 32607.85423531041, 32488.78382830568, 24635.932065853733, 32488.78382830568
257, 32607.85423531041, 24663.584939829252, 32607.85423531041, 32522.504516589084, 24621.480476288307, 32522.504516589084
258, 32607.85423531041, 24663.584939829252, 32607.85423531041, 32539.528446540542, 24625.67519329297, 32539.528446540542
259, 32619.322672104405, 24581.389992598615, 32619.322672104405, 32552.336247772077, 24632.814284200747, 32552.336247772077
260, 32619.322672104405, 24581.389992598615, 32619.322672104405, 32571.39566480009, 24644.41702742373, 32571.39566480009
261, 32619.322672104405, 24581.389992598615, 32619.322672104405, 32603.577415833206, 24660.592615602814, 32603.577415833206
262, 32619.322672104405, 24581.389992598615, 32619.322672104405, 32607.968919678286, 24662.76299035686, 32607.968919678286
263, 32619.322672104405, 24581.389992598615, 32619.322672104405, 32607.968919678286, 24662.76299035686, 32607.968919678286
264, 32619.322672104405, 24581.389992598615, 32619.322672104405, 32608.179727485738, 24661.008134920987, 32608.179727485738
265, 32619.322672104405, 24581.389992598615, 32619.322672104405, 32608.333193109218, 24659.66425422127, 32608.333193109218
266, 32634.963338385453, 24529.035015406993, 32634.963338385453, 32608.87013391238, 24656.114681446088, 32608.87013391238
267, 32634.963338385453, 24529.035015406993, 32634.963338385453, 32609.138283903805, 24653.94885127406, 32609.138283903805
268, 32634.963338385453, 24529.035015406993, 32634.963338385453, 32609.82869033045, 24649.055397799155, 32609.82869033045
269, 32674.06373704937, 24599.710266490994, 32674.06373704937, 32611.48550872748, 24639.398335577738, 32611.48550872748
270, 32716.012728377726, 24497.636009246078, 32716.012728377726, 32614.334418015584, 24625.15677614181, 32614.334418015584
271, 32716.012728377726, 24497.636009246078, 32716.012728377726, 32617.78065928566, 24604.349571149116, 32617.78065928566
272, 32716.012728377726, 24497.636009246078, 32716.012728377726, 32623.0779964566, 24575.86201399598, 32623.0779964566
273, 32716.012728377726, 24497.636009246078, 32716.012728377726, 32625.241184231345, 24573.86381628115, 32625.241184231345
274, 32747.123859457875, 24624.65601915241, 32747.123859457875, 32629.726333018338, 24570.46756416348, 32629.726333018338
275, 32747.123859457875, 24624.65601915241, 32747.123859457875, 32637.222265718057, 24564.04767322865, 32637.222265718057
276, 32747.123859457875, 24624.65601915241, 32747.123859457875, 32648.27528900759, 24553.4329175836, 32648.27528900759
277, 32747.123859457875, 24624.65601915241, 32747.123859457875, 32656.54254425442, 24557.91587220359, 32656.54254425442
278, 32747.123859457875, 24624.65601915241, 32747.123859457875, 32667.354908292353, 24571.587057254274, 32667.354908292353
279, 32747.123859457875, 24624.65601915241, 32747.123859457875, 32682.37135690495, 24585.899930685173, 32682.37135690495
280, 32759.271095714023, 24622.318401029064, 32759.271095714023, 32688.654498955297, 24578.811208816376, 32688.654498955297
281, 32759.271095714023, 24622.318401029064, 32759.271095714023, 32697.142145626214, 24568.89515139091, 32697.142145626214
282, 32759.271095714023, 24622.318401029064, 32759.271095714023, 32709.90508092353, 24551.939769876823, 32709.90508092353
283, 32759.271095714023, 24622.318401029064, 32759.271095714023, 32724.68976178749, 24532.543135789103, 32724.68976178749
284, 32759.271095714023, 24622.318401029064, 32759.271095714023, 32729.978654071092, 24554.136537473172, 32729.978654071092
285, 32759.271095714023, 24622.318401029064, 32759.271095714023, 32737.78696150754, 24583.979647726665, 32737.78696150754
286, 32759.271095714023, 24622.318401029064, 32759.271095714023, 32747.298292391984, 24623.569672497404, 32747.298292391984
287, 32759.271095714023, 24622.318401029064, 32759.271095714023, 32747.404213535345, 24621.443731549793, 32747.404213535345
288, 32759.271095714023, 24622.318401029064, 32759.271095714023, 32747.798264365898, 24617.156785382722, 32747.798264365898
289, 32759.271095714023, 24622.318401029064, 32759.271095714023, 32748.298236339808, 24610.743898268036, 32748.298236339808
290, 32759.271095714023, 24622.318401029064, 32759.271095714023, 32749.07856239131, 24601.118723550706, 32749.07856239131
291, 32759.271095714023, 24622.318401029064, 32759.271095714023, 32749.904073404894, 24589.379295976378, 32749.904073404894
292, 32796.81902883264, 24684.398345316094, 32796.81902883264, 32751.946901774787, 24560.907676270734, 32751.946901774787
293, 32796.81902883264, 24684.398345316094, 32796.81902883264, 32754.90483529013, 24524.184252042993, 32754.90483529013
294, 32796.81902883264, 24684.398345316094, 32796.81902883264, 32758.910142203255, 24473.22661911887, 32758.910142203255
295, 32796.81902883264, 24684.398345316094, 32796.81902883264, 32759.542216651324, 24508.53973720698, 32759.542216651324
296, 32796.81902883264, 24684.398345316094, 32796.81902883264, 32761.212947317, 24583.991902358695, 32761.212947317
297, 32796.81902883264, 24684.398345316094, 32796.81902883264, 32763.401368356943, 24629.147194900605, 32763.401368356943
298, 32796.81902883264, 24684.398345316094, 32796.81902883264, 32765.091025347272, 24631.94079239352, 32765.091025347272
299, 32796.81902883264, 24684.398345316094, 32796.81902883264, 32770.15999631829, 24640.321584872258, 32770.15999631829
300, 32796.81902883264, 24684.398345316094, 32796.81902883264, 32776.73088461402, 24651.185575122498, 32776.73088461402
301, 32796.81902883264, 24684.398345316094, 32796.81902883264, 32790.06040087123, 24673.223955344536, 32790.06040087123
302, 32796.81902883264, 24684.398345316094, 32796.81902883264, 32796.81902883271, 24684.39834531613, 32796.81902883271
303, 32796.81902883264, 24684.398345316094, 32796.81902883264, 32796.81902883271, 24684.39834531613, 32796.81902883271
304, 32796.81902883264, 24684.398345316094, 32796.81902883264, 32796.81902883271, 24684.39834531613, 32796.81902883271
305, 32906.080807654806, 24526.142648438523, 32906.080807654806, 32797.417309400014, 24683.414664792683, 32797.417309400014
306, 32933.729742416625, 24548.984700660174, 32933.729742416625, 32798.64817186204, 24681.946318085018, 32798.64817186204
307, 32933.729742416625, 24548.984700660174, 32933.729742416625, 32800.122301984025, 24679.476377179446, 32800.122301984025
308, 32933.729742416625, 24548.984700660174, 32933.729742416625, 32803.42557513534, 24674.55440904276, 32803.42557513534
309, 32933.729742416625, 24548.984700660174, 32933.729742416625, 32808.710283581546, 24667.664377422243, 32808.710283581546
310, 32933.729742416625, 24548.984700660174, 32933.729742416625, 32814.807494224144, 24657.10785440165, 32814.807494224144
311, 32933.729742416625, 24548.984700660174, 32933.729742416625, 32826.85455604581, 24638.426602997948, 32826.85455604581
312, 32933.729742416625, 24548.984700660174, 32933.729742416625, 32838.38724989506, 24619.08466588122, 32838.38724989506
313, 32933.729742416625, 24548.984700660174, 32933.729742416625, 32865.99646993126, 24574.45332321997, 32865.99646993126
314, 32933.729742416625, 24548.984700660174, 32933.729742416625, 32904.47243387576, 24541.44066137716, 32904.47243387576
315, 32933.729742416625, 24548.984700660174, 32933.729742416625, 32915.481445473895, 24533.908946193922, 32915.481445473895
316, 32933.729742416625, 24548.984700660174, 32933.729742416625, 32922.871227562704, 24539.690293082436, 32922.871227562704
317, 32947.26438927107, 24537.003891934877, 32947.26438927107, 32932.11498344681, 24547.186056692863, 32932.11498344681
318, 32947.26438927107, 24537.003891934877, 32947.26438927107, 32933.865088885024, 24548.86489257296, 32933.865088885024
319, 32947.26438927107, 24537.003891934877, 32947.26438927107, 32933.93276211929, 24548.804988529333, 32933.93276211929
320, 32947.26438927107, 24537.003891934877, 32947.26438927107, 32934.00043535356, 24548.74508448571, 32934.00043535356
321, 32947.26438927107, 24537.003891934877, 32947.26438927107, 32934.203455056384, 24548.565372354828, 32934.203455056384
322, 32947.26438927107, 24537.003891934877, 32947.26438927107, 32934.4064747592, 24548.385660223947, 32934.4064747592
323, 32947.26438927107, 24537.003891934877, 32947.26438927107, 32934.74484093056, 24548.086140005817, 32934.74484093056
324, 32947.26438927107, 24537.003891934877, 32947.26438927107, 32935.35390003901, 24547.54700361318, 32935.35390003901
325, 32947.26438927107, 24537.003891934877, 32947.26438927107, 32936.368998553095, 24546.648442958776, 32936.368998553095
326, 32985.20048741549, 24655.543244689783, 32985.20048741549, 32937.50610432363, 24546.40248311178, 32937.50610432363
327, 32985.20048741549, 24655.543244689783, 32985.20048741549, 32940.18635527031, 24545.551139156018, 32940.18635527031
328, 32985.20048741549, 24655.543244689783, 32985.20048741549, 32944.084724433895, 24543.621522415036, 32944.084724433895
329, 32985.20048741549, 24655.543244689783, 32985.20048741549, 32948.78183319675, 24541.745466045137, 32948.78183319675
330, 32985.20048741549, 24655.543244689783, 32985.20048741549, 32949.730235650364, 24544.70894986401, 32949.730235650364
331, 32985.20048741549, 24655.543244689783, 32985.20048741549, 32950.67863810398, 24547.67243368288, 32950.67863810398
332, 32985.20048741549, 24655.543244689783, 32985.20048741549, 32952.97814517142, 24553.88271231883, 32952.97814517142
333, 32985.20048741549, 24655.543244689783, 32985.20048741549, 32955.503684534095, 24561.990373601955, 32955.503684534095
334, 32985.20048741549, 24655.543244689783, 32985.20048741549, 32960.0793574902, 24575.313013403196, 32960.0793574902
335, 32985.20048741549, 24655.543244689783, 32985.20048741549, 32965.982793881354, 24592.784530550834, 32965.982793881354
336, 32985.20048741549, 24655.543244689783, 32985.20048741549, 32976.0592010684, 24623.29537650146, 32976.0592010684
337, 32985.20048741549, 24655.543244689783, 32985.20048741549, 32985.20048741538, 24655.543244689725, 32985.20048741538
338, 32985.20048741549, 24655.543244689783, 32985.20048741549, 32985.20048741538, 24655.543244689725, 32985.20048741538
339, 32985.20048741549, 24655.543244689783, 32985.20048741549, 32985.20048741538, 24655.543244689725, 32985.20048741538
340, 32985.20048741549, 24655.543244689783, 32985.20048741549, 32985.20048741538, 24655.543244689725, 32985.20048741538
341, 33043.68625654314, 24556.831018434485, 33043.68625654314, 32985.78276481304, 24655.078079957362, 32985.78276481304
342, 33043.68625654314, 24556.831018434485, 33043.68625654314, 32986.388476160355, 24655.113057224444, 32986.388476160355
343, 33043.68625654314, 24556.831018434485, 33043.68625654314, 32987.86889375097, 24654.18930862788, 32987.86889375097
344, 33043.68625654314, 24556.831018434485, 33043.68625654314, 32991.14817202109, 24651.82643477274, 32991.14817202109
345, 33043.68625654314, 24556.831018434485, 33043.68625654314, 32994.98371344563, 24649.020211715986, 32994.98371344563
346, 33074.34369048525, 24454.552271223183, 33074.34369048525, 33001.37711406668, 24644.29844693168, 33001.37711406668
347, 33074.34369048525, 24454.552271223183, 33074.34369048525, 33010.19594037064, 24639.194633685514, 33010.19594037064
348, 33074.34369048525, 24454.552271223183, 33074.34369048525, 33023.20250631205, 24629.18153259925, 33023.20250631205
349, 33074.34369048525, 24454.552271223183, 33074.34369048525, 33043.87260692973, 24610.62433542644, 33043.87260692973
350, 33074.34369048525, 24454.552271223183, 33074.34369048525, 33044.51050869781, 24573.07508463511, 33044.51050869781
351, 33074.34369048525, 24454.552271223183, 33074.34369048525, 33045.21912824015, 24551.7170810739, 33045.21912824015
352, 33074.34369048525, 24454.552271223183, 33074.34369048525, 33046.44542559783, 24547.62593118545, 33046.44542559783
353, 33074.34369048525, 24454.552271223183, 33074.34369048525, 33047.97829729493, 24542.511993824883, 33047.97829729493
354, 33074.34369048525, 24454.552271223183, 33074.34369048525, 33051.657189367994, 24530.238544159525, 33051.657189367994
355, 33074.34369048525, 24454.552271223183, 33074.34369048525, 33056.71566596843, 24513.36255086968, 33056.71566596843
356, 33074.34369048525, 24454.552271223183, 33074.34369048525, 33064.22673728425, 24488.30425780293, 33064.22673728425
357, 33074.34369048525, 24454.552271223183, 33074.34369048525, 33074.3436904854, 24454.55227122323, 33074.3436904854
358, 33074.34369048525, 24454.552271223183, 33074.34369048525, 33074.3436904854, 24454.55227122323, 33074.3436904854
359, 33074.34369048525, 24454.552271223183, 33074.34369048525, 33074.3436904854, 24454.55227122323, 33074.3436904854
360, 33074.34369048525, 24454.552271223183, 33074.34369048525, 33074.3436904854, 24454.55227122323, 33074.3436904854
361, 33074.34369048525, 24454.552271223183, 33074.34369048525, 33074.3436904854, 24454.55227122323, 33074.3436904854
362, 33074.34369048525, 24454.552271223183, 33074.34369048525, 33074.3436904854, 24454.55227122323, 33074.3436904854
363, 33074.34369048525, 24454.552271223183, 33074.34369048525, 33074.3436904854, 24454.55227122323, 33074.3436904854
364, 33074.34369048525, 24454.552271223183, 33074.34369048525, 33074.3436904854, 24454.55227122323, 33074.3436904854
365, 33085.49135012632, 24613.192780961683, 33085.49135012632, 33074.39942878361, 24455.345473771926, 33074.39942878361
366, 33085.49135012632, 24613.192780961683, 33085.49135012632, 33074.51090538002, 24456.931878869305, 33074.51090538002
367, 33085.49135012632, 24613.192780961683, 33085.49135012632, 33074.678120274635, 24459.311486515384, 33074.678120274635
368, 33099.85777122565, 24444.273791436754, 33099.85777122565, 33075.02864387116, 24462.432904311223, 33075.02864387116
369, 33099.85777122565, 24444.273791436754, 33099.85777122565, 33075.25159706398, 24465.605714505993, 33075.25159706398
370, 33099.85777122565, 24444.273791436754, 33099.85777122565, 33075.75324174783, 24472.744537444225, 33075.75324174783
371, 33099.85777122565, 24444.273791436754, 33099.85777122565, 33076.828363221015, 24486.177588373062, 33076.828363221015
372, 33099.85777122565, 24444.273791436754, 33099.85777122565, 33077.847746396, 24498.81743675322, 33077.847746396
373, 33099.85777122565, 24444.273791436754, 33099.85777122565, 33079.69999233163, 24518.282342173992, 33079.69999233163
374, 33099.85777122565, 24444.273791436754, 33099.85777122565, 33082.57162144226, 24550.387095974922, 33082.57162144226
375, 33099.85777122565, 24444.273791436754, 33099.85777122565, 33086.38655645838, 24595.342679255642, 33086.38655645838
376, 33099.85777122565, 24444.273791436754, 33099.85777122565, 33087.28715276381, 24592.077907271047, 33087.28715276381
377, 33099.85777122565, 24444.273791436754, 33099.85777122565, 33088.43646645176, 24578.56438810906, 33088.43646645176
378, 33099.85777122565, 24444.273791436754, 33099.85777122565, 33090.519597511186, 24554.071134627942, 33090.519597511186
379, 33137.67763302101, 24314.140609041413, 33137.67763302101, 33092.86365998506, 24528.082620287212, 33092.86365998506
380, 33137.67763302101, 24314.140609041413, 33137.67763302101, 33096.57253246331, 24486.046801941568, 33096.57253246331
381, 33137.67763302101, 24314.140609041413, 33137.67763302101, 33100.2359698435, 24442.972459612778, 33100.2359698435
382, 33137.67763302101, 24314.140609041413, 33137.67763302101, 33100.614168461456, 24441.671127788824, 33100.614168461456
383, 33137.67763302101, 24314.140609041413, 33137.67763302101, 33100.99236707941, 24440.36979596487, 33100.99236707941
384, 33137.67763302101, 24314.140609041413, 33137.67763302101, 33101.18146638839, 24439.719130052898, 33101.18146638839
385, 33137.67763302101, 24314.140609041413, 33137.67763302101, 33102.694260860204, 24434.513802757083, 33102.694260860204
386, 33137.67763302101, 24314.140609041413, 33137.67763302101, 33104.585253949976, 24428.007143637315, 33104.585253949976
387, 33137.67763302101, 24314.140609041413, 33137.67763302101, 33107.44408681968, 24418.359956812466, 33107.44408681968
388, 33137.67763302101, 24314.140609041413, 33137.67763302101, 33112.193912779156, 24402.20611086784, 33112.193912779156
389, 33137.67763302101, 24314.140609041413, 33137.67763302101, 33117.8418507915, 24382.98996982895, 33117.8418507915
390, 33137.67763302101, 24314.140609041413, 33137.67763302101, 33129.96654980114, 24341.460153317275, 33129.96654980114
391, 33137.67763302101, 24314.140609041413, 33137.67763302101, 33137.67763302102, 24314.14060904141, 33137.67763302102
392, 33137.67763302101, 24314.140609041413, 33137.67763302101, 33137.67763302102, 24314.14060904141, 33137.67763302102
393, 33152.98879717551, 24356.042930878266, 33152.98879717551, 33137.7541888418, 24314.350120650593, 33137.7541888418
394, 33154.147715807514, 24467.900819157552, 33154.147715807514, 33137.9130950765, 24315.328433310362, 33137.9130950765
395, 33154.147715807514, 24467.900819157552, 33154.147715807514, 33138.086243889484, 24315.8684604418, 33138.086243889484
396, 33154.147715807514, 24467.900819157552, 33154.147715807514, 33138.50064935109, 24318.155601283583, 33138.50064935109
397, 33210.73851218089, 24299.098923674337, 33210.73851218089, 33139.21225137285, 24319.160447119622, 33139.21225137285
398, 33210.73851218089, 24299.098923674337, 33210.73851218089, 33139.995193360046, 24322.933431535657, 33139.995193360046
399, 33210.73851218089, 24299.098923674337, 33210.73851218089, 33140.6228219775, 24326.00260733502, 33140.6228219775
400, 33210.73851218089, 24299.098923674337, 33210.73851218089, 33142.24881746621, 24333.911587906303, 33142.24881746621
401, 33210.73851218089, 24299.098923674337, 33210.73851218089, 33144.75956378963, 24343.365441445076, 33144.75956378963
402, 33210.73851218089, 24299.098923674337, 33210.73851218089, 33148.51455689953, 24360.956984111996, 33148.51455689953
403, 33210.73851218089, 24299.098923674337, 33210.73851218089, 33153.2850428971, 24381.99359647354, 33153.2850428971
404, 33210.73851218089, 24299.098923674337, 33210.73851218089, 33154.220102269785, 24390.424005578225, 33154.220102269785
405, 33210.73851218089, 24299.098923674337, 33210.73851218089, 33154.98882099407, 24408.311117072277, 33154.98882099407
406, 33288.08012369653, 24470.028823615787, 33288.08012369653, 33156.47200472149, 24442.419915404575, 33156.47200472149
407, 33288.08012369653, 24470.028823615787, 33288.08012369653, 33158.10490642836, 24459.20620089506, 33158.10490642836
408, 33288.08012369653, 24470.028823615787, 33288.08012369653, 33159.83505661683, 24454.64576349984, 33159.83505661683
409, 33288.08012369653, 24470.028823615787, 33288.08012369653, 33164.22475500221, 24446.069207700817, 33164.22475500221
410, 33288.08012369653, 24470.028823615787, 33288.08012369653, 33168.97109469838, 24427.904817100534, 33168.97109469838
411, 33288.08012369653, 24470.028823615787, 33288.08012369653, 33178.332148594054, 24401.399534525237, 33178.332148594054
412, 33288.08012369653, 24470.028823615787, 33288.08012369653, 33193.7491409249, 24367.09391030187, 33193.7491409249
413, 33288.08012369653, 24470.028823615787, 33288.08012369653, 33214.265590944335, 24348.316808493277, 33214.265590944335
414, 33288.08012369653, 24470.028823615787, 33288.08012369653, 33227.71541337334, 24334.449518030073, 33227.71541337334
415, 33391.59709689534, 24386.728609615995, 33391.59709689534, 33239.24221779088, 24355.764416988342, 33239.24221779088
416, 33391.59709689534, 24386.728609615995, 33391.59709689534, 33255.66535014855, 24389.46091001254, 33255.66535014855
417, 33391.59709689534, 24386.728609615995, 33391.59709689534, 33286.281374528306, 24451.77761235666, 33286.281374528306
418, 33391.59709689534, 24386.728609615995, 33391.59709689534, 33289.11529342847, 24469.19582147589, 33289.11529342847
419, 33391.59709689534, 24386.728609615995, 33391.59709689534, 33289.13435623306, 24469.380251184233, 33289.13435623306
420, 33391.59709689534, 24386.728609615995, 33391.59709689534, 33289.15341903764, 24469.564680892574, 33289.15341903764
421, 33391.59709689534, 24386.728609615995, 33391.59709689534, 33289.17248184223, 24469.749110600915, 33289.17248184223
422, 33391.59709689534, 24386.728609615995, 33391.59709689534, 33289.24873306057, 24470.486829434278, 33289.24873306057
423, 33391.59709689534, 24386.728609615995, 33391.59709689534, 33289.861631949505, 24470.992476905983, 33289.861631949505
424, 33391.59709689534, 24386.728609615995, 33391.59709689534, 33291.9298120248, 24471.49391848754, 33291.9298120248
425, 33391.59709689534, 24386.728609615995, 33391.59709689534, 33293.671035279964, 24474.25615822251, 33293.671035279964
426, 33391.59709689534, 24386.728609615995, 33391.59709689534, 33297.24952556671, 24477.474128900507, 33297.24952556671
427, 33391.59709689534, 24386.728609615995, 33391.59709689534, 33305.514338066634, 24484.9210213392, 33305.514338066634
428, 33391.59709689534, 24386.728609615995, 33391.59709689534, 33315.510812469765, 24493.297229453656, 33315.510812469765
429, 33391.59709689534, 24386.728609615995, 33391.59709689534, 33329.56146690866, 24487.577895528477, 33329.56146690866
430, 33391.59709689534, 24386.728609615995, 33391.59709689534, 33356.48350341067, 24472.8708832601, 33356.48350341067
431, 33391.59709689534, 24386.728609615995, 33391.59709689534, 33383.3084521969, 24445.97948328364, 33383.3084521969
432, 33391.59709689534, 24386.728609615995, 33391.59709689534, 33391.59098817035, 24388.79581017842, 33391.59098817035
433, 33391.59709689534, 24386.728609615995, 33391.59709689534, 33391.59709689551, 24386.728609615948, 33391.59709689551
434, 33391.59709689534, 24386.728609615995, 33391.59709689534, 33391.59709689551, 24386.728609615948, 33391.59709689551
435, 33413.27873174321, 24376.182788325757, 33413.27873174321, 33391.705505069745, 24386.675880509494, 33391.705505069745
436, 33431.78917049377, 24432.820137693365, 33431.78917049377, 33392.01487361198, 24386.853609043428, 33392.01487361198
437, 33431.78917049377, 24432.820137693365, 33431.78917049377, 33392.12328178622, 24386.800879936978, 33392.12328178622
438, 33431.78917049377, 24432.820137693365, 33431.78917049377, 33392.44850630894, 24386.642692617625, 33392.44850630894
439, 33431.78917049377, 24432.820137693365, 33431.78917049377, 33393.284059741876, 24386.892691472593, 33393.284059741876
440, 33431.78917049377, 24432.820137693365, 33431.78917049377, 33394.75420623977, 24387.16223154215, 33394.75420623977
441, 33431.78917049377, 24432.820137693365, 33431.78917049377, 33396.93564201587, 24388.070415426406, 33396.93564201587
442, 33431.78917049377, 24432.820137693365, 33431.78917049377, 33400.58722428986, 24389.248139380215, 33400.58722428986
443, 33431.78917049377, 24432.820137693365, 33431.78917049377, 33405.53234939748, 24390.471290711797, 33405.53234939748
444, 33431.78917049377, 24432.820137693365, 33431.78917049377, 33413.004762352415, 24393.72902796645, 33413.004762352415
445, 33431.78917049377, 24432.820137693365, 33431.78917049377, 33420.405250662094, 24397.988167832307, 33420.405250662094
446, 33431.78917049377, 24432.820137693365, 33431.78917049377, 33424.2924427997, 24409.882011199505, 33424.2924427997
447, 33431.78917049377, 24432.820137693365, 33431.78917049377, 33430.40088758736, 24428.572336490848, 33430.40088758736
448, 33448.58875495814, 24330.018705511382, 33448.58875495814, 33431.87316841597, 24432.306130532543, 33431.87316841597
449, 33448.58875495814, 24330.018705511382, 33448.58875495814, 33431.87316841597, 24432.306130532543, 33431.87316841597
450, 33448.58875495814, 24330.018705511382, 33448.58875495814, 33431.87316841597, 24432.306130532543, 33431.87316841597
451, 33448.58875495814, 24330.018705511382, 33448.58875495814, 33432.04116426061, 24431.278116210724, 33432.04116426061
452, 33448.58875495814, 24330.018705511382, 33448.58875495814, 33432.20916010526, 24430.2501018889, 33432.20916010526
453, 33448.58875495814, 24330.018705511382, 33448.58875495814, 33432.96514140615, 24425.624037440713, 33432.96514140615
454, 33448.58875495814, 24330.018705511382, 33448.58875495814, 33433.38513101776, 24423.054001636167, 33433.38513101776
455, 33448.58875495814, 24330.018705511382, 33448.58875495814, 33434.22511024099, 24417.913930027065, 33434.22511024099
456, 33448.58875495814, 24330.018705511382, 33448.58875495814, 33435.8210707651, 24408.147793969783, 33435.8210707651
457, 33456.96820084422, 24646.61996236, 33456.96820084422, 33438.8868931981, 24391.226542461292, 33438.8868931981
458, 33456.96820084422, 24646.61996236, 33456.96820084422, 33443.464678232915, 24365.053162056374, 33443.464678232915
459, 33456.96820084422, 24646.61996236, 33456.96820084422, 33448.71444664653, 24334.76772436417, 33448.71444664653
460, 33456.96820084422, 24646.61996236, 33456.96820084422, 33448.75634387595, 24336.350730648417, 33448.75634387595
461, 33456.96820084422, 24646.61996236, 33456.96820084422, 33448.92393279368, 24342.68275578539, 33448.92393279368
462, 33464.53823170011, 24356.03750462046, 33464.53823170011, 33449.17126909511, 24349.144874917907, 33449.17126909511
463, 33464.53823170011, 24356.03750462046, 33464.53823170011, 33449.50644693056, 24361.80892519185, 33449.50644693056
464, 33464.53823170011, 24356.03750462046, 33464.53823170011, 33450.047063838, 24379.35208831407, 33450.047063838
465, 33473.02882727905, 24279.30473745459, 33473.02882727905, 33451.24645093934, 24411.148926145284, 33451.24645093934
466, 33473.02882727905, 24279.30473745459, 33473.02882727905, 33452.74260997339, 24459.029396659196, 33452.74260997339
467, 33473.02882727905, 24279.30473745459, 33473.02882727905, 33455.85712840299, 24554.53676784667, 33455.85712840299
468, 33473.02882727905, 24279.30473745459, 33473.02882727905, 33458.117513943296, 24606.240339057553, 33458.117513943296
469, 33473.02882727905, 24279.30473745459, 33473.02882727905, 33458.80802236756, 24582.22641476673, 33458.80802236756
470, 33473.02882727905, 24279.30473745459, 33473.02882727905, 33460.184436392476, 24533.129317732208, 33460.184436392476
471, 33473.02882727905, 24279.30473745459, 33473.02882727905, 33462.30301746678, 24461.773129476802, 33462.30301746678
472, 33473.02882727905, 24279.30473745459, 33473.02882727905, 33465.42411384682, 24356.918215526803, 33465.42411384682
473, 33473.02882727905, 24279.30473745459, 33473.02882727905, 33466.27880379369, 24340.307287351465, 33466.27880379369
474, 33473.02882727905, 24279.30473745459, 33473.02882727905, 33467.425034196836, 24329.94836378407, 33467.425034196836
475, 33473.02882727905, 24279.30473745459, 33473.02882727905, 33469.46277713572, 24311.532499664296, 33469.46277713572
476, 33473.02882727905, 24279.30473745459, 33473.02882727905, 33472.859015367365, 24280.839392797934, 33472.859015367365
477, 33473.02882727905, 24279.30473745459, 33473.02882727905, 33473.02882727895, 24279.3047374546, 33473.02882727895
478, 33473.02882727905, 24279.30473745459, 33473.02882727905, 33473.02882727895, 24279.3047374546, 33473.02882727895
479, 33473.02882727905, 24279.30473745459, 33473.02882727905, 33473.02882727895, 24279.3047374546, 33473.02882727895
480, 33473.02882727905, 24279.30473745459, 33473.02882727905, 33473.02882727895, 24279.3047374546, 33473.02882727895
481, 33473.02882727905, 24279.30473745459, 33473.02882727905, 33473.02882727895, 24279.3047374546, 33473.02882727895
482, 33473.02882727905, 24279.30473745459, 33473.02882727905, 33473.02882727895, 24279.3047374546, 33473.02882727895
483, 33473.02882727905, 24279.30473745459, 33473.02882727905, 33473.02882727895, 24279.3047374546, 33473.02882727895
484, 33473.02882727905, 24279.30473745459, 33473.02882727905, 33473.02882727895, 24279.3047374546, 33473.02882727895
485, 33473.02882727905, 24279.30473745459, 33473.02882727905, 33473.02882727895, 24279.3047374546, 33473.02882727895
486, 33473.02882727905, 24279.30473745459, 33473.02882727905, 33473.02882727895, 24279.3047374546, 33473.02882727895
487, 33473.02882727905, 24279.30473745459, 33473.02882727905, 33473.02882727895, 24279.3047374546, 33473.02882727895
488, 33473.02882727905, 24279.30473745459, 33473.02882727905, 33473.02882727895, 24279.3047374546, 33473.02882727895
489, 33473.02882727905, 24279.30473745459, 33473.02882727905, 33473.02882727895, 24279.3047374546, 33473.02882727895
490, 33473.02882727905, 24279.30473745459, 33473.02882727905, 33473.02882727895, 24279.3047374546, 33473.02882727895
491, 33473.02882727905, 24279.30473745459, 33473.02882727905, 33473.02882727895, 24279.3047374546, 33473.02882727895
492, 33473.02882727905, 24279.30473745459, 33473.02882727905, 33473.02882727895, 24279.3047374546, 33473.02882727895
493, 33504.57787231637, 24315.374358472403, 33504.57787231637, 33473.186572504135, 24279.485085559692, 33473.186572504135
494, 33504.57787231637, 24315.374358472403, 33504.57787231637, 33473.344317729316, 24279.665433664777, 33473.344317729316
495, 33504.57787231637, 24315.374358472403, 33504.57787231637, 33473.65980817969, 24280.02612987496, 33473.65980817969
496, 33504.57787231637, 24315.374358472403, 33504.57787231637, 33474.133043855254, 24280.567174190226, 33474.133043855254
497, 33504.57787231637, 24315.374358472403, 33504.57787231637, 33474.63855365615, 24281.08974892282, 33474.63855365615
498, 33504.57787231637, 24315.374358472403, 33504.57787231637, 33475.68184738329, 24282.116428805333, 33475.68184738329
499, 33504.57787231637, 24315.374358472403, 33504.57787231637, 33477.70388658689, 24284.206727735702, 33477.70388658689
500, 33504.57787231637, 24315.374358472403, 33504.57787231637, 33480.04141624086, 24286.65772287627, 33480.04141624086
