1, 26836.57196728131, 24605.585179001562, 26836.57196728131, 25170.9993806009, 24655.15191515611, 25170.9993806009
2, 26836.57196728131, 24605.585179001562, 26836.57196728131, 25705.899590646797, 24631.967015466565, 25705.899590646797
3, 26858.847758688382, 24530.542191939032, 26858.847758688382, 26000.953200570973, 24613.297566002835, 26000.953200570973
4, 27044.746500328896, 24643.621185079628, 27044.746500328896, 26265.50533635081, 24597.507005665437, 26265.50533635081
5, 27222.006201718228, 24646.89293605141, 27222.006201718228, 26492.65077065748, 24585.065646435694, 26492.65077065748
6, 27222.006201718228, 24646.89293605141, 27222.006201718228, 26699.789212837644, 24559.803731984106, 26699.789212837644
7, 27227.912263120586, 24607.17216477591, 27227.912263120586, 26828.035018066606, 24544.593268805354, 26828.035018066606
8, 27312.534556307583, 24570.587984570164, 27312.534556307583, 26945.59257420982, 24524.190399834075, 26945.59257420982
9, 27464.073419645476, 24560.625958657252, 27464.073419645476, 27057.99012738819, 24514.38785053527, 27057.99012738819
10, 27517.317712026303, 24290.338130561955, 27517.317712026303, 27177.700101466366, 24518.115067198396, 27177.700101466366
11, 27532.34562087946, 24503.912005947106, 27532.34562087946, 27261.00868927977, 24513.269931287472, 27261.00868927977
12, 27550.16476037006, 24623.43737850056, 27550.16476037006, 27330.30545912121, 24476.884740102283, 27330.30545912121
13, 27653.669920166238, 24054.163009081363, 27653.669920166238, 27396.187028408254, 24470.837475469314, 27396.187028408254
14, 27735.433591467074, 24234.415179699685, 27735.433591467074, 27474.559235961948, 24471.441177142566, 27474.559235961948
15, 27802.580999414284, 24316.886774858525, 27802.580999414284, 27545.541256163553, 24452.068564481797, 27545.541256163553
16, 27802.580999414284, 24316.886774858525, 27802.580999414284, 27622.00339968531, 24434.550494467127, 27622.00339968531
17, 27959.86631848437, 24399.70266496418, 27959.86631848437, 27693.291267616543, 24414.677382356254, 27693.291267616543
18, 28034.191930253164, 24617.668926714, 28034.191930253164, 27752.886919460594, 24394.36636133519, 27752.886919460594
19, 28040.79259771577, 24490.02067392371, 28040.79259771577, 27807.2520833288, 24392.3123321255, 27807.2520833288
20, 28147.82681106982, 24320.21096190259, 28147.82681106982, 27867.513289959807, 24388.260287045417, 27867.513289959807
21, 28147.82681106982, 24320.21096190259, 28147.82681106982, 27932.694651738242, 24397.126613641194, 27932.694651738242
22, 28259.193771705017, 24014.19815422895, 28259.193771705017, 27985.875775056287, 24429.19712290124, 27985.875775056287
23, 28259.193771705017, 24014.19815422895, 28259.193771705017, 28036.602249537667, 24457.26130338646, 28036.602249537667
24, 28340.32583084157, 24463.020844138708, 28340.32583084157, 28092.589550481294, 24464.26183223693, 28092.589550481294
25, 28391.583950239954, 24255.98861240552, 28391.583950239954, 28147.972908999538, 24419.793224401987, 28147.972908999538
26, 28402.3225530106, 24584.428932843733, 28402.3225530106, 28211.359156625134, 24355.430581202076, 28211.359156625134
27, 28418.328400237675, 24260.533923869945, 28418.328400237675, 28258.73250822219, 24330.58077335015, 28258.73250822219
28, 28540.263429166152, 24546.53798500516, 28540.263429166152, 28305.761115702364, 24267.673385129074, 28305.761115702364
29, 28577.872960487282, 24367.603890775885, 28577.872960487282, 28360.499542671507, 24362.400036503415, 28360.499542671507
30, 28589.509115492197, 24030.008423885778, 28589.509115492197, 28414.017628991696, 24346.263376200615, 28414.017628991696
31, 28706.7290754108, 24509.054143771646, 28706.7290754108, 28457.238858764125, 24355.758488677206, 28457.238858764125
32, 28706.7290754108, 24509.054143771646, 28706.7290754108, 28502.48433460942, 24378.655242546472, 28502.48433460942
33, 28791.450734723505, 24650.326289692173, 28791.450734723505, 28554.83135089735, 24383.16707095831, 28554.83135089735
34, 28834.469356359772, 24485.320587823535, 28834.469356359772, 28592.605630276907, 24396.70685267857, 28592.605630276907
35, 28835.6975523388, 24451.30771875678, 28835.6975523388, 28629.84692902135, 24390.723138396068, 28629.84692902135
36, 28888.97698713278, 24616.842716144507, 28888.97698713278, 28673.97466912362, 24409.462839647964, 28673.97466912362
37, 28924.742172004335, 24214.016661814, 28924.742172004335, 28720.93842203957, 24428.84477607706, 28720.93842203957
38, 28982.38430978002, 24582.959062178594, 28982.38430978002, 28759.70553391758, 24485.43103908742, 28759.70553391758
39, 28985.65059051386, 24545.083180786987, 28985.65059051386, 28808.354161374486, 24497.426535371753, 28808.354161374486
40, 29011.9835445225, 24570.983717870477, 29011.9835445225, 28852.144040484425, 24534.422994484976, 28852.144040484425
41, 29016.95692880174, 24647.842855777344, 29016.95692880174, 28885.36544131556, 24545.834208755306, 28885.36544131556
42, 29125.31575180481, 24248.942202208873, 29125.31575180481, 28920.34137168552, 24582.134499468844, 28920.34137168552
43, 29172.571218670604, 24349.671288917933, 29172.571218670604, 28946.80241227068, 24558.780375200975, 28946.80241227068
44, 29182.988128482728, 24619.678522078848, 29182.988128482728, 28980.18778920359, 24603.97104804698, 28980.18778920359
45, 29182.988128482728, 24619.678522078848, 29182.988128482728, 28998.15702309893, 24598.619801941175, 28998.15702309893
46, 29182.988128482728, 24619.678522078848, 29182.988128482728, 29025.689916351428, 24537.81763743423, 29025.689916351428
47, 29326.71974537744, 24435.29116641983, 29326.71974537744, 29063.854097300908, 24535.991936489943, 29063.854097300908
48, 29326.71974537744, 24435.29116641983, 29326.71974537744, 29104.624165993086, 24493.411011092496, 29104.624165993086
49, 29391.229595808938, 24422.80845860187, 29391.229595808938, 29146.555491312705, 24450.592820165108, 29146.555491312705
50, 29427.714986947885, 24493.816487349017, 29427.714986947885, 29184.993847884132, 24436.441190391834, 29184.993847884132
51, 29444.750926955323, 24387.73560542749, 29444.750926955323, 29224.302584579917, 24437.840105722065, 29224.302584579917
52, 29444.750926955323, 24387.73560542749, 29444.750926955323, 29267.993415544188, 24442.42203060433, 29267.993415544188
53, 29631.459491431615, 24312.724145486685, 29631.459491431615, 29308.51881142431, 24458.86550455408, 29308.51881142431
54, 29631.459491431615, 24312.724145486685, 29631.459491431615, 29346.414503085427, 24451.673637589338, 29346.414503085427
55, 29631.459491431615, 24312.724145486685, 29631.459491431615, 29391.805516074306, 24430.62776831937, 29391.805516074306
56, 29672.090401559533, 24594.9957049289, 29672.090401559533, 29432.374223479866, 24422.450652280942, 29432.374223479866
57, 29672.090401559533, 24594.9957049289, 29672.090401559533, 29462.5467017055, 24438.777892973707, 29462.5467017055
58, 29672.090401559533, 24594.9957049289, 29672.090401559533, 29499.04130778921, 24422.641819240227, 29499.04130778921
59, 29709.368793022168, 24565.62263535192, 29709.368793022168, 29537.494456366087, 24434.49734715426, 29537.494456366087
60, 29804.175550778007, 24306.184595273935, 29804.175550778007, 29587.026919971104, 24407.955027507465, 29587.026919971104
61, 29804.175550778007, 24306.184595273935, 29804.175550778007, 29630.639492994673, 24399.312978966278, 29630.639492994673
62, 29859.181303333753, 23895.15164680607, 29859.181303333753, 29658.245048492736, 24406.358257950502, 29658.245048492736
63, 30084.15366194443, 24158.82442754644, 30084.15366194443, 29684.35195081515, 24396.554119958204, 29684.35195081515
64, 30084.15366194443, 24158.82442754644, 30084.15366194443, 29729.79870691053, 24403.720415388998, 29729.79870691053
65, 30084.15366194443, 24158.82442754644, 30084.15366194443, 29766.79243560943, 24383.91352510943, 29766.79243560943
66, 30229.527480625693, 23847.432284743307, 30229.527480625693, 29820.58379923434, 24319.019055754357, 29820.58379923434
67, 30229.527480625693, 23847.432284743307, 30229.527480625693, 29865.561250473693, 24256.445678489497, 29865.561250473693
68, 30229.527480625693, 23847.432284743307, 30229.527480625693, 29907.653502451336, 24257.00021161144, 29907.653502451336
69, 30229.527480625693, 23847.432284743307, 30229.527480625693, 29962.237767702332, 24246.566879092123, 29962.237767702332
70, 30229.527480625693, 23847.432284743307, 30229.527480625693, 30026.32352679076, 24242.022755634807, 30026.32352679076
71, 30351.560191792447, 24225.075968214325, 30351.560191792447, 30083.068226290936, 24203.257030291166, 30083.068226290936
72, 30351.560191792447, 24225.075968214325, 30351.560191792447, 30119.172103117533, 24158.299765146134, 30119.172103117533
73, 30395.819881139076, 24240.301036438137, 30395.819881139076, 30147.131520906474, 24168.222102738284, 30147.131520906474
74, 30395.819881139076, 24240.301036438137, 30395.819881139076, 30184.218180834996, 24139.87409260621, 30184.218180834996
75, 30550.269023447883, 24221.565666888226, 30550.269023447883, 30217.15087765455, 24118.690749840876, 30217.15087765455
76, 30550.269023447883, 24221.565666888226, 30550.269023447883, 30253.76322281111, 23976.580274611628, 30253.76322281111
77, 30550.269023447883, 24221.565666888226, 30550.269023447883, 30271.184325170274, 23975.05982070336, 30271.184325170274
78, 30550.269023447883, 24221.565666888226, 30550.269023447883, 30315.28555423971, 24104.25503331189, 30315.28555423971
79, 30550.269023447883, 24221.565666888226, 30550.269023447883, 30359.61770059333, 24134.029835591857, 30359.61770059333
80, 30623.46713369467, 24018.127673030292, 30623.46713369467, 30392.34517223325, 24172.860189310628, 30392.34517223325
81, 30623.46713369467, 24018.127673030292, 30623.46713369467, 30416.07638878222, 24153.378162095225, 30416.07638878222
82, 30672.76135178996, 24457.440556402504, 30672.76135178996, 30453.10542479674, 24160.10211200525, 30453.10542479674
83, 30672.76135178996, 24457.440556402504, 30672.76135178996, 30488.25008555477, 24154.473963656048, 30488.25008555477
84, 30672.76135178996, 24457.440556402504, 30672.76135178996, 30519.697413635105, 24229.169329458447, 30519.697413635105
85, 30673.691239783613, 24303.09174108769, 30673.691239783613, 30552.34179690931, 24217.07241568422, 30552.34179690931
86, 30676.548860124294, 24681.34565383916, 30676.548860124294, 30566.484611914228, 24211.85050220239, 30566.484611914228
87, 30693.34311215457, 24321.905117268718, 30693.34311215457, 30575.69329145355, 24221.075664108415, 30575.69329145355
88, 30693.488566440563, 24146.520275836963, 30693.488566440563, 30593.467291642428, 24221.000566875133, 30593.467291642428
89, 30742.898715513744, 24028.783533224396, 30742.898715513744, 30616.289384636642, 24176.16241383588, 30616.289384636642
90, 30897.584833748188, 24284.421774171256, 30897.584833748188, 30636.761987536167, 24199.573277188763, 30636.761987536167
91, 30897.584833748188, 24284.421774171256, 30897.584833748188, 30655.208725488068, 24219.82515704254, 30655.208725488068
92, 30897.584833748188, 24284.421774171256, 30897.584833748188, 30680.830901715075, 24336.449265766303, 30680.830901715075
93, 30897.584833748188, 24284.421774171256, 30897.584833748188, 30707.30194395815, 24352.866282397055, 30707.30194395815
94, 30897.584833748188, 24284.421774171256, 30897.584833748188, 30732.009895530846, 24333.45982290507, 30732.009895530846
95, 30920.577424098417, 24211.443227622367, 30920.577424098417, 30763.389148817703, 24313.5869938661, 30763.389148817703
96, 30950.651426765195, 24363.421003354397, 30950.651426765195, 30812.39933670005, 24330.812075305857, 30812.39933670005
97, 31115.30613804496, 24392.299639915153, 31115.30613804496, 30869.61169035413, 24316.095883630598, 30869.61169035413
98, 31115.30613804496, 24392.299639915153, 31115.30613804496, 30898.275907807772, 24280.629155693823, 30898.275907807772
99, 31115.30613804496, 24392.299639915153, 31115.30613804496, 30907.46294133931, 24290.93854431823, 30907.46294133931
100, 31115.30613804496, 24392.299639915153, 31115.30613804496, 30919.034948398064, 24300.642936186643, 30919.034948398064
101, 31115.30613804496, 24392.299639915153, 31115.30613804496, 30936.52287320844, 24316.104827584804, 30936.52287320844
102, 31237.164839146022, 24396.71376231696, 31237.164839146022, 30969.240419256137, 24338.4177041111, 30969.240419256137
103, 31237.164839146022, 24396.71376231696, 31237.164839146022, 31002.347790728734, 24367.379578996206, 31002.347790728734
104, 31237.164839146022, 24396.71376231696, 31237.164839146022, 31038.038201901512, 24361.087012723034, 31038.038201901512
105, 31237.164839146022, 24396.71376231696, 31237.164839146022, 31067.75614390852, 24379.12990065985, 31067.75614390852
106, 31281.84945686192, 24201.51180194398, 31281.84945686192, 31107.641259350214, 24442.125818453947, 31107.641259350214
107, 31281.84945686192, 24201.51180194398, 31281.84945686192, 31122.179228542012, 24402.25998563314, 31122.179228542012
108, 31281.84945686192, 24201.51180194398, 31281.84945686192, 31126.97851878311, 24410.107103864513, 31126.97851878311
109, 31281.84945686192, 24201.51180194398, 31281.84945686192, 31136.07516155931, 24422.694401063785, 31136.07516155931
110, 31331.952140859623, 24502.44182120179, 31331.952140859623, 31156.858819927, 24443.27228911998, 31156.858819927
111, 31331.952140859623, 24502.44182120179, 31331.952140859623, 31191.59677092004, 24456.96541788186, 31191.59677092004
112, 31331.952140859623, 24502.44182120179, 31331.952140859623, 31218.189312219034, 24447.1368086546, 31218.189312219034
113, 31331.952140859623, 24502.44182120179, 31331.952140859623, 31236.934966834408, 24390.37387754191, 31236.934966834408
114, 31369.96771628684, 24219.50832248217, 31369.96771628684, 31250.89811086595, 24376.17060155245, 31250.89811086595
115, 31369.96771628684, 24219.50832248217, 31369.96771628684, 31261.533151319843, 24378.217582453053, 31261.533151319843
116, 31392.56774826257, 24397.81676584912, 31392.56774826257, 31279.091763725028, 24367.063674429515, 31279.091763725028
117, 31392.56774826257, 24397.81676584912, 31392.56774826257, 31295.186758827545, 24368.37342000661, 31295.186758827545
118, 31392.56774826257, 24397.81676584912, 31392.56774826257, 31309.234033697903, 24384.51026816519, 31309.234033697903
119, 31448.744390766282, 24358.1435555829, 31448.744390766282, 31328.24660179367, 24462.50346873551, 31328.24660179367
120, 31448.744390766282, 24358.1435555829, 31448.744390766282, 31337.746463611486, 24490.13737886432, 31337.746463611486
121, 31448.744390766282, 24358.1435555829, 31448.744390766282, 31346.33471343741, 24455.70145921412, 31346.33471343741
122, 31448.744390766282, 24358.1435555829, 31448.744390766282, 31356.68044232955, 24431.47307326186, 31356.68044232955
123, 31448.744390766282, 24358.1435555829, 31448.744390766282, 31369.242043362545, 24390.661340707353, 31369.242043362545
124, 31515.966174479745, 24366.531429590144, 31515.966174479745, 31391.10806545026, 24343.322115846182, 31391.10806545026
125, 31515.966174479745, 24366.531429590144, 31515.966174479745, 31401.983259160785, 24390.423272282213, 31401.983259160785
126, 31524.740038754724, 24599.992937464558, 31524.740038754724, 31414.46163675638, 24371.50970126309, 31414.46163675638
127, 31545.254296312556, 24319.04175385267, 31545.254296312556, 31432.110653277283, 24378.03917715131, 31432.110653277283
128, 31545.254296312556, 24319.04175385267, 31545.254296312556, 31449.19406098771, 24395.85908569106, 31449.19406098771
129, 31581.779649225748, 24476.83429592487, 31581.779649225748, 31457.8644857333, 24374.57123836075, 31457.8644857333
130, 31581.779649225748, 24476.83429592487, 31581.779649225748, 31465.773291023062, 24392.123048461304, 31465.773291023062
131, 31581.779649225748, 24476.83429592487, 31581.779649225748, 31473.62981092391, 24402.878865821058, 31473.62981092391
132, 31640.207493398546, 24625.55578065873, 31640.207493398546, 31490.984576786566, 24435.930709761305, 31490.984576786566
133, 31640.207493398546, 24625.55578065873, 31640.207493398546, 31512.017113266673, 24432.499648704554, 31512.017113266673
134, 31640.207493398546, 24625.55578065873, 31640.207493398546, 31529.423404355388, 24428.091666115353, 31529.423404355388
135, 31640.207493398546, 24625.55578065873, 31640.207493398546, 31538.874882837776, 24474.08555355685, 31538.874882837776
136, 31668.20659134974, 24278.98084101783, 31668.20659134974, 31550.97510084977, 24472.656475874814, 31550.97510084977
137, 31668.20659134974, 24278.98084101783, 31668.20659134974, 31562.641054897107, 24448.28189632327, 31562.641054897107
138, 31737.1358766385, 24444.95761616158, 31737.1358766385, 31579.087277285, 24491.483212132196, 31579.087277285
139, 31737.1358766385, 24444.95761616158, 31737.1358766385, 31596.48105311126, 24535.12819414458, 31596.48105311126
140, 31737.1358766385, 24444.95761616158, 31737.1358766385, 31606.65541909294, 24577.5788632178, 31606.65541909294
141, 31737.1358766385, 24444.95761616158, 31737.1358766385, 31620.327170899018, 24625.768657788198, 31620.327170899018
142, 31737.1358766385, 24444.95761616158, 31737.1358766385, 31628.674749666105, 24634.90334617884, 31628.674749666105
143, 31803.760014230473, 24579.220480932756, 31803.760014230473, 31641.122626100714, 24610.02321824202, 31641.122626100714
144, 31836.70599758046, 24522.663381773964, 31836.70599758046, 31646.42867348831, 24595.82254465038, 31646.42867348831
145, 31836.70599758046, 24522.663381773964, 31836.70599758046, 31651.1155744219, 24581.386841611504, 31651.1155744219
146, 31836.70599758046, 24522.663381773964, 31836.70599758046, 31658.157368219985, 24551.391072271013, 31658.157368219985
147, 31836.70599758046, 24522.663381773964, 31836.70599758046, 31669.385496928942, 24494.45410043138, 31669.385496928942
148, 31971.90480026122, 24654.840215062028, 31971.90480026122, 31683.366681993924, 24472.220369806782, 31683.366681993924
149, 31971.90480026122, 24654.840215062028, 31971.90480026122, 31715.53449372794, 24537.980869145387, 31715.53449372794
150, 31971.90480026122, 24654.840215062028, 31971.90480026122, 31747.376991461773, 24555.062831997275, 31747.376991461773
151, 31971.90480026122, 24654.840215062028, 31971.90480026122, 31777.023492731318, 24525.26489115016, 31777.023492731318
152, 31971.90480026122, 24654.840215062028, 31971.90480026122, 31793.922150279424, 24553.834459672344, 31793.922150279424
153, 31971.90480026122, 24654.840215062028, 31971.90480026122, 31820.625762766875, 24561.718159294836, 31820.625762766875
154, 31971.90480026122, 24654.840215062028, 31971.90480026122, 31852.90649906686, 24547.391546669383, 31852.90649906686
155, 31971.90480026122, 24654.840215062028, 31971.90480026122, 31867.705649133575, 24554.489123142263, 31867.705649133575
156, 31971.90480026122, 24654.840215062028, 31971.90480026122, 31882.098822205022, 24572.873860259635, 31882.098822205022
157, 31971.90480026122, 24654.840215062028, 31971.90480026122, 31906.940934914113, 24600.567918310775, 31906.940934914113
158, 32001.314585849206, 24582.63697805056, 32001.314585849206, 31949.041735836767, 24611.457847152476, 31949.041735836767
159, 32077.92945168134, 24680.638479004298, 32077.92945168134, 31973.50478100881, 24653.795353179576, 31973.50478100881
160, 32077.92945168134, 24680.638479004298, 32077.92945168134, 31974.290092363208, 24650.27479441774, 31974.290092363208
161, 32077.92945168134, 24680.638479004298, 32077.92945168134, 31975.709134712222, 24649.61152003089, 31975.709134712222
162, 32077.92945168134, 24680.638479004298, 32077.92945168134, 31978.301820337238, 24646.629760357497, 31978.301820337238
163, 32077.92945168134, 24680.638479004298, 32077.92945168134, 31984.957152969917, 24641.386118360817, 31984.957152969917
164, 32077.92945168134, 24680.638479004298, 32077.92945168134, 31991.550262146495, 24635.51484485351, 31991.550262146495
165, 32080.921625861687, 24579.226034973937, 32080.921625861687, 32003.692403885823, 24616.99239168446, 32003.692403885823
166, 32080.921625861687, 24579.226034973937, 32080.921625861687, 32030.103646390427, 24583.593223431828, 32030.103646390427
167, 32105.74453896244, 24568.11718637801, 32105.74453896244, 32053.039763173598, 24621.20188240526, 32053.039763173598
168, 32105.74453896244, 24568.11718637801, 32105.74453896244, 32071.408888736405, 24657.055732166747, 32071.408888736405
169, 32105.74453896244, 24568.11718637801, 32105.74453896244, 32078.173253214147, 24676.526437000106, 32078.173253214147
170, 32105.74453896244, 24568.11718637801, 32105.74453896244, 32078.3166308467, 24673.41241979117, 32078.3166308467
171, 32163.03520687704, 24688.972466900763, 32163.03520687704, 32079.232444479585, 24667.53461491921, 32079.232444479585
172, 32207.50096186039, 24617.321149385432, 32207.50096186039, 32081.305178588293, 24660.296125010318, 32081.305178588293
173, 32207.50096186039, 24617.321149385432, 32207.50096186039, 32082.789590154072, 24645.895147172952, 32082.789590154072
174, 32207.50096186039, 24617.321149385432, 32207.50096186039, 32085.713860263764, 24618.52301123803, 32085.713860263764
175, 32207.50096186039, 24617.321149385432, 32207.50096186039, 32089.395605502767, 24588.89414986018, 32089.395605502767
176, 32207.50096186039, 24617.321149385432, 32207.50096186039, 32095.599102031967, 24583.335325459484, 32095.599102031967
177, 32207.50096186039, 24617.321149385432, 32207.50096186039, 32107.287726681134, 24589.520475969814, 32107.287726681134
178, 32207.50096186039, 24617.321149385432, 32207.50096186039, 32121.309322403875, 24595.52820704826, 32121.309322403875
179, 32207.50096186039, 24617.321149385432, 32207.50096186039, 32141.641233494916, 24609.35363455607, 32141.641233494916
180, 32209.124412137313, 24687.5519688528, 32209.124412137313, 32166.623366285603, 24632.334381899014, 32166.623366285603
181, 32236.796305154025, 24621.499075846656, 32236.796305154025, 32181.865417937795, 24659.25095727409, 32181.865417937795
182, 32242.11757806802, 24645.369932083922, 32242.11757806802, 32194.635389130584, 24639.349721915572, 32194.635389130584
183, 32242.11757806802, 24645.369932083922, 32242.11757806802, 32208.156315958193, 24618.34572467178, 32208.156315958193
184, 32242.11757806802, 24645.369932083922, 32242.11757806802, 32208.610085621043, 24616.52759848262, 32208.610085621043
185, 32242.11757806802, 24645.369932083922, 32242.11757806802, 32208.788630364565, 24616.874723277568, 32208.788630364565
186, 32242.11757806802, 24645.369932083922, 32242.11757806802, 32209.022488271497, 24616.86442080386, 32209.022488271497
187, 32348.4334370919, 24680.614432535545, 32348.4334370919, 32210.905543676367, 24615.407350901394, 32210.905543676367
188, 32348.4334370919, 24680.614432535545, 32348.4334370919, 32211.58062885387, 24613.696893333294, 32211.58062885387
189, 32348.4334370919, 24680.614432535545, 32348.4334370919, 32215.15677226434, 24618.299738693968, 32215.15677226434
190, 32348.4334370919, 24680.614432535545, 32348.4334370919, 32218.465858181917, 24620.483001933215, 32218.465858181917
191, 32348.4334370919, 24680.614432535545, 32348.4334370919, 32225.322840600256, 24620.211245410264, 32225.322840600256
192, 32348.4334370919, 24680.614432535545, 32348.4334370919, 32234.60852305707, 24608.30330625854, 32234.60852305707
193, 32348.4334370919, 24680.614432535545, 32348.4334370919, 32246.724228497165, 24630.067327138233, 32246.724228497165
194, 32348.4334370919, 24680.614432535545, 32348.4334370919, 32252.63718408558, 24631.350280919178, 32252.63718408558
195, 32385.169502521065, 24647.36739519051, 32385.169502521065, 32261.78243191644, 24626.17316040588, 32261.78243191644
196, 32385.169502521065, 24647.36739519051, 32385.169502521065, 32274.510138648668, 24608.830198278283, 32274.510138648668
197, 32385.169502521065, 24647.36739519051, 32385.169502521065, 32290.77843540217, 24589.611901314576, 32290.77843540217
198, 32385.169502521065, 24647.36739519051, 32385.169502521065, 32314.476132057494, 24638.44041961609, 32314.476132057494
199, 32385.169502521065, 24647.36739519051, 32385.169502521065, 32332.17016989572, 24622.819764751628, 32332.17016989572
200, 32385.169502521065, 24647.36739519051, 32385.169502521065, 32348.81787505447, 24679.238903169753, 32348.81787505447
201, 32385.169502521065, 24647.36739519051, 32385.169502521065, 32349.47134897818, 24677.693965488877, 32349.47134897818
202, 32385.169502521065, 24647.36739519051, 32385.169502521065, 32350.29926875006, 24675.16929519304, 32350.29926875006
203, 32385.169502521065, 24647.36739519051, 32385.169502521065, 32351.204572536735, 24672.608738531293, 32351.204572536735
204, 32385.169502521065, 24647.36739519051, 32385.169502521065, 32352.933509795756, 24666.991022400354, 32352.933509795756
205, 32385.169502521065, 24647.36739519051, 32385.169502521065, 32356.012958391424, 24657.920741208443, 32356.012958391424
206, 32385.169502521065, 24647.36739519051, 32385.169502521065, 32362.060694277254, 24642.498127849583, 32362.060694277254
207, 32385.169502521065, 24647.36739519051, 32385.169502521065, 32367.292992782026, 24643.802612813826, 32367.292992782026
208, 32412.937119050785, 24472.1232270766, 32412.937119050785, 32377.075208090755, 24643.1053569771, 32377.075208090755
209, 32412.937119050785, 24472.1232270766, 32412.937119050785, 32378.230187892368, 24642.802494591513, 32378.230187892368
210, 32412.937119050785, 24472.1232270766, 32412.937119050785, 32379.11954124216, 24642.964323740824, 32379.11954124216
211, 32412.937119050785, 24472.1232270766, 32412.937119050785, 32380.665419391455, 24642.498385177514, 32380.665419391455
212, 32424.579919093303, 24654.109087232748, 32424.579919093303, 32383.453139460747, 24641.624727207753, 32383.453139460747
213, 32424.579919093303, 24654.109087232748, 32424.579919093303, 32386.751364245472, 24639.788224418786, 32386.751364245472
214, 32424.579919093303, 24654.109087232748, 32424.579919093303, 32387.390475113796, 24637.97038290959, 32387.390475113796
215, 32424.579919093303, 24654.109087232748, 32424.579919093303, 32388.74518886012, 24630.10472970496, 32388.74518886012
216, 32438.075035007216, 24677.178175621797, 32438.075035007216, 32392.40060539421, 24613.727561952863, 32392.40060539421
217, 32439.82039550951, 24652.279731901584, 32439.82039550951, 32396.887517846324, 24589.139680748092, 32396.887517846324
218, 32439.82039550951, 24652.279731901584, 32439.82039550951, 32402.128744486174, 24561.880361785883, 32402.128744486174
219, 32439.82039550951, 24652.279731901584, 32439.82039550951, 32411.891255756836, 24525.443442706306, 32411.891255756836
220, 32439.82039550951, 24652.279731901584, 32439.82039550951, 32416.605000739175, 24525.907602624487, 32416.605000739175
221, 32439.82039550951, 24652.279731901584, 32439.82039550951, 32419.318322215557, 24567.642848068186, 32419.318322215557
222, 32460.37513712098, 24448.733532925424, 32460.37513712098, 32424.153160796166, 24631.929934170566, 32424.153160796166
223, 32460.37513712098, 24448.733532925424, 32460.37513712098, 32426.465577118215, 24654.605577881935, 32426.465577118215
224, 32460.37513712098, 24448.733532925424, 32460.37513712098, 32427.175240123957, 24655.261063426984, 32427.175240123957
225, 32567.587378566834, 24531.196203160605, 32567.587378566834, 32429.512030171514, 24656.30350642257, 32429.512030171514
226, 32567.587378566834, 24531.196203160605, 32567.587378566834, 32431.421138845006, 24658.172911169095, 32431.421138845006
227, 32567.587378566834, 24531.196203160605, 32567.587378566834, 32435.179275545695, 24659.793614303388, 32435.179275545695
228, 32567.587378566834, 24531.196203160605, 32567.587378566834, 32440.8575865631, 24662.047946774845, 32440.8575865631
229, 32567.587378566834, 24531.196203160605, 32567.587378566834, 32441.3443395817, 24655.552558161497, 32441.3443395817
230, 32569.808504094017, 24486.748370945534, 32569.808504094017, 32443.95271327057, 24643.547137695426, 32443.95271327057
231, 32569.808504094017, 24486.748370945534, 32569.808504094017, 32446.199529336343, 24637.278992849588, 32446.199529336343
232, 32569.808504094017, 24486.748370945534, 32569.808504094017, 32449.00482051853, 24632.977144919387, 32449.00482051853
233, 32569.808504094017, 24486.748370945534, 32569.808504094017, 32455.245854319062, 24619.940515109934, 32455.245854319062
234, 32569.808504094017, 24486.748370945534, 32569.808504094017, 32467.50208861979, 24597.34694202624, 32467.50208861979
235, 32569.808504094017, 24486.748370945534, 32569.808504094017, 32486.648723921673, 24561.24885198429, 32486.648723921673
236, 32728.446054190204, 24667.400390876024, 32728.446054190204, 32510.553760702824, 24524.488898369098, 32510.553760702824
237, 32728.446054190204, 24667.400390876024, 32728.446054190204, 32536.94472446974, 24566.655720974588, 32536.94472446974
238, 32728.446054190204, 24667.400390876024, 32728.446054190204, 32560.814700401705, 24569.90578607955, 32560.814700401705
239, 32728.446054190204, 24667.400390876024, 32728.446054190204, 32569.43489590576, 24542.0849428576, 32569.43489590576
240, 32728.446054190204, 24667.400390876024, 32728.446054190204, 32579.142649618338, 24518.047798415675, 32579.142649618338
241, 32728.446054190204, 24667.400390876024, 32728.446054190204, 32585.597057607538, 24512.481358044348, 32585.597057607538
242, 32728.446054190204, 24667.400390876024, 32728.446054190204, 32591.76271927819, 24512.69313586092, 32591.76271927819
243, 32728.446054190204, 24667.400390876024, 32728.446054190204, 32606.956839172017, 24530.217213979453, 32606.956839172017
244, 32728.446054190204, 24667.400390876024, 32728.446054190204, 32627.817454014967, 24554.8042597889, 32627.817454014967
245, 32791.30893016802, 24653.934600833458, 32791.30893016802, 32672.385228831976, 24606.828533791806, 32672.385228831976
246, 32791.30893016802, 24653.934600833458, 32791.30893016802, 32722.703374018907, 24661.43460587484, 32722.703374018907
247, 32791.30893016802, 24653.934600833458, 32791.30893016802, 32728.760368570216, 24667.333061925852, 32728.760368570216
248, 32791.30893016802, 24653.934600833458, 32791.30893016802, 32729.074682950104, 24667.26573297564, 32729.074682950104
249, 32791.30893016802, 24653.934600833458, 32791.30893016802, 32729.074682950104, 24667.26573297564, 32729.074682950104
250, 32791.30893016802, 24653.934600833458, 32791.30893016802, 32729.18296948594, 24666.463304139805, 32729.18296948594
251, 32791.30893016802, 24653.934600833458, 32791.30893016802, 32729.194491861188, 24666.155596161545, 32729.194491861188
252, 32791.30893016802, 24653.934600833458, 32791.30893016802, 32729.194491861188, 24666.155596161545, 32729.194491861188
253, 32791.30893016802, 24653.934600833458, 32791.30893016802, 32729.302778397025, 24665.35316732571, 32729.302778397025
254, 32818.73322089959, 24669.609749482843, 32818.73322089959, 32729.754214230572, 24665.36421411874, 32729.754214230572
255, 32818.73322089959, 24669.609749482843, 32818.73322089959, 32730.53148681925, 24665.00022398331, 32730.53148681925
256, 32818.73322089959, 24669.609749482843, 32818.73322089959, 32732.644777218382, 24661.448612090597, 32732.644777218382
257, 32818.73322089959, 24669.609749482843, 32818.73322089959, 32733.998049611993, 24656.1493538412, 32733.998049611993
258, 32818.73322089959, 24669.609749482843, 32818.73322089959, 32737.35059366099, 24649.904841048803, 32737.35059366099
259, 32819.01158879479, 24668.968047828093, 32819.01158879479, 32743.400587068438, 24638.69870985609, 32743.400587068438
260, 32819.01158879479, 24668.968047828093, 32819.01158879479, 32750.92366178053, 24621.083183599887, 32750.92366178053
261, 32855.184714681105, 24444.585206352225, 32855.184714681105, 32763.773147755546, 24593.630325745304, 32763.773147755546
262, 32855.184714681105, 24444.585206352225, 32855.184714681105, 32785.06982734255, 24594.53501395335, 32785.06982734255
263, 32855.184714681105, 24444.585206352225, 32855.184714681105, 32800.95149622587, 24636.201322260968, 32800.95149622587
264, 32855.184714681105, 24444.585206352225, 32855.184714681105, 32816.160029426836, 24661.134508584888, 32816.160029426836
265, 32873.57344404012, 24645.162055310764, 32873.57344404012, 32820.668616827505, 24659.313278947073, 32820.668616827505
266, 32873.57344404012, 24645.162055310764, 32873.57344404012, 32822.133635776154, 24650.29625468048, 32822.133635776154
267, 32873.57344404012, 24645.162055310764, 32873.57344404012, 32823.16416239003, 24645.643322842083, 32823.16416239003
268, 32873.57344404012, 24645.162055310764, 32873.57344404012, 32826.742659217154, 24625.214330848805, 32826.742659217154
269, 32873.57344404012, 24645.162055310764, 32873.57344404012, 32830.26231336313, 24606.873517786164, 32830.26231336313
270, 32873.57344404012, 24645.162055310764, 32873.57344404012, 32836.322437358125, 24572.80665477063, 32836.322437358125
271, 32873.57344404012, 24645.162055310764, 32873.57344404012, 32847.579927834464, 24512.470133919134, 32847.579927834464
272, 32873.57344404012, 24645.162055310764, 32873.57344404012, 32857.11553126389, 24465.64577549283, 32857.11553126389
273, 32873.57344404012, 24645.162055310764, 32873.57344404012, 32858.12691137863, 24476.677502185554, 32858.12691137863
274, 32873.57344404012, 24645.162055310764, 32873.57344404012, 32859.68995337415, 24493.726534347035, 32859.68995337415
275, 32873.57344404012, 24645.162055310764, 32873.57344404012, 32861.71271360364, 24515.789987732485, 32861.71271360364
276, 32953.891365770454, 24576.774679236896, 32953.891365770454, 32866.43565461167, 24562.58361035739, 32866.43565461167
277, 32953.891365770454, 24576.774679236896, 32953.891365770454, 32874.502381925784, 24641.127591935303, 32874.502381925784
278, 32953.891365770454, 24576.774679236896, 32953.891365770454, 32874.84555671709, 24644.213538292843, 32874.84555671709
279, 32953.891365770454, 24576.774679236896, 32953.891365770454, 32875.64873593439, 24643.529664532103, 32875.64873593439
280, 32953.891365770454, 24576.774679236896, 32953.891365770454, 32876.87245648261, 24642.322597351962, 32876.87245648261
281, 32953.891365770454, 24576.774679236896, 32953.891365770454, 32877.67563569991, 24641.638723591223, 32877.67563569991
282, 32953.891365770454, 24576.774679236896, 32953.891365770454, 32880.57305853366, 24639.14120251276, 32880.57305853366
283, 32953.891365770454, 24576.774679236896, 32953.891365770454, 32884.78049748881, 24635.332651338285, 32884.78049748881
284, 32969.37400789488, 24676.447240508423, 32969.37400789488, 32891.00595384694, 24630.23548494517, 32891.00595384694
285, 32969.37400789488, 24676.447240508423, 32969.37400789488, 32902.60571454164, 24620.66646981451, 32902.60571454164
286, 32969.37400789488, 24676.447240508423, 32969.37400789488, 32919.13823234725, 24606.72435134252, 32919.13823234725
287, 32969.37400789488, 24676.447240508423, 32969.37400789488, 32941.99696699185, 24588.735337221842, 32941.99696699185
288, 32969.37400789488, 24676.447240508423, 32969.37400789488, 32954.65028579958, 24581.639969566433, 32954.65028579958
289, 32969.37400789488, 24676.447240508423, 32969.37400789488, 32955.11476506331, 24584.63014640458, 32955.11476506331
290, 32969.37400789488, 24676.447240508423, 32969.37400789488, 32955.73407074829, 24588.617048855438, 32955.73407074829
291, 32969.37400789488, 24676.447240508423, 32969.37400789488, 32956.99451381867, 24597.023553037183, 32956.99451381867
292, 32969.37400789488, 24676.447240508423, 32969.37400789488, 32958.56460973153, 24607.423508444368, 32958.56460973153
293, 32969.37400789488, 24676.447240508423, 32969.37400789488, 32960.90883775063, 24622.807091915132, 32960.90883775063
294, 32969.37400789488, 24676.447240508423, 32969.37400789488, 32965.415337181264, 24653.258930543565, 32965.415337181264
295, 32969.37400789488, 24676.447240508423, 32969.37400789488, 32969.37400789473, 24676.44724050846, 32969.37400789473
296, 33044.38712099111, 24541.276804365196, 33044.38712099111, 32969.78179417899, 24675.518669421963, 32969.78179417899
297, 33044.38712099111, 24541.276804365196, 33044.38712099111, 32970.53192530996, 24674.16696506053, 32970.53192530996
298, 33044.38712099111, 24541.276804365196, 33044.38712099111, 32970.93971159422, 24673.23839397403, 32970.93971159422
299, 33044.38712099111, 24541.276804365196, 33044.38712099111, 32971.75528416274, 24671.381251801035, 32971.75528416274
300, 33044.38712099111, 24541.276804365196, 33044.38712099111, 32975.22903640842, 24664.54042545724, 32975.22903640842
301, 33044.38712099111, 24541.276804365196, 33044.38712099111, 32979.48564050384, 24656.095175846232, 32979.48564050384
302, 33044.38712099111, 24541.276804365196, 33044.38712099111, 32984.18275160229, 24646.468636242942, 32984.18275160229
303, 33044.38712099111, 24541.276804365196, 33044.38712099111, 32995.79464647333, 24623.413162857843, 32995.79464647333
304, 33044.38712099111, 24541.276804365196, 33044.38712099111, 33012.34682589201, 24589.556591774188, 33012.34682589201
305, 33089.37698631498, 24440.43006200589, 33089.37698631498, 33029.97081176482, 24559.056337909173, 33029.97081176482
306, 33089.37698631498, 24440.43006200589, 33089.37698631498, 33044.78761675657, 24541.30599145728, 33044.78761675657
307, 33089.37698631498, 24440.43006200589, 33089.37698631498, 33045.01256608319, 24540.80175774549, 33045.01256608319
308, 33089.37698631498, 24440.43006200589, 33089.37698631498, 33045.01256608319, 24540.80175774549, 33045.01256608319
309, 33089.37698631498, 24440.43006200589, 33089.37698631498, 33045.01256608319, 24540.80175774549, 33045.01256608319
310, 33089.37698631498, 24440.43006200589, 33089.37698631498, 33045.588608287646, 24541.36436564142, 33045.588608287646
311, 33089.37698631498, 24440.43006200589, 33089.37698631498, 33046.2634562675, 24539.85166450603, 33046.2634562675
312, 33089.37698631498, 24440.43006200589, 33089.37698631498, 33046.488405594115, 24539.347430794234, 33046.488405594115
313, 33089.37698631498, 24440.43006200589, 33089.37698631498, 33048.10978566976, 24538.960409187097, 33048.10978566976
314, 33089.37698631498, 24440.43006200589, 33089.37698631498, 33049.936718058525, 24538.572923843578, 33049.936718058525
315, 33089.37698631498, 24440.43006200589, 33089.37698631498, 33054.961666563206, 24534.53479952287, 33054.961666563206
316, 33089.37698631498, 24440.43006200589, 33089.37698631498, 33062.41959553533, 24530.137913214323, 33062.41959553533
317, 33089.37698631498, 24440.43006200589, 33089.37698631498, 33073.17036489089, 24519.48304167227, 33073.17036489089
318, 33181.233030865165, 24234.270813543924, 33181.233030865165, 33086.86927738458, 24502.930247951426, 33086.86927738458
319, 33181.233030865165, 24234.270813543924, 33181.233030865165, 33089.83626653759, 24439.399265763594, 33089.83626653759
320, 33181.233030865165, 24234.270813543924, 33181.233030865165, 33089.83626653759, 24439.399265763594, 33089.83626653759
321, 33181.233030865165, 24234.270813543924, 33181.233030865165, 33090.75482698309, 24437.337673278973, 33090.75482698309
322, 33181.233030865165, 24234.270813543924, 33181.233030865165, 33092.59194787409, 24433.214488309735, 33092.59194787409
323, 33181.233030865165, 24234.270813543924, 33181.233030865165, 33093.51050831959, 24431.152895825115, 33093.51050831959
324, 33181.233030865165, 24234.270813543924, 33181.233030865165, 33096.75848380631, 24424.811092085947, 33096.75848380631
325, 33181.233030865165, 24234.270813543924, 33181.233030865165, 33099.575678397276, 24417.018906050896, 33099.575678397276
326, 33181.233030865165, 24234.270813543924, 33181.233030865165, 33108.822796106746, 24394.795572623516, 33108.822796106746
327, 33181.233030865165, 24234.270813543924, 33181.233030865165, 33121.618980298066, 24365.90721782299, 33121.618980298066
328, 33181.233030865165, 24234.270813543924, 33181.233030865165, 33141.39889501253, 24320.823280763652, 33141.39889501253
329, 33184.90963738799, 24222.057454131354, 33184.90963738799, 33168.31273814512, 24260.3601788389, 33168.31273814512
330, 33184.90963738799, 24222.057454131354, 33184.90963738799, 33181.251413897655, 24234.20974674684, 33181.251413897655
331, 33184.90963738799, 24222.057454131354, 33184.90963738799, 33181.251413897655, 24234.20974674684, 33181.251413897655
332, 33184.90963738799, 24222.057454131354, 33184.90963738799, 33181.251413897655, 24234.20974674684, 33181.251413897655
333, 33184.90963738799, 24222.057454131354, 33184.90963738799, 33181.251413897655, 24234.20974674684, 33181.251413897655
334, 33184.90963738799, 24222.057454131354, 33184.90963738799, 33181.251413897655, 24234.20974674684, 33181.251413897655
335, 33196.46503006703, 24262.214425045942, 33196.46503006703, 33181.382722991504, 24234.16626441316, 33181.382722991504
336, 33201.47690859856, 24210.62053327777, 33201.47690859856, 33181.63192786308, 24234.563227782874, 33181.63192786308
337, 33201.47690859856, 24210.62053327777, 33201.47690859856, 33181.95899937423, 24234.48014530831, 33181.95899937423
338, 33201.47690859856, 24210.62053327777, 33201.47690859856, 33182.44243937188, 24234.09561104123, 33182.44243937188
339, 33201.47690859856, 24210.62053327777, 33201.47690859856, 33183.33648304015, 24234.13932687783, 33183.33648304015
340, 33219.283591247, 24315.0886069578, 33219.283591247, 33184.62796258558, 24234.33825815383, 33184.62796258558
341, 33219.283591247, 24315.0886069578, 33219.283591247, 33186.11583975569, 24235.15622918502, 33186.11583975569
342, 33219.283591247, 24315.0886069578, 33219.283591247, 33189.21740177428, 24234.310684055956, 33189.21740177428
343, 33219.283591247, 24315.0886069578, 33219.283591247, 33191.86099195288, 24238.759994005137, 33191.86099195288
344, 33292.810637239716, 24510.60983910515, 33292.810637239716, 33196.324223560834, 24250.161672641192, 33196.324223560834
345, 33292.810637239716, 24510.60983910515, 33292.810637239716, 33200.56843621437, 24238.49320489391, 33200.56843621437
346, 33292.810637239716, 24510.60983910515, 33292.810637239716, 33203.48497357379, 24223.01990389624, 33203.48497357379
347, 33292.810637239716, 24510.60983910515, 33292.810637239716, 33205.142637365854, 24231.002122183985, 33205.142637365854
348, 33292.810637239716, 24510.60983910515, 33292.810637239716, 33207.48894902374, 24242.302718860225, 33207.48894902374
349, 33292.810637239716, 24510.60983910515, 33292.810637239716, 33209.43063430098, 24255.250321624437, 33209.43063430098
350, 33294.55708229905, 24315.375215874596, 33294.55708229905, 33214.62988531868, 24281.103737867492, 33214.62988531868
351, 33294.55708229905, 24315.375215874596, 33294.55708229905, 33220.82930615457, 24305.877068154296, 33220.82930615457
352, 33294.55708229905, 24315.375215874596, 33294.55708229905, 33228.68389822864, 24326.536462683856, 33228.68389822864
353, 33294.55708229905, 24315.375215874596, 33294.55708229905, 33235.15069981187, 24337.146116065298, 33235.15069981187
354, 33294.55708229905, 24315.375215874596, 33294.55708229905, 33248.82712252869, 24355.31002202809, 33248.82712252869
355, 33450.65824900534, 24615.897002655194, 33450.65824900534, 33268.161402478705, 24379.647891567583, 33268.161402478705
356, 33450.65824900534, 24615.897002655194, 33450.65824900534, 33282.98215070065, 24432.2734037964, 33282.98215070065
357, 33450.65824900534, 24615.897002655194, 33450.65824900534, 33293.72212645262, 24497.469851296682, 33293.72212645262
358, 33450.65824900534, 24615.897002655194, 33450.65824900534, 33294.589954539115, 24489.21072906906, 33294.589954539115
359, 33450.65824900534, 24615.897002655194, 33450.65824900534, 33294.720937918566, 24474.56813232677, 33294.720937918566
360, 33450.65824900534, 24615.897002655194, 33450.65824900534, 33297.34188662865, 24447.838419411593, 33297.34188662865
361, 33450.65824900534, 24615.897002655194, 33450.65824900534, 33300.25150469035, 24411.489495974613, 33300.25150469035
362, 33450.65824900534, 24615.897002655194, 33450.65824900534, 33304.56056598047, 24343.6728261502, 33304.56056598047
363, 33450.65824900534, 24615.897002655194, 33450.65824900534, 33309.29599433345, 24346.831441056715, 33309.29599433345
364, 33450.65824900534, 24615.897002655194, 33450.65824900534, 33319.46261178642, 24370.584618864646, 33319.46261178642
365, 33450.65824900534, 24615.897002655194, 33450.65824900534, 33334.70004143313, 24401.375465221437, 33334.70004143313
366, 33450.65824900534, 24615.897002655194, 33450.65824900534, 33354.03663406688, 24445.604028167603, 33354.03663406688
367, 33450.65824900534, 24615.897002655194, 33450.65824900534, 33398.83785531307, 24541.630162811278, 33398.83785531307
368, 33450.65824900534, 24615.897002655194, 33450.65824900534, 33450.658249005435, 24615.89700265511, 33450.658249005435
369, 33450.65824900534, 24615.897002655194, 33450.65824900534, 33450.658249005435, 24615.89700265511, 33450.658249005435
370, 33450.65824900534, 24615.897002655194, 33450.65824900534, 33450.658249005435, 24615.89700265511, 33450.658249005435
371, 33500.558305326296, 24428.15760151429, 33500.558305326296, 33450.90774928704, 24614.958305649405, 33450.90774928704
372, 33500.558305326296, 24428.15760151429, 33500.558305326296, 33451.15724956865, 24614.0196086437, 33451.15724956865
373, 33500.558305326296, 24428.15760151429, 33500.558305326296, 33451.656250131855, 24612.14221463229, 33451.656250131855
374, 33500.558305326296, 24428.15760151429, 33500.558305326296, 33452.654251258275, 24608.38742660947, 33452.654251258275
375, 33500.558305326296, 24428.15760151429, 33500.558305326296, 33453.652252384694, 24604.632638586652, 33453.652252384694
376, 33500.558305326296, 24428.15760151429, 33500.558305326296, 33455.89775491914, 24596.184365535315, 33455.89775491914
377, 33500.558305326296, 24428.15760151429, 33500.558305326296, 33458.89175829839, 24584.920001466857, 33458.89175829839
378, 33500.558305326296, 24428.15760151429, 33500.558305326296, 33462.38476224086, 24571.778243386998, 33462.38476224086
379, 33500.558305326296, 24428.15760151429, 33500.558305326296, 33470.11927097062, 24542.678636210185, 33470.11927097062
380, 33513.602226794974, 24590.296474636816, 33513.602226794974, 33482.90900493985, 24495.615783284913, 33482.90900493985
381, 33513.602226794974, 24590.296474636816, 33513.602226794974, 33500.68874454088, 24429.778990245504, 33500.68874454088
382, 33543.02780749699, 24657.879372686843, 33543.02780749699, 33501.00585389508, 24430.35877689456, 33501.00585389508
383, 33543.02780749699, 24657.879372686843, 33543.02780749699, 33501.38818285663, 24431.74925790923, 33501.38818285663
384, 33543.02780749699, 24657.879372686843, 33543.02780749699, 33501.835731425526, 24433.950433289505, 33501.835731425526
385, 33543.02780749699, 24657.879372686843, 33543.02780749699, 33501.966170640204, 24435.571822020735, 33501.966170640204
386, 33543.02780749699, 24657.879372686843, 33543.02780749699, 33503.00109841292, 24436.40182077367, 33503.00109841292
387, 33565.91434711113, 24415.238943702192, 33565.91434711113, 33504.350591150156, 24440.074713706916, 33504.350591150156
388, 33565.91434711113, 24415.238943702192, 33565.91434711113, 33507.447617486796, 24446.708466192307, 33507.447617486796
389, 33565.91434711113, 24415.238943702192, 33565.91434711113, 33511.41270858563, 24461.153703813223, 33511.41270858563
390, 33565.91434711113, 24415.238943702192, 33565.91434711113, 33519.835395022674, 24488.71200396297, 33519.835395022674
391, 33648.88211762789, 24438.86287756586, 33648.88211762789, 33527.25898463596, 24461.981280997425, 33527.25898463596
392, 33648.88211762789, 24438.86287756586, 33648.88211762789, 33533.707890133264, 24450.598486946907, 33533.707890133264
393, 33648.88211762789, 24438.86287756586, 33648.88211762789, 33540.0583758077, 24533.365907551095, 33540.0583758077
394, 33648.88211762789, 24438.86287756586, 33648.88211762789, 33550.72630036618, 24619.776152628983, 33550.72630036618
395, 33648.88211762789, 24438.86287756586, 33648.88211762789, 33554.2532988546, 24604.216607124283, 33554.2532988546
396, 33648.88211762789, 24438.86287756586, 33648.88211762789, 33559.79255839258, 24578.168164314684, 33559.79255839258
397, 33648.88211762789, 24438.86287756586, 33648.88211762789, 33569.50962365959, 24531.644115982184, 33569.50962365959
398, 33648.88211762789, 24438.86287756586, 33648.88211762789, 33586.2012184718, 24480.38331471838, 33586.2012184718
399, 33648.88211762789, 24438.86287756586, 33648.88211762789, 33599.119223068206, 24517.405911585367, 33599.119223068206
400, 33648.88211762789, 24438.86287756586, 33648.88211762789, 33618.35912177916, 24556.597785103782, 33618.35912177916
401, 33648.88211762789, 24438.86287756586, 33648.88211762789, 33633.475272104355, 24498.290973751653, 33633.475272104355
402, 33648.88211762789, 24438.86287756586, 33648.88211762789, 33648.88211762805, 24438.86287756583, 33648.88211762805
403, 33648.88211762789, 24438.86287756586, 33648.88211762789, 33648.88211762805, 24438.86287756583, 33648.88211762805
404, 33648.88211762789, 24438.86287756586, 33648.88211762789, 33648.88211762805, 24438.86287756583, 33648.88211762805
405, 33648.88211762789, 24438.86287756586, 33648.88211762789, 33648.88211762805, 24438.86287756583, 33648.88211762805
406, 33648.88211762789, 24438.86287756586, 33648.88211762789, 33648.88211762805, 24438.86287756583, 33648.88211762805
407, 33648.88211762789, 24438.86287756586, 33648.88211762789, 33648.88211762805, 24438.86287756583, 33648.88211762805
408, 33648.88211762789, 24438.86287756586, 33648.88211762789, 33648.88211762805, 24438.86287756583, 33648.88211762805
409, 33648.88211762789, 24438.86287756586, 33648.88211762789, 33648.88211762805, 24438.86287756583, 33648.88211762805
410, 33660.47998312342, 24453.441031188417, 33660.47998312342, 33648.940106955524, 24438.935768333944, 33648.940106955524
411, 33660.47998312342, 24453.441031188417, 33660.47998312342, 33648.940106955524, 24438.935768333944, 33648.940106955524
412, 33660.47998312342, 24453.441031188417, 33660.47998312342, 33649.05608561048, 24439.081549870167, 33649.05608561048
413, 33660.47998312342, 24453.441031188417, 33660.47998312342, 33649.114074937956, 24439.154440638278, 33649.114074937956
414, 33660.47998312342, 24453.441031188417, 33660.47998312342, 33649.28804292039, 24439.37311294262, 33649.28804292039
415, 33660.47998312342, 24453.441031188417, 33660.47998312342, 33649.57798955778, 24439.73756678318, 33649.57798955778
416, 33660.47998312342, 24453.441031188417, 33660.47998312342, 33649.92592552264, 24440.17491139186, 33649.92592552264
417, 33670.18864005973, 24257.106500940572, 33670.18864005973, 33650.43838342714, 24439.77636488552, 33650.43838342714
418, 33670.18864005973, 24257.106500940572, 33670.18864005973, 33651.066819986605, 24439.52359991541, 33651.066819986605
419, 33670.18864005973, 24257.106500940572, 33670.18864005973, 33652.62261017819, 24439.39370113157, 33652.62261017819
420, 33689.11028812057, 24392.56335309452, 33689.11028812057, 33655.027345474766, 24441.932052697484, 33655.027345474766
421, 33689.11028812057, 24392.56335309452, 33689.11028812057, 33658.176020378174, 24443.32003472593, 33658.176020378174
422, 33689.11028812057, 24392.56335309452, 33689.11028812057, 33661.346327260384, 24443.692812155834, 33661.346327260384
423, 33741.83708900979, 24538.254710211975, 33741.83708900979, 33662.138980738215, 24438.904128904287, 33662.138980738215
424, 33741.83708900979, 24538.254710211975, 33741.83708900979, 33663.52763622608, 24435.894082569397, 33663.52763622608
425, 33741.83708900979, 24538.254710211975, 33741.83708900979, 33664.51198451356, 24429.81933827614, 33664.51198451356
426, 33741.83708900979, 24538.254710211975, 33741.83708900979, 33667.485220092494, 24412.89850139309, 33667.485220092494
427, 33741.83708900979, 24538.254710211975, 33741.83708900979, 33671.251109149285, 24391.188981258492, 33671.251109149285
428, 33741.83708900979, 24538.254710211975, 33741.83708900979, 33676.463383430375, 24350.591799839705, 33676.463383430375
429, 33741.83708900979, 24538.254710211975, 33741.83708900979, 33682.92152575837, 24329.717392979153, 33682.92152575837
430, 33741.83708900979, 24538.254710211975, 33741.83708900979, 33690.75245498383, 24373.80770707394, 33690.75245498383
431, 33741.83708900979, 24538.254710211975, 33741.83708900979, 33700.239605759794, 24421.642650146234, 33700.239605759794
432, 33745.504623038665, 24401.152867954712, 33745.504623038665, 33707.00895526947, 24438.77484499591, 33707.00895526947
433, 33745.504623038665, 24401.152867954712, 33745.504623038665, 33717.027047438336, 24466.456202848185, 33717.027047438336
434, 33745.504623038665, 24401.152867954712, 33745.504623038665, 33734.58705346002, 24514.140635118143, 33734.58705346002
435, 33745.504623038665, 24401.152867954712, 33745.504623038665, 33741.87376434994, 24536.883691789404, 33741.87376434994
436, 33745.504623038665, 24401.152867954712, 33745.504623038665, 33741.87376434994, 24536.883691789404, 33741.87376434994
437, 33787.88860664615, 24687.453638806594, 33787.88860664615, 33742.12235960827, 24536.944177221092, 33742.12235960827
438, 33787.88860664615, 24687.453638806594, 33787.88860664615, 33742.293956544076, 24534.857496453376, 33742.293956544076
439, 33834.044384073655, 24687.31440383206, 33834.044384073655, 33742.98160296563, 24531.4595865199, 33742.98160296563
440, 33834.044384073655, 24687.31440383206, 33834.044384073655, 33743.42013282991, 24528.747881972584, 33743.42013282991
441, 33834.044384073655, 24687.31440383206, 33834.044384073655, 33744.33147893514, 24522.01306454822, 33744.33147893514
442, 33834.044384073655, 24687.31440383206, 33834.044384073655, 33746.31763595772, 24516.11436332148, 33746.31763595772
443, 33834.044384073655, 24687.31440383206, 33834.044384073655, 33748.48716968177, 24503.360569981887, 33748.48716968177
444, 33834.044384073655, 24687.31440383206, 33834.044384073655, 33751.04179447887, 24476.211083205286, 33751.04179447887
445, 33834.044384073655, 24687.31440383206, 33834.044384073655, 33757.49506709972, 24458.695560481287, 33757.49506709972
446, 33834.044384073655, 24687.31440383206, 33834.044384073655, 33763.07541592596, 24487.026126646924, 33763.07541592596
447, 33834.044384073655, 24687.31440383206, 33834.044384073655, 33773.809767886334, 24536.10058774731, 33773.809767886334
448, 33834.044384073655, 24687.31440383206, 33834.044384073655, 33793.28494213566, 24622.38440261015, 33793.28494213566
449, 33834.044384073655, 24687.31440383206, 33834.044384073655, 33812.09309434579, 24687.20599827403, 33812.09309434579
450, 33834.044384073655, 24687.31440383206, 33834.044384073655, 33828.451099882775, 24686.982027687143, 33828.451099882775
451, 33834.044384073655, 24687.31440383206, 33834.044384073655, 33834.04438407354, 24687.314403831988, 33834.04438407354
452, 33834.044384073655, 24687.31440383206, 33834.044384073655, 33834.04438407354, 24687.314403831988, 33834.04438407354
453, 33834.044384073655, 24687.31440383206, 33834.044384073655, 33834.04438407354, 24687.314403831988, 33834.04438407354
454, 33834.044384073655, 24687.31440383206, 33834.044384073655, 33834.04438407354, 24687.314403831988, 33834.04438407354
455, 33834.044384073655, 24687.31440383206, 33834.044384073655, 33834.04438407354, 24687.314403831988, 33834.04438407354
456, 33834.044384073655, 24687.31440383206, 33834.044384073655, 33834.04438407354, 24687.314403831988, 33834.04438407354
457, 33855.57147245267, 24474.362875523657, 33855.57147245267, 33834.15201951543, 24686.24964619044, 33834.15201951543
458, 33855.57147245267, 24474.362875523657, 33855.57147245267, 33834.15201951543, 24686.24964619044, 33834.15201951543
459, 33855.57147245267, 24474.362875523657, 33855.57147245267, 33834.25965495733, 24685.1848885489, 33834.25965495733
460, 33855.57147245267, 24474.362875523657, 33855.57147245267, 33834.47492584112, 24683.05537326582, 33834.47492584112
461, 33855.57147245267, 24474.362875523657, 33855.57147245267, 33834.7978321668, 24679.86110034119, 33834.7978321668
462, 33855.57147245267, 24474.362875523657, 33855.57147245267, 33835.551280260064, 24672.407796850395, 33835.551280260064
463, 33855.57147245267, 24474.362875523657, 33855.57147245267, 33835.98182202765, 24668.148766284226, 33835.98182202765
464, 33855.57147245267, 24474.362875523657, 33855.57147245267, 33837.381082772285, 24654.30691694418, 33837.381082772285
465, 33855.57147245267, 24474.362875523657, 33855.57147245267, 33839.749062493975, 24630.88224883026, 33839.749062493975
466, 33855.57147245267, 24474.362875523657, 33855.57147245267, 33843.946844727885, 24589.356700810153, 33843.946844727885
467, 33855.57147245267, 24474.362875523657, 33855.57147245267, 33850.72787756735, 24522.276969392988, 33850.72787756735
468, 33855.57147245267, 24474.362875523657, 33855.57147245267, 33855.571472452735, 24474.362875523657, 33855.571472452735
469, 33855.57147245267, 24474.362875523657, 33855.57147245267, 33855.571472452735, 24474.362875523657, 33855.571472452735
470, 33855.57147245267, 24474.362875523657, 33855.57147245267, 33855.571472452735, 24474.362875523657, 33855.571472452735
471, 33855.57147245267, 24474.362875523657, 33855.57147245267, 33855.571472452735, 24474.362875523657, 33855.571472452735
472, 33855.57147245267, 24474.362875523657, 33855.57147245267, 33855.571472452735, 24474.362875523657, 33855.571472452735
473, 33855.57147245267, 24474.362875523657, 33855.57147245267, 33855.571472452735, 24474.362875523657, 33855.571472452735
474, 33855.57147245267, 24474.362875523657, 33855.57147245267, 33855.571472452735, 24474.362875523657, 33855.571472452735
475, 33855.57147245267, 24474.362875523657, 33855.57147245267, 33855.571472452735, 24474.362875523657, 33855.571472452735
476, 33855.57147245267, 24474.362875523657, 33855.57147245267, 33855.571472452735, 24474.362875523657, 33855.571472452735
477, 33855.57147245267, 24474.362875523657, 33855.57147245267, 33855.571472452735, 24474.362875523657, 33855.571472452735
478, 33855.57147245267, 24474.362875523657, 33855.57147245267, 33855.571472452735, 24474.362875523657, 33855.571472452735
479, 33855.57147245267, 24474.362875523657, 33855.57147245267, 33855.571472452735, 24474.362875523657, 33855.571472452735
480, 33855.57147245267, 24474.362875523657, 33855.57147245267, 33855.571472452735, 24474.362875523657, 33855.571472452735
481, 33855.57147245267, 24474.362875523657, 33855.57147245267, 33855.571472452735, 24474.362875523657, 33855.571472452735
482, 33855.57147245267, 24474.362875523657, 33855.57147245267, 33855.571472452735, 24474.362875523657, 33855.571472452735
483, 33862.60219854217, 24573.849440668382, 33862.60219854217, 33855.60662608318, 24474.86030834938, 33855.60662608318
484, 33901.25579577461, 24605.64604206988, 33901.25579577461, 33855.87020133024, 24476.01415700783, 33855.87020133024
485, 33901.25579577461, 24605.64604206988, 33901.25579577461, 33855.87020133024, 24476.01415700783, 33855.87020133024
486, 33920.82327725402, 24596.113015258717, 33920.82327725402, 33856.42488197085, 24477.279323539242, 33856.42488197085
487, 33920.82327725402, 24596.113015258717, 33920.82327725402, 33856.49518923175, 24478.274189190688, 33856.49518923175
488, 33920.82327725402, 24596.113015258717, 33920.82327725402, 33857.28591497292, 24481.73573516605, 33857.28591497292
489, 33920.82327725402, 24596.113015258717, 33920.82327725402, 33857.83330564473, 24481.93347890098, 33857.83330564473
490, 33920.82327725402, 24596.113015258717, 33920.82327725402, 33859.59585200425, 24486.626394990646, 33859.59585200425
491, 33963.16082614213, 24519.845683685515, 33963.16082614213, 33861.73823077649, 24491.885174939838, 33861.73823077649
492, 33963.16082614213, 24519.845683685515, 33963.16082614213, 33867.08614680337, 24505.673138524173, 33867.08614680337
493, 33963.16082614213, 24519.845683685515, 33963.16082614213, 33874.91846973218, 24518.964377706525, 33874.91846973218
494, 33963.16082614213, 24519.845683685515, 33963.16082614213, 33886.66722858544, 24546.0587763447, 33886.66722858544
495, 33963.16082614213, 24519.845683685515, 33963.16082614213, 33903.273345761954, 24542.288378442277, 33903.273345761954
496, 33963.16082614213, 24519.845683685515, 33963.16082614213, 33910.962894758704, 24600.39508627844, 33910.962894758704
497, 33963.16082614213, 24519.845683685515, 33963.16082614213, 33915.9577852579, 24597.718063311502, 33915.9577852579
498, 33982.195146897655, 24601.930180274387, 33982.195146897655, 33922.150901979374, 24594.601234703536, 33922.150901979374
499, 33982.195146897655, 24601.930180274387, 33982.195146897655, 33922.44959692355, 24594.212138171286, 33922.44959692355
500, 33982.195146897655, 24601.930180274387, 33982.195146897655, 33923.99707379748, 24592.737203315588, 33923.99707379748
