1, 26787.391149070543, 24668.130601091747, 26787.391149070543, 25151.875720441174, 24655.843430297, 25151.875720441174
2, 27029.607493782707, 24254.195590289055, 27029.607493782707, 25678.205593196704, 24634.724144995933, 25678.205593196704
3, 27124.390772010473, 24077.21820927851, 27124.390772010473, 25923.205567923476, 24616.37723426661, 25923.205567923476
4, 27197.88143020376, 24105.68038926754, 27197.88143020376, 26048.556245287942, 24600.235382363466, 26048.556245287942
5, 27456.276887996843, 24676.26714246186, 27456.276887996843, 26201.577170679597, 24571.25360347497, 26201.577170679597
6, 27456.276887996843, 24676.26714246186, 27456.276887996843, 26433.099373565303, 24511.241927531504, 26433.099373565303
7, 27459.316085599934, 24227.564883488976, 27459.316085599934, 26538.904974317084, 24470.023093487966, 26538.904974317084
8, 27534.101038621437, 24187.775129178, 27534.101038621437, 26611.00495463126, 24420.243428882808, 26611.00495463126
9, 27606.86927009933, 24649.900538551035, 27606.86927009933, 26655.19221873429, 24430.688746309934, 26655.19221873429
10, 27792.387883301515, 24350.453639317522, 27792.387883301515, 26722.480334362328, 24472.815246075777, 26722.480334362328
11, 27792.387883301515, 24350.453639317522, 27792.387883301515, 26816.72159451942, 24499.002964600255, 26816.72159451942
12, 27852.45897384175, 24667.228987369046, 27852.45897384175, 26845.260849043905, 24499.71049635038, 26845.260849043905
13, 27957.299008209484, 24530.74123469134, 27957.299008209484, 26900.65437540576, 24485.719212266205, 26900.65437540576
14, 27965.13979307384, 24335.830003470393, 27965.13979307384, 26971.123746509096, 24498.374203881853, 26971.123746509096
15, 28068.24601131562, 24525.94289121065, 28068.24601131562, 26985.041327522937, 24490.51893640502, 26985.041327522937
16, 28068.24601131562, 24525.94289121065, 28068.24601131562, 27042.836662789043, 24508.441920303336, 27042.836662789043
17, 28129.420192491907, 24263.080499609492, 28129.420192491907, 27033.19060670942, 24491.75510675254, 27033.19060670942
18, 28244.0618905281, 24667.681644936387, 28244.0618905281, 27101.173493300415, 24517.128355075874, 27101.173493300415
19, 28244.0618905281, 24667.681644936387, 28244.0618905281, 27138.930963517083, 24515.592864998514, 27138.930963517083
20, 28284.52713293924, 24190.21939685827, 28284.52713293924, 27208.710206036376, 24517.51981909954, 27208.710206036376
21, 28285.720897960135, 24547.13228576855, 28285.720897960135, 27253.70616126563, 24499.952379766582, 27253.70616126563
22, 28434.988028848828, 24528.099061209105, 28434.988028848828, 27253.889436586378, 24490.42340688319, 27253.889436586378
23, 28436.586442457574, 24591.89807530608, 28436.586442457574, 27286.644831018857, 24486.305089146877, 27286.644831018857
24, 28599.171595367923, 24517.57154850929, 28599.171595367923, 27373.931780910214, 24499.194234804738, 27373.931780910214
25, 28679.5984196808, 24401.423525057537, 28679.5984196808, 27369.638544560374, 24496.13310811325, 27369.638544560374
26, 28679.5984196808, 24401.423525057537, 28679.5984196808, 27448.47217583103, 24513.452573722647, 27448.47217583103
27, 28688.593687519195, 24522.103819862547, 28688.593687519195, 27509.430738721145, 24501.536686080413, 27509.430738721145
28, 28707.995330723807, 24265.800083001093, 28707.995330723807, 27488.636621819693, 24501.34159822651, 27488.636621819693
29, 28780.567829065632, 24364.844588245192, 28780.567829065632, 27554.29157479121, 24506.529994757, 27554.29157479121
30, 28852.13632330452, 24396.45439451018, 28852.13632330452, 27564.78339245765, 24502.42012072518, 27564.78339245765
31, 28951.189876199536, 24430.474668192954, 28951.189876199536, 27582.83885833969, 24490.441198289274, 27582.83885833969
32, 28951.189876199536, 24430.474668192954, 28951.189876199536, 27619.86664477526, 24482.380334871545, 27619.86664477526
33, 28951.189876199536, 24430.474668192954, 28951.189876199536, 27697.992817203136, 24490.091493834756, 27697.992817203136
34, 29066.916707426135, 24223.32909904838, 29066.916707426135, 27690.765604296845, 24486.1160269438, 27690.765604296845
35, 29132.102977702663, 23875.615905590228, 29132.102977702663, 27762.908408314022, 24481.028034993862, 27762.908408314022
36, 29256.931754150275, 24222.885989350976, 29256.931754150275, 27738.76828856713, 24475.02298851836, 27738.76828856713
37, 29295.892480489718, 24461.700514889726, 29295.892480489718, 27815.605424561552, 24478.84524238833, 27815.605424561552
38, 29295.892480489718, 24461.700514889726, 29295.892480489718, 27834.04900406511, 24463.785425723036, 27834.04900406511
39, 29295.892480489718, 24461.700514889726, 29295.892480489718, 27862.80830545128, 24446.365068379422, 27862.80830545128
40, 29295.892480489718, 24461.700514889726, 29295.892480489718, 27946.532878006503, 24409.302112124526, 27946.532878006503
41, 29593.321848735377, 24594.290975834192, 29593.321848735377, 27960.09260260843, 24390.568589097522, 27960.09260260843
42, 29593.321848735377, 24594.290975834192, 29593.321848735377, 27988.357336277903, 24392.852580092185, 27988.357336277903
43, 29632.060308979904, 24551.87008019446, 29632.060308979904, 28022.827001878308, 24467.507502318695, 28022.827001878308
44, 29632.060308979904, 24551.87008019446, 29632.060308979904, 28047.742610368827, 24475.577177321262, 28047.742610368827
45, 29632.060308979904, 24551.87008019446, 29632.060308979904, 28056.224556784244, 24484.622217270906, 28056.224556784244
46, 29632.060308979904, 24551.87008019446, 29632.060308979904, 28107.562290116955, 24517.864542082396, 28107.562290116955
47, 29632.060308979904, 24551.87008019446, 29632.060308979904, 28186.076712290043, 24523.164765125737, 28186.076712290043
48, 29632.278949663883, 24439.001114870152, 29632.278949663883, 28213.732491100378, 24516.518507487694, 28213.732491100378
49, 29651.07843001799, 24421.875234518488, 29651.07843001799, 28239.908473488005, 24535.406134468867, 28239.908473488005
50, 29699.218670871793, 24617.820001283737, 29699.218670871793, 28252.004681070415, 24545.452881736495, 28252.004681070415
51, 29726.25080736437, 23940.375660068792, 29726.25080736437, 28237.702395472654, 24563.890924137067, 28237.702395472654
52, 29807.90667909739, 24376.949410043035, 29807.90667909739, 28309.085837472452, 24559.807903649733, 28309.085837472452
53, 29807.90667909739, 24376.949410043035, 29807.90667909739, 28302.07646785048, 24540.24278441675, 28302.07646785048
54, 29807.90667909739, 24376.949410043035, 29807.90667909739, 28342.676191859548, 24524.706733872903, 28342.676191859548
55, 29881.68166377962, 24187.76677259748, 29881.68166377962, 28313.65394924723, 24506.76173768081, 28313.65394924723
56, 29881.68166377962, 24187.76677259748, 29881.68166377962, 28345.05875708261, 24485.876964097748, 28345.05875708261
57, 29942.179130547745, 24208.704685131383, 29942.179130547745, 28343.403231589138, 24457.416378780505, 28343.403231589138
58, 29942.179130547745, 24208.704685131383, 29942.179130547745, 28403.77675594398, 24386.916476542567, 28403.77675594398
59, 29942.179130547745, 24208.704685131383, 29942.179130547745, 28419.593496500936, 24448.327697676756, 28419.593496500936
60, 29969.676825120532, 24649.54915959746, 29969.676825120532, 28422.30297315059, 24458.32442825682, 28422.30297315059
61, 29969.676825120532, 24649.54915959746, 29969.676825120532, 28465.91720606621, 24457.12939357781, 28465.91720606621
62, 29981.55985410562, 23814.021655711666, 29981.55985410562, 28466.107166655664, 24453.13495925197, 28466.107166655664
63, 30002.50911367348, 24286.95559937946, 30002.50911367348, 28472.561742332746, 24402.077396665547, 28472.561742332746
64, 30029.037776576748, 24150.821834983224, 30029.037776576748, 28512.20448582014, 24379.512056922693, 28512.20448582014
65, 30092.00030961088, 24595.984179695857, 30092.00030961088, 28477.631461253724, 24361.155246877544, 28477.631461253724
66, 30092.00030961088, 24595.984179695857, 30092.00030961088, 28557.14265173223, 24367.11399259382, 28557.14265173223
67, 30183.270345304514, 24297.109785673478, 30183.270345304514, 28550.290377434638, 24370.698634705925, 28550.290377434638
68, 30203.917567691402, 24304.977319915368, 30203.917567691402, 28570.56123168161, 24339.921551724154, 28570.56123168161
69, 30248.11201010845, 24179.960817971583, 30248.11201010845, 28576.511406810267, 24384.171433021434, 28576.511406810267
70, 30248.11201010845, 24179.960817971583, 30248.11201010845, 28578.462418068786, 24367.277259471604, 28578.462418068786
71, 30277.360895081954, 24403.50152754647, 30277.360895081954, 28592.48788771677, 24381.152446956978, 28592.48788771677
72, 30277.360895081954, 24403.50152754647, 30277.360895081954, 28617.95580989305, 24412.776728258297, 28617.95580989305
73, 30277.360895081954, 24403.50152754647, 30277.360895081954, 28609.0127296033, 24424.094446428513, 28609.0127296033
74, 30277.360895081954, 24403.50152754647, 30277.360895081954, 28682.360577933276, 24306.394391851747, 28682.360577933276
75, 30469.77995431945, 24199.12788508213, 30469.77995431945, 28708.93996309095, 24376.45432929517, 28708.93996309095
76, 30469.77995431945, 24199.12788508213, 30469.77995431945, 28697.426139808973, 24388.072100563513, 28697.426139808973
77, 30469.77995431945, 24199.12788508213, 30469.77995431945, 28779.379105085485, 24378.876585140388, 28779.379105085485
78, 30469.77995431945, 24199.12788508213, 30469.77995431945, 28724.849326017134, 24371.189348177515, 28724.849326017134
79, 30469.77995431945, 24199.12788508213, 30469.77995431945, 28771.01777222796, 24377.905111571414, 28771.01777222796
80, 30469.77995431945, 24199.12788508213, 30469.77995431945, 28695.05623035801, 24426.53701979632, 28695.05623035801
81, 30469.77995431945, 24199.12788508213, 30469.77995431945, 28695.145626655725, 24406.867803567457, 28695.145626655725
82, 30506.360115587624, 24336.86932009921, 30506.360115587624, 28858.573395086307, 24396.889819439784, 28858.573395086307
83, 30506.360115587624, 24336.86932009921, 30506.360115587624, 28801.978391838096, 24436.654019818325, 28801.978391838096
84, 30566.75506963672, 24013.802091580324, 30566.75506963672, 28871.13388665533, 24478.299627346485, 28871.13388665533
85, 30566.75506963672, 24013.802091580324, 30566.75506963672, 28829.103181143884, 24470.8695599235, 28829.103181143884
86, 30645.174275315792, 24286.864405880824, 30645.174275315792, 28882.448894706093, 24411.842192837685, 28882.448894706093
87, 30645.174275315792, 24286.864405880824, 30645.174275315792, 28899.10296122035, 24365.14828759876, 28899.10296122035
88, 30645.174275315792, 24286.864405880824, 30645.174275315792, 28917.53864126699, 24382.80439524271, 28917.53864126699
89, 30645.174275315792, 24286.864405880824, 30645.174275315792, 28912.539422443184, 24413.314617523076, 28912.539422443184
90, 30691.75735520028, 24380.821249480625, 30691.75735520028, 28980.227091641536, 24426.743140273014, 28980.227091641536
91, 30691.75735520028, 24380.821249480625, 30691.75735520028, 28952.665303309812, 24419.932004609334, 28952.665303309812
92, 30691.75735520028, 24380.821249480625, 30691.75735520028, 28954.61712669245, 24381.29949506721, 28954.61712669245
93, 30691.75735520028, 24380.821249480625, 30691.75735520028, 29003.253605987557, 24371.111499369374, 29003.253605987557
94, 30691.75735520028, 24380.821249480625, 30691.75735520028, 28985.826857555214, 24447.432118705605, 28985.826857555214
95, 30691.75735520028, 24380.821249480625, 30691.75735520028, 28966.5588126604, 24410.109841751168, 28966.5588126604
96, 30743.478688948613, 24290.01247441123, 30743.478688948613, 28978.884726380966, 24406.137618094814, 28978.884726380966
97, 30743.478688948613, 24290.01247441123, 30743.478688948613, 29008.453529179842, 24405.54019119186, 29008.453529179842
98, 30816.597269300284, 24340.122785836393, 30816.597269300284, 28988.70524718854, 24409.022270033063, 28988.70524718854
99, 30915.836054185973, 24616.20720672457, 30915.836054185973, 29053.792497854047, 24420.569994806516, 29053.792497854047
100, 30915.836054185973, 24616.20720672457, 30915.836054185973, 29070.75883306959, 24376.84476084987, 29070.75883306959
101, 30943.201523953012, 24196.16100290983, 30943.201523953012, 29040.63590470806, 24389.460459700713, 29040.63590470806
102, 30943.201523953012, 24196.16100290983, 30943.201523953012, 29066.48473383613, 24372.255530798957, 29066.48473383613
103, 30943.201523953012, 24196.16100290983, 30943.201523953012, 29066.822671320035, 24390.70480688991, 29066.822671320035
104, 30943.201523953012, 24196.16100290983, 30943.201523953012, 29080.899725307965, 24434.270367892943, 29080.899725307965
105, 31089.76475314248, 24349.7184999398, 31089.76475314248, 29171.746585185596, 24469.512108068193, 29171.746585185596
106, 31089.76475314248, 24349.7184999398, 31089.76475314248, 29133.478063943036, 24513.646141482346, 29133.478063943036
107, 31089.76475314248, 24349.7184999398, 31089.76475314248, 29183.89766020494, 24549.376857637762, 29183.89766020494
108, 31089.76475314248, 24349.7184999398, 31089.76475314248, 29184.162736857288, 24591.073928640297, 29184.162736857288
109, 31089.76475314248, 24349.7184999398, 31089.76475314248, 29172.573903014, 24576.29798531073, 29172.573903014
110, 31178.983326024605, 24500.800093084406, 31178.983326024605, 29229.92635182119, 24539.478985378213, 29229.92635182119
111, 31178.983326024605, 24500.800093084406, 31178.983326024605, 29242.800829239168, 24504.425564874356, 29242.800829239168
112, 31178.983326024605, 24500.800093084406, 31178.983326024605, 29263.931062421518, 24519.512306730594, 29263.931062421518
113, 31279.53560460798, 24495.432344371642, 31279.53560460798, 29340.90237831932, 24544.89403569199, 29340.90237831932
114, 31279.53560460798, 24495.432344371642, 31279.53560460798, 29282.44027060444, 24509.852007897018, 29282.44027060444
115, 31279.53560460798, 24495.432344371642, 31279.53560460798, 29305.374256717347, 24475.965749256127, 29305.374256717347
116, 31279.53560460798, 24495.432344371642, 31279.53560460798, 29351.17566795007, 24493.986030960357, 29351.17566795007
117, 31279.53560460798, 24495.432344371642, 31279.53560460798, 29366.872971891265, 24521.985134619867, 29366.872971891265
118, 31279.53560460798, 24495.432344371642, 31279.53560460798, 29385.01130298668, 24540.315352883827, 29385.01130298668
119, 31295.33214538651, 24629.109648020225, 31295.33214538651, 29366.347444491774, 24531.610632294512, 29366.347444491774
120, 31497.227343409806, 24539.567561182197, 31497.227343409806, 29397.98105884298, 24524.312728932025, 29397.98105884298
121, 31497.227343409806, 24539.567561182197, 31497.227343409806, 29442.686522016586, 24522.86087890889, 29442.686522016586
122, 31497.227343409806, 24539.567561182197, 31497.227343409806, 29448.289440652385, 24545.734202904423, 29448.289440652385
123, 31497.227343409806, 24539.567561182197, 31497.227343409806, 29416.22161830556, 24542.71675424163, 29416.22161830556
124, 31497.227343409806, 24539.567561182197, 31497.227343409806, 29521.67984941084, 24538.33280367569, 29521.67984941084
125, 31544.832376383594, 24572.438989337763, 31544.832376383594, 29455.176684096907, 24532.981878577935, 29455.176684096907
126, 31544.832376383594, 24572.438989337763, 31544.832376383594, 29451.852999699768, 24534.975736142635, 29451.852999699768
127, 31544.832376383594, 24572.438989337763, 31544.832376383594, 29477.706979955296, 24524.65009028434, 29477.706979955296
128, 31544.832376383594, 24572.438989337763, 31544.832376383594, 29499.222363580502, 24558.158492192455, 29499.222363580502
129, 31586.41668661682, 24526.760718118552, 31586.41668661682, 29523.643416245315, 24569.662361817183, 29523.643416245315
130, 31586.41668661682, 24526.760718118552, 31586.41668661682, 29577.106905659133, 24582.433929420906, 29577.106905659133
131, 31657.626901163625, 24228.178790367565, 31657.626901163625, 29589.394032469103, 24574.788355658144, 29589.394032469103
132, 31657.626901163625, 24228.178790367565, 31657.626901163625, 29603.40017431559, 24577.348893131828, 29603.40017431559
133, 31657.626901163625, 24228.178790367565, 31657.626901163625, 29610.143048223643, 24576.628894315763, 29610.143048223643
134, 31657.626901163625, 24228.178790367565, 31657.626901163625, 29669.43289308344, 24579.204035680486, 29669.43289308344
135, 31657.626901163625, 24228.178790367565, 31657.626901163625, 29635.411512536866, 24574.290606928014, 29635.411512536866
136, 31745.993260983138, 24404.22682319597, 31745.993260983138, 29661.848104471093, 24559.094850958605, 29661.848104471093
137, 31745.993260983138, 24404.22682319597, 31745.993260983138, 29637.70899947166, 24539.22543210636, 29637.70899947166
138, 31745.993260983138, 24404.22682319597, 31745.993260983138, 29706.955282186027, 24503.142458386985, 29706.955282186027
139, 31745.993260983138, 24404.22682319597, 31745.993260983138, 29715.64881326782, 24462.479147420003, 29715.64881326782
140, 31745.993260983138, 24404.22682319597, 31745.993260983138, 29710.368130986957, 24408.935365959038, 29710.368130986957
141, 31745.993260983138, 24404.22682319597, 31745.993260983138, 29700.579033852027, 24382.84575985565, 29700.579033852027
142, 31745.993260983138, 24404.22682319597, 31745.993260983138, 29778.68672129796, 24398.27986640139, 29778.68672129796
143, 31745.993260983138, 24404.22682319597, 31745.993260983138, 29743.70962294462, 24431.87512011499, 29743.70962294462
144, 31830.057726826755, 24244.86315664934, 31830.057726826755, 29758.331037765587, 24464.74561820393, 29758.331037765587
145, 31830.057726826755, 24244.86315664934, 31830.057726826755, 29761.924408242667, 24474.156271129657, 29761.924408242667
146, 31830.057726826755, 24244.86315664934, 31830.057726826755, 29821.541015725466, 24481.00583826016, 29821.541015725466
147, 31830.057726826755, 24244.86315664934, 31830.057726826755, 29769.284036671623, 24477.069166509653, 29769.284036671623
148, 31830.057726826755, 24244.86315664934, 31830.057726826755, 29803.280736521847, 24477.670631618603, 29803.280736521847
149, 31830.057726826755, 24244.86315664934, 31830.057726826755, 29714.687484415663, 24476.32104810041, 29714.687484415663
150, 31830.637754294192, 24320.91453437079, 31830.637754294192, 29818.470351118845, 24478.059012739825, 29818.470351118845
151, 31830.637754294192, 24320.91453437079, 31830.637754294192, 29734.79175217435, 24476.680666682714, 29734.79175217435
152, 31830.637754294192, 24320.91453437079, 31830.637754294192, 29768.650919297295, 24473.63443032412, 29768.650919297295
153, 31855.949042846423, 24597.52366442738, 31855.949042846423, 29766.601623986397, 24467.625400781184, 29766.601623986397
154, 31855.949042846423, 24597.52366442738, 31855.949042846423, 29782.103701539556, 24459.68076447417, 29782.103701539556
155, 31855.949042846423, 24597.52366442738, 31855.949042846423, 29844.453712785384, 24463.073715391267, 29844.453712785384
156, 32013.494363071393, 24597.285880663003, 32013.494363071393, 29851.037672982016, 24448.083020798276, 29851.037672982016
157, 32013.494363071393, 24597.285880663003, 32013.494363071393, 29848.09431866832, 24431.644928427675, 29848.09431866832
158, 32013.494363071393, 24597.285880663003, 32013.494363071393, 29842.649014317176, 24417.543903366928, 29842.649014317176
159, 32013.494363071393, 24597.285880663003, 32013.494363071393, 29840.406530216558, 24436.409515799154, 29840.406530216558
160, 32013.494363071393, 24597.285880663003, 32013.494363071393, 29840.74664599482, 24480.684460874163, 29840.74664599482
161, 32013.494363071393, 24597.285880663003, 32013.494363071393, 29825.182903765173, 24515.321648124605, 29825.182903765173
162, 32013.494363071393, 24597.285880663003, 32013.494363071393, 29863.76494356446, 24591.94467069804, 29863.76494356446
163, 32013.494363071393, 24597.285880663003, 32013.494363071393, 29872.75076601907, 24607.45489585589, 29872.75076601907
164, 32013.494363071393, 24597.285880663003, 32013.494363071393, 29851.32598013978, 24597.934221874428, 29851.32598013978
165, 32032.06431306178, 24658.784682086003, 32032.06431306178, 29877.532842873847, 24585.04872653914, 29877.532842873847
166, 32054.00519697772, 24278.05222055541, 32054.00519697772, 29951.78705171789, 24590.855350548503, 29951.78705171789
167, 32054.00519697772, 24278.05222055541, 32054.00519697772, 29960.30204713516, 24612.07300226081, 29960.30204713516
168, 32054.00519697772, 24278.05222055541, 32054.00519697772, 29978.68735974398, 24615.90873576315, 29978.68735974398
169, 32054.31768743709, 24509.481606599416, 32054.31768743709, 29944.30670709275, 24611.429896751033, 29944.30670709275
170, 32054.31768743709, 24509.481606599416, 32054.31768743709, 29941.123742750868, 24611.617007864494, 29941.123742750868
171, 32131.929343641536, 24227.151356728995, 32131.929343641536, 29938.330598441036, 24606.344686302145, 29938.330598441036
172, 32131.929343641536, 24227.151356728995, 32131.929343641536, 29986.398480384905, 24600.874382830756, 29986.398480384905
173, 32131.929343641536, 24227.151356728995, 32131.929343641536, 29910.51455252501, 24583.344983253177, 29910.51455252501
174, 32131.929343641536, 24227.151356728995, 32131.929343641536, 29946.639160158546, 24567.030270860698, 29946.639160158546
175, 32131.929343641536, 24227.151356728995, 32131.929343641536, 29952.755436050735, 24542.424746427398, 29952.755436050735
176, 32194.211491450325, 24465.978886970228, 32194.211491450325, 29982.073150356267, 24471.75203647431, 29982.073150356267
177, 32194.211491450325, 24465.978886970228, 32194.211491450325, 30010.13688257967, 24432.553315066813, 30010.13688257967
178, 32194.211491450325, 24465.978886970228, 32194.211491450325, 29977.544328992444, 24461.93913883533, 29977.544328992444
179, 32194.211491450325, 24465.978886970228, 32194.211491450325, 30039.306971805574, 24470.081151153347, 30039.306971805574
180, 32194.211491450325, 24465.978886970228, 32194.211491450325, 30061.952790550957, 24430.480638640896, 30061.952790550957
181, 32212.98164891135, 24555.205507238974, 32212.98164891135, 30085.705142106555, 24382.49531056967, 30085.705142106555
182, 32212.98164891135, 24555.205507238974, 32212.98164891135, 30045.238374476285, 24398.678196817484, 30045.238374476285
183, 32212.98164891135, 24555.205507238974, 32212.98164891135, 30045.864535315566, 24425.000088643355, 30045.864535315566
184, 32212.98164891135, 24555.205507238974, 32212.98164891135, 30072.262844885456, 24481.137951600525, 30072.262844885456
185, 32213.239239659368, 24100.370252395103, 32213.239239659368, 30081.178173787208, 24526.976821255266, 30081.178173787208
186, 32213.239239659368, 24100.370252395103, 32213.239239659368, 30087.985604650912, 24529.676140840686, 30087.985604650912
187, 32234.07765619961, 24583.376123928952, 32234.07765619961, 30108.65989235764, 24533.101923214897, 30108.65989235764
188, 32264.81993927317, 24463.165825610136, 32264.81993927317, 30090.603678058906, 24536.341230686074, 30090.603678058906
189, 32264.81993927317, 24463.165825610136, 32264.81993927317, 30072.654814763515, 24538.414024000733, 30072.654814763515
190, 32264.81993927317, 24463.165825610136, 32264.81993927317, 30079.936229627325, 24542.63940710114, 30079.936229627325
191, 32264.81993927317, 24463.165825610136, 32264.81993927317, 30075.863258352034, 24549.308258365425, 30075.863258352034
192, 32264.81993927317, 24463.165825610136, 32264.81993927317, 30099.415598568976, 24541.241868566816, 30099.415598568976
193, 32264.81993927317, 24463.165825610136, 32264.81993927317, 30073.009453936542, 24525.788539794292, 30073.009453936542
194, 32298.37808092711, 24327.375652854724, 32298.37808092711, 30126.12503396327, 24486.561071409342, 30126.12503396327
195, 32312.275542306095, 24561.08142121123, 32312.275542306095, 30079.420012076946, 24513.30662814311, 30079.420012076946
196, 32312.275542306095, 24561.08142121123, 32312.275542306095, 30139.70955387134, 24496.190216382496, 30139.70955387134
197, 32312.275542306095, 24561.08142121123, 32312.275542306095, 30133.53243653316, 24504.147448651125, 30133.53243653316
198, 32312.275542306095, 24561.08142121123, 32312.275542306095, 30099.791075745066, 24481.58081730261, 30099.791075745066
199, 32312.275542306095, 24561.08142121123, 32312.275542306095, 30131.83481993723, 24519.868592617873, 30131.83481993723
200, 32312.275542306095, 24561.08142121123, 32312.275542306095, 30169.056090476064, 24518.609974333856, 30169.056090476064
201, 32312.275542306095, 24561.08142121123, 32312.275542306095, 30151.686761923047, 24518.326708205856, 30151.686761923047
202, 32344.07665487334, 24593.04071782143, 32344.07665487334, 30202.08634815595, 24516.797700336305, 30202.08634815595
203, 32344.07665487334, 24593.04071782143, 32344.07665487334, 30120.615594178656, 24512.202786553768, 30120.615594178656
204, 32344.07665487334, 24593.04071782143, 32344.07665487334, 30126.474467885844, 24505.954559803446, 30126.474467885844
205, 32364.277294171687, 24319.303332157044, 32364.277294171687, 30153.930591870896, 24496.686552457584, 30153.930591870896
206, 32364.277294171687, 24319.303332157044, 32364.277294171687, 30158.423389430558, 24496.262098887804, 30158.423389430558
207, 32364.277294171687, 24319.303332157044, 32364.277294171687, 30149.17755576945, 24530.93000896811, 30149.17755576945
208, 32364.277294171687, 24319.303332157044, 32364.277294171687, 30206.36966398204, 24590.658087422093, 30206.36966398204
209, 32364.277294171687, 24319.303332157044, 32364.277294171687, 30171.77115790543, 24593.539646225403, 30171.77115790543
210, 32364.277294171687, 24319.303332157044, 32364.277294171687, 30158.495969394677, 24590.860699430505, 30158.495969394677
211, 32390.805020690077, 24652.22515569504, 32390.805020690077, 30164.488971395065, 24590.156281365285, 30164.488971395065
212, 32390.805020690077, 24652.22515569504, 32390.805020690077, 30168.414635385037, 24587.36690057848, 30168.414635385037
213, 32415.718976600747, 24663.571779381775, 32415.718976600747, 30186.033450668394, 24582.345084604603, 30186.033450668394
214, 32415.718976600747, 24663.571779381775, 32415.718976600747, 30192.92466752067, 24570.141274768794, 30192.92466752067
215, 32415.718976600747, 24663.571779381775, 32415.718976600747, 30175.649965347977, 24543.58545893239, 30175.649965347977
216, 32415.718976600747, 24663.571779381775, 32415.718976600747, 30211.36072694843, 24479.466442737194, 30211.36072694843
217, 32415.718976600747, 24663.571779381775, 32415.718976600747, 30193.469512096828, 24450.457490407298, 30193.469512096828
218, 32415.718976600747, 24663.571779381775, 32415.718976600747, 30171.678133465037, 24467.48324703517, 30171.678133465037
219, 32415.718976600747, 24663.571779381775, 32415.718976600747, 30196.630906514463, 24491.08288899935, 30196.630906514463
220, 32415.718976600747, 24663.571779381775, 32415.718976600747, 30214.010502662826, 24529.078332062334, 30214.010502662826
221, 32415.718976600747, 24663.571779381775, 32415.718976600747, 30210.409370351063, 24612.32602295012, 30210.409370351063
222, 32415.718976600747, 24663.571779381775, 32415.718976600747, 30273.942628696997, 24597.246524647115, 30273.942628696997
223, 32476.61537756582, 24548.40230285611, 32476.61537756582, 30264.01120340104, 24634.09265529218, 30264.01120340104
224, 32476.61537756582, 24548.40230285611, 32476.61537756582, 30224.323450722535, 24658.30351715842, 30224.323450722535
225, 32508.631655727808, 24610.79676232712, 32508.631655727808, 30235.46297103529, 24658.429601750602, 30235.46297103529
226, 32508.631655727808, 24610.79676232712, 32508.631655727808, 30223.2305120654, 24654.59443016877, 30223.2305120654
227, 32508.631655727808, 24610.79676232712, 32508.631655727808, 30290.226410529507, 24650.836242145786, 30290.226410529507
228, 32514.024076733862, 24495.20307168644, 32514.024076733862, 30249.63552433671, 24646.148782715565, 30249.63552433671
229, 32514.024076733862, 24495.20307168644, 32514.024076733862, 30263.694971855966, 24635.315542391723, 30263.694971855966
230, 32514.024076733862, 24495.20307168644, 32514.024076733862, 30274.846899340817, 24618.87787893949, 30274.846899340817
231, 32514.024076733862, 24495.20307168644, 32514.024076733862, 30254.987871181886, 24594.23714274056, 30254.987871181886
232, 32514.024076733862, 24495.20307168644, 32514.024076733862, 30231.93212469824, 24587.50024330955, 30231.93212469824
233, 32514.024076733862, 24495.20307168644, 32514.024076733862, 30237.89681525502, 24582.105280270902, 30237.89681525502
234, 32561.03847225307, 24645.07188417394, 32561.03847225307, 30252.027100607018, 24584.388799209708, 30252.027100607018
235, 32561.03847225307, 24645.07188417394, 32561.03847225307, 30269.053812907623, 24587.611370554547, 30269.053812907623
236, 32561.03847225307, 24645.07188417394, 32561.03847225307, 30322.843851494592, 24589.894452876266, 30322.843851494592
237, 32561.03847225307, 24645.07188417394, 32561.03847225307, 30336.666399571943, 24585.715984287388, 30336.666399571943
238, 32561.03847225307, 24645.07188417394, 32561.03847225307, 30312.318553802827, 24572.738524958586, 30312.318553802827
239, 32561.03847225307, 24645.07188417394, 32561.03847225307, 30275.07832957315, 24555.075057035778, 30275.07832957315
240, 32618.329709980168, 24591.960117795777, 32618.329709980168, 30286.39863533182, 24562.098886439464, 30286.39863533182
241, 32618.329709980168, 24591.960117795777, 32618.329709980168, 30344.934597212203, 24577.45060846389, 30344.934597212203
242, 32618.329709980168, 24591.960117795777, 32618.329709980168, 30297.35193503526, 24599.66886236186, 30297.35193503526
243, 32618.329709980168, 24591.960117795777, 32618.329709980168, 30332.796702971376, 24631.729827169213, 30332.796702971376
244, 32618.329709980168, 24591.960117795777, 32618.329709980168, 30343.687289816822, 24646.67829743295, 30343.687289816822
245, 32618.329709980168, 24591.960117795777, 32618.329709980168, 30368.91555644711, 24646.877347590584, 30368.91555644711
246, 32618.329709980168, 24591.960117795777, 32618.329709980168, 30343.765731641917, 24641.896564487786, 30343.765731641917
247, 32618.329709980168, 24591.960117795777, 32618.329709980168, 30341.64183594398, 24638.69394800243, 30341.64183594398
248, 32618.329709980168, 24591.960117795777, 32618.329709980168, 30362.284600740993, 24634.582483369843, 30362.284600740993
249, 32618.329709980168, 24591.960117795777, 32618.329709980168, 30359.880523804357, 24625.488800959498, 30359.880523804357
250, 32646.486758062278, 24678.212263663187, 32646.486758062278, 30373.751494346787, 24611.78570772266, 30373.751494346787
251, 32646.486758062278, 24678.212263663187, 32646.486758062278, 30395.518837526746, 24612.899918919346, 30395.518837526746
252, 32646.486758062278, 24678.212263663187, 32646.486758062278, 30356.080313948303, 24611.827759621032, 30356.080313948303
253, 32646.486758062278, 24678.212263663187, 32646.486758062278, 30378.711983705984, 24610.379007371852, 30378.711983705984
254, 32646.486758062278, 24678.212263663187, 32646.486758062278, 30363.067975604845, 24610.069197510406, 30363.067975604845
255, 32646.486758062278, 24678.212263663187, 32646.486758062278, 30364.768142587494, 24612.235867004692, 30364.768142587494
256, 32646.486758062278, 24678.212263663187, 32646.486758062278, 30376.428035329474, 24611.35194034066, 30376.428035329474
257, 32646.486758062278, 24678.212263663187, 32646.486758062278, 30372.47782329631, 24615.47546681912, 30372.47782329631
258, 32646.486758062278, 24678.212263663187, 32646.486758062278, 30420.590355122262, 24620.05507086021, 30420.590355122262
259, 32646.486758062278, 24678.212263663187, 32646.486758062278, 30394.838287321836, 24620.950639232105, 30394.838287321836
260, 32646.486758062278, 24678.212263663187, 32646.486758062278, 30411.050369760404, 24617.275685067758, 30411.050369760404
261, 32646.486758062278, 24678.212263663187, 32646.486758062278, 30409.294586969823, 24670.677581725708, 30409.294586969823
262, 32728.905778594253, 24579.171191689198, 32728.905778594253, 30412.865363144796, 24671.394239711542, 30412.865363144796
263, 32728.905778594253, 24579.171191689198, 32728.905778594253, 30409.9353548386, 24668.780521570312, 30409.9353548386
264, 32728.905778594253, 24579.171191689198, 32728.905778594253, 30436.184397102912, 24670.06833702635, 30436.184397102912
265, 32728.905778594253, 24579.171191689198, 32728.905778594253, 30394.91459404144, 24669.618769902503, 30394.91459404144
266, 32728.905778594253, 24579.171191689198, 32728.905778594253, 30409.432651771487, 24669.92147293427, 30409.432651771487
267, 32728.905778594253, 24579.171191689198, 32728.905778594253, 30420.891748491893, 24668.690921940226, 30420.891748491893
268, 32728.905778594253, 24579.171191689198, 32728.905778594253, 30421.619855979407, 24662.581489636683, 30421.619855979407
269, 32728.905778594253, 24579.171191689198, 32728.905778594253, 30450.82292987967, 24660.424935544346, 30450.82292987967
270, 32728.905778594253, 24579.171191689198, 32728.905778594253, 30425.136962867527, 24649.74211088797, 30425.136962867527
271, 32728.905778594253, 24579.171191689198, 32728.905778594253, 30455.931023171703, 24636.52171073977, 30455.931023171703
272, 32728.905778594253, 24579.171191689198, 32728.905778594253, 30434.508428003486, 24612.4283508747, 30434.508428003486
273, 32728.905778594253, 24579.171191689198, 32728.905778594253, 30485.94169416049, 24601.542365372916, 30485.94169416049
274, 32748.72025709121, 24467.454429223715, 32748.72025709121, 30474.986645205747, 24601.5389437946, 30474.986645205747
275, 32748.72025709121, 24467.454429223715, 32748.72025709121, 30481.493222906025, 24601.58685770341, 30481.493222906025
276, 32793.208078953234, 24503.877437243827, 32793.208078953234, 30462.076246042965, 24600.853250861346, 30462.076246042965
277, 32793.208078953234, 24503.877437243827, 32793.208078953234, 30468.078570533744, 24599.974311115868, 30468.078570533744
278, 32793.208078953234, 24503.877437243827, 32793.208078953234, 30476.541031935518, 24598.57557255213, 30476.541031935518
279, 32793.208078953234, 24503.877437243827, 32793.208078953234, 30484.911351959072, 24599.097401022358, 30484.911351959072
280, 32793.208078953234, 24503.877437243827, 32793.208078953234, 30484.92849451651, 24596.09234351404, 30484.92849451651
281, 32793.208078953234, 24503.877437243827, 32793.208078953234, 30449.766252506324, 24591.364713874827, 30449.766252506324
282, 32793.208078953234, 24503.877437243827, 32793.208078953234, 30480.335961448887, 24588.590519437403, 30480.335961448887
283, 32793.208078953234, 24503.877437243827, 32793.208078953234, 30497.37955242833, 24584.633210236956, 30497.37955242833
284, 32793.208078953234, 24503.877437243827, 32793.208078953234, 30449.630325269696, 24579.494118176055, 30449.630325269696
285, 32793.208078953234, 24503.877437243827, 32793.208078953234, 30506.842882808447, 24609.79239170009, 30506.842882808447
286, 32914.80431749616, 24385.417759805252, 32914.80431749616, 30442.14623911791, 24593.951617957024, 30442.14623911791
287, 32914.80431749616, 24385.417759805252, 32914.80431749616, 30496.885892833965, 24551.555898496736, 30496.885892833965
288, 32914.80431749616, 24385.417759805252, 32914.80431749616, 30501.790213407996, 24533.04843902097, 30501.790213407996
289, 32914.80431749616, 24385.417759805252, 32914.80431749616, 30464.940410385494, 24515.637778429038, 30464.940410385494
290, 32914.80431749616, 24385.417759805252, 32914.80431749616, 30519.82019264833, 24523.776050816574, 30519.82019264833
291, 32914.80431749616, 24385.417759805252, 32914.80431749616, 30481.12774850865, 24530.937862157927, 30481.12774850865
292, 32914.80431749616, 24385.417759805252, 32914.80431749616, 30470.467833443447, 24541.111918185536, 30470.467833443447
293, 32914.80431749616, 24385.417759805252, 32914.80431749616, 30568.82422782505, 24533.440288898397, 30568.82422782505
294, 32914.80431749616, 24385.417759805252, 32914.80431749616, 30562.5526452866, 24520.90676201477, 30562.5526452866
295, 32914.80431749616, 24385.417759805252, 32914.80431749616, 30548.049409271003, 24502.826743013753, 30548.049409271003
296, 32914.80431749616, 24385.417759805252, 32914.80431749616, 30590.302562046152, 24480.651275445587, 30590.302562046152
297, 32914.80431749616, 24385.417759805252, 32914.80431749616, 30584.76239380119, 24467.651034861643, 30584.76239380119
298, 32914.80431749616, 24385.417759805252, 32914.80431749616, 30587.835684836886, 24465.38870992359, 30587.835684836886
299, 32914.80431749616, 24385.417759805252, 32914.80431749616, 30557.21521057938, 24467.17034362764, 30557.21521057938
300, 32941.54195401332, 24574.613179606, 32941.54195401332, 30559.88319483732, 24468.000515767355, 30559.88319483732
301, 32941.54195401332, 24574.613179606, 32941.54195401332, 30602.69088666468, 24469.144272445756, 30602.69088666468
302, 32941.54195401332, 24574.613179606, 32941.54195401332, 30601.592166983937, 24468.51745237863, 30601.592166983937
303, 32941.54195401332, 24574.613179606, 32941.54195401332, 30636.939060238838, 24470.311827317368, 30636.939060238838
304, 32941.54195401332, 24574.613179606, 32941.54195401332, 30559.334426386427, 24474.358653194344, 30559.334426386427
305, 32941.54195401332, 24574.613179606, 32941.54195401332, 30565.19222786413, 24479.580715038297, 30565.19222786413
306, 33061.17250873997, 24348.691255679307, 33061.17250873997, 30606.619906857406, 24483.307137256023, 30606.619906857406
307, 33061.17250873997, 24348.691255679307, 33061.17250873997, 30568.413272906815, 24498.452419049303, 30568.413272906815
308, 33061.17250873997, 24348.691255679307, 33061.17250873997, 30563.954850805934, 24517.13500281097, 30563.954850805934
309, 33061.17250873997, 24348.691255679307, 33061.17250873997, 30592.952596517873, 24543.559617149098, 30592.952596517873
310, 33061.17250873997, 24348.691255679307, 33061.17250873997, 30684.367280049555, 24580.83638596083, 30684.367280049555
311, 33061.17250873997, 24348.691255679307, 33061.17250873997, 30651.323012250057, 24572.146187450475, 30651.323012250057
312, 33061.17250873997, 24348.691255679307, 33061.17250873997, 30630.561710289185, 24558.62275827749, 30630.561710289185
313, 33061.17250873997, 24348.691255679307, 33061.17250873997, 30632.201409848272, 24539.58419345041, 30632.201409848272
314, 33061.17250873997, 24348.691255679307, 33061.17250873997, 30647.29411412466, 24503.30035292063, 30647.29411412466
315, 33072.99944765077, 24386.50116378404, 33072.99944765077, 30676.96806140738, 24450.626667391854, 30676.96806140738
316, 33072.99944765077, 24386.50116378404, 33072.99944765077, 30739.236971806822, 24441.925695992002, 30739.236971806822
317, 33072.99944765077, 24386.50116378404, 33072.99944765077, 30687.877379533365, 24441.044734985695, 30687.877379533365
318, 33072.99944765077, 24386.50116378404, 33072.99944765077, 30680.47467032689, 24441.226351229147, 30680.47467032689
319, 33178.818618863035, 24518.283312556116, 33178.818618863035, 30719.751110937483, 24442.983928458387, 30719.751110937483
320, 33178.818618863035, 24518.283312556116, 33178.818618863035, 30690.939226771785, 24444.61576327322, 30690.939226771785
321, 33178.818618863035, 24518.283312556116, 33178.818618863035, 30689.823593582143, 24443.767636820103, 30689.823593582143
322, 33178.818618863035, 24518.283312556116, 33178.818618863035, 30697.801865387082, 24445.81658129664, 30697.801865387082
323, 33178.818618863035, 24518.283312556116, 33178.818618863035, 30712.020355930457, 24447.625574056714, 30712.020355930457
324, 33178.818618863035, 24518.283312556116, 33178.818618863035, 30669.257071001874, 24453.154526088107, 30669.257071001874
325, 33178.818618863035, 24518.283312556116, 33178.818618863035, 30681.66258712564, 24462.49879978031, 30681.66258712564
326, 33208.039976758424, 24379.481045272772, 33208.039976758424, 30739.61071556072, 24470.009335617007, 30739.61071556072
327, 33208.039976758424, 24379.481045272772, 33208.039976758424, 30685.013854681998, 24473.29448621422, 30685.013854681998
328, 33208.039976758424, 24379.481045272772, 33208.039976758424, 30708.97772085116, 24475.729314458218, 30708.97772085116
329, 33208.039976758424, 24379.481045272772, 33208.039976758424, 30731.711491213286, 24481.576852980274, 30731.711491213286
330, 33208.039976758424, 24379.481045272772, 33208.039976758424, 30707.418559163874, 24489.54490254733, 30707.418559163874
331, 33208.039976758424, 24379.481045272772, 33208.039976758424, 30768.19302253333, 24499.50177433327, 30768.19302253333
332, 33208.039976758424, 24379.481045272772, 33208.039976758424, 30788.461226226595, 24531.902166581727, 30788.461226226595
333, 33208.039976758424, 24379.481045272772, 33208.039976758424, 30779.933529409052, 24504.667493372257, 30779.933529409052
334, 33208.039976758424, 24379.481045272772, 33208.039976758424, 30735.08635750143, 24476.356308530903, 30735.08635750143
335, 33208.039976758424, 24379.481045272772, 33208.039976758424, 30814.67674171158, 24462.45110657738, 30814.67674171158
336, 33208.039976758424, 24379.481045272772, 33208.039976758424, 30777.39925519019, 24462.902605954936, 30777.39925519019
337, 33208.039976758424, 24379.481045272772, 33208.039976758424, 30828.00230592197, 24462.38350021375, 30828.00230592197
338, 33208.039976758424, 24379.481045272772, 33208.039976758424, 30771.437457733802, 24463.1757621827, 30771.437457733802
339, 33233.48806256699, 24418.47190600814, 33233.48806256699, 30777.31667561195, 24463.812893036204, 30777.31667561195
340, 33233.48806256699, 24418.47190600814, 33233.48806256699, 30784.324196572055, 24462.44478916934, 30784.324196572055
341, 33233.48806256699, 24418.47190600814, 33233.48806256699, 30785.754697275297, 24462.174121803433, 30785.754697275297
342, 33233.48806256699, 24418.47190600814, 33233.48806256699, 30794.988729037697, 24463.668062814184, 30794.988729037697
343, 33233.48806256699, 24418.47190600814, 33233.48806256699, 30842.74245418, 24461.910402569138, 30842.74245418
344, 33233.48806256699, 24418.47190600814, 33233.48806256699, 30824.76814172463, 24463.177018569993, 30824.76814172463
345, 33233.48806256699, 24418.47190600814, 33233.48806256699, 30831.010874805674, 24463.045718437515, 30831.010874805674
346, 33233.48806256699, 24418.47190600814, 33233.48806256699, 30784.696434861027, 24463.723872233022, 30784.696434861027
347, 33233.48806256699, 24418.47190600814, 33233.48806256699, 30781.218814737025, 24463.42495921288, 30781.218814737025
348, 33233.48806256699, 24418.47190600814, 33233.48806256699, 30784.454454479885, 24464.97520554997, 30784.454454479885
349, 33233.48806256699, 24418.47190600814, 33233.48806256699, 30769.4568044125, 24464.695361932743, 30769.4568044125
350, 33233.48806256699, 24418.47190600814, 33233.48806256699, 30778.706221739245, 24466.83405093195, 30778.706221739245
351, 33233.48806256699, 24418.47190600814, 33233.48806256699, 30827.486587145613, 24469.928889587824, 30827.486587145613
352, 33233.48806256699, 24418.47190600814, 33233.48806256699, 30812.04359516867, 24473.788392343897, 30812.04359516867
353, 33233.48806256699, 24418.47190600814, 33233.48806256699, 30780.440045571315, 24481.848371311928, 30780.440045571315
354, 33233.48806256699, 24418.47190600814, 33233.48806256699, 30855.825337347695, 24489.011296090524, 30855.825337347695
355, 33239.509959882074, 24363.6989513079, 33239.509959882074, 30826.645184260466, 24490.192269506104, 30826.645184260466
356, 33239.509959882074, 24363.6989513079, 33239.509959882074, 30767.98780357859, 24489.40131594364, 30767.98780357859
357, 33239.509959882074, 24363.6989513079, 33239.509959882074, 30814.55850734261, 24488.90541322727, 30814.55850734261
358, 33239.509959882074, 24363.6989513079, 33239.509959882074, 30850.661044463446, 24489.111962435913, 30850.661044463446
359, 33239.509959882074, 24363.6989513079, 33239.509959882074, 30821.811088933828, 24488.36339409904, 30821.811088933828
360, 33239.509959882074, 24363.6989513079, 33239.509959882074, 30812.902430516802, 24488.313280999377, 30812.902430516802
361, 33239.509959882074, 24363.6989513079, 33239.509959882074, 30779.499588980903, 24486.165416969332, 30779.499588980903
362, 33239.509959882074, 24363.6989513079, 33239.509959882074, 30814.192992090226, 24484.058251304454, 30814.192992090226
363, 33239.509959882074, 24363.6989513079, 33239.509959882074, 30819.633817483616, 24482.49009833268, 30819.633817483616
364, 33239.509959882074, 24363.6989513079, 33239.509959882074, 30780.05361167611, 24481.309907202525, 30780.05361167611
365, 33239.509959882074, 24363.6989513079, 33239.509959882074, 30845.85660175824, 24475.353926483047, 30845.85660175824
366, 33239.509959882074, 24363.6989513079, 33239.509959882074, 30823.478182895888, 24468.9282072666, 30823.478182895888
367, 33239.509959882074, 24363.6989513079, 33239.509959882074, 30807.060559579902, 24455.293704096945, 30807.060559579902
368, 33239.509959882074, 24363.6989513079, 33239.509959882074, 30802.906283268894, 24450.852037313267, 30802.906283268894
369, 33239.509959882074, 24363.6989513079, 33239.509959882074, 30808.07402915196, 24452.258770464836, 30808.07402915196
370, 33239.509959882074, 24363.6989513079, 33239.509959882074, 30791.40817708778, 24452.685421860384, 30791.40817708778
371, 33239.509959882074, 24363.6989513079, 33239.509959882074, 30787.188490500528, 24450.30476753866, 30787.188490500528
372, 33239.509959882074, 24363.6989513079, 33239.509959882074, 30806.36604985179, 24449.935891922418, 30806.36604985179
373, 33287.8793182753, 24614.88377604215, 33287.8793182753, 30818.22172906331, 24452.46272989627, 30818.22172906331
374, 33287.8793182753, 24614.88377604215, 33287.8793182753, 30812.42637260037, 24453.33936802087, 30812.42637260037
375, 33287.8793182753, 24614.88377604215, 33287.8793182753, 30848.4020726293, 24455.946116503757, 30848.4020726293
376, 33287.8793182753, 24614.88377604215, 33287.8793182753, 30826.72386075139, 24457.551013446795, 30826.72386075139
377, 33287.8793182753, 24614.88377604215, 33287.8793182753, 30825.301375984545, 24466.39867776986, 30825.301375984545
378, 33287.8793182753, 24614.88377604215, 33287.8793182753, 30785.730268923413, 24479.96189778243, 30785.730268923413
379, 33287.8793182753, 24614.88377604215, 33287.8793182753, 30857.376419333697, 24496.52740939103, 30857.376419333697
380, 33287.8793182753, 24614.88377604215, 33287.8793182753, 30868.13978585491, 24529.418025746345, 30868.13978585491
381, 33287.8793182753, 24614.88377604215, 33287.8793182753, 30831.229597031837, 24577.017213553874, 30831.229597031837
382, 33287.8793182753, 24614.88377604215, 33287.8793182753, 30862.854476930857, 24626.80866072972, 30862.854476930857
383, 33287.8793182753, 24614.88377604215, 33287.8793182753, 30834.709743662657, 24626.471018452834, 30834.709743662657
384, 33329.22642162715, 24606.667305009956, 33329.22642162715, 30834.23337358241, 24627.18151545175, 30834.23337358241
385, 33401.94579276424, 24666.108035090005, 33401.94579276424, 30853.712568792525, 24626.619173171497, 30853.712568792525
386, 33401.94579276424, 24666.108035090005, 33401.94579276424, 30816.0652301539, 24627.448885520855, 30816.0652301539
387, 33401.94579276424, 24666.108035090005, 33401.94579276424, 30878.6903005218, 24627.236136920346, 30878.6903005218
388, 33401.94579276424, 24666.108035090005, 33401.94579276424, 30857.660396726984, 24627.347867781584, 30857.660396726984
389, 33401.94579276424, 24666.108035090005, 33401.94579276424, 30837.42107332306, 24626.742293635834, 30837.42107332306
390, 33401.94579276424, 24666.108035090005, 33401.94579276424, 30855.24343650385, 24627.05016468493, 30855.24343650385
391, 33401.94579276424, 24666.108035090005, 33401.94579276424, 30897.854394255224, 24626.080820614956, 30897.854394255224
392, 33401.94579276424, 24666.108035090005, 33401.94579276424, 30915.380883795373, 24624.384136421002, 30915.380883795373
393, 33401.94579276424, 24666.108035090005, 33401.94579276424, 30917.197516183456, 24635.700120181147, 30917.197516183456
394, 33401.94579276424, 24666.108035090005, 33401.94579276424, 30888.040733860857, 24646.491128157297, 30888.040733860857
395, 33401.94579276424, 24666.108035090005, 33401.94579276424, 30914.576176402177, 24656.063746073534, 30914.576176402177
396, 33401.94579276424, 24666.108035090005, 33401.94579276424, 30931.228703305238, 24662.425013037868, 30931.228703305238
397, 33401.94579276424, 24666.108035090005, 33401.94579276424, 30877.88508184975, 24660.951439111675, 30877.88508184975
398, 33401.94579276424, 24666.108035090005, 33401.94579276424, 30947.93523766573, 24662.8545102202, 30947.93523766573
399, 33401.94579276424, 24666.108035090005, 33401.94579276424, 30896.203872418686, 24662.67268201654, 30896.203872418686
400, 33426.03165096861, 24628.799264263827, 33426.03165096861, 30944.376069376096, 24662.918878046607, 30944.376069376096
401, 33426.03165096861, 24628.799264263827, 33426.03165096861, 30940.261776843887, 24663.67756133852, 30940.261776843887
402, 33426.03165096861, 24628.799264263827, 33426.03165096861, 30942.722575307344, 24662.295006437544, 30942.722575307344
403, 33426.03165096861, 24628.799264263827, 33426.03165096861, 30905.700976932243, 24662.61406889055, 30905.700976932243
404, 33426.03165096861, 24628.799264263827, 33426.03165096861, 30902.63269263903, 24658.94724284506, 30902.63269263903
405, 33426.03165096861, 24628.799264263827, 33426.03165096861, 30943.5736382448, 24659.865113200587, 30943.5736382448
406, 33426.03165096861, 24628.799264263827, 33426.03165096861, 30923.159734674507, 24657.09522817186, 30923.159734674507
407, 33426.03165096861, 24628.799264263827, 33426.03165096861, 30924.89878745939, 24652.447557405612, 30924.89878745939
408, 33426.03165096861, 24628.799264263827, 33426.03165096861, 30890.630860972495, 24646.188365668655, 30890.630860972495
409, 33426.03165096861, 24628.799264263827, 33426.03165096861, 30933.337797959273, 24634.481213041414, 30933.337797959273
410, 33426.03165096861, 24628.799264263827, 33426.03165096861, 30949.316576887533, 24637.365470581834, 30949.316576887533
411, 33426.03165096861, 24628.799264263827, 33426.03165096861, 30977.606209721347, 24636.784676013252, 30977.606209721347
412, 33426.03165096861, 24628.799264263827, 33426.03165096861, 30918.85261162226, 24636.18401463262, 30918.85261162226
413, 33426.03165096861, 24628.799264263827, 33426.03165096861, 30962.514172641375, 24636.94257189501, 30962.514172641375
414, 33426.03165096861, 24628.799264263827, 33426.03165096861, 30982.505841420803, 24637.151370908363, 30982.505841420803
415, 33426.03165096861, 24628.799264263827, 33426.03165096861, 30969.19692568022, 24637.692653403938, 30969.19692568022
416, 33426.03165096861, 24628.799264263827, 33426.03165096861, 30957.19887438949, 24637.269533138653, 30957.19887438949
417, 33426.03165096861, 24628.799264263827, 33426.03165096861, 30939.928822612812, 24637.059110426937, 30939.928822612812
418, 33426.03165096861, 24628.799264263827, 33426.03165096861, 30940.63876722013, 24638.20492866358, 30940.63876722013
419, 33426.03165096861, 24628.799264263827, 33426.03165096861, 30900.359279448676, 24638.65249019144, 30900.359279448676
420, 33430.27147709593, 24520.7391371893, 33430.27147709593, 30928.33336183305, 24635.708270294876, 30928.33336183305
421, 33430.27147709593, 24520.7391371893, 33430.27147709593, 30915.09324506624, 24636.921140921182, 30915.09324506624
422, 33430.27147709593, 24520.7391371893, 33430.27147709593, 30963.94580625269, 24634.94993490837, 30963.94580625269
423, 33430.27147709593, 24520.7391371893, 33430.27147709593, 30968.885053004105, 24632.044410550898, 30968.885053004105
424, 33430.27147709593, 24520.7391371893, 33430.27147709593, 30964.284245435825, 24628.373059101654, 30964.284245435825
425, 33430.27147709593, 24520.7391371893, 33430.27147709593, 30966.5324456753, 24622.303655559426, 30966.5324456753
426, 33430.27147709593, 24520.7391371893, 33430.27147709593, 30970.76681892923, 24615.64817385254, 30970.76681892923
427, 33430.27147709593, 24520.7391371893, 33430.27147709593, 30988.84608119668, 24600.468592629422, 30988.84608119668
428, 33430.27147709593, 24520.7391371893, 33430.27147709593, 30936.544517282146, 24570.96028580239, 30936.544517282146
429, 33430.27147709593, 24520.7391371893, 33430.27147709593, 30979.48588802848, 24561.582503307298, 30979.48588802848
430, 33430.27147709593, 24520.7391371893, 33430.27147709593, 30965.151881984086, 24561.466406606065, 30965.151881984086
431, 33430.27147709593, 24520.7391371893, 33430.27147709593, 30952.55489188296, 24561.062905658437, 30952.55489188296
432, 33430.27147709593, 24520.7391371893, 33430.27147709593, 30950.862205114976, 24561.992111402826, 30950.862205114976
433, 33430.27147709593, 24520.7391371893, 33430.27147709593, 30982.920216646926, 24562.738171902263, 30982.920216646926
434, 33445.90880469202, 24628.996530711065, 33445.90880469202, 30910.335577107897, 24561.331936308987, 30910.335577107897
435, 33445.90880469202, 24628.996530711065, 33445.90880469202, 30945.889112058278, 24562.958956641083, 30945.889112058278
436, 33445.90880469202, 24628.996530711065, 33445.90880469202, 30983.426745796343, 24561.21625716189, 30983.426745796343
437, 33445.90880469202, 24628.996530711065, 33445.90880469202, 30957.976038876404, 24560.907873046683, 30957.976038876404
438, 33445.90880469202, 24628.996530711065, 33445.90880469202, 30933.93346878998, 24562.23756222962, 30933.93346878998
439, 33445.90880469202, 24628.996530711065, 33445.90880469202, 30943.26465436878, 24564.228652639566, 30943.26465436878
440, 33445.90880469202, 24628.996530711065, 33445.90880469202, 30947.670183851835, 24561.919597713008, 30947.670183851835
441, 33445.90880469202, 24628.996530711065, 33445.90880469202, 30959.82550876631, 24565.210957761617, 30959.82550876631
442, 33445.90880469202, 24628.996530711065, 33445.90880469202, 30947.086605998644, 24566.22044390824, 30947.086605998644
443, 33445.90880469202, 24628.996530711065, 33445.90880469202, 30945.587342259245, 24570.23453586291, 30945.587342259245
444, 33472.74486332815, 24407.68230176065, 33472.74486332815, 30956.345081666754, 24574.29789068354, 30956.345081666754
445, 33484.93638697011, 24388.55531436, 33484.93638697011, 30930.72066275844, 24580.964613916047, 30930.72066275844
446, 33484.93638697011, 24388.55531436, 33484.93638697011, 30929.872134326488, 24590.580561628798, 30929.872134326488
447, 33484.93638697011, 24388.55531436, 33484.93638697011, 30940.83432004094, 24608.080735002808, 30940.83432004094
448, 33484.93638697011, 24388.55531436, 33484.93638697011, 30958.93654875872, 24629.263796327497, 30958.93654875872
449, 33484.93638697011, 24388.55531436, 33484.93638697011, 30956.57687566007, 24623.90247083224, 30956.57687566007
450, 33484.93638697011, 24388.55531436, 33484.93638697011, 30979.41594179637, 24615.487964031065, 30979.41594179637
451, 33484.93638697011, 24388.55531436, 33484.93638697011, 30971.983830805937, 24608.18933359104, 30971.983830805937
452, 33501.66202538268, 24523.39707006492, 33501.66202538268, 30980.517476599147, 24596.581679846247, 30980.517476599147
453, 33535.57913832101, 24442.81176613743, 33535.57913832101, 30968.279982265063, 24564.704088928782, 30968.279982265063
454, 33535.57913832101, 24442.81176613743, 33535.57913832101, 30963.206024948835, 24539.802205759297, 30963.206024948835
455, 33535.57913832101, 24442.81176613743, 33535.57913832101, 30979.540606269013, 24481.144602793822, 30979.540606269013
456, 33535.57913832101, 24442.81176613743, 33535.57913832101, 31002.559275860847, 24477.539078032692, 31002.559275860847
457, 33535.57913832101, 24442.81176613743, 33535.57913832101, 31003.628388587622, 24476.35640491845, 31003.628388587622
458, 33535.57913832101, 24442.81176613743, 33535.57913832101, 30974.41222245802, 24474.419644904756, 30974.41222245802
459, 33535.57913832101, 24442.81176613743, 33535.57913832101, 30992.70180108706, 24478.603906724897, 30992.70180108706
460, 33535.57913832101, 24442.81176613743, 33535.57913832101, 30989.37959110973, 24487.492640461693, 30989.37959110973
461, 33535.57913832101, 24442.81176613743, 33535.57913832101, 31034.168090734096, 24498.300252755416, 31034.168090734096
462, 33568.1187678253, 24520.101857621445, 33568.1187678253, 30995.772864216517, 24521.563239348387, 30995.772864216517
463, 33568.1187678253, 24520.101857621445, 33568.1187678253, 31003.462128919266, 24548.140806618507, 31003.462128919266
464, 33568.1187678253, 24520.101857621445, 33568.1187678253, 31019.44095108203, 24537.927375079653, 31019.44095108203
465, 33568.1187678253, 24520.101857621445, 33568.1187678253, 30995.80255484601, 24522.873325976787, 30995.80255484601
466, 33568.1187678253, 24520.101857621445, 33568.1187678253, 31038.139154029377, 24508.967073493168, 31038.139154029377
467, 33568.1187678253, 24520.101857621445, 33568.1187678253, 30992.582889760568, 24510.592523452906, 30992.582889760568
468, 33568.1187678253, 24520.101857621445, 33568.1187678253, 31033.63972391952, 24510.57273524592, 31033.63972391952
469, 33568.1187678253, 24520.101857621445, 33568.1187678253, 31029.989969029157, 24512.26957154105, 31029.989969029157
470, 33568.1187678253, 24520.101857621445, 33568.1187678253, 30962.01659964161, 24515.818717473616, 30962.01659964161
471, 33568.1187678253, 24520.101857621445, 33568.1187678253, 31009.415768547853, 24519.92038433996, 31009.415768547853
472, 33568.1187678253, 24520.101857621445, 33568.1187678253, 30986.178665285624, 24532.052944999698, 30986.178665285624
473, 33568.1187678253, 24520.101857621445, 33568.1187678253, 31090.356091676796, 24543.408744620574, 31090.356091676796
474, 33568.1187678253, 24520.101857621445, 33568.1187678253, 31067.249365399315, 24558.835815212475, 31067.249365399315
475, 33568.1187678253, 24520.101857621445, 33568.1187678253, 31050.02116752483, 24560.406445207544, 31050.02116752483
476, 33568.1187678253, 24520.101857621445, 33568.1187678253, 31018.192008395024, 24560.85227334045, 31018.192008395024
477, 33568.1187678253, 24520.101857621445, 33568.1187678253, 31017.13592903497, 24561.175896527224, 31017.13592903497
478, 33569.53661447679, 24526.663660919614, 33569.53661447679, 31088.869549733623, 24560.966013647023, 31088.869549733623
479, 33586.99835220988, 24504.173407937807, 33586.99835220988, 31064.355998724728, 24558.982761549694, 31064.355998724728
480, 33586.99835220988, 24504.173407937807, 33586.99835220988, 31074.301040143924, 24559.873958869408, 31074.301040143924
481, 33586.99835220988, 24504.173407937807, 33586.99835220988, 31060.429114219354, 24561.37775795804, 31060.429114219354
482, 33622.3771008865, 24574.621244551552, 33622.3771008865, 31014.193730483643, 24562.121693260025, 31014.193730483643
483, 33622.3771008865, 24574.621244551552, 33622.3771008865, 31055.558179922813, 24561.164935360302, 31055.558179922813
484, 33622.3771008865, 24574.621244551552, 33622.3771008865, 31038.841580250282, 24560.572049170103, 31038.841580250282
485, 33622.3771008865, 24574.621244551552, 33622.3771008865, 31060.606467972204, 24561.634986533736, 31060.606467972204
486, 33622.3771008865, 24574.621244551552, 33622.3771008865, 31042.991029692043, 24562.807797779646, 31042.991029692043
487, 33622.3771008865, 24574.621244551552, 33622.3771008865, 31060.385644019538, 24563.634477228738, 31060.385644019538
488, 33622.3771008865, 24574.621244551552, 33622.3771008865, 31014.959985882913, 24565.022610674496, 31014.959985882913
489, 33622.3771008865, 24574.621244551552, 33622.3771008865, 31061.513394788424, 24561.85136565071, 31061.513394788424
490, 33622.3771008865, 24574.621244551552, 33622.3771008865, 31041.990170769644, 24562.232143467212, 31041.990170769644
491, 33622.3771008865, 24574.621244551552, 33622.3771008865, 31080.392820110523, 24558.39607747151, 31080.392820110523
492, 33622.3771008865, 24574.621244551552, 33622.3771008865, 31065.415362440726, 24562.212683396458, 31065.415362440726
493, 33635.64051600114, 24629.397258214263, 33635.64051600114, 31089.084401260083, 24572.50581606453, 31089.084401260083
494, 33635.64051600114, 24629.397258214263, 33635.64051600114, 31046.658104705246, 24584.06820454498, 31046.658104705246
495, 33635.64051600114, 24629.397258214263, 33635.64051600114, 31070.602518816395, 24598.687891636146, 31070.602518816395
496, 33635.64051600114, 24629.397258214263, 33635.64051600114, 31036.724978388564, 24599.217954712687, 31036.724978388564
497, 33635.64051600114, 24629.397258214263, 33635.64051600114, 31067.795963426583, 24601.366546437297, 31067.795963426583
498, 33635.64051600114, 24629.397258214263, 33635.64051600114, 31111.663423492275, 24602.032601475643, 31111.663423492275
499, 33635.64051600114, 24629.397258214263, 33635.64051600114, 31129.919588487068, 24602.792061630138, 31129.919588487068
500, 33635.64051600114, 24629.397258214263, 33635.64051600114, 31082.535293483143, 24606.38908216136, 31082.535293483143
