1, 27214.32705953755, 24681.427654231506, 27214.32705953755, 25122.536143914578, 24654.86809298655, 25122.536143914578
2, 27266.4537794312, 24570.73768586589, 27266.4537794312, 25681.59223945298, 24635.46370199299, 25681.59223945298
3, 27266.4537794312, 24570.73768586589, 27266.4537794312, 25909.976010822356, 24630.614333347985, 25909.976010822356
4, 27412.244280929197, 24615.501192666063, 27412.244280929197, 26112.788921455875, 24616.60353366364, 26112.788921455875
5, 27412.244280929197, 24615.501192666063, 27412.244280929197, 26255.997694999995, 24622.425604282915, 26255.997694999995
6, 27412.244280929197, 24615.501192666063, 27412.244280929197, 26412.306350148876, 24608.462503208866, 26412.306350148876
7, 27503.06438606782, 24647.61821654368, 27503.06438606782, 26525.608958910732, 24568.247870996165, 26525.608958910732
8, 27503.06438606782, 24647.61821654368, 27503.06438606782, 26683.294361452237, 24567.283240244597, 26683.294361452237
9, 27587.072423170288, 24610.2312913385, 27587.072423170288, 26690.691668814776, 24574.798374312428, 26690.691668814776
10, 27761.395264797466, 24470.053776827608, 27761.395264797466, 26744.650959681883, 24582.09813584054, 26744.650959681883
11, 27866.09248031813, 24478.65244622786, 27866.09248031813, 26775.599548670623, 24558.144186247628, 26775.599548670623
12, 27866.09248031813, 24478.65244622786, 27866.09248031813, 26830.91693612032, 24559.28773367871, 26830.91693612032
13, 27969.425181349972, 24253.7830925857, 27969.425181349972, 26898.649329829248, 24553.577390070885, 26898.649329829248
14, 28090.42672048008, 24585.063828948154, 28090.42672048008, 26883.090251437618, 24537.826588305776, 26883.090251437618
15, 28090.42672048008, 24585.063828948154, 28090.42672048008, 26971.681990003126, 24493.05681887121, 26971.681990003126
16, 28100.109372315612, 24279.78706862747, 28100.109372315612, 27033.110122729224, 24487.756985426902, 27033.110122729224
17, 28100.109372315612, 24279.78706862747, 28100.109372315612, 27070.28806939189, 24509.585935547344, 27070.28806939189
18, 28162.32832057858, 24662.70420682433, 28162.32832057858, 27160.185671155294, 24484.715210247574, 27160.185671155294
19, 28236.455502774555, 24672.09671993997, 28236.455502774555, 27187.37784717436, 24509.959717214344, 27187.37784717436
20, 28349.845689985657, 24682.628553835086, 28349.845689985657, 27210.70232584843, 24492.224149083813, 27210.70232584843
21, 28484.945758755304, 24350.637061314646, 28484.945758755304, 27283.73732715499, 24485.846731617483, 27283.73732715499
22, 28531.158191161474, 24599.751878723415, 28531.158191161474, 27293.127654231488, 24489.65374935242, 27293.127654231488
23, 28663.982374000647, 24113.186415201144, 28663.982374000647, 27373.827783896926, 24476.4549412833, 27373.827783896926
24, 28665.111928276183, 24271.67288626427, 28665.111928276183, 27364.75341567867, 24432.89916551341, 27364.75341567867
25, 28743.71634893573, 24517.932148502874, 28743.71634893573, 27425.452151307956, 24415.704235641213, 27425.452151307956
26, 28751.42685663549, 24483.78663957564, 28751.42685663549, 27483.463644524003, 24455.44275320992, 27483.463644524003
27, 28838.626053259544, 24153.22724775401, 28838.626053259544, 27516.409183757343, 24446.105172439522, 27516.409183757343
28, 28892.332170088237, 24081.756075636753, 28892.332170088237, 27591.190170395206, 24467.085038987327, 27591.190170395206
29, 28920.062350659584, 24034.969349921903, 28920.062350659584, 27651.61962520421, 24423.273425610398, 27651.61962520421
30, 28973.21939582788, 24107.336699026524, 28973.21939582788, 27679.538496672114, 24464.340264820843, 27679.538496672114
31, 29041.682052553795, 24083.28749519093, 29041.682052553795, 27725.066873653413, 24440.310575201875, 27725.066873653413
32, 29166.8686920653, 24242.695541339486, 29166.8686920653, 27767.317457882484, 24394.06576584416, 27767.317457882484
33, 29166.8686920653, 24242.695541339486, 29166.8686920653, 27790.83542015116, 24420.089095721793, 27790.83542015116
34, 29166.8686920653, 24242.695541339486, 29166.8686920653, 27820.94437891905, 24418.504427525975, 27820.94437891905
35, 29166.8686920653, 24242.695541339486, 29166.8686920653, 27844.846822548203, 24429.763980281143, 27844.846822548203
36, 29275.147030904798, 24090.257439372286, 29275.147030904798, 27909.229821140812, 24423.67717442605, 27909.229821140812
37, 29427.72888757876, 24560.675996039357, 29427.72888757876, 27935.82255380656, 24432.678258488508, 27935.82255380656
38, 29427.72888757876, 24560.675996039357, 29427.72888757876, 27988.581735152035, 24384.532066685828, 27988.581735152035
39, 29427.72888757876, 24560.675996039357, 29427.72888757876, 27995.769318324867, 24397.70449980763, 27995.769318324867
40, 29683.136585528493, 24630.112687172816, 29683.136585528493, 27994.723453912058, 24456.902592843395, 27994.723453912058
41, 29683.136585528493, 24630.112687172816, 29683.136585528493, 28106.597150715497, 24456.322964280334, 28106.597150715497
42, 29683.136585528493, 24630.112687172816, 29683.136585528493, 28090.59139395658, 24455.102129006627, 28090.59139395658
43, 29735.62195743384, 24530.336786026106, 29735.62195743384, 28141.952173113517, 24458.04412084365, 28141.952173113517
44, 29735.62195743384, 24530.336786026106, 29735.62195743384, 28166.73049471755, 24504.243679550524, 28166.73049471755
45, 29735.62195743384, 24530.336786026106, 29735.62195743384, 28210.878379612714, 24549.176544959304, 28210.878379612714
46, 29877.438195492563, 24624.114529895833, 29877.438195492563, 28270.854436378555, 24555.807271248417, 28270.854436378555
47, 29877.438195492563, 24624.114529895833, 29877.438195492563, 28286.97019163081, 24584.016159170427, 28286.97019163081
48, 29877.438195492563, 24624.114529895833, 29877.438195492563, 28302.350727224562, 24622.41777214553, 28302.350727224562
49, 29891.550545605085, 24370.15874839797, 29891.550545605085, 28366.990247282134, 24613.075037683993, 28366.990247282134
50, 29953.461973575337, 24568.420022482067, 29953.461973575337, 28383.812342239515, 24592.476058671233, 28383.812342239515
51, 30050.53541746511, 24586.886393589884, 30050.53541746511, 28399.669149611076, 24591.049395200418, 28399.669149611076
52, 30050.53541746511, 24586.886393589884, 30050.53541746511, 28426.786145692546, 24597.516700323544, 28426.786145692546
53, 30050.53541746511, 24586.886393589884, 30050.53541746511, 28461.689081278317, 24587.15778891776, 28461.689081278317
54, 30052.58213962928, 24583.352354756495, 30052.58213962928, 28490.503407102828, 24580.12067653893, 28490.503407102828
55, 30110.804929706617, 24562.731383718634, 30110.804929706617, 28476.35095511224, 24570.332513016172, 28476.35095511224
56, 30110.804929706617, 24562.731383718634, 30110.804929706617, 28502.575739335374, 24539.009404493943, 28502.575739335374
57, 30144.767523301394, 24626.330974949426, 30144.767523301394, 28568.572102124468, 24593.167806695932, 28568.572102124468
58, 30144.767523301394, 24626.330974949426, 30144.767523301394, 28559.390998236722, 24601.901313527866, 28559.390998236722
59, 30168.01377456488, 24583.907977486262, 30168.01377456488, 28556.6999414404, 24588.1501852117, 28556.6999414404
60, 30254.06495669126, 24501.06658322059, 30254.06495669126, 28616.722805337216, 24581.887055876694, 28616.722805337216
61, 30270.47493798647, 24502.18221767917, 30270.47493798647, 28602.678156868355, 24581.05659143248, 28602.678156868355
62, 30270.47493798647, 24502.18221767917, 30270.47493798647, 28600.31877824081, 24556.233410689943, 28600.31877824081
63, 30350.355484952433, 24049.977175576998, 30350.355484952433, 28660.55941018073, 24541.23135567275, 28660.55941018073
64, 30350.355484952433, 24049.977175576998, 30350.355484952433, 28657.933946508478, 24577.172911154586, 28657.933946508478
65, 30350.355484952433, 24049.977175576998, 30350.355484952433, 28705.30314212958, 24571.245075522467, 28705.30314212958
66, 30350.355484952433, 24049.977175576998, 30350.355484952433, 28690.7164823304, 24536.914013304366, 28690.7164823304
67, 30466.700373295615, 24217.269643740066, 30466.700373295615, 28711.43784455057, 24539.185558410914, 28711.43784455057
68, 30479.964625615, 24518.405459684036, 30479.964625615, 28744.000389493165, 24492.125436709957, 28744.000389493165
69, 30501.16115015769, 24099.852749439477, 30501.16115015769, 28756.688393659424, 24457.44491892977, 28756.688393659424
70, 30501.16115015769, 24099.852749439477, 30501.16115015769, 28791.657155034965, 24406.889054131534, 28791.657155034965
71, 30501.16115015769, 24099.852749439477, 30501.16115015769, 28786.908911544517, 24327.332119990086, 28786.908911544517
72, 30501.16115015769, 24099.852749439477, 30501.16115015769, 28842.076092257365, 24364.096332443318, 28842.076092257365
73, 30501.16115015769, 24099.852749439477, 30501.16115015769, 28843.08792590155, 24448.37896854663, 28843.08792590155
74, 30702.366497754338, 24470.704771242687, 30702.366497754338, 28869.17020909869, 24431.679690349363, 28869.17020909869
75, 30702.366497754338, 24470.704771242687, 30702.366497754338, 28914.545243470162, 24407.368534322166, 28914.545243470162
76, 30702.366497754338, 24470.704771242687, 30702.366497754338, 28915.6152177118, 24443.876108748445, 28915.6152177118
77, 30702.366497754338, 24470.704771242687, 30702.366497754338, 28873.720957931117, 24382.136839393475, 28873.720957931117
78, 30786.01376626942, 23965.288436617986, 30786.01376626942, 28880.433813079264, 24362.899839080532, 28880.433813079264
79, 30786.01376626942, 23965.288436617986, 30786.01376626942, 28940.289316121045, 24438.643568021445, 28940.289316121045
80, 30813.312254303626, 24230.80849193699, 30813.312254303626, 28966.37551245283, 24474.56299718043, 28966.37551245283
81, 30813.312254303626, 24230.80849193699, 30813.312254303626, 29051.351552216962, 24502.91666032836, 29051.351552216962
82, 30829.974041502483, 24262.588999193504, 30829.974041502483, 29054.84028039301, 24487.539498234688, 29054.84028039301
83, 30876.159330737883, 24580.030287828282, 30876.159330737883, 29086.47661899544, 24506.595798139228, 29086.47661899544
84, 30898.784311974545, 24437.164675177057, 30898.784311974545, 29078.60041546161, 24495.699375887118, 29078.60041546161
85, 30906.19761664285, 24640.70980769596, 30906.19761664285, 29069.423147457088, 24472.33776280719, 29069.423147457088
86, 30942.421662098965, 24252.2634197676, 30942.421662098965, 29074.573545899148, 24427.083058378907, 29074.573545899148
87, 30976.80487509177, 24546.06070273772, 30976.80487509177, 29183.718337767186, 24426.299416495003, 29183.718337767186
88, 30976.80487509177, 24546.06070273772, 30976.80487509177, 29139.775804945555, 24443.522617632258, 29139.775804945555
89, 30991.17266934681, 24654.21291022991, 30991.17266934681, 29178.677371707923, 24485.1272045258, 29178.677371707923
90, 31012.374057591536, 24674.570492479994, 31012.374057591536, 29180.80880251784, 24524.755383977797, 29180.80880251784
91, 31012.374057591536, 24674.570492479994, 31012.374057591536, 29136.877261525322, 24508.07922505976, 29136.877261525322
92, 31012.374057591536, 24674.570492479994, 31012.374057591536, 29162.48338395562, 24508.92893097438, 29162.48338395562
93, 31017.24295685011, 24499.769154049936, 31017.24295685011, 29198.002935449706, 24500.76228209462, 29198.002935449706
94, 31082.972113795036, 24678.475735831078, 31082.972113795036, 29227.006818170146, 24482.400466640494, 29227.006818170146
95, 31252.347662122735, 24498.149717562497, 31252.347662122735, 29202.122610053495, 24565.54745956596, 29202.122610053495
96, 31252.347662122735, 24498.149717562497, 31252.347662122735, 29252.40325377473, 24578.663735467744, 29252.40325377473
97, 31252.347662122735, 24498.149717562497, 31252.347662122735, 29210.703016725856, 24584.749271474684, 29210.703016725856
98, 31252.347662122735, 24498.149717562497, 31252.347662122735, 29265.86165284372, 24574.25152953794, 29265.86165284372
99, 31252.347662122735, 24498.149717562497, 31252.347662122735, 29270.675328019013, 24624.774071921063, 29270.675328019013
100, 31252.347662122735, 24498.149717562497, 31252.347662122735, 29267.913106279982, 24625.384411620722, 29267.913106279982
101, 31252.347662122735, 24498.149717562497, 31252.347662122735, 29336.31850806121, 24601.892159893498, 29336.31850806121
102, 31256.449155370763, 24465.393301530705, 31256.449155370763, 29385.167506737573, 24609.082465996336, 29385.167506737573
103, 31332.03497528627, 24655.80294039921, 31332.03497528627, 29340.573561077537, 24580.51290237801, 29340.573561077537
104, 31365.288952010855, 24410.679321408723, 31365.288952010855, 29376.161376152842, 24561.62839071692, 29376.161376152842
105, 31365.288952010855, 24410.679321408723, 31365.288952010855, 29452.640833684072, 24542.509553864038, 29452.640833684072
106, 31365.288952010855, 24410.679321408723, 31365.288952010855, 29474.384185031457, 24543.124693324728, 29474.384185031457
107, 31365.288952010855, 24410.679321408723, 31365.288952010855, 29444.22233912858, 24540.14440643924, 29444.22233912858
108, 31391.30816645016, 24623.81439897274, 31391.30816645016, 29466.05259842413, 24540.68752807044, 29466.05259842413
109, 31391.30816645016, 24623.81439897274, 31391.30816645016, 29472.8925521971, 24543.643517670404, 29472.8925521971
110, 31391.30816645016, 24623.81439897274, 31391.30816645016, 29457.125441538, 24545.877996205607, 29457.125441538
111, 31391.30816645016, 24623.81439897274, 31391.30816645016, 29495.96323421235, 24580.458850510848, 29495.96323421235
112, 31415.05454250908, 24379.217676861976, 31415.05454250908, 29470.77709340429, 24553.064755078853, 29470.77709340429
113, 31500.640134046695, 24367.019363763735, 31500.640134046695, 29469.712681527417, 24503.23091455422, 29469.712681527417
114, 31500.640134046695, 24367.019363763735, 31500.640134046695, 29532.569859309016, 24511.218891148616, 29532.569859309016
115, 31526.564898738023, 24622.973744249553, 31526.564898738023, 29482.782684151927, 24536.21325969019, 29482.782684151927
116, 31526.564898738023, 24622.973744249553, 31526.564898738023, 29509.021139082502, 24582.9116221969, 29509.021139082502
117, 31526.564898738023, 24622.973744249553, 31526.564898738023, 29549.94156004101, 24613.046428704652, 29549.94156004101
118, 31531.26902994982, 24385.627627674785, 31531.26902994982, 29554.950585284405, 24597.028191066533, 29554.950585284405
119, 31531.26902994982, 24385.627627674785, 31531.26902994982, 29535.835244481972, 24582.36312897033, 29535.835244481972
120, 31531.26902994982, 24385.627627674785, 31531.26902994982, 29513.898174276852, 24565.955573777035, 29513.898174276852
121, 31531.26902994982, 24385.627627674785, 31531.26902994982, 29527.185874875082, 24570.05219521407, 29527.185874875082
122, 31531.26902994982, 24385.627627674785, 31531.26902994982, 29588.947133245507, 24564.010664091827, 29588.947133245507
123, 31531.26902994982, 24385.627627674785, 31531.26902994982, 29533.60012482017, 24515.007553021576, 29533.60012482017
124, 31531.26902994982, 24385.627627674785, 31531.26902994982, 29566.00261834139, 24494.181779128776, 29566.00261834139
125, 31638.636291205377, 24507.7281898182, 31638.636291205377, 29585.539811521005, 24497.65741490262, 29585.539811521005
126, 31638.636291205377, 24507.7281898182, 31638.636291205377, 29619.53915444081, 24497.84941314497, 29619.53915444081
127, 31638.636291205377, 24507.7281898182, 31638.636291205377, 29613.30136945494, 24517.74654242764, 29613.30136945494
128, 31638.636291205377, 24507.7281898182, 31638.636291205377, 29636.283362458937, 24480.838398247455, 29636.283362458937
129, 31638.636291205377, 24507.7281898182, 31638.636291205377, 29629.233904858684, 24486.257977741967, 29629.233904858684
130, 31638.636291205377, 24507.7281898182, 31638.636291205377, 29608.88168650433, 24497.72544883827, 29608.88168650433
131, 31719.190076481893, 24573.046111109416, 31719.190076481893, 29598.305401045393, 24512.178415826787, 29598.305401045393
132, 31719.190076481893, 24573.046111109416, 31719.190076481893, 29638.781032242743, 24532.17272380019, 29638.781032242743
133, 31850.250209176487, 24600.186743067752, 31850.250209176487, 29684.099721419578, 24536.711961391688, 29684.099721419578
134, 31850.250209176487, 24600.186743067752, 31850.250209176487, 29682.148663173095, 24527.244815243193, 29682.148663173095
135, 31850.250209176487, 24600.186743067752, 31850.250209176487, 29700.29764131041, 24559.208112366487, 29700.29764131041
136, 31850.250209176487, 24600.186743067752, 31850.250209176487, 29697.971629792057, 24558.362981551825, 29697.971629792057
137, 31850.250209176487, 24600.186743067752, 31850.250209176487, 29734.33638366411, 24562.031895789827, 29734.33638366411
138, 31850.250209176487, 24600.186743067752, 31850.250209176487, 29705.613892922433, 24573.207172826278, 29705.613892922433
139, 31850.250209176487, 24600.186743067752, 31850.250209176487, 29711.817680493907, 24586.497843375262, 29711.817680493907
140, 31850.250209176487, 24600.186743067752, 31850.250209176487, 29697.35291172534, 24584.390708386854, 29697.35291172534
141, 31850.250209176487, 24600.186743067752, 31850.250209176487, 29747.131820233633, 24592.143152869256, 29747.131820233633
142, 31850.250209176487, 24600.186743067752, 31850.250209176487, 29813.130331873774, 24616.89665421321, 29813.130331873774
143, 31850.250209176487, 24600.186743067752, 31850.250209176487, 29753.13446264484, 24623.111581052748, 29753.13446264484
144, 31916.729731070216, 24640.6629324141, 31916.729731070216, 29812.732790733673, 24607.791714385956, 29812.732790733673
145, 32022.13717365805, 24440.618039209527, 32022.13717365805, 29849.794446552045, 24614.988704548756, 29849.794446552045
146, 32022.13717365805, 24440.618039209527, 32022.13717365805, 29838.13256533323, 24612.715496407676, 29838.13256533323
147, 32022.13717365805, 24440.618039209527, 32022.13717365805, 29886.680876280985, 24612.934641934902, 29886.680876280985
148, 32022.13717365805, 24440.618039209527, 32022.13717365805, 29886.31176370664, 24609.177717126608, 29886.31176370664
149, 32022.13717365805, 24440.618039209527, 32022.13717365805, 29874.865463589285, 24600.01444559144, 29874.865463589285
150, 32022.13717365805, 24440.618039209527, 32022.13717365805, 29832.909558778945, 24591.31557287006, 29832.909558778945
151, 32022.13717365805, 24440.618039209527, 32022.13717365805, 29838.48130250983, 24575.80803084302, 29838.48130250983
152, 32022.13717365805, 24440.618039209527, 32022.13717365805, 29900.21227808707, 24565.737276941687, 29900.21227808707
153, 32022.13717365805, 24440.618039209527, 32022.13717365805, 29912.287105612544, 24546.491185301846, 29912.287105612544
154, 32022.13717365805, 24440.618039209527, 32022.13717365805, 29945.14896161969, 24559.75740627864, 29945.14896161969
155, 32088.378333728484, 24539.114341160424, 32088.378333728484, 29930.06117911099, 24524.139541311357, 29930.06117911099
156, 32088.378333728484, 24539.114341160424, 32088.378333728484, 29993.750312105447, 24531.115003670013, 29993.750312105447
157, 32088.378333728484, 24539.114341160424, 32088.378333728484, 29998.150085682915, 24504.145924984907, 29998.150085682915
158, 32088.378333728484, 24539.114341160424, 32088.378333728484, 29958.778008610607, 24506.9496824, 29958.778008610607
159, 32252.17924901456, 24470.498785218097, 32252.17924901456, 29932.769300840762, 24511.010342026544, 29932.769300840762
160, 32252.17924901456, 24470.498785218097, 32252.17924901456, 30005.373051967323, 24514.306224759075, 30005.373051967323
161, 32252.17924901456, 24470.498785218097, 32252.17924901456, 29958.567125118287, 24517.479056275413, 29958.567125118287
162, 32252.17924901456, 24470.498785218097, 32252.17924901456, 29990.82817063527, 24550.18580152708, 29990.82817063527
163, 32252.17924901456, 24470.498785218097, 32252.17924901456, 30038.717548082837, 24546.76811176941, 30038.717548082837
164, 32307.371509398934, 24472.46244760495, 32307.371509398934, 30015.117871419956, 24569.55894952909, 30015.117871419956
165, 32307.371509398934, 24472.46244760495, 32307.371509398934, 30046.83734029378, 24566.546619901183, 30046.83734029378
166, 32307.371509398934, 24472.46244760495, 32307.371509398934, 30037.734231069768, 24559.999842354642, 30037.734231069768
167, 32307.371509398934, 24472.46244760495, 32307.371509398934, 30035.441993851917, 24552.158940249574, 30035.441993851917
168, 32307.371509398934, 24472.46244760495, 32307.371509398934, 30096.564147291137, 24534.96475544188, 30096.564147291137
169, 32307.371509398934, 24472.46244760495, 32307.371509398934, 30169.68254452619, 24530.393044443947, 30169.68254452619
170, 32307.371509398934, 24472.46244760495, 32307.371509398934, 30170.711205367585, 24528.307710815, 30170.711205367585
171, 32312.538595137667, 24608.401854764234, 32312.538595137667, 30163.36147945453, 24532.75263681714, 30163.36147945453
172, 32372.883022025166, 24388.358472547177, 32372.883022025166, 30143.110063883913, 24534.410400734447, 30143.110063883913
173, 32372.883022025166, 24388.358472547177, 32372.883022025166, 30111.207327324013, 24528.634134889537, 30111.207327324013
174, 32392.07549509482, 24259.089442695153, 32392.07549509482, 30133.93991277495, 24528.379880326862, 30133.93991277495
175, 32392.07549509482, 24259.089442695153, 32392.07549509482, 30176.328766896357, 24528.8164986693, 30176.328766896357
176, 32392.07549509482, 24259.089442695153, 32392.07549509482, 30155.06008957317, 24527.202909253192, 30155.06008957317
177, 32392.07549509482, 24259.089442695153, 32392.07549509482, 30130.025573287672, 24527.16221569431, 30130.025573287672
178, 32415.487377384346, 24494.922669945612, 32415.487377384346, 30180.539967384568, 24530.642131629767, 30180.539967384568
179, 32512.526742657246, 24218.98905034093, 32512.526742657246, 30226.096745243263, 24535.30246268291, 30226.096745243263
180, 32512.526742657246, 24218.98905034093, 32512.526742657246, 30258.748476569494, 24500.707003075237, 30258.748476569494
181, 32512.526742657246, 24218.98905034093, 32512.526742657246, 30213.199775206704, 24505.92252322225, 30213.199775206704
182, 32512.526742657246, 24218.98905034093, 32512.526742657246, 30187.96208234051, 24445.986607480896, 30187.96208234051
183, 32512.526742657246, 24218.98905034093, 32512.526742657246, 30212.776512737906, 24400.113969506427, 30212.776512737906
184, 32512.526742657246, 24218.98905034093, 32512.526742657246, 30191.5593728791, 24401.47115620784, 30191.5593728791
185, 32579.733878270974, 24331.58890710456, 32579.733878270974, 30254.587831846573, 24415.377056553032, 30254.587831846573
186, 32579.733878270974, 24331.58890710456, 32579.733878270974, 30299.63471873348, 24439.012356720006, 30299.63471873348
187, 32579.733878270974, 24331.58890710456, 32579.733878270974, 30292.01736630401, 24476.267449114257, 30292.01736630401
188, 32579.733878270974, 24331.58890710456, 32579.733878270974, 30252.362736709016, 24448.728017124366, 30252.362736709016
189, 32579.733878270974, 24331.58890710456, 32579.733878270974, 30312.707574188094, 24400.471276353743, 30312.707574188094
190, 32579.733878270974, 24331.58890710456, 32579.733878270974, 30321.452084599972, 24356.153026015087, 30321.452084599972
191, 32579.733878270974, 24331.58890710456, 32579.733878270974, 30282.28400047988, 24357.78905857197, 30282.28400047988
192, 32579.733878270974, 24331.58890710456, 32579.733878270974, 30266.101307007466, 24361.933943915883, 30266.101307007466
193, 32579.733878270974, 24331.58890710456, 32579.733878270974, 30323.19240796232, 24377.527428594065, 30323.19240796232
194, 32647.25979463176, 24633.920628339343, 32647.25979463176, 30292.744126714017, 24400.970431623926, 30292.744126714017
195, 32647.25979463176, 24633.920628339343, 32647.25979463176, 30316.89748093391, 24435.942099986496, 30316.89748093391
196, 32647.25979463176, 24633.920628339343, 32647.25979463176, 30394.65498856918, 24441.538441862078, 30394.65498856918
197, 32647.25979463176, 24633.920628339343, 32647.25979463176, 30336.14214990338, 24444.129095101634, 30336.14214990338
198, 32647.25979463176, 24633.920628339343, 32647.25979463176, 30369.63917468761, 24453.88056880864, 30369.63917468761
199, 32662.06510683466, 24413.723694344688, 32662.06510683466, 30364.810470008673, 24466.87594028593, 30364.810470008673
200, 32662.06510683466, 24413.723694344688, 32662.06510683466, 30335.385367720686, 24499.70166348652, 30335.385367720686
201, 32662.06510683466, 24413.723694344688, 32662.06510683466, 30374.728624463383, 24559.018058446567, 30374.728624463383
202, 32662.06510683466, 24413.723694344688, 32662.06510683466, 30389.651115536817, 24620.93986803947, 30389.651115536817
203, 32670.881623878595, 24412.052228137127, 32670.881623878595, 30446.490195511655, 24615.552344605996, 30446.490195511655
204, 32670.881623878595, 24412.052228137127, 32670.881623878595, 30373.270213504635, 24596.44317216068, 30373.270213504635
205, 32670.881623878595, 24412.052228137127, 32670.881623878595, 30415.623928426754, 24569.582842712312, 30415.623928426754
206, 32697.611051612337, 24334.364644927937, 32697.611051612337, 30420.20529382643, 24524.07307570336, 30420.20529382643
207, 32697.611051612337, 24334.364644927937, 32697.611051612337, 30433.43608655177, 24485.660331092753, 30433.43608655177
208, 32697.611051612337, 24334.364644927937, 32697.611051612337, 30357.881681609837, 24484.014442047897, 30357.881681609837
209, 32697.611051612337, 24334.364644927937, 32697.611051612337, 30394.834228979245, 24481.485676003165, 30394.834228979245
210, 32697.611051612337, 24334.364644927937, 32697.611051612337, 30448.675574910343, 24480.60972186487, 30448.675574910343
211, 32697.611051612337, 24334.364644927937, 32697.611051612337, 30415.918003454994, 24474.967421498248, 30415.918003454994
212, 32697.611051612337, 24334.364644927937, 32697.611051612337, 30395.28021402631, 24462.61612872106, 30395.28021402631
213, 32729.3990782619, 24399.07802918014, 32729.3990782619, 30426.586588365688, 24453.070243587008, 30426.586588365688
214, 32729.3990782619, 24399.07802918014, 32729.3990782619, 30405.42849952425, 24436.894718272095, 30405.42849952425
215, 32729.3990782619, 24399.07802918014, 32729.3990782619, 30392.383403518783, 24430.662279575597, 30392.383403518783
216, 32774.89869712559, 24251.623606137768, 32774.89869712559, 30382.254025905622, 24431.97042185897, 30382.254025905622
217, 32774.89869712559, 24251.623606137768, 32774.89869712559, 30423.095696419674, 24436.57063537949, 30423.095696419674
218, 32774.89869712559, 24251.623606137768, 32774.89869712559, 30430.23633956652, 24438.945690145843, 30430.23633956652
219, 32774.89869712559, 24251.623606137768, 32774.89869712559, 30453.00227614939, 24447.4512274305, 30453.00227614939
220, 32774.89869712559, 24251.623606137768, 32774.89869712559, 30396.580850274015, 24456.657302509728, 30396.580850274015
221, 32774.89869712559, 24251.623606137768, 32774.89869712559, 30464.371105070662, 24465.55308558414, 30464.371105070662
222, 32774.89869712559, 24251.623606137768, 32774.89869712559, 30471.285906836434, 24462.011155294105, 30471.285906836434
223, 32774.89869712559, 24251.623606137768, 32774.89869712559, 30511.67149504628, 24464.765856666738, 30511.67149504628
224, 32774.89869712559, 24251.623606137768, 32774.89869712559, 30469.448299870794, 24480.446399725763, 30469.448299870794
225, 32774.89869712559, 24251.623606137768, 32774.89869712559, 30483.585993725508, 24481.46428383024, 30483.585993725508
226, 32829.16418756804, 24460.75489432434, 32829.16418756804, 30518.303037412294, 24451.691457399385, 30518.303037412294
227, 32829.16418756804, 24460.75489432434, 32829.16418756804, 30492.04529208819, 24393.450691578782, 30492.04529208819
228, 32829.16418756804, 24460.75489432434, 32829.16418756804, 30514.009887426306, 24382.670203963342, 30514.009887426306
229, 32829.16418756804, 24460.75489432434, 32829.16418756804, 30528.816515535713, 24380.549908107034, 30528.816515535713
230, 32829.16418756804, 24460.75489432434, 32829.16418756804, 30463.706932275356, 24388.323487751903, 30463.706932275356
231, 32865.619771933445, 24109.796646002782, 32865.619771933445, 30510.87861240507, 24398.710503950493, 30510.87861240507
232, 32865.619771933445, 24109.796646002782, 32865.619771933445, 30512.122572918594, 24409.18175921752, 30512.122572918594
233, 32865.619771933445, 24109.796646002782, 32865.619771933445, 30469.902211930814, 24432.772135862248, 30469.902211930814
234, 32865.619771933445, 24109.796646002782, 32865.619771933445, 30505.83156707183, 24465.069918260342, 30505.83156707183
235, 32865.619771933445, 24109.796646002782, 32865.619771933445, 30511.561224911864, 24509.886905254825, 30511.561224911864
236, 32865.619771933445, 24109.796646002782, 32865.619771933445, 30504.922120280244, 24505.48242621415, 30504.922120280244
237, 32865.619771933445, 24109.796646002782, 32865.619771933445, 30559.33048261305, 24505.943742783904, 30559.33048261305
238, 32957.761576827266, 24414.05887366601, 32957.761576827266, 30538.035646683482, 24488.657866963735, 30538.035646683482
239, 32957.761576827266, 24414.05887366601, 32957.761576827266, 30548.58394398822, 24475.267372965794, 30548.58394398822
240, 32957.761576827266, 24414.05887366601, 32957.761576827266, 30534.814949923522, 24459.478392494628, 30534.814949923522
241, 32957.761576827266, 24414.05887366601, 32957.761576827266, 30536.74958309287, 24425.444511880796, 30536.74958309287
242, 32957.761576827266, 24414.05887366601, 32957.761576827266, 30523.26798593328, 24357.48942104884, 30523.26798593328
243, 32957.761576827266, 24414.05887366601, 32957.761576827266, 30529.434029787248, 24291.38513136673, 30529.434029787248
244, 32957.761576827266, 24414.05887366601, 32957.761576827266, 30571.403705487017, 24302.25840542116, 30571.403705487017
245, 32957.761576827266, 24414.05887366601, 32957.761576827266, 30577.989473522328, 24315.110240701237, 30577.989473522328
246, 32957.761576827266, 24414.05887366601, 32957.761576827266, 30601.866865436696, 24345.1633683843, 30601.866865436696
247, 33031.6517643289, 24525.32440683303, 33031.6517643289, 30593.427047950412, 24394.24679632417, 30593.427047950412
248, 33031.6517643289, 24525.32440683303, 33031.6517643289, 30541.27425732698, 24446.53565652669, 30541.27425732698
249, 33031.6517643289, 24525.32440683303, 33031.6517643289, 30599.938248694278, 24495.96746208713, 30599.938248694278
250, 33031.6517643289, 24525.32440683303, 33031.6517643289, 30606.781276280504, 24487.958902849554, 30606.781276280504
251, 33031.6517643289, 24525.32440683303, 33031.6517643289, 30586.110257466356, 24488.32811700223, 30586.110257466356
252, 33031.6517643289, 24525.32440683303, 33031.6517643289, 30628.48686577237, 24484.3787961141, 30628.48686577237
253, 33031.6517643289, 24525.32440683303, 33031.6517643289, 30579.13803217949, 24489.268000198466, 30579.13803217949
254, 33031.6517643289, 24525.32440683303, 33031.6517643289, 30657.7012949578, 24492.39047599753, 30657.7012949578
255, 33031.6517643289, 24525.32440683303, 33031.6517643289, 30617.58472182293, 24491.83665448219, 30617.58472182293
256, 33031.6517643289, 24525.32440683303, 33031.6517643289, 30633.4274947012, 24492.601425033125, 30633.4274947012
257, 33031.6517643289, 24525.32440683303, 33031.6517643289, 30643.205729260444, 24495.598857584057, 30643.205729260444
258, 33031.6517643289, 24525.32440683303, 33031.6517643289, 30653.608284625036, 24505.559705862925, 30653.608284625036
259, 33031.6517643289, 24525.32440683303, 33031.6517643289, 30619.06374640101, 24526.688492487236, 30619.06374640101
260, 33031.6517643289, 24525.32440683303, 33031.6517643289, 30655.95690380405, 24517.790064487046, 30655.95690380405
261, 33031.6517643289, 24525.32440683303, 33031.6517643289, 30655.58764118388, 24499.054074134416, 30655.58764118388
262, 33085.866435445954, 24408.319918280013, 33085.866435445954, 30699.71111953713, 24524.267872987017, 30699.71111953713
263, 33085.866435445954, 24408.319918280013, 33085.866435445954, 30659.49004754717, 24564.421469567507, 30659.49004754717
264, 33085.866435445954, 24408.319918280013, 33085.866435445954, 30644.11608817976, 24564.93651381643, 30644.11608817976
265, 33085.866435445954, 24408.319918280013, 33085.866435445954, 30647.856052340103, 24565.23641355014, 30647.856052340103
266, 33085.866435445954, 24408.319918280013, 33085.866435445954, 30667.928507466495, 24567.983794208263, 30667.928507466495
267, 33114.71476556096, 24599.438406659985, 33114.71476556096, 30682.958888830537, 24568.531612108123, 30682.958888830537
268, 33195.15246761012, 24517.243458926936, 33195.15246761012, 30681.540224870234, 24573.435464279955, 30681.540224870234
269, 33195.15246761012, 24517.243458926936, 33195.15246761012, 30743.47506466619, 24573.331376017984, 30743.47506466619
270, 33195.15246761012, 24517.243458926936, 33195.15246761012, 30688.918735795018, 24576.185055128102, 30688.918735795018
271, 33195.15246761012, 24517.243458926936, 33195.15246761012, 30696.82415656303, 24587.18206033734, 30696.82415656303
272, 33195.15246761012, 24517.243458926936, 33195.15246761012, 30686.452100162205, 24571.618075477294, 30686.452100162205
273, 33195.15246761012, 24517.243458926936, 33195.15246761012, 30703.08713176068, 24533.99131042484, 30703.08713176068
274, 33195.15246761012, 24517.243458926936, 33195.15246761012, 30742.931739558586, 24535.881587519514, 30742.931739558586
275, 33195.15246761012, 24517.243458926936, 33195.15246761012, 30744.59415519987, 24564.910764433676, 30744.59415519987
276, 33202.04735437593, 24636.727243988338, 33202.04735437593, 30797.95977876736, 24558.844747730094, 30797.95977876736
277, 33202.04735437593, 24636.727243988338, 33202.04735437593, 30782.882329390945, 24561.35112233332, 30782.882329390945
278, 33202.04735437593, 24636.727243988338, 33202.04735437593, 30787.41242423752, 24561.919210522083, 30787.41242423752
279, 33202.04735437593, 24636.727243988338, 33202.04735437593, 30751.230420128875, 24562.236239909813, 30751.230420128875
280, 33202.04735437593, 24636.727243988338, 33202.04735437593, 30801.358641059065, 24563.003187729013, 30801.358641059065
281, 33202.04735437593, 24636.727243988338, 33202.04735437593, 30788.073763346532, 24566.3496230468, 30788.073763346532
282, 33202.04735437593, 24636.727243988338, 33202.04735437593, 30780.082911916357, 24565.931005565548, 30780.082911916357
283, 33294.15057698085, 24308.37605925559, 33294.15057698085, 30761.61444178992, 24569.14712576699, 30761.61444178992
284, 33294.15057698085, 24308.37605925559, 33294.15057698085, 30783.186819735634, 24575.21299285443, 30783.186819735634
285, 33294.15057698085, 24308.37605925559, 33294.15057698085, 30795.012081256034, 24584.01088052003, 30795.012081256034
286, 33294.15057698085, 24308.37605925559, 33294.15057698085, 30790.33552797536, 24603.2147645996, 30790.33552797536
287, 33294.15057698085, 24308.37605925559, 33294.15057698085, 30820.725256215897, 24625.36733013819, 30820.725256215897
288, 33294.15057698085, 24308.37605925559, 33294.15057698085, 30804.359757398855, 24610.310759285352, 30804.359757398855
289, 33294.15057698085, 24308.37605925559, 33294.15057698085, 30811.526148944595, 24570.92537448597, 30811.526148944595
290, 33294.15057698085, 24308.37605925559, 33294.15057698085, 30783.91093453918, 24517.986102990504, 30783.91093453918
291, 33294.15057698085, 24308.37605925559, 33294.15057698085, 30855.071361817674, 24428.938154375526, 30855.071361817674
292, 33294.15057698085, 24308.37605925559, 33294.15057698085, 30834.717957161534, 24412.779763091858, 30834.717957161534
293, 33308.37304856667, 24490.18242706796, 33308.37304856667, 30890.788810153455, 24412.952998561803, 30890.788810153455
294, 33308.37304856667, 24490.18242706796, 33308.37304856667, 30849.30537717454, 24414.705278605383, 30849.30537717454
295, 33308.37304856667, 24490.18242706796, 33308.37304856667, 30822.547897918, 24415.970771813732, 30822.547897918
296, 33308.37304856667, 24490.18242706796, 33308.37304856667, 30852.920149576035, 24414.70666751089, 30852.920149576035
297, 33308.37304856667, 24490.18242706796, 33308.37304856667, 30796.953611421384, 24416.452822271174, 30796.953611421384
298, 33333.346244620836, 24422.72492159194, 33333.346244620836, 30866.82188497153, 24418.252040221993, 30866.82188497153
299, 33333.346244620836, 24422.72492159194, 33333.346244620836, 30863.933056215512, 24422.161161834356, 30863.933056215512
300, 33333.346244620836, 24422.72492159194, 33333.346244620836, 30883.171991966185, 24424.781826559538, 30883.171991966185
301, 33333.346244620836, 24422.72492159194, 33333.346244620836, 30852.83204631295, 24433.645368236852, 30852.83204631295
302, 33346.354243705384, 24627.69334581155, 33346.354243705384, 30858.731966007086, 24447.48230703399, 30858.731966007086
303, 33346.354243705384, 24627.69334581155, 33346.354243705384, 30861.05921531803, 24472.807041142947, 30861.05921531803
304, 33346.354243705384, 24627.69334581155, 33346.354243705384, 30894.439689987244, 24506.16307120962, 30894.439689987244
305, 33346.354243705384, 24627.69334581155, 33346.354243705384, 30865.59529993248, 24542.24270744318, 30865.59529993248
306, 33346.354243705384, 24627.69334581155, 33346.354243705384, 30842.35372981317, 24542.480116727915, 30842.35372981317
307, 33355.70876035477, 24399.123044307446, 33355.70876035477, 30905.179831415448, 24541.136927887957, 30905.179831415448
308, 33355.70876035477, 24399.123044307446, 33355.70876035477, 30883.54553546043, 24538.321415964918, 30883.54553546043
309, 33387.32966996716, 24316.16981877763, 33387.32966996716, 30906.543354552585, 24539.29591070469, 30906.543354552585
310, 33387.32966996716, 24316.16981877763, 33387.32966996716, 30873.197203359985, 24539.11600669525, 30873.197203359985
311, 33387.32966996716, 24316.16981877763, 33387.32966996716, 30885.187332228346, 24568.122959490654, 30885.187332228346
312, 33387.32966996716, 24316.16981877763, 33387.32966996716, 30883.058001895133, 24614.346385784014, 30883.058001895133
313, 33387.32966996716, 24316.16981877763, 33387.32966996716, 30858.363852860184, 24606.920909396067, 30858.363852860184
314, 33387.32966996716, 24316.16981877763, 33387.32966996716, 30900.810846444907, 24588.139352775266, 30900.810846444907
315, 33387.32966996716, 24316.16981877763, 33387.32966996716, 30887.784381571004, 24559.145277064606, 30887.784381571004
316, 33387.32966996716, 24316.16981877763, 33387.32966996716, 30876.188398122224, 24504.170907729702, 30876.188398122224
317, 33387.32966996716, 24316.16981877763, 33387.32966996716, 30907.66380863058, 24455.232138778283, 30907.66380863058
318, 33387.32966996716, 24316.16981877763, 33387.32966996716, 30910.52842984601, 24447.78940781437, 30910.52842984601
319, 33428.538564669434, 24607.245562866614, 33428.538564669434, 30902.991573607884, 24429.740204473386, 30902.991573607884
320, 33428.538564669434, 24607.245562866614, 33428.538564669434, 30965.790115056472, 24423.02073226631, 30965.790115056472
321, 33428.538564669434, 24607.245562866614, 33428.538564669434, 30908.40825016141, 24429.86514417511, 30908.40825016141
322, 33428.538564669434, 24607.245562866614, 33428.538564669434, 30917.14090504981, 24434.55898918366, 30917.14090504981
323, 33439.32467783035, 24411.339726828868, 33439.32467783035, 30907.949141454366, 24444.55598299997, 30907.949141454366
324, 33439.32467783035, 24411.339726828868, 33439.32467783035, 30979.89475878341, 24469.26476892358, 30979.89475878341
325, 33439.32467783035, 24411.339726828868, 33439.32467783035, 30934.009473202637, 24506.66571992481, 30934.009473202637
326, 33439.32467783035, 24411.339726828868, 33439.32467783035, 30896.966258817647, 24564.822216517863, 30896.966258817647
327, 33439.32467783035, 24411.339726828868, 33439.32467783035, 30940.68159058362, 24582.382471016426, 30940.68159058362
328, 33439.32467783035, 24411.339726828868, 33439.32467783035, 30959.09081871556, 24526.581259853934, 30959.09081871556
329, 33439.32467783035, 24411.339726828868, 33439.32467783035, 30960.038102545775, 24522.346157440985, 30960.038102545775
330, 33439.32467783035, 24411.339726828868, 33439.32467783035, 30972.066668141735, 24608.704484073543, 30972.066668141735
331, 33439.32467783035, 24411.339726828868, 33439.32467783035, 30939.39720051509, 24599.59892984696, 30939.39720051509
332, 33439.32467783035, 24411.339726828868, 33439.32467783035, 30957.474213475678, 24586.400588097134, 30957.474213475678
333, 33439.32467783035, 24411.339726828868, 33439.32467783035, 30930.711851933742, 24570.553131754525, 30930.711851933742
334, 33439.32467783035, 24411.339726828868, 33439.32467783035, 30939.0143069792, 24540.693265840713, 30939.0143069792
335, 33461.02481725109, 24369.19176286021, 33461.02481725109, 30924.56126692228, 24497.514733580094, 30924.56126692228
336, 33461.02481725109, 24369.19176286021, 33461.02481725109, 30919.173100479664, 24484.88047579877, 30919.173100479664
337, 33464.3227010706, 24505.608911449115, 33464.3227010706, 30962.080771453595, 24483.947817379147, 30962.080771453595
338, 33464.3227010706, 24505.608911449115, 33464.3227010706, 30931.61266251456, 24484.046862590294, 30931.61266251456
339, 33464.3227010706, 24505.608911449115, 33464.3227010706, 30985.01356828965, 24484.49900740644, 30985.01356828965
340, 33464.3227010706, 24505.608911449115, 33464.3227010706, 30978.89282385706, 24484.42813914297, 30978.89282385706
341, 33464.3227010706, 24505.608911449115, 33464.3227010706, 30948.688941654054, 24484.867786138224, 30948.688941654054
342, 33464.3227010706, 24505.608911449115, 33464.3227010706, 30961.447177390695, 24486.605616590743, 30961.447177390695
343, 33464.3227010706, 24505.608911449115, 33464.3227010706, 30963.39661480254, 24487.360262068083, 30963.39661480254
344, 33464.3227010706, 24505.608911449115, 33464.3227010706, 30955.915576135136, 24487.250034295026, 30955.915576135136
345, 33464.3227010706, 24505.608911449115, 33464.3227010706, 30993.54874093215, 24489.417496371243, 30993.54874093215
346, 33487.8741360215, 24427.761791693916, 33487.8741360215, 30976.815526595477, 24492.423985410875, 30976.815526595477
347, 33487.8741360215, 24427.761791693916, 33487.8741360215, 30989.635759237422, 24495.801315302233, 30989.635759237422
348, 33487.8741360215, 24427.761791693916, 33487.8741360215, 30985.060595812414, 24504.085397399496, 30985.060595812414
349, 33513.97247756193, 24290.84570065368, 33513.97247756193, 30978.169983594245, 24508.847283640163, 30978.169983594245
350, 33513.97247756193, 24290.84570065368, 33513.97247756193, 30955.621946491996, 24543.57295584268, 30955.621946491996
351, 33513.97247756193, 24290.84570065368, 33513.97247756193, 30982.43881848802, 24547.427622559102, 30982.43881848802
352, 33513.97247756193, 24290.84570065368, 33513.97247756193, 30982.110659659887, 24546.647334815258, 30982.110659659887
353, 33513.97247756193, 24290.84570065368, 33513.97247756193, 30960.3802255368, 24543.580024125706, 30960.3802255368
354, 33513.97247756193, 24290.84570065368, 33513.97247756193, 30978.000423348163, 24537.682657930683, 30978.000423348163
355, 33513.97247756193, 24290.84570065368, 33513.97247756193, 30955.843258697358, 24530.386438358193, 30955.843258697358
356, 33537.016671891884, 24653.65852553336, 33537.016671891884, 31012.38383326506, 24516.624086076165, 31012.38383326506
357, 33537.016671891884, 24653.65852553336, 33537.016671891884, 31002.66321713416, 24499.439897545268, 31002.66321713416
358, 33537.016671891884, 24653.65852553336, 33537.016671891884, 30987.298077333733, 24479.197444982416, 30987.298077333733
359, 33537.016671891884, 24653.65852553336, 33537.016671891884, 31032.098716560915, 24465.112113819443, 31032.098716560915
360, 33537.016671891884, 24653.65852553336, 33537.016671891884, 30986.561465114002, 24414.080941053406, 30986.561465114002
361, 33537.016671891884, 24653.65852553336, 33537.016671891884, 30994.17193503332, 24421.430883596615, 30994.17193503332
362, 33537.016671891884, 24653.65852553336, 33537.016671891884, 31021.805313426074, 24435.73418222242, 31021.805313426074
363, 33537.016671891884, 24653.65852553336, 33537.016671891884, 31032.869389182273, 24445.07310433066, 31032.869389182273
364, 33537.016671891884, 24653.65852553336, 33537.016671891884, 31016.482388178283, 24485.51207484044, 31016.482388178283
365, 33537.016671891884, 24653.65852553336, 33537.016671891884, 30979.74219447261, 24541.104038481746, 30979.74219447261
366, 33563.50413794222, 24401.406747754296, 33563.50413794222, 30996.3653962381, 24611.994354677656, 30996.3653962381
367, 33563.50413794222, 24401.406747754296, 33563.50413794222, 31035.080161114285, 24652.559870193894, 31035.080161114285
368, 33563.50413794222, 24401.406747754296, 33563.50413794222, 31047.65431614682, 24653.79460423134, 31047.65431614682
369, 33563.50413794222, 24401.406747754296, 33563.50413794222, 31034.682146287927, 24651.562627258292, 31034.682146287927
370, 33563.50413794222, 24401.406747754296, 33563.50413794222, 30997.353664610015, 24650.91869100103, 30997.353664610015
371, 33563.50413794222, 24401.406747754296, 33563.50413794222, 31056.321210450744, 24648.43598642687, 31056.321210450744
372, 33563.50413794222, 24401.406747754296, 33563.50413794222, 31037.715959793433, 24644.224209962227, 31037.715959793433
373, 33563.50413794222, 24401.406747754296, 33563.50413794222, 31018.458861876206, 24641.23015965375, 31018.458861876206
374, 33563.50413794222, 24401.406747754296, 33563.50413794222, 30988.668485911283, 24633.46838283081, 30988.668485911283
375, 33563.50413794222, 24401.406747754296, 33563.50413794222, 31005.267219061498, 24615.551778551846, 31005.267219061498
376, 33563.91675702097, 24457.698952816736, 33563.91675702097, 31055.815521949902, 24607.894891171356, 31055.815521949902
377, 33584.90925296182, 24490.150788803025, 33584.90925296182, 31035.459560421223, 24594.118755233336, 31035.459560421223
378, 33584.90925296182, 24490.150788803025, 33584.90925296182, 31013.623259866916, 24579.896969486304, 31013.623259866916
379, 33584.90925296182, 24490.150788803025, 33584.90925296182, 31011.170753219652, 24551.379568100172, 31011.170753219652
380, 33584.90925296182, 24490.150788803025, 33584.90925296182, 31042.216814386313, 24510.084951808603, 31042.216814386313
381, 33584.90925296182, 24490.150788803025, 33584.90925296182, 31057.028066741015, 24490.913989400346, 31057.028066741015
382, 33584.90925296182, 24490.150788803025, 33584.90925296182, 31046.80672865813, 24481.663355073786, 31046.80672865813
383, 33584.90925296182, 24490.150788803025, 33584.90925296182, 31017.64031338083, 24481.36601992695, 31017.64031338083
384, 33584.90925296182, 24490.150788803025, 33584.90925296182, 31057.76768997581, 24482.729291707263, 31057.76768997581
385, 33584.90925296182, 24490.150788803025, 33584.90925296182, 31059.198973466726, 24488.29507382942, 31059.198973466726
386, 33584.90925296182, 24490.150788803025, 33584.90925296182, 31015.963051129762, 24497.226831959168, 31015.963051129762
387, 33622.19259340705, 24378.013138003418, 33622.19259340705, 31062.521541998125, 24508.593965590284, 31062.521541998125
388, 33622.19259340705, 24378.013138003418, 33622.19259340705, 31041.08901447437, 24522.486484752575, 31041.08901447437
389, 33622.19259340705, 24378.013138003418, 33622.19259340705, 31047.54522865651, 24526.85767569068, 31047.54522865651
390, 33622.19259340705, 24378.013138003418, 33622.19259340705, 31047.139935856398, 24532.10502401292, 31047.139935856398
391, 33636.35506449409, 24393.403035099323, 33636.35506449409, 31040.90061613969, 24532.269408367178, 31040.90061613969
392, 33636.35506449409, 24393.403035099323, 33636.35506449409, 31083.84285116791, 24526.60722140226, 31083.84285116791
393, 33636.35506449409, 24393.403035099323, 33636.35506449409, 31007.991552179716, 24518.109391723592, 31007.991552179716
394, 33643.41762764946, 24676.84161453921, 33643.41762764946, 31043.783607959736, 24499.553903044918, 31043.783607959736
395, 33643.41762764946, 24676.84161453921, 33643.41762764946, 31084.67968206825, 24473.51148981285, 31084.67968206825
396, 33643.41762764946, 24676.84161453921, 33643.41762764946, 31091.22815103386, 24465.549077236974, 31091.22815103386
397, 33643.41762764946, 24676.84161453921, 33643.41762764946, 31131.96016440244, 24466.62542661495, 31131.96016440244
398, 33643.41762764946, 24676.84161453921, 33643.41762764946, 31108.253510926847, 24467.14675839977, 31108.253510926847
399, 33643.41762764946, 24676.84161453921, 33643.41762764946, 31056.140466133893, 24471.434806286477, 31056.140466133893
400, 33643.41762764946, 24676.84161453921, 33643.41762764946, 31081.666995800555, 24487.974385669644, 31081.666995800555
401, 33643.41762764946, 24676.84161453921, 33643.41762764946, 31076.571546637482, 24504.647970251437, 31076.571546637482
402, 33650.60045981688, 24427.541488288396, 33650.60045981688, 31082.76820238018, 24537.649369594255, 31082.76820238018
403, 33657.73055679263, 24342.15255409323, 33657.73055679263, 31066.173504786868, 24572.01843503257, 31066.173504786868
404, 33657.73055679263, 24342.15255409323, 33657.73055679263, 31082.760794630656, 24617.21162558167, 31082.760794630656
405, 33657.73055679263, 24342.15255409323, 33657.73055679263, 31103.25494476936, 24663.378013122463, 31103.25494476936
406, 33657.73055679263, 24342.15255409323, 33657.73055679263, 31083.972964369274, 24660.40268939305, 31083.972964369274
407, 33657.73055679263, 24342.15255409323, 33657.73055679263, 31094.689143607608, 24652.40463577139, 31094.689143607608
408, 33657.73055679263, 24342.15255409323, 33657.73055679263, 31078.22527698316, 24642.352243857975, 31078.22527698316
409, 33657.73055679263, 24342.15255409323, 33657.73055679263, 31078.930922453008, 24620.995328856403, 31078.930922453008
410, 33657.73055679263, 24342.15255409323, 33657.73055679263, 31104.488117918096, 24598.422123550015, 31104.488117918096
411, 33657.73055679263, 24342.15255409323, 33657.73055679263, 31111.25105810511, 24551.290567169734, 31111.25105810511
412, 33657.73055679263, 24342.15255409323, 33657.73055679263, 31074.73425345466, 24495.242674428904, 31074.73425345466
413, 33657.73055679263, 24342.15255409323, 33657.73055679263, 31143.562360014934, 24451.312451126756, 31143.562360014934
414, 33657.73055679263, 24342.15255409323, 33657.73055679263, 31081.22250184904, 24434.59538176592, 31081.22250184904
415, 33782.503228436064, 24429.15356110496, 33782.503228436064, 31078.911217223493, 24438.44459122831, 31078.911217223493
416, 33782.503228436064, 24429.15356110496, 33782.503228436064, 31113.96065920856, 24438.22032360907, 31113.96065920856
417, 33782.503228436064, 24429.15356110496, 33782.503228436064, 31108.34087425893, 24437.896906616992, 31108.34087425893
418, 33782.503228436064, 24429.15356110496, 33782.503228436064, 31140.38456218435, 24438.34167256459, 31140.38456218435
419, 33782.503228436064, 24429.15356110496, 33782.503228436064, 31119.23454560443, 24439.082289571637, 31119.23454560443
420, 33782.503228436064, 24429.15356110496, 33782.503228436064, 31076.783859347994, 24441.422101367247, 31076.783859347994
421, 33782.503228436064, 24429.15356110496, 33782.503228436064, 31102.300780282552, 24448.55180025847, 31102.300780282552
422, 33782.503228436064, 24429.15356110496, 33782.503228436064, 31107.357970966208, 24458.278752021564, 31107.357970966208
423, 33782.503228436064, 24429.15356110496, 33782.503228436064, 31109.319320647042, 24471.528853775213, 31109.319320647042
424, 33782.503228436064, 24429.15356110496, 33782.503228436064, 31072.70896171704, 24491.600479793335, 31072.70896171704
425, 33782.503228436064, 24429.15356110496, 33782.503228436064, 31149.891391679084, 24529.788559325472, 31149.891391679084
426, 33782.503228436064, 24429.15356110496, 33782.503228436064, 31107.75608297343, 24541.45598554567, 31107.75608297343
427, 33782.503228436064, 24429.15356110496, 33782.503228436064, 31107.111910168253, 24540.04018342622, 31107.111910168253
428, 33782.503228436064, 24429.15356110496, 33782.503228436064, 31116.25221667909, 24536.664355284818, 31116.25221667909
429, 33782.503228436064, 24429.15356110496, 33782.503228436064, 31139.359927985744, 24532.904448351775, 31139.359927985744
430, 33782.503228436064, 24429.15356110496, 33782.503228436064, 31156.041222392912, 24520.77658562362, 31156.041222392912
431, 33782.503228436064, 24429.15356110496, 33782.503228436064, 31187.423161139865, 24509.850156257882, 31187.423161139865
432, 33782.503228436064, 24429.15356110496, 33782.503228436064, 31218.28685466503, 24496.085660693803, 31218.28685466503
433, 33782.503228436064, 24429.15356110496, 33782.503228436064, 31161.0549566382, 24497.769632649186, 31161.0549566382
434, 33796.975393970664, 24507.44780364286, 33796.975393970664, 31220.888290552226, 24496.14248974125, 31220.888290552226
435, 33805.06523482349, 24300.031890809874, 33805.06523482349, 31166.513695958023, 24494.867623356822, 31166.513695958023
436, 33805.06523482349, 24300.031890809874, 33805.06523482349, 31182.441451821705, 24498.35040496453, 31182.441451821705
437, 33805.06523482349, 24300.031890809874, 33805.06523482349, 31194.610550667974, 24497.452361702137, 31194.610550667974
438, 33816.18841593699, 24459.28289063289, 33816.18841593699, 31221.282038865345, 24495.555411749352, 31221.282038865345
439, 33816.18841593699, 24459.28289063289, 33816.18841593699, 31166.487755353162, 24496.342880801767, 31166.487755353162
440, 33816.18841593699, 24459.28289063289, 33816.18841593699, 31172.66039352155, 24495.541565608055, 31172.66039352155
441, 33816.18841593699, 24459.28289063289, 33816.18841593699, 31177.806850607543, 24492.600636204403, 31177.806850607543
442, 33816.18841593699, 24459.28289063289, 33816.18841593699, 31210.271874715414, 24489.237740256125, 31210.271874715414
443, 33816.18841593699, 24459.28289063289, 33816.18841593699, 31213.590202372932, 24485.094680456827, 31213.590202372932
444, 33816.18841593699, 24459.28289063289, 33816.18841593699, 31194.32883503827, 24478.436119968832, 31194.32883503827
445, 33816.18841593699, 24459.28289063289, 33816.18841593699, 31237.141742563825, 24459.734208131857, 31237.141742563825
446, 33816.18841593699, 24459.28289063289, 33816.18841593699, 31191.082591125964, 24464.526100461077, 31191.082591125964
447, 33816.18841593699, 24459.28289063289, 33816.18841593699, 31240.263036136486, 24486.80828238829, 31240.263036136486
448, 33816.18841593699, 24459.28289063289, 33816.18841593699, 31207.729751366023, 24518.098821874137, 31207.729751366023
449, 33816.18841593699, 24459.28289063289, 33816.18841593699, 31199.595860319867, 24517.823750805022, 31199.595860319867
450, 33819.39466518439, 24517.227178372046, 33819.39466518439, 31250.866538823953, 24517.853010387753, 31250.866538823953
451, 33819.39466518439, 24517.227178372046, 33819.39466518439, 31240.593853503182, 24518.671767714604, 31240.593853503182
452, 33819.39466518439, 24517.227178372046, 33819.39466518439, 31205.612013533857, 24519.703351675915, 31205.612013533857
453, 33837.47504958119, 24377.251124484956, 33837.47504958119, 31224.009386278933, 24517.813471520625, 31224.009386278933
454, 33897.314080694356, 24452.53199435189, 33897.314080694356, 31235.45646150117, 24518.892615378358, 31235.45646150117
455, 33897.314080694356, 24452.53199435189, 33897.314080694356, 31236.969390066657, 24517.734504594537, 31236.969390066657
456, 33897.314080694356, 24452.53199435189, 33897.314080694356, 31233.642743962457, 24515.92028743624, 31233.642743962457
457, 33897.314080694356, 24452.53199435189, 33897.314080694356, 31242.54725597679, 24514.533948226777, 31242.54725597679
458, 33897.314080694356, 24452.53199435189, 33897.314080694356, 31226.40396650205, 24516.09029706208, 31226.40396650205
459, 33897.314080694356, 24452.53199435189, 33897.314080694356, 31233.806062294385, 24514.245784801467, 31233.806062294385
460, 33897.314080694356, 24452.53199435189, 33897.314080694356, 31247.542321256726, 24512.53760114399, 31247.542321256726
461, 33897.314080694356, 24452.53199435189, 33897.314080694356, 31251.356554331884, 24512.98885831064, 31251.356554331884
462, 33897.314080694356, 24452.53199435189, 33897.314080694356, 31280.124610960036, 24499.69809182467, 31280.124610960036
463, 33960.252089802845, 24482.232815558164, 33960.252089802845, 31235.57786615363, 24490.300620454764, 31235.57786615363
464, 33960.252089802845, 24482.232815558164, 33960.252089802845, 31260.78841417796, 24509.564499024258, 31260.78841417796
465, 33960.252089802845, 24482.232815558164, 33960.252089802845, 31334.80144221836, 24514.375469079645, 31334.80144221836
466, 33960.252089802845, 24482.232815558164, 33960.252089802845, 31277.034592599495, 24515.104214793708, 31277.034592599495
467, 33960.252089802845, 24482.232815558164, 33960.252089802845, 31292.465505654793, 24514.91885970267, 31292.465505654793
468, 33960.252089802845, 24482.232815558164, 33960.252089802845, 31311.744644875478, 24516.35101192868, 31311.744644875478
469, 33960.252089802845, 24482.232815558164, 33960.252089802845, 31258.39029623001, 24518.100904651084, 31258.39029623001
470, 33960.252089802845, 24482.232815558164, 33960.252089802845, 31283.16116171264, 24521.595260528815, 31283.16116171264
471, 33960.252089802845, 24482.232815558164, 33960.252089802845, 31299.005068191324, 24523.130176695475, 31299.005068191324
472, 33960.252089802845, 24482.232815558164, 33960.252089802845, 31299.398712773014, 24531.554344742726, 31299.398712773014
473, 33960.252089802845, 24482.232815558164, 33960.252089802845, 31306.71589300467, 24534.724319103156, 31306.71589300467
474, 33960.252089802845, 24482.232815558164, 33960.252089802845, 31298.150121156472, 24532.857338695816, 31298.150121156472
475, 33960.252089802845, 24482.232815558164, 33960.252089802845, 31296.61589206911, 24535.52630192867, 31296.61589206911
476, 33960.252089802845, 24482.232815558164, 33960.252089802845, 31334.46849325574, 24534.65554372231, 31334.46849325574
477, 33960.252089802845, 24482.232815558164, 33960.252089802845, 31307.823463253928, 24535.15137392991, 31307.823463253928
478, 33960.252089802845, 24482.232815558164, 33960.252089802845, 31329.87359403965, 24534.127696438954, 31329.87359403965
479, 33979.40226099745, 24501.421183687507, 33979.40226099745, 31327.814753332408, 24534.282428780458, 31327.814753332408
480, 33979.40226099745, 24501.421183687507, 33979.40226099745, 31319.40645553844, 24533.750892167773, 31319.40645553844
481, 33979.40226099745, 24501.421183687507, 33979.40226099745, 31301.145159271386, 24534.107853689395, 31301.145159271386
482, 33979.40226099745, 24501.421183687507, 33979.40226099745, 31314.764007051275, 24535.0181880498, 31314.764007051275
483, 33979.40226099745, 24501.421183687507, 33979.40226099745, 31313.744524932437, 24536.03150080175, 31313.744524932437
484, 33979.40226099745, 24501.421183687507, 33979.40226099745, 31328.618132495485, 24537.266523944018, 31328.618132495485
485, 33979.40226099745, 24501.421183687507, 33979.40226099745, 31322.6363278416, 24538.70922298101, 31322.6363278416
486, 33979.40226099745, 24501.421183687507, 33979.40226099745, 31351.69879393042, 24539.340997598763, 31351.69879393042
487, 33979.40226099745, 24501.421183687507, 33979.40226099745, 31332.217252161816, 24540.260166462922, 31332.217252161816
488, 33979.40226099745, 24501.421183687507, 33979.40226099745, 31358.42372316411, 24544.368035055577, 31358.42372316411
489, 33979.40226099745, 24501.421183687507, 33979.40226099745, 31288.33184995103, 24549.422835998343, 31288.33184995103
490, 33979.40226099745, 24501.421183687507, 33979.40226099745, 31315.705619236425, 24547.470140296435, 31315.705619236425
491, 33984.35369153952, 24413.50164451265, 33984.35369153952, 31332.25377789086, 24546.301674442282, 31332.25377789086
492, 33984.35369153952, 24413.50164451265, 33984.35369153952, 31276.77672683153, 24546.99701682073, 31276.77672683153
493, 33984.35369153952, 24413.50164451265, 33984.35369153952, 31341.36658900648, 24546.362089713293, 31341.36658900648
494, 33984.35369153952, 24413.50164451265, 33984.35369153952, 31306.046656776598, 24544.5108301762, 31306.046656776598
495, 33984.35369153952, 24413.50164451265, 33984.35369153952, 31309.098324284376, 24543.956178413133, 31309.098324284376
496, 34022.44230522139, 24404.248546462022, 34022.44230522139, 31387.72387989656, 24539.509662358556, 31387.72387989656
497, 34022.44230522139, 24404.248546462022, 34022.44230522139, 31359.369818390634, 24533.769112865022, 31359.369818390634
498, 34022.44230522139, 24404.248546462022, 34022.44230522139, 31348.16156357019, 24518.817099121694, 31348.16156357019
499, 34022.44230522139, 24404.248546462022, 34022.44230522139, 31324.60992742539, 24499.089121434758, 31324.60992742539
500, 34022.44230522139, 24404.248546462022, 34022.44230522139, 31302.957048585173, 24485.870673627127, 31302.957048585173
