1, 26620.347017657787, 24681.030578805094, 26620.347017657787, 25115.248911150833, 24657.200324235353, 25115.248911150833
2, 27027.58590979266, 24361.14028312707, 27027.58590979266, 22084.662623292, 24659.473865596694, 26059.204126690678
3, 27250.216878078885, 24375.57372175755, 27250.216878078885, 26208.750084440173, 24557.809162589485, 26507.459342453163
4, 27701.682792874173, 24675.65827962741, 27701.682792874173, 26999.633639998254, 24402.28518138131, 26999.633639998254
5, 27841.299119717787, 24605.278112598076, 27841.299119717787, 23382.694360879013, 24450.482398842938, 27322.76724978441
6, 27943.100871612318, 24635.06470935387, 27943.100871612318, 25070.686785497153, 24453.7378023623, 27503.358812960094
7, 28253.280317024786, 24624.42703654923, 28253.280317024786, 24164.809241151816, 24543.26315698228, 27683.239600331686
8, 28415.85920348541, 24661.197881232667, 28415.85920348541, 24922.056578408727, 24583.50005495984, 27855.714134135887
9, 28542.67228883648, 24601.608372827992, 28542.67228883648, 24782.415766342703, 24596.753704749186, 28045.41309617276
10, 28631.318040258448, 24687.5625582211, 28631.318040258448, 25890.684224416404, 24593.416058268005, 28227.638432404252
11, 28761.730710819815, 24435.01623393402, 28761.730710819815, 24623.12952251288, 24625.786963730534, 28384.14430624686
12, 28885.54999667382, 24629.318898118174, 28885.54999667382, 25651.78445108838, 24584.80124301299, 28475.07244995961
13, 29036.841099613834, 24664.818489111698, 29036.841099613834, 25447.89164901687, 24606.80138484929, 28607.61815449463
14, 29179.31933778599, 24630.85567651831, 29179.31933778599, 24126.57699577113, 24615.5244310827, 28732.76894916068
15, 29455.224764583272, 24652.913344201726, 29455.224764583272, 28576.13792147792, 24527.31378256453, 28896.649224122975
16, 29858.67551534331, 24549.055444084017, 29858.67551534331, 25915.624236191048, 24544.2963169977, 29133.40238815527
17, 29997.490542907057, 24566.64821996776, 29997.490542907057, 27048.12013115476, 24513.854693830755, 29325.56833421503
18, 29997.490542907057, 24566.64821996776, 29997.490542907057, 26606.321605845893, 24557.539173205696, 29545.98980383351
19, 30082.660219246693, 24622.333610498164, 30082.660219246693, 26300.466792647334, 24582.170138276662, 29734.35093322233
20, 30110.826604280137, 24612.109374743173, 30110.826604280137, 26388.85355667399, 24588.810385757934, 29837.089294338613
21, 30126.297453870604, 24688.68261857586, 30126.297453870604, 26282.905617738157, 24589.21107016626, 29892.099917656178
22, 30297.054411141442, 24600.322739678413, 30297.054411141442, 26685.94043495588, 24596.26368211328, 29991.409828727046
23, 30490.195505332165, 24627.73855573368, 30490.195505332165, 26909.070704706668, 24599.39950632231, 30048.894882605196
24, 30666.429814346564, 24618.812392016163, 30666.429814346564, 26825.270304469417, 24602.38317272237, 30152.284449925657
25, 30737.19159637967, 24680.81688755268, 30737.19159637967, 26926.48967095208, 24608.308128856395, 30271.307745483162
26, 30737.19159637967, 24680.81688755268, 30737.19159637967, 25533.530416376936, 24609.44943876019, 30390.937005968975
27, 30785.944185824424, 24649.75721170758, 30785.944185824424, 25777.711598760663, 24588.710590534378, 30467.23670224029
28, 30785.944185824424, 24649.75721170758, 30785.944185824424, 25328.30005734678, 24621.4700569222, 30519.687754754912
29, 30813.14592992122, 24622.56333022168, 30813.14592992122, 26561.75451928444, 24615.69698365424, 30592.404530957632
30, 30890.787584564197, 24496.096639292184, 30890.787584564197, 29479.275302893202, 24592.4400299062, 30652.53438187816
31, 30890.787584564197, 24496.096639292184, 30890.787584564197, 28510.276055124723, 24587.87130045635, 30696.755203626824
32, 30965.545305092863, 24363.597540312632, 30965.545305092863, 28382.497062220755, 24577.269881990273, 30739.814305994983
33, 31046.541464763668, 24495.43315058439, 31046.541464763668, 29935.012218484608, 24526.99651462862, 30777.341166906415
34, 31188.331178524433, 24612.989051779623, 31188.331178524433, 28639.467914491153, 24520.6792026696, 30830.4790386239
35, 31188.331178524433, 24612.989051779623, 31188.331178524433, 27337.498184539778, 24533.5358843722, 30898.41028696749
36, 31296.25912557877, 24664.464061323924, 31296.25912557877, 26199.882314385817, 24571.37407212814, 30953.93013349431
37, 31348.192859057654, 24545.23511584753, 31348.192859057654, 26070.79994733478, 24544.154748947924, 31015.31461439221
38, 31364.985690421563, 24643.409995102775, 31364.985690421563, 28498.96841544239, 24540.48994001888, 31054.536193450876
39, 31364.985690421563, 24643.409995102775, 31364.985690421563, 25320.337192260486, 24582.394740234427, 31138.721882273658
40, 31376.780080394437, 24563.63069225814, 31376.780080394437, 27759.056168151135, 24593.080000841295, 31175.833179492784
41, 31379.80690870763, 24663.48374128442, 31379.80690870763, 25924.716029549305, 24645.856772034807, 31215.538898656927
42, 31632.063594510146, 24583.90631938043, 31632.063594510146, 28021.167018284792, 24629.49269763843, 31272.632429051846
43, 31695.561582382878, 24483.997285371057, 31695.561582382878, 27884.383060878336, 24624.890428892584, 31330.398860515255
44, 31732.847659409614, 24598.87251688815, 31732.847659409614, 28962.593421940746, 24590.509908637425, 31375.33111458078
45, 31761.391176410463, 24610.353976554914, 31761.391176410463, 27977.608186445133, 24602.308661164614, 31429.005994178126
46, 31761.391176410463, 24610.353976554914, 31761.391176410463, 26658.924110169482, 24589.91362130037, 31495.310289144854
47, 31878.624656913293, 24574.56225745777, 31878.624656913293, 30169.84520852359, 24520.04657470378, 31554.9448989783
48, 31878.624656913293, 24574.56225745777, 31878.624656913293, 27804.140001022537, 24547.00526997728, 31625.111417108685
49, 31878.624656913293, 24574.56225745777, 31878.624656913293, 28015.161898568233, 24555.924162946554, 31656.92292772763
50, 31878.624656913293, 24574.56225745777, 31878.624656913293, 27524.583945415234, 24578.53768916063, 31685.872959467484
51, 31878.624656913293, 24574.56225745777, 31878.624656913293, 28242.80451988574, 24587.31219800174, 31710.97954548722
52, 31883.03307170544, 24567.547057734533, 31883.03307170544, 28603.440478356766, 24594.028902582002, 31727.606160173524
53, 31883.03307170544, 24567.547057734533, 31883.03307170544, 28614.069539430147, 24581.92819768768, 31726.407123037843
54, 31914.967720626566, 24674.735477095972, 31914.967720626566, 29151.552860939446, 24536.517135826107, 31756.782347628076
55, 31956.636293070424, 24505.473895197825, 31956.636293070424, 29531.72542155973, 24551.268541761776, 31796.019862635556
56, 32065.85855153981, 24586.961359473455, 32065.85855153981, 28857.877905909183, 24585.80465988835, 31815.230288163584
57, 32065.85855153981, 24586.961359473455, 32065.85855153981, 26963.67110205754, 24603.60257757581, 31847.7253592058
58, 32065.85855153981, 24586.961359473455, 32065.85855153981, 27678.687836237877, 24593.978275719364, 31863.561252847718
59, 32065.85855153981, 24586.961359473455, 32065.85855153981, 27349.933956272813, 24585.20580866476, 31886.585264889425
60, 32065.85855153981, 24586.961359473455, 32065.85855153981, 28412.70742251004, 24578.01485896132, 31903.557643958226
61, 32077.18628672216, 24626.771236615106, 32077.18628672216, 27908.455736847267, 24572.941672882895, 31922.521571400754
62, 32094.955895018564, 24584.303175263867, 32094.955895018564, 26715.83002282991, 24568.87626967708, 31949.847878750046
63, 32094.955895018564, 24584.303175263867, 32094.955895018564, 28312.920446208147, 24554.45594496084, 31982.74040598646
64, 32154.640422135828, 24586.73027144973, 32154.640422135828, 27452.36289546064, 24623.032156273268, 31990.685944407604
65, 32154.640422135828, 24586.73027144973, 32154.640422135828, 26936.53586542479, 24628.79742954435, 32008.32814348085
66, 32154.640422135828, 24586.73027144973, 32154.640422135828, 28338.79683710344, 24606.613346692477, 32002.288415261733
67, 32155.244294153817, 24612.179362549996, 32155.244294153817, 27466.855634987893, 24634.753913542907, 32013.514408109197
68, 32164.42979188757, 24538.23763168738, 32164.42979188757, 27298.33460695771, 24633.90597675153, 32021.697035517453
69, 32164.42979188757, 24538.23763168738, 32164.42979188757, 28005.741664759073, 24618.61191491439, 32021.36429804055
70, 32212.088690045908, 24534.206576751458, 32212.088690045908, 29248.08551223226, 24612.249775841527, 32045.81517112784
71, 32291.660144889986, 24570.332760907902, 32291.660144889986, 30315.170967237165, 24576.844116700184, 32065.681083511634
72, 32291.660144889986, 24570.332760907902, 32291.660144889986, 27524.97971896927, 24593.85382440007, 32087.97279027154
73, 32291.660144889986, 24570.332760907902, 32291.660144889986, 28594.266943545925, 24588.535431770302, 32110.312624261616
74, 32344.580809409057, 24551.890701139953, 32344.580809409057, 28434.410934506686, 24597.50877871878, 32123.63950901154
75, 32344.580809409057, 24551.890701139953, 32344.580809409057, 28103.118134838816, 24586.988387205583, 32153.17027530209
76, 32359.262564264594, 24671.61520465431, 32359.262564264594, 27072.781448893606, 24577.982358278226, 32170.611135396877
77, 32365.293431818896, 24643.10480510078, 32365.293431818896, 26740.268910409744, 24571.81359678484, 32198.322138104435
78, 32415.010477483065, 24464.94271573808, 32415.010477483065, 29766.087733310047, 24567.197791521725, 32228.875865806313
79, 32415.010477483065, 24464.94271573808, 32415.010477483065, 30678.611055935657, 24575.246390674663, 32262.01080677783
80, 32415.010477483065, 24464.94271573808, 32415.010477483065, 29624.159713752968, 24577.694097412386, 32266.682672400533
81, 32495.0729080898, 24387.256155150535, 32495.0729080898, 30345.286683905768, 24585.957141554307, 32287.58894606215
82, 32495.0729080898, 24387.256155150535, 32495.0729080898, 31414.03027123185, 24551.14926105593, 32297.328312711346
83, 32598.157600086342, 24439.34470509498, 32598.157600086342, 30909.31292765607, 24548.848036661242, 32321.10150854339
84, 32598.157600086342, 24439.34470509498, 32598.157600086342, 29874.29599462889, 24571.893995945393, 32356.799172838655
85, 32598.157600086342, 24439.34470509498, 32598.157600086342, 29889.91859348259, 24537.853609249938, 32365.024298739925
86, 32627.477430177823, 24359.7724069587, 32627.477430177823, 30809.07193775849, 24494.799365571384, 32404.998042369665
87, 32644.37559259364, 24463.6843843343, 32644.37559259364, 31896.112495731973, 24482.945054685686, 32428.189838042632
88, 32644.37559259364, 24463.6843843343, 32644.37559259364, 30850.90012439389, 24513.145959682297, 32445.836200343034
89, 32731.379102392217, 24503.56958632727, 32731.379102392217, 30166.917913411406, 24513.05504331179, 32477.369071396042
90, 32731.379102392217, 24503.56958632727, 32731.379102392217, 29131.178384744097, 24549.415101438626, 32507.56994502777
91, 32731.379102392217, 24503.56958632727, 32731.379102392217, 29692.965794916, 24500.92755954709, 32538.555947350455
92, 32731.379102392217, 24503.56958632727, 32731.379102392217, 30249.307887554907, 24499.537308977706, 32558.55379847377
93, 32731.379102392217, 24503.56958632727, 32731.379102392217, 29559.51111852936, 24495.40184061248, 32579.25068254226
94, 32747.825342235006, 24457.30716786869, 32747.825342235006, 29928.8026438834, 24514.044936476304, 32598.364939679406
95, 32747.825342235006, 24457.30716786869, 32747.825342235006, 30131.778057005467, 24521.843187890492, 32624.406012618187
96, 32836.82562364058, 24385.060544672335, 32836.82562364058, 30139.02826647652, 24519.186615810653, 32629.715291922344
97, 32836.82562364058, 24385.060544672335, 32836.82562364058, 30873.979111588866, 24508.27603564472, 32658.40576772836
98, 32836.82562364058, 24385.060544672335, 32836.82562364058, 31067.391535523777, 24552.943249722644, 32670.54730144113
99, 32836.82562364058, 24385.060544672335, 32836.82562364058, 31955.280026506694, 24526.338591804513, 32666.607892499054
100, 32887.490257943966, 24488.692804589693, 32887.490257943966, 30382.12859319933, 24549.98624362072, 32701.809604105758
101, 32887.490257943966, 24488.692804589693, 32887.490257943966, 29500.690748812554, 24553.445817200616, 32718.174179798807
102, 32887.490257943966, 24488.692804589693, 32887.490257943966, 30580.19443098332, 24551.44599910979, 32729.556062370186
103, 32927.77119889547, 24603.713132830904, 32927.77119889547, 29519.55173016897, 24526.540596066738, 32729.816842154312
104, 32927.77119889547, 24603.713132830904, 32927.77119889547, 28637.153248804505, 24538.236895410057, 32750.639918415993
105, 32930.68430717, 24528.51684335162, 32930.68430717, 28648.524051992474, 24525.123949146197, 32759.67799032113
106, 32930.68430717, 24528.51684335162, 32930.68430717, 29023.293778984804, 24529.03904174616, 32781.586052484796
107, 32930.68430717, 24528.51684335162, 32930.68430717, 29566.510671242886, 24550.108011500743, 32790.228581202675
108, 32930.68430717, 24528.51684335162, 32930.68430717, 29580.15603464786, 24592.659030949442, 32799.09329912859
109, 32930.68430717, 24528.51684335162, 32930.68430717, 29415.63012200887, 24564.49423531609, 32811.69878035313
110, 32930.68430717, 24528.51684335162, 32930.68430717, 29245.6668499992, 24553.093561547394, 32831.23044358903
111, 32965.57741526014, 24660.063315202493, 32965.57741526014, 28716.98505333933, 24583.376247922, 32833.441839398045
112, 32965.57741526014, 24660.063315202493, 32965.57741526014, 28012.077548829424, 24625.382268754944, 32853.44937677547
113, 32965.57741526014, 24660.063315202493, 32965.57741526014, 27477.050064108862, 24630.468433236565, 32854.37538186664
114, 32965.57741526014, 24660.063315202493, 32965.57741526014, 27121.122081219557, 24634.81650656672, 32850.58071730716
115, 32965.57741526014, 24660.063315202493, 32965.57741526014, 26945.785556282823, 24617.18979031644, 32854.81032414004
116, 32965.57741526014, 24660.063315202493, 32965.57741526014, 27304.927272934186, 24600.07561507344, 32861.175644384784
117, 32965.57741526014, 24660.063315202493, 32965.57741526014, 27304.022026575236, 24595.691163986296, 32860.020403396076
118, 32967.42094878367, 24677.456940490785, 32967.42094878367, 27301.461279832012, 24590.319118992426, 32846.52175091565
119, 32967.42094878367, 24677.456940490785, 32967.42094878367, 26767.690041063935, 24604.7946190294, 32861.528181053276
120, 32996.71578898241, 24670.743545320445, 32996.71578898241, 26953.821323569347, 24609.000235762116, 32862.18043712953
121, 33129.80170952378, 24599.995914696967, 33129.80170952378, 28574.392950345067, 24595.480523266506, 32896.94845774303
122, 33129.80170952378, 24599.995914696967, 33129.80170952378, 28952.782517032538, 24608.443018437705, 32907.45451885626
123, 33129.80170952378, 24599.995914696967, 33129.80170952378, 28587.890818920587, 24629.801079550427, 32908.71509365025
124, 33129.80170952378, 24599.995914696967, 33129.80170952378, 28611.54904956827, 24664.35279459643, 32933.54901579696
125, 33155.79893883078, 24635.979981904333, 33155.79893883078, 28085.609085264565, 24663.094086038793, 32945.11599741056
126, 33155.79893883078, 24635.979981904333, 33155.79893883078, 27559.883783886515, 24659.815886648306, 32966.05137083196
127, 33155.79893883078, 24635.979981904333, 33155.79893883078, 27940.574140111756, 24641.73388983648, 32972.89684858647
128, 33155.79893883078, 24635.979981904333, 33155.79893883078, 27418.27862710377, 24641.810432774673, 33011.23724372923
129, 33155.79893883078, 24635.979981904333, 33155.79893883078, 27801.149605173432, 24653.066089198343, 33022.33529601758
130, 33155.79893883078, 24635.979981904333, 33155.79893883078, 28179.127281938505, 24652.402973660075, 33039.88882575704
131, 33155.79893883078, 24635.979981904333, 33155.79893883078, 27823.399817323178, 24636.89197910567, 33044.70316076621
132, 33155.79893883078, 24635.979981904333, 33155.79893883078, 28002.83516319707, 24638.59916715203, 33045.80038050306
133, 33155.79893883078, 24635.979981904333, 33155.79893883078, 27828.976271506126, 24638.04988948252, 33047.08103829992
134, 33155.79893883078, 24635.979981904333, 33155.79893883078, 27471.27908523848, 24644.97295432621, 33050.71781845737
135, 33155.79893883078, 24635.979981904333, 33155.79893883078, 27288.339913548476, 24651.554943730236, 33053.06288124132
136, 33155.79893883078, 24635.979981904333, 33155.79893883078, 26928.13271753937, 24650.829768792322, 33054.133331101155
137, 33155.79893883078, 24635.979981904333, 33155.79893883078, 28014.08728899617, 24647.427916320987, 33061.673640329
138, 33155.79893883078, 24635.979981904333, 33155.79893883078, 28013.54920734864, 24651.47967850838, 33056.11353145545
139, 33155.79893883078, 24635.979981904333, 33155.79893883078, 28019.745341299982, 24654.957235006732, 33065.59940433086
140, 33175.629862730304, 24662.87248590391, 33175.629862730304, 26040.40000536158, 24683.068099811575, 33069.48162433297
141, 33175.629862730304, 24662.87248590391, 33175.629862730304, 27483.612383822838, 24669.37034479568, 33075.37393548984
142, 33301.174455207336, 24514.35713233281, 33301.174455207336, 27492.651156626973, 24673.81652519493, 33071.830766508116
143, 33301.174455207336, 24514.35713233281, 33301.174455207336, 30569.636970647745, 24641.694912354043, 33098.15573498928
144, 33382.38416033781, 24658.39272845015, 33382.38416033781, 30395.29882552575, 24631.35859501138, 33109.04456699242
145, 33382.38416033781, 24658.39272845015, 33382.38416033781, 27324.79013107996, 24664.715198430633, 33128.601755196636
146, 33512.782561824155, 24669.15011045921, 33512.782561824155, 27874.594551443603, 24658.910652884282, 33135.70273656543
147, 33512.782561824155, 24669.15011045921, 33512.782561824155, 27168.235181276752, 24660.653113848155, 33178.35047963853
148, 33512.782561824155, 24669.15011045921, 33512.782561824155, 26272.628421336576, 24646.72209725488, 33193.30007315241
149, 33512.782561824155, 24669.15011045921, 33512.782561824155, 26655.219740853885, 24633.965452848595, 33202.56106774403
150, 33512.782561824155, 24669.15011045921, 33512.782561824155, 26875.863393317886, 24620.798093574263, 33236.17644322658
151, 33512.782561824155, 24669.15011045921, 33512.782561824155, 27637.16625203965, 24627.659025119065, 33271.3072690764
152, 33512.782561824155, 24669.15011045921, 33512.782561824155, 26934.13329079195, 24650.261726701065, 33305.95697109469
153, 33512.782561824155, 24669.15011045921, 33512.782561824155, 26781.415691008606, 24696.672510131877, 33325.18556893883
154, 33512.782561824155, 24669.15011045921, 33512.782561824155, 27343.828442925635, 24694.405123651923, 33357.09265524931
155, 33512.782561824155, 24669.15011045921, 33512.782561824155, 26810.134771048833, 24696.685401463772, 33373.21830256269
156, 33533.387286532285, 24584.986756678576, 33533.387286532285, 28480.351542109376, 24676.09111056434, 33390.6681783036
157, 33533.387286532285, 24584.986756678576, 33533.387286532285, 29417.293316930372, 24671.05408136231, 33425.6769088132
158, 33533.387286532285, 24584.986756678576, 33533.387286532285, 28506.93413818565, 24689.712719547246, 33419.7312647757
159, 33533.387286532285, 24584.986756678576, 33533.387286532285, 28876.796750157162, 24683.645157519233, 33422.6419256332
160, 33616.613037697156, 24669.275649158728, 33616.613037697156, 27059.548951950772, 24709.47952872597, 33444.357041358046
161, 33616.613037697156, 24669.275649158728, 33616.613037697156, 28701.000443839202, 24689.650509885705, 33445.315054728555
162, 33616.613037697156, 24669.275649158728, 33616.613037697156, 26698.39445148094, 24707.804706688068, 33453.23499088423
163, 33616.613037697156, 24669.275649158728, 33616.613037697156, 27068.108257151925, 24704.428419480933, 33447.02764701018
164, 33802.81148593498, 24670.989349929267, 33802.81148593498, 26702.618207550164, 24710.368008180118, 33453.206126249934
165, 33802.81148593498, 24670.989349929267, 33802.81148593498, 26719.081092189448, 24711.728669385266, 33509.89377903399
166, 33802.81148593498, 24670.989349929267, 33802.81148593498, 27826.325293460068, 24686.21784461043, 33510.3464597217
167, 33802.81148593498, 24670.989349929267, 33802.81148593498, 26937.529891181963, 24688.87922737739, 33534.43939052278
168, 33802.81148593498, 24670.989349929267, 33802.81148593498, 27324.08405409824, 24686.56940431844, 33561.993015955355
169, 33802.81148593498, 24670.989349929267, 33802.81148593498, 26781.29599273499, 24710.458115352772, 33574.40169998355
170, 33802.81148593498, 24670.989349929267, 33802.81148593498, 27338.804565858558, 24703.043747538777, 33574.022271334376
171, 33802.81148593498, 24670.989349929267, 33802.81148593498, 27529.488012188995, 24698.719973330848, 33582.56291712393
172, 33802.81148593498, 24670.989349929267, 33802.81148593498, 27170.655632376885, 24702.165266531385, 33588.12912236935
173, 33802.81148593498, 24670.989349929267, 33802.81148593498, 27004.21550968302, 24681.693081426787, 33601.20374904816
174, 33802.81148593498, 24670.989349929267, 33802.81148593498, 27580.75490508697, 24661.794765500388, 33639.74527761439
175, 33802.81148593498, 24670.989349929267, 33802.81148593498, 28894.05018330133, 24637.50013060225, 33666.1336780829
176, 33802.81148593498, 24670.989349929267, 33802.81148593498, 27804.51331698699, 24655.67031969738, 33679.14533465583
177, 33802.81148593498, 24670.989349929267, 33802.81148593498, 27439.17595879735, 24645.190671113083, 33681.094598951604
178, 33802.81148593498, 24670.989349929267, 33802.81148593498, 28188.33842085854, 24669.19193757832, 33692.6411206935
179, 33802.81148593498, 24670.989349929267, 33802.81148593498, 27833.256807880523, 24700.682021174114, 33707.0184454755
180, 33802.81148593498, 24670.989349929267, 33802.81148593498, 27466.422100207852, 24711.23139726428, 33701.477029898524
181, 33802.81148593498, 24670.989349929267, 33802.81148593498, 27839.644862357334, 24700.23285733328, 33710.29730283187
182, 33802.81148593498, 24670.989349929267, 33802.81148593498, 26920.90595982564, 24719.729988537238, 33707.95856242001
183, 33802.81148593498, 24670.989349929267, 33802.81148593498, 26738.097708467445, 24713.888312491737, 33703.71477495437
184, 33802.81148593498, 24670.989349929267, 33802.81148593498, 27839.783394736744, 24706.70187820984, 33712.819543278565
185, 33802.81148593498, 24670.989349929267, 33802.81148593498, 28018.546508608822, 24697.203917974355, 33714.739785301055
186, 33802.81148593498, 24670.989349929267, 33802.81148593498, 27105.226294735123, 24712.07111545671, 33704.64101571113
187, 33802.81148593498, 24670.989349929267, 33802.81148593498, 27842.746778460976, 24711.261781296023, 33711.59944680413
188, 33802.81148593498, 24670.989349929267, 33802.81148593498, 27831.00886458564, 24711.732336002577, 33699.81276582205
189, 33802.81148593498, 24670.989349929267, 33802.81148593498, 27471.588397341515, 24700.45432408061, 33710.42153506558
190, 33855.05802143547, 24462.4932805617, 33855.05802143547, 27837.422677019724, 24698.111394748455, 33705.804030408064
191, 33855.05802143547, 24462.4932805617, 33855.05802143547, 31520.172414560373, 24661.137473974806, 33719.87296067662
192, 33855.05802143547, 24462.4932805617, 33855.05802143547, 30787.06168025279, 24665.77402159526, 33728.615277088895
193, 33903.827752115474, 24451.155185583855, 33903.827752115474, 30967.384797658015, 24651.06250873294, 33715.489812281165
194, 33903.827752115474, 24451.155185583855, 33903.827752115474, 31164.008747616484, 24652.865461256155, 33741.65906717336
195, 33903.827752115474, 24451.155185583855, 33903.827752115474, 30789.128830933478, 24644.705213088735, 33739.70686333565
196, 33903.827752115474, 24451.155185583855, 33903.827752115474, 30785.654335481693, 24642.151724538235, 33731.982680830784
197, 33903.827752115474, 24451.155185583855, 33903.827752115474, 31533.29998173317, 24619.334363589503, 33738.302291472624
198, 33903.827752115474, 24451.155185583855, 33903.827752115474, 31168.32921411555, 24601.01697750464, 33748.45886975624
199, 33903.827752115474, 24451.155185583855, 33903.827752115474, 31182.958773261667, 24563.32995796419, 33760.62713396958
200, 33905.00637069094, 24632.872390595287, 33905.00637069094, 31379.050573263856, 24519.29327261838, 33767.014200571364
201, 33905.00637069094, 24632.872390595287, 33905.00637069094, 28816.665001524056, 24534.94650290341, 33788.0406613109
202, 33905.00637069094, 24632.872390595287, 33905.00637069094, 28456.17564879519, 24538.801941036058, 33790.8059268017
203, 33905.00637069094, 24632.872390595287, 33905.00637069094, 28090.843431071266, 24544.95531830918, 33792.73619105107
204, 33936.04157519681, 24464.06449941296, 33936.04157519681, 30498.577372766154, 24509.772226708308, 33810.81641747324
205, 33936.04157519681, 24464.06449941296, 33936.04157519681, 30498.667191626137, 24512.503316595165, 33813.29428954948
206, 33936.04157519681, 24464.06449941296, 33936.04157519681, 31055.54216410849, 24508.111338970215, 33820.83958141947
207, 33936.04157519681, 24464.06449941296, 33936.04157519681, 30868.240698958063, 24520.37835403154, 33820.16014466863
208, 33936.04157519681, 24464.06449941296, 33936.04157519681, 30132.40274981831, 24544.42340510665, 33811.78811888093
209, 33936.04157519681, 24464.06449941296, 33936.04157519681, 30869.566593601838, 24567.96155253185, 33816.28831108731
210, 33936.04157519681, 24464.06449941296, 33936.04157519681, 31247.936135984517, 24599.87152863615, 33829.92033766933
211, 33960.331092465465, 24453.78844576785, 33960.331092465465, 30322.769172589095, 24615.527759470686, 33824.45762347622
212, 33960.331092465465, 24453.78844576785, 33960.331092465465, 31067.63331421364, 24613.320665377058, 33825.79530488671
213, 33960.331092465465, 24453.78844576785, 33960.331092465465, 31795.41426264415, 24601.384992880834, 33818.65800136457
214, 33960.331092465465, 24453.78844576785, 33960.331092465465, 31983.267166781217, 24580.65065841604, 33827.73632936101
215, 33960.331092465465, 24453.78844576785, 33960.331092465465, 31071.51403278197, 24555.612613274967, 33826.609485420835
216, 33960.331092465465, 24453.78844576785, 33960.331092465465, 30900.126570198423, 24512.67502107104, 33844.7073496785
217, 33960.331092465465, 24453.78844576785, 33960.331092465465, 31455.181911178825, 24499.421280769042, 33837.460118463445
218, 33960.331092465465, 24453.78844576785, 33960.331092465465, 31085.045052900663, 24497.832911087058, 33857.306930348
219, 33960.331092465465, 24453.78844576785, 33960.331092465465, 30904.32420143844, 24489.675171393614, 33847.06772700281
220, 33960.331092465465, 24453.78844576785, 33960.331092465465, 30170.279967431095, 24510.813279540693, 33855.919941451735
221, 33960.331092465465, 24453.78844576785, 33960.331092465465, 31277.570386675026, 24501.284210194604, 33852.58424761681
222, 33999.47751937805, 24583.841936406756, 33999.47751937805, 31288.975090130494, 24495.790334290534, 33867.04681537661
223, 33999.47751937805, 24583.841936406756, 33999.47751937805, 29634.7327396153, 24517.94296288338, 33876.89288114796
224, 33999.47751937805, 24583.841936406756, 33999.47751937805, 30178.098236325917, 24512.666043130565, 33861.485060653875
225, 33999.47751937805, 24583.841936406756, 33999.47751937805, 29636.970049476313, 24521.60282718994, 33882.8095786315
226, 33999.47751937805, 24583.841936406756, 33999.47751937805, 28525.093862606438, 24517.77048974341, 33878.98163332504
227, 33999.47751937805, 24583.841936406756, 33999.47751937805, 29633.07738187811, 24517.22969500961, 33875.63562815045
228, 34017.322399870805, 24555.719745430433, 34017.322399870805, 29816.348977448466, 24516.713279506923, 33879.23156503469
229, 34017.322399870805, 24555.719745430433, 34017.322399870805, 29259.8776010767, 24529.765953306887, 33871.464451827975
230, 34017.322399870805, 24555.719745430433, 34017.322399870805, 29828.429597109945, 24539.04518920767, 33885.62851231846
231, 34017.322399870805, 24555.719745430433, 34017.322399870805, 29640.581462957354, 24555.64824173687, 33880.66544871895
232, 34067.24430809074, 24541.340041181254, 34067.24430809074, 28726.820595034715, 24579.401293651114, 33901.98651776981
233, 34067.24430809074, 24541.340041181254, 34067.24430809074, 30029.729237503183, 24595.36465260474, 33908.3506702963
234, 34067.24430809074, 24541.340041181254, 34067.24430809074, 30030.938138262016, 24622.691053827322, 33917.29024146458
235, 34067.24430809074, 24541.340041181254, 34067.24430809074, 29477.45432017567, 24623.005762072076, 33910.25748417072
236, 34067.24430809074, 24541.340041181254, 34067.24430809074, 28932.655621741735, 24616.77641247125, 33923.89365784528
237, 34067.24430809074, 24541.340041181254, 34067.24430809074, 30602.657900386603, 24603.907130248856, 33928.96938580755
238, 34067.24430809074, 24541.340041181254, 34067.24430809074, 30414.91769511196, 24597.12671520498, 33923.74911451489
239, 34067.24430809074, 24541.340041181254, 34067.24430809074, 28573.738192166555, 24594.96801408911, 33933.14054665548
240, 34067.24430809074, 24541.340041181254, 34067.24430809074, 30243.003790963445, 24581.102496226307, 33937.800864069504
241, 34067.24430809074, 24541.340041181254, 34067.24430809074, 30252.65452211519, 24577.968966377008, 33948.09429679727
242, 34067.24430809074, 24541.340041181254, 34067.24430809074, 29144.5967253406, 24587.576079634775, 33939.79535126901
243, 34067.24430809074, 24541.340041181254, 34067.24430809074, 28970.732014311518, 24593.481837654577, 33960.21054717164
244, 34109.70143444172, 24430.229669786735, 34109.70143444172, 31194.69107172453, 24556.023162768975, 33969.83227008025
245, 34109.70143444172, 24430.229669786735, 34109.70143444172, 31748.400954730143, 24551.241768226013, 33960.759998910195
246, 34109.70143444172, 24430.229669786735, 34109.70143444172, 32686.60606899563, 24547.23132986112, 33979.58830706715
247, 34109.70143444172, 24430.229669786735, 34109.70143444172, 32308.134292327773, 24544.88413627416, 33969.82600846703
248, 34109.70143444172, 24430.229669786735, 34109.70143444172, 31024.84917765594, 24559.122763450614, 33986.53384850814
249, 34109.70143444172, 24430.229669786735, 34109.70143444172, 32135.62896353794, 24545.5348300752, 33983.00079105954
250, 34155.188435535216, 24573.327106724537, 34155.188435535216, 31573.62877129639, 24550.697587572162, 33983.01288915283
251, 34155.188435535216, 24573.327106724537, 34155.188435535216, 28985.500473316108, 24580.849793278307, 33987.07927252401
252, 34155.188435535216, 24573.327106724537, 34155.188435535216, 30105.393054404023, 24566.297182897983, 33996.71868594812
253, 34155.188435535216, 24573.327106724537, 34155.188435535216, 29371.04313890952, 24558.015132518685, 34005.33121233775
254, 34155.188435535216, 24573.327106724537, 34155.188435535216, 28268.03468826228, 24548.44585724021, 34005.30310448202
255, 34155.188435535216, 24573.327106724537, 34155.188435535216, 29947.25839592817, 24511.44184867109, 34027.253639726834
256, 34155.188435535216, 24573.327106724537, 34155.188435535216, 29762.900577633176, 24500.69096432006, 34029.56388567376
257, 34155.188435535216, 24573.327106724537, 34155.188435535216, 29581.522096511602, 24511.329196616567, 34031.00868911091
258, 34155.188435535216, 24573.327106724537, 34155.188435535216, 29576.966899498995, 24518.420036796753, 34027.37497941766
259, 34155.188435535216, 24573.327106724537, 34155.188435535216, 29214.06302227912, 24536.956557973543, 34026.97297141312
260, 34155.188435535216, 24573.327106724537, 34155.188435535216, 29589.810574169576, 24554.707220847802, 34035.589605754925
261, 34155.188435535216, 24573.327106724537, 34155.188435535216, 28305.891294103345, 24596.15984241077, 34041.574411161324
262, 34155.188435535216, 24573.327106724537, 34155.188435535216, 29610.218891240944, 24605.203830569124, 34059.10265340979
263, 34155.188435535216, 24573.327106724537, 34155.188435535216, 28867.515841002274, 24605.300299360188, 34059.24700852264
264, 34155.188435535216, 24573.327106724537, 34155.188435535216, 29236.74754770466, 24605.762431878946, 34055.47615198136
265, 34155.188435535216, 24573.327106724537, 34155.188435535216, 30717.084721674466, 24602.576536425808, 34044.43066478115
266, 34183.16628982363, 24678.66816758917, 34183.16628982363, 28684.795115386867, 24616.346092328615, 34054.606299977226
267, 34183.16628982363, 24678.66816758917, 34183.16628982363, 28304.510311141898, 24636.11178052043, 34049.401964050754
268, 34183.16628982363, 24678.66816758917, 34183.16628982363, 27942.7947980865, 24632.055096269072, 34059.13004310464
269, 34183.16628982363, 24678.66816758917, 34183.16628982363, 28132.5114808444, 24633.066310961152, 34078.15628602649
270, 34183.16628982363, 24678.66816758917, 34183.16628982363, 28132.724991298644, 24634.0821562717, 34057.832613617036
271, 34183.16628982363, 24678.66816758917, 34183.16628982363, 27571.918843573894, 24642.333507743944, 34068.70702007237
272, 34183.16628982363, 24678.66816758917, 34183.16628982363, 27022.153617609027, 24652.262798504606, 34073.45646061612
273, 34183.16628982363, 24678.66816758917, 34183.16628982363, 28126.266964652867, 24655.04689657274, 34070.41234786877
274, 34183.16628982363, 24678.66816758917, 34183.16628982363, 28141.955423511776, 24679.19042425366, 34065.519173214765
275, 34183.16628982363, 24678.66816758917, 34183.16628982363, 27402.2740966806, 24696.74699725451, 34083.16058341252
276, 34183.16628982363, 24678.66816758917, 34183.16628982363, 27961.719711981903, 24713.742798192012, 34075.05488631982
277, 34183.16628982363, 24678.66816758917, 34183.16628982363, 27407.85815819318, 24719.081192690453, 34080.62662240371
278, 34183.16628982363, 24678.66816758917, 34183.16628982363, 28147.137544920908, 24711.922227336538, 34083.15176342984
279, 34183.16628982363, 24678.66816758917, 34183.16628982363, 27961.198743166922, 24711.18399644882, 34089.192283043056
280, 34183.16628982363, 24678.66816758917, 34183.16628982363, 27778.653839585688, 24718.53741909451, 34079.91011402585
281, 34183.16628982363, 24678.66816758917, 34183.16628982363, 27777.624759467657, 24722.92942666123, 34082.16683014426
282, 34183.16628982363, 24678.66816758917, 34183.16628982363, 28145.27322353204, 24703.921987260554, 34081.973322364196
283, 34183.16628982363, 24678.66816758917, 34183.16628982363, 27597.597870316342, 24718.872949618784, 34088.182536670225
284, 34183.16628982363, 24678.66816758917, 34183.16628982363, 28149.51028536604, 24710.252341611136, 34085.795174344385
285, 34220.3922096177, 24383.53218823574, 34220.3922096177, 32052.782166418692, 24661.453368299775, 34091.64127072297
286, 34220.3922096177, 24383.53218823574, 34220.3922096177, 32422.930545195864, 24645.830280324295, 34093.24316117467
287, 34220.3922096177, 24383.53218823574, 34220.3922096177, 31682.024999695852, 24652.877606690763, 34091.24700543735
288, 34220.3922096177, 24383.53218823574, 34220.3922096177, 31306.57180119252, 24656.614840937025, 34091.88583106946
289, 34220.3922096177, 24383.53218823574, 34220.3922096177, 33163.05392670079, 24644.16223543876, 34093.92380554656
290, 34352.02714355339, 24637.441252442608, 34352.02714355339, 32048.034969157325, 24644.46166336564, 34086.44922175906
291, 34352.02714355339, 24637.441252442608, 34352.02714355339, 28350.56469950859, 24699.071496364577, 34131.68706492748
292, 34352.02714355339, 24637.441252442608, 34352.02714355339, 28713.864458665226, 24693.373042660933, 34108.65765021556
293, 34352.02714355339, 24637.441252442608, 34352.02714355339, 27785.661062744457, 24690.421981963416, 34125.47793410852
294, 34352.02714355339, 24637.441252442608, 34352.02714355339, 28351.407221798763, 24656.88243981087, 34121.455632138626
295, 34352.02714355339, 24637.441252442608, 34352.02714355339, 28728.976343771996, 24636.441831243512, 34136.105616396475
296, 34352.02714355339, 24637.441252442608, 34352.02714355339, 28544.97644478083, 24605.020022335815, 34135.61787556729
297, 34352.02714355339, 24637.441252442608, 34352.02714355339, 28378.73524181594, 24557.336156110545, 34158.57997332881
298, 34352.02714355339, 24637.441252442608, 34352.02714355339, 28020.36182082476, 24527.886337405234, 34172.46839128276
299, 34352.02714355339, 24637.441252442608, 34352.02714355339, 27667.942813417973, 24569.31563583954, 34194.354423621335
300, 34352.02714355339, 24637.441252442608, 34352.02714355339, 27871.495879317787, 24624.750940245074, 34206.61966403262
301, 34373.92826230476, 24687.464639392987, 34373.92826230476, 28466.367727225774, 24668.374736202342, 34242.01373635994
302, 34373.92826230476, 24687.464639392987, 34373.92826230476, 27916.66779467504, 24684.906867502195, 34257.729414453286
303, 34373.92826230476, 24687.464639392987, 34373.92826230476, 27542.216492591415, 24689.609518144218, 34246.479028419184
304, 34440.91428663359, 24520.753151713303, 34440.91428663359, 31289.85409155244, 24644.77266594351, 34276.385160753394
305, 34440.91428663359, 24520.753151713303, 34440.91428663359, 30728.38043865038, 24645.663887218157, 34273.748933059695
306, 34440.91428663359, 24520.753151713303, 34440.91428663359, 30349.65985995083, 24656.980617392976, 34265.514539469186
307, 34440.91428663359, 24520.753151713303, 34440.91428663359, 30733.980658747983, 24647.85833391175, 34290.384923730504
308, 34440.91428663359, 24520.753151713303, 34440.91428663359, 29610.972207415, 24663.929545347255, 34282.30552010536
309, 34440.91428663359, 24520.753151713303, 34440.91428663359, 30550.572180408984, 24651.306685295065, 34287.18113420455
310, 34440.91428663359, 24520.753151713303, 34440.91428663359, 30933.473252469383, 24660.930177109905, 34294.555480550225
311, 34440.91428663359, 24520.753151713303, 34440.91428663359, 30568.240519113835, 24660.103028357884, 34289.35256343699
312, 34440.91428663359, 24520.753151713303, 34440.91428663359, 30949.60141529382, 24629.555332992222, 34308.325262808794
313, 34440.91428663359, 24520.753151713303, 34440.91428663359, 30583.37996006631, 24603.79878395255, 34321.01449031162
314, 34569.92088781943, 24453.1303175734, 34569.92088781943, 30408.568624587464, 24585.14877848851, 34334.97038010769
315, 34569.92088781943, 24453.1303175734, 34569.92088781943, 32303.896752578865, 24541.9707860811, 34366.80901119861
316, 34569.92088781943, 24453.1303175734, 34569.92088781943, 31740.27143862485, 24541.876236725457, 34361.55027820287
317, 34569.92088781943, 24453.1303175734, 34569.92088781943, 31175.583916275395, 24545.510316728767, 34357.325544040505
318, 34569.92088781943, 24453.1303175734, 34569.92088781943, 31551.036652356248, 24535.196028580496, 34364.309673135445
319, 34569.92088781943, 24453.1303175734, 34569.92088781943, 31746.56282298575, 24544.38301301034, 34367.590629321545
320, 34569.92088781943, 24453.1303175734, 34569.92088781943, 31183.674865233977, 24546.138258286453, 34363.5556413192
321, 34569.92088781943, 24453.1303175734, 34569.92088781943, 32116.206598964032, 24548.605734025503, 34363.20474581489
322, 34569.92088781943, 24453.1303175734, 34569.92088781943, 32325.072656326385, 24544.062704395947, 34388.78560819183
323, 34569.92088781943, 24453.1303175734, 34569.92088781943, 31948.500361839157, 24552.133274340318, 34389.919804117315
324, 34569.92088781943, 24453.1303175734, 34569.92088781943, 31780.963427202812, 24538.64864333588, 34401.579532881864
325, 34569.92088781943, 24453.1303175734, 34569.92088781943, 31982.963354312717, 24527.748646057975, 34419.01551169854
326, 34569.92088781943, 24453.1303175734, 34569.92088781943, 32394.434346061447, 24486.305873580273, 34450.651187345306
327, 34569.92088781943, 24453.1303175734, 34569.92088781943, 32403.02256251058, 24482.945294488774, 34463.916758158026
328, 34569.92088781943, 24453.1303175734, 34569.92088781943, 31280.98594331286, 24500.187415452678, 34458.22641938366
329, 34595.17061327021, 24607.929032240503, 34595.17061327021, 32398.781209468038, 24488.815740754817, 34453.81854930468
330, 34595.17061327021, 24607.929032240503, 34595.17061327021, 28842.84922318648, 24528.55764909535, 34474.805055699275
331, 34595.17061327021, 24607.929032240503, 34595.17061327021, 29598.777228553052, 24529.84408474613, 34474.24663298268
332, 34595.17061327021, 24607.929032240503, 34595.17061327021, 29778.854031805444, 24525.354463713422, 34460.866032474645
333, 34595.17061327021, 24607.929032240503, 34595.17061327021, 29222.26687296749, 24532.733620047395, 34473.98528204254
334, 34595.17061327021, 24607.929032240503, 34595.17061327021, 30348.752628636557, 24537.735118510558, 34475.03977916828
335, 34595.17061327021, 24607.929032240503, 34595.17061327021, 29228.662882625238, 24564.857638908925, 34482.167122168736
336, 34665.45539232027, 24671.78834266768, 34665.45539232027, 27538.874978407515, 24601.94627327827, 34485.015732847096
337, 34665.45539232027, 24671.78834266768, 34665.45539232027, 27552.93858728822, 24652.84335227106, 34485.83727774422
338, 34665.45539232027, 24671.78834266768, 34665.45539232027, 29246.006020671524, 24648.594771037744, 34509.62002848723
339, 34665.45539232027, 24671.78834266768, 34665.45539232027, 27930.50051455868, 24659.957418170758, 34503.417152023074
340, 34665.45539232027, 24671.78834266768, 34665.45539232027, 28493.055890886615, 24661.11999858913, 34513.5547566773
341, 34665.45539232027, 24671.78834266768, 34665.45539232027, 28123.5783507644, 24663.770713662354, 34515.984874294336
342, 34665.45539232027, 24671.78834266768, 34665.45539232027, 27933.747825649756, 24675.636735255895, 34514.65112430449
343, 34665.45539232027, 24671.78834266768, 34665.45539232027, 27753.796188574546, 24672.783627267352, 34505.35973560785
344, 34665.45539232027, 24671.78834266768, 34665.45539232027, 27578.671800069817, 24693.101387394458, 34539.82560490913
345, 34665.45539232027, 24671.78834266768, 34665.45539232027, 27781.734814954427, 24704.077819217047, 34542.14712663675
346, 34665.45539232027, 24671.78834266768, 34665.45539232027, 28361.621209923178, 24694.346873933133, 34555.09097923333
347, 34665.45539232027, 24671.78834266768, 34665.45539232027, 27979.685113737305, 24704.740792208362, 34553.03430156945
348, 34674.242944291866, 24681.130779295818, 34674.242944291866, 28543.223724246076, 24703.339847535226, 34563.14893847522
349, 34674.242944291866, 24681.130779295818, 34674.242944291866, 27979.407448444625, 24712.373800706675, 34569.579207137795
350, 34674.242944291866, 24681.130779295818, 34674.242944291866, 27980.454352474964, 24716.282776312502, 34556.281943580805
351, 34674.242944291866, 24681.130779295818, 34674.242944291866, 27987.004096178036, 24719.06747647897, 34563.41172091411
352, 34674.242944291866, 24681.130779295818, 34674.242944291866, 28543.871231279074, 24707.592419881923, 34552.84262767551
353, 34729.18833796555, 24683.31531228387, 34729.18833796555, 28737.03639722185, 24701.84907317965, 34571.30538758103
354, 34729.18833796555, 24683.31531228387, 34729.18833796555, 27982.645357502268, 24710.187196591367, 34566.90709812479
355, 34729.18833796555, 24683.31531228387, 34729.18833796555, 28174.332620993195, 24709.08874878418, 34575.91301792128
356, 34729.18833796555, 24683.31531228387, 34729.18833796555, 28737.271881874993, 24705.943617007328, 34578.657364596314
357, 34729.18833796555, 24683.31531228387, 34729.18833796555, 28365.121171960076, 24710.03244652437, 34575.56760199091
358, 34729.18833796555, 24683.31531228387, 34729.18833796555, 28925.761192836737, 24718.156786649542, 34564.80350744726
359, 34729.18833796555, 24683.31531228387, 34729.18833796555, 28737.407574183813, 24706.037321413536, 34571.999052906096
360, 34729.18833796555, 24683.31531228387, 34729.18833796555, 27989.226952736528, 24716.44084619347, 34583.8545392669
361, 34729.18833796555, 24683.31531228387, 34729.18833796555, 28371.5852478157, 24715.81577480835, 34578.125587453185
362, 34729.18833796555, 24683.31531228387, 34729.18833796555, 28004.369441621897, 24720.500406640444, 34586.533394321275
363, 34729.18833796555, 24683.31531228387, 34729.18833796555, 27818.020237694906, 24715.282347877637, 34590.636763281356
364, 34729.18833796555, 24683.31531228387, 34729.18833796555, 27637.755382149466, 24724.385843924498, 34605.399552060815
365, 34729.18833796555, 24683.31531228387, 34729.18833796555, 27839.64640223381, 24715.973115384866, 34619.69181248378
366, 34729.18833796555, 24683.31531228387, 34729.18833796555, 28037.85028501557, 24715.278833045322, 34632.249242851896
367, 34729.18833796555, 24683.31531228387, 34729.18833796555, 28217.14132750538, 24719.070874994493, 34603.55910772685
368, 34729.18833796555, 24683.31531228387, 34729.18833796555, 28221.80746397806, 24717.610671884882, 34623.353354594
369, 34729.18833796555, 24683.31531228387, 34729.18833796555, 27845.402302897295, 24729.497685624377, 34623.9333634668
370, 34729.18833796555, 24683.31531228387, 34729.18833796555, 27657.94552971196, 24721.94052946255, 34627.210769673206
371, 34729.18833796555, 24683.31531228387, 34729.18833796555, 28032.97684373734, 24720.557487767768, 34622.75135774583
372, 34729.18833796555, 24683.31531228387, 34729.18833796555, 28783.21375647975, 24716.05645375423, 34620.82158850899
373, 34729.18833796555, 24683.31531228387, 34729.18833796555, 28027.548591795832, 24718.62092328457, 34612.76665168936
374, 34729.18833796555, 24683.31531228387, 34729.18833796555, 28786.305528772093, 24707.55248432543, 34619.93992631756
375, 34729.18833796555, 24683.31531228387, 34729.18833796555, 28408.877761368505, 24711.358846813655, 34621.468996327385
376, 34729.18833796555, 24683.31531228387, 34729.18833796555, 27844.264413895038, 24728.795894633993, 34620.97887404314
377, 34729.18833796555, 24683.31531228387, 34729.18833796555, 28403.975071827783, 24712.128052828633, 34616.33071017125
378, 34729.18833796555, 24683.31531228387, 34729.18833796555, 28031.420170560494, 24722.876871524124, 34622.871240028835
379, 34729.18833796555, 24683.31531228387, 34729.18833796555, 28782.495206114723, 24710.093412952585, 34613.60859286294
380, 34729.18833796555, 24683.31531228387, 34729.18833796555, 27659.222290887534, 24715.5849470901, 34626.06677276258
381, 34729.18833796555, 24683.31531228387, 34729.18833796555, 28778.328428322697, 24712.791478751697, 34603.22804442823
382, 34729.18833796555, 24683.31531228387, 34729.18833796555, 27468.93720495557, 24728.925098956486, 34622.38759214504
383, 34786.03806789926, 24630.35296746279, 34786.03806789926, 28222.971035226386, 24717.150479152715, 34615.744371683955
384, 34786.03806789926, 24630.35296746279, 34786.03806789926, 27846.61428869176, 24713.100407079542, 34636.93503719925
385, 34786.03806789926, 24630.35296746279, 34786.03806789926, 27657.061373591976, 24716.041178135205, 34637.04372054432
386, 34786.03806789926, 24630.35296746279, 34786.03806789926, 28785.491851360843, 24707.22218101154, 34639.15686934758
387, 34786.03806789926, 24630.35296746279, 34786.03806789926, 28603.04805772202, 24718.90027291315, 34616.40301847843
388, 34786.03806789926, 24630.35296746279, 34786.03806789926, 28604.03119526567, 24706.77718417127, 34632.32508463303
389, 34786.03806789926, 24630.35296746279, 34786.03806789926, 28605.085985030513, 24711.93839273042, 34646.32448103311
390, 34786.03806789926, 24630.35296746279, 34786.03806789926, 28230.73122451975, 24702.75883519014, 34639.93760271136
391, 34786.03806789926, 24630.35296746279, 34786.03806789926, 28422.242752063077, 24702.13015425105, 34644.51515980353
392, 34786.03806789926, 24630.35296746279, 34786.03806789926, 28806.179548084354, 24694.67905032236, 34649.75551569519
393, 34786.03806789926, 24630.35296746279, 34786.03806789926, 29755.327639178122, 24681.99399584694, 34658.80291839142
394, 34786.03806789926, 24630.35296746279, 34786.03806789926, 28827.394250000856, 24663.292600300985, 34672.79348892063
395, 34786.03806789926, 24630.35296746279, 34786.03806789926, 28833.972107507514, 24669.803684310533, 34671.753433059326
396, 34786.03806789926, 24630.35296746279, 34786.03806789926, 28078.033318034384, 24672.576400990536, 34676.79413566075
397, 34786.03806789926, 24630.35296746279, 34786.03806789926, 29586.937847728732, 24654.508032003207, 34677.2681475998
398, 34786.03806789926, 24630.35296746279, 34786.03806789926, 29014.615029276636, 24669.986605431484, 34674.59437470834
399, 34786.03806789926, 24630.35296746279, 34786.03806789926, 29027.757072558743, 24666.361906518698, 34678.004932634154
400, 34786.03806789926, 24630.35296746279, 34786.03806789926, 28830.257734188683, 24674.026145073873, 34660.97173566431
401, 34786.03806789926, 24630.35296746279, 34786.03806789926, 29399.19724888029, 24657.969059638348, 34678.590083822935
402, 34786.03806789926, 24630.35296746279, 34786.03806789926, 29586.20224441215, 24658.32930543962, 34674.83878925613
403, 34786.03806789926, 24630.35296746279, 34786.03806789926, 28271.36208659629, 24662.681932410323, 34676.20432461601
404, 34786.03806789926, 24630.35296746279, 34786.03806789926, 29020.210778658842, 24677.970489235933, 34673.23327464125
405, 34786.03806789926, 24630.35296746279, 34786.03806789926, 29217.24628126875, 24668.902581676593, 34685.74302880543
406, 34786.03806789926, 24630.35296746279, 34786.03806789926, 29964.918553403048, 24654.560029061646, 34669.31075107059
407, 34786.03806789926, 24630.35296746279, 34786.03806789926, 28644.37325406795, 24672.637371321238, 34668.251746609145
408, 34786.03806789926, 24630.35296746279, 34786.03806789926, 29212.223503878995, 24664.292623643516, 34681.61872211779
409, 34786.03806789926, 24630.35296746279, 34786.03806789926, 28826.22951837978, 24670.660991743935, 34678.764873760505
410, 34786.03806789926, 24630.35296746279, 34786.03806789926, 27513.310158822344, 24680.692825163107, 34671.167337939616
411, 34786.03806789926, 24630.35296746279, 34786.03806789926, 28454.82628439708, 24667.516262851404, 34674.48494979996
412, 34786.03806789926, 24630.35296746279, 34786.03806789926, 29768.308942982294, 24663.419894783972, 34670.57215887933
413, 34786.03806789926, 24630.35296746279, 34786.03806789926, 28831.051992956614, 24659.950824585452, 34672.71953768395
414, 34786.03806789926, 24630.35296746279, 34786.03806789926, 28461.171767950913, 24670.93289146849, 34686.864851609054
415, 34786.03806789926, 24630.35296746279, 34786.03806789926, 29582.34402345354, 24651.50045210221, 34681.450010059976
416, 34786.03806789926, 24630.35296746279, 34786.03806789926, 28830.653175482516, 24666.938371033142, 34682.503627731465
417, 34786.03806789926, 24630.35296746279, 34786.03806789926, 29203.735286058403, 24667.096748662858, 34671.803643213105
418, 34786.03806789926, 24630.35296746279, 34786.03806789926, 28641.45415079022, 24665.45899723527, 34671.06799332801
419, 34786.03806789926, 24630.35296746279, 34786.03806789926, 28264.08222602713, 24672.019007163082, 34675.97726193084
420, 34786.03806789926, 24630.35296746279, 34786.03806789926, 29208.519416512205, 24671.40090359866, 34672.80840043026
421, 34786.03806789926, 24630.35296746279, 34786.03806789926, 29019.4353075806, 24664.85177885513, 34677.39194018412
422, 34786.03806789926, 24630.35296746279, 34786.03806789926, 30159.121664700466, 24658.767618144047, 34681.24995199123
423, 34786.03806789926, 24630.35296746279, 34786.03806789926, 28455.127927611127, 24673.616846116918, 34675.66430039307
424, 34786.03806789926, 24630.35296746279, 34786.03806789926, 29016.5494822457, 24667.399496248618, 34672.84682034497
425, 34786.03806789926, 24630.35296746279, 34786.03806789926, 28644.85037276283, 24672.216226044824, 34674.50404388121
426, 34786.03806789926, 24630.35296746279, 34786.03806789926, 29023.877915402434, 24662.90996216482, 34679.73038840758
427, 34786.03806789926, 24630.35296746279, 34786.03806789926, 29021.039690419428, 24665.95327918238, 34674.09094328277
428, 34786.03806789926, 24630.35296746279, 34786.03806789926, 28836.494802068388, 24668.890588106548, 34677.03671287334
429, 34786.03806789926, 24630.35296746279, 34786.03806789926, 29401.309779574265, 24667.40821577132, 34665.48118884003
430, 34786.03806789926, 24630.35296746279, 34786.03806789926, 29957.68415902973, 24658.818017881276, 34672.833739000234
431, 34786.03806789926, 24630.35296746279, 34786.03806789926, 29210.749566635543, 24666.120899461308, 34680.264753725096
432, 34786.03806789926, 24630.35296746279, 34786.03806789926, 29208.0040256094, 24659.48422182019, 34679.77024373062
433, 34786.03806789926, 24630.35296746279, 34786.03806789926, 28637.885859084014, 24660.007923847956, 34679.97613474376
434, 34786.03806789926, 24630.35296746279, 34786.03806789926, 28830.548342133443, 24665.48250625743, 34659.90099070089
435, 34786.03806789926, 24630.35296746279, 34786.03806789926, 29021.58650043765, 24667.190573538828, 34675.707322654016
436, 34786.03806789926, 24630.35296746279, 34786.03806789926, 28831.703925703623, 24665.636995452467, 34669.04903037372
437, 34786.03806789926, 24630.35296746279, 34786.03806789926, 29586.49693803261, 24658.672092035857, 34680.73810385557
438, 34786.03806789926, 24630.35296746279, 34786.03806789926, 28833.536535864874, 24670.42376503589, 34671.30069601752
439, 34786.03806789926, 24630.35296746279, 34786.03806789926, 29214.1195113339, 24669.859055214347, 34687.80005864509
440, 34786.03806789926, 24630.35296746279, 34786.03806789926, 28834.064621031837, 24667.545787408908, 34669.446239663244
441, 34786.03806789926, 24630.35296746279, 34786.03806789926, 29026.590381087663, 24671.394174087505, 34680.24228208388
442, 34786.03806789926, 24630.35296746279, 34786.03806789926, 29776.367598192865, 24661.359201821924, 34685.28185610582
443, 34786.03806789926, 24630.35296746279, 34786.03806789926, 29209.564520056658, 24662.35166004986, 34677.63450694257
444, 34786.03806789926, 24630.35296746279, 34786.03806789926, 30533.078921604636, 24648.749404614795, 34677.70397990588
445, 34786.03806789926, 24630.35296746279, 34786.03806789926, 28830.351928494892, 24661.021667422487, 34670.84165736501
446, 34786.03806789926, 24630.35296746279, 34786.03806789926, 28265.244866714558, 24674.02644608829, 34674.54559872057
447, 34786.03806789926, 24630.35296746279, 34786.03806789926, 28827.140060634734, 24667.204420211463, 34666.56461691219
448, 34786.03806789926, 24630.35296746279, 34786.03806789926, 28826.636261957745, 24666.10083410263, 34668.13463379394
449, 34786.03806789926, 24630.35296746279, 34786.03806789926, 27892.159455698187, 24675.729520533383, 34682.05650233417
450, 34786.03806789926, 24630.35296746279, 34786.03806789926, 28077.736521835744, 24670.446280120013, 34664.099112314936
451, 34786.03806789926, 24630.35296746279, 34786.03806789926, 29968.67676702777, 24661.8956727179, 34680.86746234201
452, 34786.03806789926, 24630.35296746279, 34786.03806789926, 28646.871495771287, 24675.071582977147, 34670.982672211205
453, 34786.03806789926, 24630.35296746279, 34786.03806789926, 29020.636907853277, 24658.394142776073, 34684.57625489918
454, 34786.03806789926, 24630.35296746279, 34786.03806789926, 29020.571197439753, 24670.959663249087, 34680.41061427476
455, 34786.03806789926, 24630.35296746279, 34786.03806789926, 29208.93325716754, 24661.90536419992, 34682.13057332266
456, 34786.03806789926, 24630.35296746279, 34786.03806789926, 29400.52574582057, 24659.420167546705, 34669.72284717559
457, 34786.03806789926, 24630.35296746279, 34786.03806789926, 30530.863913090885, 24654.894068574744, 34677.75762751472
458, 34786.03806789926, 24630.35296746279, 34786.03806789926, 28643.94330703004, 24666.26305077275, 34680.00284753323
459, 34786.03806789926, 24630.35296746279, 34786.03806789926, 28841.418764188416, 24663.988470355467, 34687.314329022505
460, 34786.03806789926, 24630.35296746279, 34786.03806789926, 29208.871406776816, 24665.777490174853, 34676.9711674606
461, 34786.03806789926, 24630.35296746279, 34786.03806789926, 29401.133508395178, 24665.916172971785, 34671.79305396688
462, 34786.03806789926, 24630.35296746279, 34786.03806789926, 29586.703704589563, 24662.75114373417, 34677.004022698915
463, 34786.03806789926, 24630.35296746279, 34786.03806789926, 28636.566789329434, 24671.38148541061, 34657.40271335441
464, 34786.03806789926, 24630.35296746279, 34786.03806789926, 30147.5876736411, 24656.91989697909, 34670.05578072367
465, 34786.03806789926, 24630.35296746279, 34786.03806789926, 28646.84789781856, 24669.66903690013, 34673.47829629621
466, 34786.03806789926, 24630.35296746279, 34786.03806789926, 29776.762895888914, 24663.320964098497, 34678.17361889277
467, 34786.03806789926, 24630.35296746279, 34786.03806789926, 27889.573372724477, 24675.76983831698, 34676.74471373659
468, 34786.03806789926, 24630.35296746279, 34786.03806789926, 28832.272244806667, 24667.422145832305, 34689.70086855992
469, 34786.03806789926, 24630.35296746279, 34786.03806789926, 28829.852266951148, 24658.843000085166, 34677.50887905828
470, 34786.03806789926, 24630.35296746279, 34786.03806789926, 28643.328078545263, 24670.523838936148, 34681.2657508425
471, 34786.03806789926, 24630.35296746279, 34786.03806789926, 29955.809267850847, 24656.018105951367, 34670.67918875662
472, 34786.03806789926, 24630.35296746279, 34786.03806789926, 28833.803591944783, 24665.879711317808, 34684.23275205983
473, 34786.03806789926, 24630.35296746279, 34786.03806789926, 28833.651860452574, 24665.231374673684, 34680.78314889869
474, 34786.03806789926, 24630.35296746279, 34786.03806789926, 28455.381429172066, 24670.28123580536, 34671.760679523315
475, 34786.03806789926, 24630.35296746279, 34786.03806789926, 29965.543234513556, 24657.116937851017, 34684.552719507956
476, 34786.03806789926, 24630.35296746279, 34786.03806789926, 28836.40837313709, 24674.083918583154, 34678.63313665906
477, 34786.03806789926, 24630.35296746279, 34786.03806789926, 28456.519520788122, 24678.723646657934, 34676.34705459257
478, 34786.03806789926, 24630.35296746279, 34786.03806789926, 28640.614366813574, 24664.491935073158, 34683.69450853411
479, 34786.03806789926, 24630.35296746279, 34786.03806789926, 30154.49972885559, 24656.64907532565, 34675.90529923807
480, 34786.03806789926, 24630.35296746279, 34786.03806789926, 29391.578018897235, 24665.86768362173, 34657.481020664025
481, 34786.03806789926, 24630.35296746279, 34786.03806789926, 29023.518672493195, 24659.394620383344, 34680.25850504794
482, 34786.03806789926, 24630.35296746279, 34786.03806789926, 28642.138399848944, 24668.42503913988, 34668.59441845817
483, 34786.03806789926, 24630.35296746279, 34786.03806789926, 29016.41282425467, 24666.031980049695, 34677.6885206725
484, 34786.03806789926, 24630.35296746279, 34786.03806789926, 28082.681017532643, 24676.44955309263, 34673.108414673654
485, 34786.03806789926, 24630.35296746279, 34786.03806789926, 28830.50682834595, 24670.45198262007, 34674.43540981861
486, 34786.03806789926, 24630.35296746279, 34786.03806789926, 29021.748336207424, 24667.705501565284, 34676.178071666225
487, 34786.03806789926, 24630.35296746279, 34786.03806789926, 28648.38591555082, 24677.261503294918, 34679.31588598735
488, 34786.18920043928, 24641.36509078079, 34786.18920043928, 28642.976209643, 24667.17867441046, 34685.98661804336
489, 34921.547066159656, 24614.84169816156, 34921.547066159656, 28644.645651514867, 24669.361328754185, 34678.507561749146
490, 34921.547066159656, 24614.84169816156, 34921.547066159656, 28463.87806714929, 24671.85309148347, 34705.478296580266
491, 34921.547066159656, 24614.84169816156, 34921.547066159656, 28269.710929879726, 24664.062427192748, 34703.15889074344
492, 34921.547066159656, 24614.84169816156, 34921.547066159656, 29605.110395449112, 24660.43434482863, 34720.041544039035
493, 34921.547066159656, 24614.84169816156, 34921.547066159656, 28276.151506457714, 24670.04903995434, 34717.85983528537
494, 34921.547066159656, 24614.84169816156, 34921.547066159656, 29984.26160974261, 24657.17207079129, 34720.992525999696
495, 34921.547066159656, 24614.84169816156, 34921.547066159656, 29423.131541012823, 24663.395376675562, 34714.89431016602
496, 34921.547066159656, 24614.84169816156, 34921.547066159656, 28857.632806118607, 24673.120578091242, 34723.43771257065
497, 34921.547066159656, 24614.84169816156, 34921.547066159656, 29053.626989935034, 24669.746776627086, 34724.85086307849
498, 34921.547066159656, 24614.84169816156, 34921.547066159656, 30217.44894205438, 24657.225038798915, 34756.22180653113
499, 34921.547066159656, 24614.84169816156, 34921.547066159656, 29860.97337226596, 24653.05016224792, 34777.30681381918
500, 34921.547066159656, 24614.84169816156, 34921.547066159656, 28942.16186657991, 24653.020464700978, 34807.56415955869
