1, 27427.41460740551, 24666.557753742272, 27427.41460740551, 25181.878623384688, 24656.519625127818, 25181.878623384688
2, 27593.010758724813, 24577.967297835676, 27593.010758724813, 21882.353441681284, 24666.091187157974, 26239.907588774942
3, 27883.208279316837, 24635.094916866008, 27883.208279316837, 23876.05142728637, 24626.019168155504, 26756.622998935312
4, 28163.749571883898, 24659.746831977936, 28163.749571883898, 23194.466681921047, 24616.567027851168, 27476.039764912333
5, 28331.955717605302, 24643.175742278992, 28331.955717605302, 23238.989148478795, 24592.752479933828, 27709.657885781413
6, 28525.310573595438, 24634.205318387252, 28525.310573595438, 24670.58317004679, 24581.575955103068, 27942.381255413133
7, 28739.87048035149, 24425.626279306387, 28739.87048035149, 27129.206423259715, 24558.46392672179, 28221.88372902567
8, 28926.84043892088, 24660.772730766676, 28926.84043892088, 25962.37660337817, 24560.9123159859, 28484.04847323652
9, 29067.12101541703, 24353.015038331967, 29067.12101541703, 25800.222452613187, 24540.367256305184, 28650.7784696331
10, 29395.762272767908, 24452.945057856152, 29395.762272767908, 27580.191421267198, 24537.281805194092, 28850.07831918682
11, 29405.240173146245, 24511.295523943645, 29405.240173146245, 27599.787436734114, 24538.45645854018, 29045.824775135432
12, 29416.56003836577, 24386.096286691234, 29416.56003836577, 25813.776049037588, 24535.21612313636, 29182.44947268307
13, 29520.27139774011, 24484.64744909573, 29520.27139774011, 27996.50208696519, 24512.612514482316, 29277.686694415464
14, 29811.669031819234, 24635.537283575035, 29811.669031819234, 28398.141132749475, 24519.40146145045, 29367.692197697248
15, 29897.233004400645, 24593.58903933413, 29897.233004400645, 24925.811637638788, 24532.825609355325, 29477.66916148275
16, 30057.574960689726, 24562.45839340812, 30057.574960689726, 25165.804430471493, 24551.04341301508, 29576.133514165376
17, 30136.693778005647, 24665.39214935248, 30136.693778005647, 26566.2756421827, 24564.262115181904, 29682.714647247252
18, 30164.247190068978, 24552.30696221309, 30164.247190068978, 26867.235103470986, 24595.783755448825, 29824.77102543998
19, 30227.878891813787, 24486.849484065824, 30227.878891813787, 26459.428638349793, 24599.539595450602, 29920.080551343504
20, 30415.358769385446, 24499.46693855068, 30415.358769385446, 28194.993528294795, 24556.95459342383, 30001.621721865722
21, 30667.22230122485, 24570.605949823414, 30667.22230122485, 27624.66893832903, 24577.26677376109, 30116.657013440697
22, 30688.49676931195, 24541.811384358887, 30688.49676931195, 26394.561214449208, 24592.312425598877, 30243.74293953142
23, 30688.49676931195, 24541.811384358887, 30688.49676931195, 27146.670077082414, 24590.33657737201, 30329.769721836205
24, 30786.719577439595, 24468.374728494637, 30786.719577439595, 27289.90640101842, 24589.24939439546, 30472.980942447546
25, 30814.13048132927, 24599.79999779359, 30814.13048132927, 28226.32123619735, 24586.840813642706, 30570.548347401862
26, 30999.282327345514, 24453.618412318876, 30999.282327345514, 26607.189107468894, 24619.25800950083, 30640.948314222347
27, 31147.38566516839, 24331.62821945558, 31147.38566516839, 28687.44988695667, 24573.3672906422, 30713.12130775281
28, 31280.098764164504, 24493.51066541434, 31280.098764164504, 30304.57116550591, 24525.948001741308, 30812.317418784543
29, 31280.098764164504, 24493.51066541434, 31280.098764164504, 28887.6916498157, 24522.321832880356, 30937.05848117474
30, 31280.098764164504, 24493.51066541434, 31280.098764164504, 28819.231693239795, 24505.13994300398, 31031.24753453511
31, 31567.291382130454, 24621.12876613726, 31567.291382130454, 30435.106912956533, 24489.00407771738, 31118.80488811968
32, 31606.32638217702, 24673.146135446255, 31606.32638217702, 26923.03671710905, 24533.857438018735, 31222.886025794403
33, 31801.4768406039, 24508.498232620474, 31801.4768406039, 28036.41808512243, 24542.93538530892, 31317.661816212174
34, 31850.90285782632, 24634.112698902718, 31850.90285782632, 28814.78792851316, 24544.269485855893, 31412.204968218477
35, 31911.435759801152, 24643.6679448268, 31911.435759801152, 26144.834865521127, 24586.902298766967, 31519.408254663376
36, 31911.435759801152, 24643.6679448268, 31911.435759801152, 26557.710553342782, 24593.688119621478, 31594.758185130773
37, 31911.435759801152, 24643.6679448268, 31911.435759801152, 26599.40600793975, 24621.72029803848, 31635.407737099184
38, 31911.435759801152, 24643.6679448268, 31911.435759801152, 26813.168208435207, 24612.085906294553, 31679.715297619947
39, 31925.572334279197, 24673.886604378447, 31925.572334279197, 26840.662575645092, 24624.014314367294, 31698.391099090375
40, 31925.572334279197, 24673.886604378447, 31925.572334279197, 26166.60594519607, 24637.786579375443, 31726.72649665053
41, 31925.572334279197, 24673.886604378447, 31925.572334279197, 26192.894085201628, 24638.630178758463, 31757.97821165609
42, 31925.572334279197, 24673.886604378447, 31925.572334279197, 26388.09672720204, 24635.678736911457, 31777.289315052774
43, 31925.572334279197, 24673.886604378447, 31925.572334279197, 25714.75057184564, 24643.186754035785, 31800.07853839049
44, 31925.572334279197, 24673.886604378447, 31925.572334279197, 27307.541118717076, 24660.535914979562, 31825.605244541843
45, 31925.572334279197, 24673.886604378447, 31925.572334279197, 25923.287231165225, 24656.63683542864, 31832.434734696406
46, 32060.763949373762, 24468.500707204854, 32060.763949373762, 28561.929234790412, 24631.354205439293, 31875.44103963847
47, 32060.763949373762, 24468.500707204854, 32060.763949373762, 28911.93774948121, 24638.89273867584, 31879.58512850131
48, 32228.793129208676, 24446.011933874586, 32228.793129208676, 29964.609871487042, 24633.80327632289, 31884.525805034067
49, 32297.742185585947, 24571.14371434391, 32297.742185585947, 30189.24861503135, 24623.080203544083, 31940.353297068898
50, 32297.742185585947, 24571.14371434391, 32297.742185585947, 27940.436662173222, 24623.957424746422, 31980.16647194292
51, 32297.742185585947, 24571.14371434391, 32297.742185585947, 26400.04674296805, 24626.498383829152, 32021.809693969044
52, 32297.742185585947, 24571.14371434391, 32297.742185585947, 28895.771922625245, 24595.05244899758, 32067.78650019276
53, 32319.338402018635, 24545.875773427353, 32319.338402018635, 29648.036588005056, 24573.80245754728, 32105.012897988803
54, 32319.338402018635, 24545.875773427353, 32319.338402018635, 28449.98456454979, 24591.01653755928, 32140.11289996093
55, 32367.718864468003, 24636.50655598473, 32367.718864468003, 26910.039716456202, 24623.06453683125, 32189.29919898091
56, 32367.718864468003, 24636.50655598473, 32367.718864468003, 27109.16698315621, 24610.361903409546, 32221.033171866617
57, 32367.718864468003, 24636.50655598473, 32367.718864468003, 27652.339694457383, 24620.706154806365, 32231.13902768593
58, 32367.718864468003, 24636.50655598473, 32367.718864468003, 27131.6730376127, 24626.46911975566, 32244.05608400451
59, 32367.718864468003, 24636.50655598473, 32367.718864468003, 27851.362067070422, 24620.784108448486, 32252.899497187485
60, 32367.718864468003, 24636.50655598473, 32367.718864468003, 27503.79403551926, 24628.425502647606, 32257.961463762273
61, 32367.718864468003, 24636.50655598473, 32367.718864468003, 26284.71029681634, 24628.305746003913, 32277.513832462497
62, 32367.718864468003, 24636.50655598473, 32367.718864468003, 25584.47706932562, 24640.100112765547, 32277.98985956511
63, 32547.456661194625, 24620.776483264646, 32547.456661194625, 27372.66981007392, 24650.54979153276, 32329.919881635044
64, 32547.456661194625, 24620.776483264646, 32547.456661194625, 26495.897713377377, 24661.42041981365, 32333.54336498997
65, 32547.456661194625, 24620.776483264646, 32547.456661194625, 27206.859111285405, 24654.600038532157, 32333.113817962847
66, 32587.885515221125, 24437.470990661368, 32587.885515221125, 26679.77768134025, 24668.84282624256, 32339.239496869803
67, 32605.861087588015, 24319.69482970218, 32605.861087588015, 29877.78187976927, 24623.27784416481, 32362.048568610797
68, 32628.49101814111, 24581.208243444515, 32628.49101814111, 31313.83249842977, 24584.083558088965, 32379.910535654595
69, 32628.49101814111, 24581.208243444515, 32628.49101814111, 27444.479930107078, 24614.954457445878, 32396.6809466058
70, 32628.49101814111, 24581.208243444515, 32628.49101814111, 27659.508659549047, 24618.77283941949, 32451.67365440036
71, 32665.649146502932, 24595.237940111776, 32665.649146502932, 27687.8583265532, 24633.8771597942, 32475.791884794555
72, 32665.649146502932, 24595.237940111776, 32665.649146502932, 28591.817205314914, 24602.542662974847, 32492.76046056313
73, 32665.649146502932, 24595.237940111776, 32665.649146502932, 28242.545149504153, 24580.074452783607, 32502.580545715533
74, 32665.649146502932, 24595.237940111776, 32665.649146502932, 27372.34066055745, 24569.21761184965, 32526.59908135767
75, 32678.170819690116, 24457.795046959945, 32678.170819690116, 30403.136121596377, 24517.178347035817, 32533.164611612883
76, 32840.137208779364, 24551.850108827046, 32840.137208779364, 31134.293550485225, 24496.42548480504, 32559.419181285866
77, 32840.137208779364, 24551.850108827046, 32840.137208779364, 27946.795778564756, 24550.606483535474, 32580.682954999986
78, 32897.72560463264, 24666.91756568748, 32897.72560463264, 29207.125138743577, 24557.03116281043, 32601.250636040975
79, 32897.72560463264, 24666.91756568748, 32897.72560463264, 26737.08044137012, 24630.89585142863, 32634.627589248244
80, 32897.72560463264, 24666.91756568748, 32897.72560463264, 26752.17874201163, 24642.259357918403, 32658.504873884624
81, 32897.72560463264, 24666.91756568748, 32897.72560463264, 26766.141522976082, 24640.63879468678, 32677.24157620682
82, 32897.72560463264, 24666.91756568748, 32897.72560463264, 26968.88093806686, 24632.599883555136, 32694.076386974997
83, 32931.06311883648, 24590.112875488867, 32931.06311883648, 27173.755790291943, 24636.176876335066, 32725.179729678017
84, 32931.06311883648, 24590.112875488867, 32931.06311883648, 28465.940988443715, 24632.735721468212, 32757.305109030734
85, 32931.06311883648, 24590.112875488867, 32931.06311883648, 28507.23372888828, 24643.697288675747, 32806.576622196255
86, 32931.06311883648, 24590.112875488867, 32931.06311883648, 27621.770582783098, 24672.741581904862, 32815.15315777897
87, 32931.06311883648, 24590.112875488867, 32931.06311883648, 29064.897189915257, 24673.799797930405, 32821.50110038639
88, 32931.06311883648, 24590.112875488867, 32931.06311883648, 28349.86289626706, 24679.897962799056, 32821.513575139805
89, 32931.06311883648, 24590.112875488867, 32931.06311883648, 27817.520275296974, 24674.220369914026, 32826.69936717332
90, 32931.06311883648, 24590.112875488867, 32931.06311883648, 27996.653368760995, 24669.89488938822, 32831.827741795954
91, 32959.651470875, 24595.50684808, 32959.651470875, 28545.476709401508, 24646.196691591165, 32839.08366015078
92, 32967.881835290806, 24536.098318428692, 32967.881835290806, 29275.170114937046, 24621.641872226075, 32858.54306388286
93, 32998.572112381094, 24599.368904802464, 32998.572112381094, 28384.553546782518, 24623.55263471655, 32864.953874285944
94, 32998.572112381094, 24599.368904802464, 32998.572112381094, 28026.465134801783, 24626.783396669176, 32872.07395888858
95, 32998.572112381094, 24599.368904802464, 32998.572112381094, 28387.933175384038, 24622.969189876, 32868.769558767795
96, 32998.572112381094, 24599.368904802464, 32998.572112381094, 27140.96583390461, 24628.388404858786, 32886.10313977132
97, 33084.368811328975, 24606.77311342639, 33084.368811328975, 31459.928537414675, 24576.19766284746, 32891.2795418506
98, 33118.39463519797, 24633.132306318726, 33118.39463519797, 27520.85586740227, 24614.65899002587, 32925.54383695418
99, 33118.39463519797, 24633.132306318726, 33118.39463519797, 26634.012900327172, 24627.27780471, 32935.69456390272
100, 33118.39463519797, 24633.132306318726, 33118.39463519797, 28085.1138526603, 24613.231071873142, 32932.22125823074
101, 33118.39463519797, 24633.132306318726, 33118.39463519797, 27740.199467164, 24634.43017452029, 32967.76647182111
102, 33118.39463519797, 24633.132306318726, 33118.39463519797, 27029.697853717385, 24631.993457189128, 32967.08864624331
103, 33118.39463519797, 24633.132306318726, 33118.39463519797, 27219.38245079504, 24626.45644152933, 32972.882184690076
104, 33118.94923490124, 24572.07101342157, 33118.94923490124, 28140.850944642858, 24620.57414281483, 32998.48975198846
105, 33118.94923490124, 24572.07101342157, 33118.94923490124, 28334.46255729424, 24644.1482293105, 33017.854007571885
106, 33118.94923490124, 24572.07101342157, 33118.94923490124, 27801.936334093556, 24652.147838400655, 33028.2163158951
107, 33118.94923490124, 24572.07101342157, 33118.94923490124, 28343.77990476294, 24653.12492283942, 33019.333130982406
108, 33118.94923490124, 24572.07101342157, 33118.94923490124, 29613.10205751595, 24648.395592954694, 33036.57064796584
109, 33118.94923490124, 24572.07101342157, 33118.94923490124, 27816.41003657767, 24661.79863582157, 33039.45573680436
110, 33118.94923490124, 24572.07101342157, 33118.94923490124, 27631.85293174632, 24665.577215398513, 33023.12033659244
111, 33118.94923490124, 24572.07101342157, 33118.94923490124, 28710.25933987932, 24648.85938771523, 33026.92334163551
112, 33187.39711252026, 24659.297561632764, 33187.39711252026, 27460.798194147857, 24670.89744067886, 33056.71777958694
113, 33187.39711252026, 24659.297561632764, 33187.39711252026, 26198.7564894577, 24676.71122937293, 33054.49075109159
114, 33187.39711252026, 24659.297561632764, 33187.39711252026, 26380.33177061818, 24671.890582743883, 33047.878875983544
115, 33187.39711252026, 24659.297561632764, 33187.39711252026, 27998.167486932154, 24642.950007758074, 33054.36003256425
116, 33187.39711252026, 24659.297561632764, 33187.39711252026, 26205.700397372464, 24644.48038971931, 33060.47211972354
117, 33187.39711252026, 24659.297561632764, 33187.39711252026, 27290.061379868363, 24651.665074774213, 33066.34400193511
118, 33187.39711252026, 24659.297561632764, 33187.39711252026, 26574.933044806152, 24677.41257008705, 33074.47839121625
119, 33187.39711252026, 24659.297561632764, 33187.39711252026, 26759.44062073909, 24688.340999852564, 33060.950651267514
120, 33187.39711252026, 24659.297561632764, 33187.39711252026, 27137.76818264509, 24694.542844069503, 33095.44737291615
121, 33187.39711252026, 24659.297561632764, 33187.39711252026, 26971.61879246347, 24702.850449647325, 33112.70973079145
122, 33187.39711252026, 24659.297561632764, 33187.39711252026, 26969.867860810646, 24698.35985459638, 33099.492063148005
123, 33349.38380060034, 24542.952321162356, 33349.38380060034, 29515.75977029989, 24661.73645857766, 33133.165686414955
124, 33349.38380060034, 24542.952321162356, 33349.38380060034, 29153.69591634436, 24666.466249538913, 33138.87648504056
125, 33349.38380060034, 24542.952321162356, 33349.38380060034, 28976.830370470507, 24674.42800937686, 33135.4121293973
126, 33349.38380060034, 24542.952321162356, 33349.38380060034, 28795.609299894637, 24660.673603770552, 33148.83026569729
127, 33404.41081104631, 24639.1153927736, 33404.41081104631, 29896.205124972086, 24650.24698082721, 33161.38698003323
128, 33404.41081104631, 24639.1153927736, 33404.41081104631, 27193.54738557969, 24672.749059470454, 33176.33341319091
129, 33404.41081104631, 24639.1153927736, 33404.41081104631, 26844.89895136453, 24662.79880423216, 33198.89364311337
130, 33404.41081104631, 24639.1153927736, 33404.41081104631, 27594.916866602915, 24637.631869687997, 33210.36322996739
131, 33404.41081104631, 24639.1153927736, 33404.41081104631, 27804.034733241042, 24632.991177536413, 33254.59637666405
132, 33404.41081104631, 24639.1153927736, 33404.41081104631, 26727.99791002158, 24630.2363032918, 33258.6681997148
133, 33404.41081104631, 24639.1153927736, 33404.41081104631, 27283.280786729258, 24619.12507817228, 33269.93003787434
134, 33404.41081104631, 24639.1153927736, 33404.41081104631, 27654.16701517331, 24612.819091952468, 33277.76466110095
135, 33416.0335799298, 24656.838498305813, 33416.0335799298, 28023.5793873766, 24617.797806957973, 33289.4630530511
136, 33416.0335799298, 24656.838498305813, 33416.0335799298, 26931.229571480482, 24639.17987608222, 33286.45383236447
137, 33416.0335799298, 24656.838498305813, 33416.0335799298, 26759.68021748124, 24664.62493376059, 33291.66337277617
138, 33416.0335799298, 24656.838498305813, 33416.0335799298, 27496.153371685785, 24682.09034083081, 33297.475144893084
139, 33483.257725715564, 24626.015610679406, 33483.257725715564, 28968.447617497437, 24664.70126162006, 33327.69393054488
140, 33483.257725715564, 24626.015610679406, 33483.257725715564, 27696.152167311287, 24667.05478685846, 33339.47168183166
141, 33483.257725715564, 24626.015610679406, 33483.257725715564, 27882.861269630754, 24671.600976079975, 33338.762722431275
142, 33508.8025739519, 24569.507176943338, 33508.8025739519, 27705.41306033178, 24669.953798485654, 33346.233812241335
143, 33508.8025739519, 24569.507176943338, 33508.8025739519, 28616.02628324853, 24662.999630297283, 33345.94901350029
144, 33508.8025739519, 24569.507176943338, 33508.8025739519, 27530.43625798845, 24676.49611184219, 33357.49869221524
145, 33508.8025739519, 24569.507176943338, 33508.8025739519, 28262.34436769726, 24655.744026782508, 33358.6664951055
146, 33508.8025739519, 24569.507176943338, 33508.8025739519, 28994.596698405345, 24659.00620670395, 33361.811822644355
147, 33508.8025739519, 24569.507176943338, 33508.8025739519, 29007.63451598536, 24639.08336143267, 33386.99028608735
148, 33593.301703663805, 24461.916830892667, 33593.301703663805, 28843.55950885665, 24627.778236549108, 33396.61607247679
149, 33634.50886362644, 24653.95050572592, 33634.50886362644, 29776.70297008398, 24632.100674004523, 33425.5864776822
150, 33634.50886362644, 24653.95050572592, 33634.50886362644, 27223.55645109667, 24660.156610360315, 33442.62123630704
151, 33645.19228312298, 24586.98818306896, 33645.19228312298, 26868.943854556645, 24647.747158190083, 33438.674991418906
152, 33700.41630639677, 24547.137968708215, 33700.41630639677, 29254.079409925107, 24627.988016399766, 33456.47475987967
153, 33724.230855880014, 24678.950218125585, 33724.230855880014, 28725.177901520045, 24606.14282320556, 33485.76650667759
154, 33724.230855880014, 24678.950218125585, 33724.230855880014, 27097.770734324964, 24623.744896843426, 33510.01436809156
155, 33724.230855880014, 24678.950218125585, 33724.230855880014, 26566.64596136302, 24638.36890319718, 33532.587302225445
156, 33724.230855880014, 24678.950218125585, 33724.230855880014, 26398.162128656837, 24644.406300096303, 33525.15051937106
157, 33724.230855880014, 24678.950218125585, 33724.230855880014, 26779.814959009313, 24664.785834297672, 33553.252821156726
158, 33724.230855880014, 24678.950218125585, 33724.230855880014, 27156.930193031483, 24670.951136653373, 33565.623892748896
159, 33724.230855880014, 24678.950218125585, 33724.230855880014, 27343.668726326458, 24683.396921349442, 33562.44420284701
160, 33724.230855880014, 24678.950218125585, 33724.230855880014, 26988.298134573102, 24678.500175976726, 33587.25221329869
161, 33724.230855880014, 24678.950218125585, 33724.230855880014, 27365.34457674913, 24668.117316838492, 33601.14281057323
162, 33724.230855880014, 24678.950218125585, 33724.230855880014, 26457.164347184218, 24674.613249526923, 33594.446338035
163, 33724.230855880014, 24678.950218125585, 33724.230855880014, 27023.485496917703, 24671.639045767635, 33616.64875621841
164, 33724.230855880014, 24678.950218125585, 33724.230855880014, 27033.311000271246, 24669.005039459513, 33623.2466631373
165, 33724.230855880014, 24678.950218125585, 33724.230855880014, 26672.296376428578, 24713.349130119903, 33626.25494031873
166, 33724.230855880014, 24678.950218125585, 33724.230855880014, 26675.79144178566, 24729.680123615344, 33637.72432125519
167, 33724.230855880014, 24678.950218125585, 33724.230855880014, 27409.258881394824, 24719.81457123739, 33635.12411635815
168, 33724.230855880014, 24678.950218125585, 33724.230855880014, 27408.046237882252, 24714.960271139313, 33636.876433609876
169, 33724.230855880014, 24678.950218125585, 33724.230855880014, 27770.31779344589, 24709.94877320636, 33631.65751929928
170, 33724.230855880014, 24678.950218125585, 33724.230855880014, 26674.129411075002, 24724.1589090584, 33636.64730035307
171, 33724.230855880014, 24678.950218125585, 33724.230855880014, 26855.381382663974, 24725.71446797283, 33625.67057020753
172, 33839.37327609113, 24674.145988691438, 33839.37327609113, 27047.298143411455, 24729.223794769474, 33656.025462627884
173, 33839.37327609113, 24674.145988691438, 33839.37327609113, 27415.72266977336, 24710.757534449225, 33672.77842760505
174, 33839.37327609113, 24674.145988691438, 33839.37327609113, 27051.270077776277, 24720.421241437463, 33664.923272411266
175, 33839.37327609113, 24674.145988691438, 33839.37327609113, 27591.231524438004, 24717.29546382558, 33653.335331433824
176, 33839.37327609113, 24674.145988691438, 33839.37327609113, 27788.98876354059, 24710.581034515468, 33667.07867675512
177, 33839.37327609113, 24674.145988691438, 33839.37327609113, 26873.07875403548, 24707.850225588496, 33676.80997252739
178, 34033.19346472731, 24601.053096501997, 34033.19346472731, 27991.40778495132, 24699.414330286225, 33685.3852044705
179, 34033.19346472731, 24601.053096501997, 34033.19346472731, 28205.45826538525, 24670.23008787719, 33756.732737574304
180, 34033.19346472731, 24601.053096501997, 34033.19346472731, 28050.965718834323, 24691.552929712485, 33770.23679009866
181, 34033.19346472731, 24601.053096501997, 34033.19346472731, 27701.79829943609, 24699.922778771484, 33805.50012788957
182, 34080.90850604935, 24605.002672459625, 34080.90850604935, 30302.004053214838, 24664.137638832075, 33814.536286472874
183, 34080.90850604935, 24605.002672459625, 34080.90850604935, 28845.99726421608, 24655.421787590345, 33841.35250799378
184, 34080.90850604935, 24605.002672459625, 34080.90850604935, 27967.08699066271, 24646.60012279735, 33894.786460927055
185, 34080.90850604935, 24605.002672459625, 34080.90850604935, 27635.66823971448, 24649.68791473341, 33911.65267926624
186, 34080.90850604935, 24605.002672459625, 34080.90850604935, 28587.09359090891, 24642.94820916072, 33952.74378895151
187, 34080.90850604935, 24605.002672459625, 34080.90850604935, 27293.622393835296, 24665.050826748833, 33949.55579043126
188, 34080.90850604935, 24605.002672459625, 34080.90850604935, 28029.82525631992, 24648.57562655081, 33948.71759322416
189, 34080.90850604935, 24605.002672459625, 34080.90850604935, 28032.045276512203, 24640.629763068744, 33948.170542349646
190, 34080.90850604935, 24605.002672459625, 34080.90850604935, 28408.033016352572, 24649.512061455905, 33958.70194983222
191, 34080.90850604935, 24605.002672459625, 34080.90850604935, 27853.442833142937, 24650.751943125062, 33961.3646249613
192, 34080.90850604935, 24605.002672459625, 34080.90850604935, 28224.63866491656, 24649.23994340921, 33962.08054933379
193, 34080.90850604935, 24605.002672459625, 34080.90850604935, 28048.333718611644, 24651.079910332246, 33969.53834027663
194, 34080.90850604935, 24605.002672459625, 34080.90850604935, 28425.375079279478, 24647.09180848453, 33973.643975062296
195, 34080.90850604935, 24605.002672459625, 34080.90850604935, 28067.69420780585, 24650.613589836943, 33988.215053943546
196, 34080.90850604935, 24605.002672459625, 34080.90850604935, 28618.610387406323, 24649.017370756552, 33981.0549539944
197, 34080.90850604935, 24605.002672459625, 34080.90850604935, 28068.560065144105, 24649.92523717146, 33987.941239142005
198, 34080.90850604935, 24605.002672459625, 34080.90850604935, 28439.3965278065, 24647.341209490947, 33996.120199562785
199, 34080.90850604935, 24605.002672459625, 34080.90850604935, 27882.131277344848, 24655.05261765521, 33995.39621505166
200, 34080.90850604935, 24605.002672459625, 34080.90850604935, 28244.378987001895, 24643.84495968667, 33983.021560010355
201, 34080.90850604935, 24605.002672459625, 34080.90850604935, 28993.267743227017, 24651.514689745698, 33992.83437190346
202, 34080.90850604935, 24605.002672459625, 34080.90850604935, 28248.21289314766, 24646.500778535912, 33991.23286144785
203, 34084.69938055612, 24663.266965644292, 34084.69938055612, 28067.670524420995, 24654.519071768915, 33985.05437059565
204, 34084.69938055612, 24663.266965644292, 34084.69938055612, 27883.702672077303, 24654.469211305022, 33996.81749061844
205, 34159.77954011781, 24643.891500977494, 34159.77954011781, 27697.01914098155, 24661.77992610685, 33998.135928526906
206, 34159.77954011781, 24643.891500977494, 34159.77954011781, 27883.582779568114, 24655.289202639233, 34002.98212222072
207, 34159.77954011781, 24643.891500977494, 34159.77954011781, 28439.828328723215, 24660.175236639352, 33999.14465338846
208, 34180.81007240318, 24553.826854151983, 34180.81007240318, 29544.846293794573, 24636.525435583946, 33994.836718031205
209, 34180.81007240318, 24553.826854151983, 34180.81007240318, 28627.82330329447, 24635.002967901637, 34009.98010885678
210, 34180.81007240318, 24553.826854151983, 34180.81007240318, 28816.31275201359, 24642.595162234382, 34008.1823101175
211, 34180.81007240318, 24553.826854151983, 34180.81007240318, 29200.138371166195, 24646.86214842308, 34010.92477029423
212, 34180.81007240318, 24553.826854151983, 34180.81007240318, 29758.551255064453, 24643.208336424676, 34020.79948842954
213, 34180.81007240318, 24553.826854151983, 34180.81007240318, 29023.746408478713, 24656.368145664048, 34032.918979592054
214, 34180.81007240318, 24553.826854151983, 34180.81007240318, 29787.30660151768, 24669.276535916397, 34049.30411109423
215, 34180.81007240318, 24553.826854151983, 34180.81007240318, 29798.67617127269, 24660.45330613512, 34065.849369424
216, 34180.81007240318, 24553.826854151983, 34180.81007240318, 29244.38643412777, 24660.509339492855, 34062.888501135094
217, 34180.81007240318, 24553.826854151983, 34180.81007240318, 29432.383998035642, 24655.49551804615, 34075.13228525046
218, 34180.81007240318, 24553.826854151983, 34180.81007240318, 29067.63016677519, 24666.289371547595, 34082.1829684412
219, 34180.81007240318, 24553.826854151983, 34180.81007240318, 29995.680908706974, 24649.94408893439, 34071.35618013735
220, 34210.406748926805, 24454.301611804247, 34210.406748926805, 29623.807283207338, 24624.37317613052, 34076.67726268689
221, 34210.406748926805, 24454.301611804247, 34210.406748926805, 31490.053707171915, 24594.407471121438, 34091.337670084155
222, 34278.91756060938, 24666.18769740909, 34278.91756060938, 31678.103757671157, 24568.13643607739, 34094.90351502839
223, 34278.91756060938, 24666.18769740909, 34278.91756060938, 27412.6258163577, 24625.77991499957, 34108.27520305088
224, 34278.91756060938, 24666.18769740909, 34278.91756060938, 27600.70724666802, 24618.891057197445, 34113.66575146774
225, 34278.91756060938, 24666.18769740909, 34278.91756060938, 27413.48482053602, 24625.78707445816, 34109.71774941204
226, 34347.35258781593, 24643.578310265355, 34347.35258781593, 27235.166840051235, 24627.08670367613, 34117.97744807363
227, 34347.35258781593, 24643.578310265355, 34347.35258781593, 27237.778340356792, 24626.044881882244, 34133.08014144741
228, 34347.35258781593, 24643.578310265355, 34347.35258781593, 27055.679939562993, 24629.063091273358, 34139.7760193651
229, 34347.35258781593, 24643.578310265355, 34347.35258781593, 27259.61189309151, 24638.967313123983, 34159.69201638581
230, 34347.35258781593, 24643.578310265355, 34347.35258781593, 27085.899061167383, 24648.91027568365, 34167.271001458495
231, 34347.35258781593, 24643.578310265355, 34347.35258781593, 28231.94836546093, 24690.6291711343, 34204.24789419573
232, 34347.35258781593, 24643.578310265355, 34347.35258781593, 27488.48976189612, 24707.621885104443, 34201.405926913365
233, 34347.35258781593, 24643.578310265355, 34347.35258781593, 28050.12439367673, 24703.46406890247, 34200.45539372483
234, 34347.35258781593, 24643.578310265355, 34347.35258781593, 27868.75261328435, 24708.41803655257, 34209.249341790906
235, 34347.35258781593, 24643.578310265355, 34347.35258781593, 27316.34183308692, 24699.195192348478, 34208.28080363075
236, 34347.35258781593, 24643.578310265355, 34347.35258781593, 27880.08335210767, 24695.29129999739, 34209.4367929314
237, 34347.35258781593, 24643.578310265355, 34347.35258781593, 27145.08066051001, 24701.352721334108, 34233.65088923855
238, 34347.35258781593, 24643.578310265355, 34347.35258781593, 27912.028343645827, 24690.067698564693, 34258.841427280146
239, 34347.35258781593, 24643.578310265355, 34347.35258781593, 28471.560944872635, 24693.7418812238, 34251.96755339361
240, 34347.35258781593, 24643.578310265355, 34347.35258781593, 26978.361088888705, 24697.383378241575, 34241.20868520198
241, 34347.35258781593, 24643.578310265355, 34347.35258781593, 28285.195462456617, 24683.797130503226, 34247.50055321749
242, 34347.35258781593, 24643.578310265355, 34347.35258781593, 27911.748936819076, 24694.25687472259, 34253.9889562441
243, 34347.35258781593, 24643.578310265355, 34347.35258781593, 27167.92491394824, 24696.452718183402, 34253.99199859747
244, 34347.35258781593, 24643.578310265355, 34347.35258781593, 28283.643344419695, 24686.289120763286, 34245.2761305005
245, 34347.35258781593, 24643.578310265355, 34347.35258781593, 27165.8638802594, 24689.101227900068, 34248.95755221329
246, 34347.35258781593, 24643.578310265355, 34347.35258781593, 27722.638851038635, 24688.60331780826, 34247.633092700686
247, 34347.35258781593, 24643.578310265355, 34347.35258781593, 27355.046955521357, 24688.966856520678, 34256.56721302699
248, 34347.35258781593, 24643.578310265355, 34347.35258781593, 28842.847742178164, 24678.003115351916, 34244.609026090075
249, 34347.35258781593, 24643.578310265355, 34347.35258781593, 27352.062752411042, 24690.711340337413, 34239.12795145042
250, 34347.35258781593, 24643.578310265355, 34347.35258781593, 27914.79097098149, 24684.94790669331, 34258.51513394173
251, 34347.35258781593, 24643.578310265355, 34347.35258781593, 27539.271925450605, 24689.426198326906, 34250.98629864967
252, 34425.35601293016, 24653.602507610547, 34425.35601293016, 28104.331760419365, 24682.174234288937, 34268.58575820353
253, 34444.18023679927, 24669.820279487667, 34444.18023679927, 27915.600752783754, 24692.578264255746, 34262.82091355447
254, 34444.18023679927, 24669.820279487667, 34444.18023679927, 26981.4449285914, 24705.254702650123, 34268.18139414009
255, 34444.18023679927, 24669.820279487667, 34444.18023679927, 27919.604762368595, 24692.480288865183, 34273.497560894124
256, 34444.18023679927, 24669.820279487667, 34444.18023679927, 28291.63107439571, 24691.402927554856, 34280.41437886009
257, 34444.18023679927, 24669.820279487667, 34444.18023679927, 26990.552748380596, 24704.40838086527, 34276.06011944148
258, 34444.18023679927, 24669.820279487667, 34444.18023679927, 26992.706619141107, 24696.690076094474, 34288.932126914544
259, 34444.18023679927, 24669.820279487667, 34444.18023679927, 28121.147730088014, 24693.721561210583, 34283.595965660046
260, 34444.18023679927, 24669.820279487667, 34444.18023679927, 27944.854595017918, 24702.500470715866, 34296.16403371049
261, 34444.18023679927, 24669.820279487667, 34444.18023679927, 28160.10237869875, 24708.48392812419, 34328.52672776391
262, 34444.18023679927, 24669.820279487667, 34444.18023679927, 27234.128824126426, 24709.468758679086, 34344.09140230966
263, 34444.18023679927, 24669.820279487667, 34444.18023679927, 26677.301615154167, 24713.419194416285, 34343.18671943837
264, 34444.18023679927, 24669.820279487667, 34444.18023679927, 27619.503816723685, 24721.74422939913, 34347.209933292936
265, 34444.18023679927, 24669.820279487667, 34444.18023679927, 27808.551057643082, 24703.642245856943, 34349.80825385397
266, 34444.18023679927, 24669.820279487667, 34444.18023679927, 27239.257379871855, 24725.023516212146, 34335.87307730402
267, 34444.18023679927, 24669.820279487667, 34444.18023679927, 27805.70212078546, 24716.455156650372, 34361.77878410259
268, 34444.18023679927, 24669.820279487667, 34444.18023679927, 27243.362365204164, 24720.2575681288, 34337.40742380231
269, 34444.18023679927, 24669.820279487667, 34444.18023679927, 27431.08942794499, 24720.864855116222, 34347.78605212082
270, 34444.18023679927, 24669.820279487667, 34444.18023679927, 27806.041127416654, 24712.454010774723, 34356.94017312536
271, 34471.693689299274, 24521.18953166003, 34471.693689299274, 27807.624371888516, 24712.871752822964, 34350.829302140395
272, 34471.693689299274, 24521.18953166003, 34471.693689299274, 29113.714327817925, 24682.504582027726, 34344.427318217124
273, 34471.693689299274, 24521.18953166003, 34471.693689299274, 29860.252491450683, 24680.820333321928, 34348.75238964252
274, 34471.693689299274, 24521.18953166003, 34471.693689299274, 29116.087111029534, 24686.667678944443, 34352.844545028325
275, 34471.693689299274, 24521.18953166003, 34471.693689299274, 29496.252374669246, 24669.159016296937, 34358.21991015485
276, 34471.693689299274, 24521.18953166003, 34471.693689299274, 29309.606728896182, 24659.68026286131, 34361.78471386371
277, 34471.693689299274, 24521.18953166003, 34471.693689299274, 30426.28119805142, 24639.69753618536, 34351.78412328256
278, 34471.693689299274, 24521.18953166003, 34471.693689299274, 30437.545716139364, 24616.978615289543, 34363.0897650516
279, 34471.693689299274, 24521.18953166003, 34471.693689299274, 30065.02706570959, 24598.56541510452, 34359.446160775806
280, 34477.916431623235, 24679.21745986313, 34477.916431623235, 27639.72379948444, 24602.96633961249, 34380.273926197544
281, 34477.916431623235, 24679.21745986313, 34477.916431623235, 27641.433062416592, 24603.230057504254, 34370.95390112422
282, 34477.916431623235, 24679.21745986313, 34477.916431623235, 27638.11286363902, 24607.942154793407, 34372.15656993759
283, 34477.916431623235, 24679.21745986313, 34477.916431623235, 27450.501158189603, 24615.03505274188, 34374.64495730119
284, 34477.916431623235, 24679.21745986313, 34477.916431623235, 27078.49591988126, 24616.550620773527, 34372.78899469044
285, 34477.916431623235, 24679.21745986313, 34477.916431623235, 26703.54079727315, 24615.656292888634, 34380.677353579704
286, 34477.916431623235, 24679.21745986313, 34477.916431623235, 28013.659868386407, 24614.401366172184, 34372.90088899964
287, 34477.916431623235, 24679.21745986313, 34477.916431623235, 27639.942604767344, 24620.350837544225, 34390.403438015775
288, 34484.25725948777, 24583.717535068932, 34484.25725948777, 29332.030794747738, 24606.02421529017, 34373.64081033322
289, 34484.25725948777, 24583.717535068932, 34484.25725948777, 28948.8749344471, 24619.53425621166, 34375.508892004575
290, 34484.25725948777, 24583.717535068932, 34484.25725948777, 27830.46291095674, 24650.661427950337, 34381.71021561298
291, 34484.25725948777, 24583.717535068932, 34484.25725948777, 28203.44633134972, 24689.38837080079, 34376.72203340064
292, 34484.25725948777, 24583.717535068932, 34484.25725948777, 28205.633337499137, 24705.39915618292, 34388.1203481421
293, 34484.25725948777, 24583.717535068932, 34484.25725948777, 29511.782269386535, 24686.94913219506, 34376.012997728394
294, 34484.25725948777, 24583.717535068932, 34484.25725948777, 28584.614754697337, 24695.069356458895, 34386.74919649549
295, 34484.25725948777, 24583.717535068932, 34484.25725948777, 28395.73731455106, 24688.189604165258, 34388.29063817208
296, 34484.25725948777, 24583.717535068932, 34484.25725948777, 27835.554603909746, 24680.77554733912, 34392.83112474879
297, 34484.25725948777, 24583.717535068932, 34484.25725948777, 28956.103554514277, 24650.842034057612, 34391.97305244272
298, 34509.91954630351, 24559.115114496082, 34509.91954630351, 28963.394165821326, 24620.541924495574, 34393.15851905729
299, 34555.88628752384, 24670.858083532865, 34555.88628752384, 30277.698537013755, 24610.639376660754, 34390.46516233796
300, 34555.88628752384, 24670.858083532865, 34555.88628752384, 27653.887613611347, 24658.47777673669, 34402.985003292524
301, 34555.88628752384, 24670.858083532865, 34555.88628752384, 27655.92003982537, 24646.82235888688, 34409.58435494915
302, 34555.88628752384, 24670.858083532865, 34555.88628752384, 27091.473698649766, 24656.745637176857, 34415.78951438995
303, 34555.88628752384, 24670.858083532865, 34555.88628752384, 26908.604483704465, 24654.080704604246, 34417.16679829974
304, 34555.88628752384, 24670.858083532865, 34555.88628752384, 27097.829382955206, 24662.15441081094, 34422.429879606396
305, 34555.88628752384, 24670.858083532865, 34555.88628752384, 27851.050338764922, 24651.729390818957, 34406.97981086562
306, 34555.88628752384, 24670.858083532865, 34555.88628752384, 27106.680025540594, 24662.39460097778, 34425.124739630366
307, 34555.88628752384, 24670.858083532865, 34555.88628752384, 27304.10620442107, 24661.497621086008, 34426.66447785972
308, 34555.88628752384, 24670.858083532865, 34555.88628752384, 27880.875925820736, 24676.986315160913, 34433.74020438572
309, 34555.88628752384, 24670.858083532865, 34555.88628752384, 27513.20195338861, 24719.064730208996, 34436.75640938341
310, 34555.88628752384, 24670.858083532865, 34555.88628752384, 27704.740418913658, 24711.68871539827, 34452.58897740815
311, 34555.88628752384, 24670.858083532865, 34555.88628752384, 27704.604832208675, 24721.64381344224, 34457.058670218066
312, 34555.88628752384, 24670.858083532865, 34555.88628752384, 28639.745133874472, 24708.14940279415, 34452.24646272785
313, 34555.88628752384, 24670.858083532865, 34555.88628752384, 27704.966311012813, 24721.282805442897, 34448.82742411679
314, 34555.88628752384, 24670.858083532865, 34555.88628752384, 28643.423548939885, 24707.141489106772, 34447.824595846134
315, 34555.88628752384, 24670.858083532865, 34555.88628752384, 27329.448002938232, 24711.197502202922, 34458.57176386947
316, 34555.88628752384, 24670.858083532865, 34555.88628752384, 27145.353559927604, 24715.23220098416, 34457.62997649499
317, 34555.88628752384, 24670.858083532865, 34555.88628752384, 28646.40005147925, 24708.5973475826, 34455.06526443698
318, 34555.88628752384, 24670.858083532865, 34555.88628752384, 27142.940255224694, 24724.233183480348, 34458.06149970522
319, 34555.88628752384, 24670.858083532865, 34555.88628752384, 27709.902117887763, 24721.806899080497, 34461.275147028035
320, 34555.88628752384, 24670.858083532865, 34555.88628752384, 27333.79074474177, 24721.195578675568, 34462.394272786834
321, 34555.88628752384, 24670.858083532865, 34555.88628752384, 27518.31320699288, 24709.53089710867, 34458.771171978304
322, 34555.88628752384, 24670.858083532865, 34555.88628752384, 27519.58110637646, 24725.08414759006, 34453.206533049415
323, 34555.88628752384, 24670.858083532865, 34555.88628752384, 28085.263188250912, 24713.596776708608, 34464.54377773576
324, 34555.88628752384, 24670.858083532865, 34555.88628752384, 27890.76568616032, 24712.423173481533, 34456.67782867767
325, 34555.88628752384, 24670.858083532865, 34555.88628752384, 27701.04376295524, 24715.67673853587, 34451.569565389385
326, 34555.88628752384, 24670.858083532865, 34555.88628752384, 26954.878960013477, 24720.96466350837, 34447.53909060876
327, 34555.88628752384, 24670.858083532865, 34555.88628752384, 27895.80568239371, 24715.14196062674, 34451.23055802371
328, 34555.88628752384, 24670.858083532865, 34555.88628752384, 27891.197538976015, 24712.73168949854, 34463.13761626383
329, 34555.88628752384, 24670.858083532865, 34555.88628752384, 27331.716201638552, 24715.15092851882, 34465.10364948707
330, 34555.88628752384, 24670.858083532865, 34555.88628752384, 27709.085652610585, 24721.76064179375, 34457.66592504343
331, 34555.88628752384, 24670.858083532865, 34555.88628752384, 27330.8059220272, 24714.059132074068, 34459.45631841326
332, 34555.88628752384, 24670.858083532865, 34555.88628752384, 27144.141735073485, 24728.039430131692, 34454.851583089134
333, 34555.88628752384, 24670.858083532865, 34555.88628752384, 27706.013370540157, 24720.74625241337, 34465.389391739634
334, 34555.88628752384, 24670.858083532865, 34555.88628752384, 28082.59087912098, 24714.31824103874, 34457.754116388336
335, 34555.88628752384, 24670.858083532865, 34555.88628752384, 27145.587515502742, 24717.186588626984, 34462.979793047554
336, 34555.88628752384, 24670.858083532865, 34555.88628752384, 27711.48230737916, 24718.66627615606, 34465.82823179645
337, 34555.88628752384, 24670.858083532865, 34555.88628752384, 27332.432894148136, 24722.55662703854, 34453.043945500634
338, 34555.88628752384, 24670.858083532865, 34555.88628752384, 27891.021866521474, 24718.10287161112, 34459.786840154804
339, 34555.88628752384, 24670.858083532865, 34555.88628752384, 27896.549974077723, 24715.74033555961, 34462.47047216295
340, 34555.88628752384, 24670.858083532865, 34555.88628752384, 26957.665297199113, 24723.544484406895, 34453.73650486647
341, 34555.88628752384, 24670.858083532865, 34555.88628752384, 27704.317831861463, 24719.561987174577, 34447.31595138375
342, 34555.88628752384, 24670.858083532865, 34555.88628752384, 27704.689817995724, 24716.929044600616, 34451.92511312324
343, 34555.88628752384, 24670.858083532865, 34555.88628752384, 28082.62421280414, 24709.414034888083, 34459.076526129415
344, 34555.88628752384, 24670.858083532865, 34555.88628752384, 28272.669050810364, 24708.790476103775, 34467.44579193139
345, 34555.88628752384, 24670.858083532865, 34555.88628752384, 27333.526460751043, 24721.257031227688, 34459.34988607311
346, 34555.88628752384, 24670.858083532865, 34555.88628752384, 27702.80372355797, 24721.713332947656, 34453.676194982494
347, 34555.88628752384, 24670.858083532865, 34555.88628752384, 27331.729564936228, 24718.931289488366, 34463.80609288087
348, 34555.88628752384, 24670.858083532865, 34555.88628752384, 27706.224030183064, 24717.100978430408, 34457.470935871504
349, 34555.88628752384, 24670.858083532865, 34555.88628752384, 28270.086984264122, 24713.531955245086, 34462.81777093953
350, 34555.88628752384, 24670.858083532865, 34555.88628752384, 28082.38781266311, 24715.8786681234, 34443.3015515591
351, 34555.88628752384, 24670.858083532865, 34555.88628752384, 28079.328868918754, 24718.0351294969, 34457.806039895
352, 34555.88628752384, 24670.858083532865, 34555.88628752384, 27895.90717227193, 24716.94241334025, 34462.234436656254
353, 34555.88628752384, 24670.858083532865, 34555.88628752384, 27521.935902538447, 24729.876472286203, 34463.81813865001
354, 34555.88628752384, 24670.858083532865, 34555.88628752384, 28453.23544287378, 24714.386761546295, 34465.079653870685
355, 34555.88628752384, 24670.858083532865, 34555.88628752384, 28828.564687967915, 24713.227916111628, 34452.59391599506
356, 34555.88628752384, 24670.858083532865, 34555.88628752384, 27519.9729445571, 24715.67836939185, 34458.46869483568
357, 34555.88628752384, 24670.858083532865, 34555.88628752384, 27518.777930851244, 24720.21526037104, 34457.83212991902
358, 34555.88628752384, 24670.858083532865, 34555.88628752384, 27894.227173578194, 24717.45144509693, 34454.572403528655
359, 34555.88628752384, 24670.858083532865, 34555.88628752384, 27521.49014722109, 24718.852872678108, 34466.69069644465
360, 34555.88628752384, 24670.858083532865, 34555.88628752384, 27703.176295677138, 24714.731723124434, 34451.45642206456
361, 34555.88628752384, 24670.858083532865, 34555.88628752384, 27330.470587138112, 24716.292195378926, 34464.508086098525
362, 34555.88628752384, 24670.858083532865, 34555.88628752384, 27890.783944290924, 24711.52681685128, 34460.39820474837
363, 34639.741736482094, 24664.51027972439, 34639.741736482094, 28841.3648882539, 24701.67221860276, 34474.13118568067
364, 34639.741736482094, 24664.51027972439, 34639.741736482094, 27709.0883096318, 24719.558285727984, 34484.61116797168
365, 34639.741736482094, 24664.51027972439, 34639.741736482094, 27337.253827379347, 24719.17874698196, 34478.41956240821
366, 34639.741736482094, 24664.51027972439, 34639.741736482094, 27717.844548916342, 24714.784844607413, 34480.69244054753
367, 34639.741736482094, 24664.51027972439, 34639.741736482094, 27156.742207555915, 24722.596053350517, 34494.26431425522
368, 34776.50421297412, 24683.51221352369, 34776.50421297412, 28295.165540803548, 24706.336647073793, 34498.76188701541
369, 34776.50421297412, 24683.51221352369, 34776.50421297412, 26803.671624569022, 24713.595481776207, 34534.790817660745
370, 34776.50421297412, 24683.51221352369, 34776.50421297412, 27575.74422385435, 24695.171328478707, 34563.21443991825
371, 34776.50421297412, 24683.51221352369, 34776.50421297412, 28336.030602393883, 24704.21891192907, 34565.75397471141
372, 34776.50421297412, 24683.51221352369, 34776.50421297412, 27026.21563516813, 24718.939979049494, 34579.118643473535
373, 34776.50421297412, 24683.51221352369, 34776.50421297412, 27592.948376246146, 24717.751307736376, 34579.72984364608
374, 34776.50421297412, 24683.51221352369, 34776.50421297412, 27219.941493839517, 24709.68998848108, 34575.980219605655
375, 34776.50421297412, 24683.51221352369, 34776.50421297412, 27223.783071137965, 24703.804166587888, 34568.91354682263
376, 34776.50421297412, 24683.51221352369, 34776.50421297412, 27416.41651746252, 24704.707926789735, 34583.9382761282
377, 34776.50421297412, 24683.51221352369, 34776.50421297412, 27244.835997720824, 24685.39411855722, 34601.22015554672
378, 34776.50421297412, 24683.51221352369, 34776.50421297412, 27445.697326281348, 24661.551747238955, 34609.72591538715
379, 34776.50421297412, 24683.51221352369, 34776.50421297412, 27860.161526317017, 24691.428319242812, 34656.42979349914
380, 34776.50421297412, 24683.51221352369, 34776.50421297412, 27687.548479657195, 24729.599615622945, 34676.86862159661
381, 34776.50421297412, 24683.51221352369, 34776.50421297412, 27880.9812812223, 24729.445511425805, 34679.12524055846
382, 34776.50421297412, 24683.51221352369, 34776.50421297412, 27695.933944688393, 24733.94132688291, 34678.030532940276
383, 34776.50421297412, 24683.51221352369, 34776.50421297412, 27695.234737562303, 24733.09205414751, 34673.505308364234
384, 34776.50421297412, 24683.51221352369, 34776.50421297412, 28072.405028236783, 24732.22310518046, 34685.84503589999
385, 34776.50421297412, 24683.51221352369, 34776.50421297412, 27885.290597130504, 24730.845721893947, 34676.672500323526
386, 34776.50421297412, 24683.51221352369, 34776.50421297412, 28258.406620174977, 24731.304867021576, 34672.53365965147
387, 34776.50421297412, 24683.51221352369, 34776.50421297412, 27885.255155473595, 24725.692973221638, 34668.605055190674
388, 34776.50421297412, 24683.51221352369, 34776.50421297412, 27885.18676467782, 24738.95465239889, 34682.865382309894
389, 34776.50421297412, 24683.51221352369, 34776.50421297412, 27128.863886906485, 24729.703131309205, 34677.99767996818
390, 34776.50421297412, 24683.51221352369, 34776.50421297412, 27317.423629944362, 24731.689288940266, 34681.84761953836
391, 34776.50421297412, 24683.51221352369, 34776.50421297412, 27508.474101155894, 24725.880094430686, 34692.70537268962
392, 34776.50421297412, 24683.51221352369, 34776.50421297412, 27695.2516121341, 24719.681493456625, 34674.89132281706
393, 34776.50421297412, 24683.51221352369, 34776.50421297412, 27129.32841372052, 24724.33199174239, 34671.609044301884
394, 34806.046750676636, 24610.969233579683, 34806.046750676636, 28634.41166593092, 24713.983510331083, 34677.01371192935
395, 34837.44819452012, 24633.354747104564, 34837.44819452012, 28644.50755853533, 24715.167804289686, 34689.592783811204
396, 34837.44819452012, 24633.354747104564, 34837.44819452012, 27699.26783989381, 24725.272580463865, 34697.50838310396
397, 34837.44819452012, 24633.354747104564, 34837.44819452012, 27887.102995858557, 24729.267251738085, 34691.53205251879
398, 34837.44819452012, 24633.354747104564, 34837.44819452012, 27322.478327549426, 24727.491888701854, 34693.054852336565
399, 34837.44819452012, 24633.354747104564, 34837.44819452012, 27890.428258479886, 24712.160725474398, 34693.770554267685
400, 34837.44819452012, 24633.354747104564, 34837.44819452012, 28461.431363252883, 24705.3453084171, 34694.0397475673
401, 34837.44819452012, 24633.354747104564, 34837.44819452012, 27894.4807195466, 24703.192062689846, 34709.83869741116
402, 34837.44819452012, 24633.354747104564, 34837.44819452012, 27901.897562493272, 24705.862345146055, 34711.28820685462
403, 34837.44819452012, 24633.354747104564, 34837.44819452012, 26777.08644152859, 24694.38192783466, 34720.90172664284
404, 34837.44819452012, 24633.354747104564, 34837.44819452012, 28669.038283312155, 24681.91194301183, 34715.50041948945
405, 34837.44819452012, 24633.354747104564, 34837.44819452012, 28113.42429506749, 24677.942575231456, 34731.55622200674
406, 34837.44819452012, 24633.354747104564, 34837.44819452012, 27740.551853235247, 24684.926770261423, 34727.05556459189
407, 34837.44819452012, 24633.354747104564, 34837.44819452012, 28119.27478655978, 24681.73263115988, 34735.03587512386
408, 34837.44819452012, 24633.354747104564, 34837.44819452012, 28308.79045367226, 24678.78923874153, 34752.8469767471
409, 34837.44819452012, 24633.354747104564, 34837.44819452012, 28876.410874088047, 24678.232495323664, 34736.37136112396
410, 34837.44819452012, 24633.354747104564, 34837.44819452012, 28310.51799464597, 24678.19829600572, 34733.50033222706
411, 34862.49707241611, 24589.4893594703, 34862.49707241611, 27937.43434882942, 24677.50853279604, 34746.87360266012
412, 34862.49707241611, 24589.4893594703, 34862.49707241611, 28117.561065933507, 24675.342373355175, 34740.42139999456
413, 34862.49707241611, 24589.4893594703, 34862.49707241611, 27554.58920712306, 24681.471190288685, 34742.23578369356
414, 34862.49707241611, 24589.4893594703, 34862.49707241611, 29070.121424825287, 24675.719136968983, 34743.35800926854
415, 34862.49707241611, 24589.4893594703, 34862.49707241611, 28504.008796853654, 24676.809591239133, 34748.03636803289
416, 34862.49707241611, 24589.4893594703, 34862.49707241611, 28313.85831644716, 24665.447107052616, 34740.15840434501
417, 34862.49707241611, 24589.4893594703, 34862.49707241611, 27935.462527813503, 24671.855859866515, 34750.81618506538
418, 34894.09147940343, 24629.374091884765, 34894.09147940343, 28316.712041531046, 24666.29288029882, 34754.40756780339
419, 34894.09147940343, 24629.374091884765, 34894.09147940343, 28699.153321252415, 24655.11064384107, 34749.679064947784
420, 34894.09147940343, 24629.374091884765, 34894.09147940343, 27757.256409412224, 24662.97358293757, 34767.585684471895
421, 34894.09147940343, 24629.374091884765, 34894.09147940343, 27765.404234646023, 24649.017949354748, 34776.52208084631
422, 34894.09147940343, 24629.374091884765, 34894.09147940343, 28142.61961684629, 24652.806634588018, 34764.33578500023
423, 34894.09147940343, 24629.374091884765, 34894.09147940343, 28518.250639018108, 24655.15774124186, 34762.812935043214
424, 34894.09147940343, 24629.374091884765, 34894.09147940343, 28525.983871471002, 24654.55418377104, 34779.423556077265
425, 34894.09147940343, 24629.374091884765, 34894.09147940343, 28149.704297855875, 24655.296060663808, 34762.34311178028
426, 34894.09147940343, 24629.374091884765, 34894.09147940343, 28345.71640112854, 24653.871450141698, 34784.54516723588
427, 34894.09147940343, 24629.374091884765, 34894.09147940343, 27969.765046064833, 24674.32699076663, 34791.13820461567
428, 34894.09147940343, 24629.374091884765, 34894.09147940343, 28736.601224024293, 24676.6385663644, 34790.129812677704
429, 34894.09147940343, 24629.374091884765, 34894.09147940343, 28543.403500190543, 24681.08821298903, 34794.189476515196
430, 34894.09147940343, 24629.374091884765, 34894.09147940343, 28354.47253944547, 24680.135604408166, 34803.124755492405
431, 34894.09147940343, 24629.374091884765, 34894.09147940343, 27793.256577665084, 24689.76025114713, 34799.36246898742
432, 34894.09147940343, 24629.374091884765, 34894.09147940343, 27790.805334201676, 24683.891309159782, 34800.841674400755
433, 34894.09147940343, 24629.374091884765, 34894.09147940343, 28738.551827315277, 24671.178504499832, 34799.707042533904
434, 34921.65411556369, 24577.74887541532, 34921.65411556369, 28358.874488491867, 24671.601413274588, 34800.23262115448
435, 34921.65411556369, 24577.74887541532, 34921.65411556369, 28928.612834820848, 24671.239223433593, 34801.39099463499
436, 34921.65411556369, 24577.74887541532, 34921.65411556369, 28738.071854419137, 24667.74020467989, 34798.979163097974
437, 34921.65411556369, 24577.74887541532, 34921.65411556369, 29681.69964557006, 24659.001994861766, 34805.91221934927
438, 34921.65411556369, 24577.74887541532, 34921.65411556369, 28168.443636413824, 24670.32519041908, 34794.6556558904
439, 34929.2672781501, 24666.557188258717, 34929.2672781501, 28736.476722135496, 24660.844071848558, 34797.2926514414
440, 34929.2672781501, 24666.557188258717, 34929.2672781501, 28736.018242152637, 24672.35615822906, 34790.26351610998
441, 34929.2672781501, 24666.557188258717, 34929.2672781501, 27980.27473898243, 24672.889270139873, 34820.5440296841
442, 34929.2672781501, 24666.557188258717, 34929.2672781501, 28549.59397035691, 24672.64594204521, 34807.64754480557
443, 34929.2672781501, 24666.557188258717, 34929.2672781501, 27988.28888927161, 24679.512949200292, 34815.88809696579
444, 34929.2672781501, 24666.557188258717, 34929.2672781501, 27418.930208781043, 24674.90981979828, 34809.07577795401
445, 34929.2672781501, 24666.557188258717, 34929.2672781501, 28567.78993310101, 24655.46313257403, 34821.78938309972
446, 34929.2672781501, 24666.557188258717, 34929.2672781501, 28191.056990137335, 24651.496662780948, 34825.942797504824
447, 34929.2672781501, 24666.557188258717, 34929.2672781501, 27433.951613697856, 24667.09037706805, 34832.07186010064
448, 34929.2672781501, 24666.557188258717, 34929.2672781501, 28948.838857490704, 24662.73985780525, 34806.59298290941
449, 34929.2672781501, 24666.557188258717, 34929.2672781501, 28189.335220796413, 24682.56085099175, 34822.39387326709
450, 34929.2672781501, 24666.557188258717, 34929.2672781501, 27816.872280473344, 24705.5986541673, 34824.93078539747
451, 34929.2672781501, 24666.557188258717, 34929.2672781501, 27818.964820466455, 24723.80545178701, 34820.43522842124
452, 34929.2672781501, 24666.557188258717, 34929.2672781501, 28007.35714502191, 24710.18658168206, 34826.64150009689
453, 34929.2672781501, 24666.557188258717, 34929.2672781501, 28199.405692644308, 24716.068521473182, 34835.805888268435
454, 34929.2672781501, 24666.557188258717, 34929.2672781501, 27247.20233378727, 24718.261341223893, 34830.08641578994
455, 34929.2672781501, 24666.557188258717, 34929.2672781501, 27627.55767463033, 24723.05874886404, 34833.25482974911
456, 34929.2672781501, 24666.557188258717, 34929.2672781501, 28576.300393415833, 24707.920072384, 34820.39185160175
457, 34929.2672781501, 24666.557188258717, 34929.2672781501, 27626.650122964078, 24700.68498641191, 34830.354521257934
458, 34929.2672781501, 24666.557188258717, 34929.2672781501, 27814.641330469753, 24714.51313547155, 34831.546118391736
459, 34929.2672781501, 24666.557188258717, 34929.2672781501, 27248.456501225945, 24721.26050672693, 34837.15828303121
460, 34929.2672781501, 24666.557188258717, 34929.2672781501, 28193.435913181074, 24711.39030859822, 34813.69304269987
461, 34929.2672781501, 24666.557188258717, 34929.2672781501, 27626.43237711313, 24722.27976219529, 34825.80509464205
462, 34929.2672781501, 24666.557188258717, 34929.2672781501, 28764.28924893753, 24707.10078619076, 34829.1472805487
463, 34929.2672781501, 24666.557188258717, 34929.2672781501, 28386.22581220529, 24718.592995629257, 34823.20743105227
464, 34929.2672781501, 24666.557188258717, 34929.2672781501, 27626.28311738556, 24719.328181440076, 34827.770959274356
465, 34929.2672781501, 24666.557188258717, 34929.2672781501, 27815.085808606487, 24714.55001910227, 34826.01856864276
466, 34929.2672781501, 24666.557188258717, 34929.2672781501, 27624.744243262936, 24711.28390622831, 34835.59775246134
467, 34929.2672781501, 24666.557188258717, 34929.2672781501, 28195.51113422064, 24715.479713732213, 34824.48049838196
468, 34929.2672781501, 24666.557188258717, 34929.2672781501, 27435.239314661045, 24718.864738329474, 34822.78411711701
469, 34929.2672781501, 24666.557188258717, 34929.2672781501, 27815.251336574365, 24712.29317080957, 34827.54452094
470, 34929.2672781501, 24666.557188258717, 34929.2672781501, 27436.728805814757, 24721.76363035424, 34824.74479005227
471, 34929.2672781501, 24666.557188258717, 34929.2672781501, 28948.581095507943, 24700.44435531574, 34823.41478708902
472, 34929.2672781501, 24666.557188258717, 34929.2672781501, 27626.091902903005, 24717.754675352986, 34830.975711832405
473, 34929.2672781501, 24666.557188258717, 34929.2672781501, 27058.42719086529, 24727.81156345948, 34822.283967648
474, 34929.2672781501, 24666.557188258717, 34929.2672781501, 27812.59975663159, 24712.578893724967, 34831.40547198705
475, 34929.2672781501, 24666.557188258717, 34929.2672781501, 28384.55347138646, 24716.03035275923, 34830.56023547989
476, 34938.254863235, 24664.50651321971, 34938.254863235, 28196.141882663906, 24711.292297434302, 34832.17751823228
477, 34938.254863235, 24664.50651321971, 34938.254863235, 28388.642686902265, 24720.232973046917, 34836.95071480879
478, 34938.254863235, 24664.50651321971, 34938.254863235, 28577.245007961414, 24704.339841243644, 34837.48016660072
479, 34938.254863235, 24664.50651321971, 34938.254863235, 27435.61571388713, 24723.503388036937, 34832.98745286086
480, 34938.254863235, 24664.50651321971, 34938.254863235, 28198.148445256746, 24716.57500290307, 34834.56544741086
481, 34938.254863235, 24664.50651321971, 34938.254863235, 28385.959265561185, 24720.944492851537, 34835.42226192127
482, 34938.254863235, 24664.50651321971, 34938.254863235, 27819.683469553805, 24717.278460998667, 34836.69833710979
483, 34938.254863235, 24664.50651321971, 34938.254863235, 26871.38316549825, 24721.62368298503, 34833.77465279698
484, 34938.254863235, 24664.50651321971, 34938.254863235, 28199.16914829144, 24713.522201316468, 34833.286865569804
485, 34938.254863235, 24664.50651321971, 34938.254863235, 28013.99393667877, 24706.281829725016, 34822.62411692444
486, 34938.254863235, 24664.50651321971, 34938.254863235, 27824.166099549824, 24710.93466166554, 34836.24261167998
487, 34938.254863235, 24664.50651321971, 34938.254863235, 28017.02442487302, 24714.2430426077, 34839.299861923326
488, 34938.254863235, 24664.50651321971, 34938.254863235, 27443.602506169296, 24723.378174329664, 34839.935968613914
489, 34938.254863235, 24664.50651321971, 34938.254863235, 27634.227368934153, 24718.451163042966, 34845.18141750119
490, 34938.254863235, 24664.50651321971, 34938.254863235, 27633.538362197454, 24721.690417855654, 34831.4504252721
491, 34938.254863235, 24664.50651321971, 34938.254863235, 28011.569044825945, 24713.138696533966, 34836.04907901539
492, 34938.254863235, 24664.50651321971, 34938.254863235, 27256.06638416939, 24715.909194208958, 34836.947114507326
493, 34938.254863235, 24664.50651321971, 34938.254863235, 28201.052478213784, 24700.529057326086, 34833.548498979304
494, 34938.254863235, 24664.50651321971, 34938.254863235, 27442.569887808764, 24718.71860513401, 34836.5242263793
495, 34938.254863235, 24664.50651321971, 34938.254863235, 28009.437248464998, 24709.670986637437, 34835.5032041784
496, 34938.254863235, 24664.50651321971, 34938.254863235, 27632.481003338897, 24717.606100889614, 34838.787766805755
497, 34938.254863235, 24664.50651321971, 34938.254863235, 27254.032748578342, 24713.954536262205, 34840.96363817371
498, 34938.254863235, 24664.50651321971, 34938.254863235, 28390.33600561452, 24711.808516092562, 34830.01586551701
499, 34938.254863235, 24664.50651321971, 34938.254863235, 27824.681409638542, 24712.160308826762, 34835.880255040494
500, 34938.254863235, 24664.50651321971, 34938.254863235, 27819.750481872743, 24710.262562087897, 34830.21087847924
