1, 27200.76188030949, 24688.86887601138, 27200.76188030949, 25185.371092768386, 24657.229455313623, 25185.371092768386
2, 27200.76188030949, 24688.86887601138, 27200.76188030949, 25661.66887200107, 24648.87048238228, 25661.66887200107
3, 27200.76188030949, 24688.86887601138, 27200.76188030949, 25838.102820377924, 24631.290794716104, 25838.102820377924
4, 27200.76188030949, 24688.86887601138, 27200.76188030949, 25951.957218078842, 24614.762984497025, 25951.957218078842
5, 27250.143662901606, 24635.727207145814, 27250.143662901606, 26138.930055966965, 24601.657975971466, 26138.930055966965
6, 27286.1634486052, 24666.920249157345, 27286.1634486052, 26238.285115983155, 24595.661155104688, 26238.285115983155
7, 27382.27984694266, 24423.37721717964, 27382.27984694266, 26396.53912686962, 24597.3064499911, 26396.53912686962
8, 27530.7957996027, 24626.229138931194, 27530.7957996027, 26568.180666994187, 24614.525088247367, 26568.180666994187
9, 27638.495162900104, 24416.941043089257, 27638.495162900104, 26607.009450678976, 24625.491763747348, 26607.009450678976
10, 27638.495162900104, 24416.941043089257, 27638.495162900104, 26656.307657861686, 24582.15651136211, 26656.307657861686
11, 27735.077499619107, 24672.704678812755, 27735.077499619107, 26710.663532975068, 24568.718286464435, 26710.663532975068
12, 27813.70365119757, 24228.237901534634, 27813.70365119757, 26783.97070426348, 24573.09245972698, 26783.97070426348
13, 27998.190003544747, 24277.86472085783, 27998.190003544747, 26880.134228105828, 24550.820706829032, 26880.134228105828
14, 28064.43839063578, 24594.895883285528, 28064.43839063578, 26962.07076219987, 24534.15362942997, 26962.07076219987
15, 28274.24940820545, 24635.435732992206, 28274.24940820545, 26978.49377234335, 24537.863279663863, 26978.49377234335
16, 28274.24940820545, 24635.435732992206, 28274.24940820545, 27049.699644323187, 24513.838492136976, 27049.699644323187
17, 28371.347008543104, 24457.350922726368, 28371.347008543104, 27078.710457085577, 24529.82169567783, 27078.710457085577
18, 28530.03474112928, 24376.115020018115, 28530.03474112928, 27209.160445595382, 24533.94688509503, 27209.160445595382
19, 28530.03474112928, 24376.115020018115, 28530.03474112928, 27258.297344754945, 24558.560738177937, 27258.297344754945
20, 28645.2530139494, 24567.44656189721, 28645.2530139494, 27291.75456860336, 24561.43424396886, 27291.75456860336
21, 28645.2530139494, 24567.44656189721, 28645.2530139494, 27371.05917433564, 24579.64195281101, 27371.05917433564
22, 28772.132910123324, 24303.675695545695, 28772.132910123324, 27371.504222821823, 24552.2898876606, 27371.504222821823
23, 28783.4696969713, 24499.51313439817, 28783.4696969713, 27508.93263288748, 24539.620419577426, 27508.93263288748
24, 28797.041248548205, 24216.190970171334, 28797.041248548205, 27558.94372709179, 24513.956515909842, 27558.94372709179
25, 28852.69403478662, 24682.942899726215, 28852.69403478662, 27599.220954094733, 24498.831486048122, 27599.220954094733
26, 29204.43966307153, 24463.6138465038, 29204.43966307153, 27637.933178576423, 24512.044351199496, 27637.933178576423
27, 29204.43966307153, 24463.6138465038, 29204.43966307153, 27714.594788927905, 24471.96691894237, 27714.594788927905
28, 29204.43966307153, 24463.6138465038, 29204.43966307153, 27741.376765743935, 24479.46729689908, 27741.376765743935
29, 29204.43966307153, 24463.6138465038, 29204.43966307153, 27786.190662261335, 24512.067491180445, 27786.190662261335
30, 29301.72156068727, 24459.019892021894, 29301.72156068727, 27869.180345169363, 24497.341483659748, 27869.180345169363
31, 29488.27346057845, 24514.726446520657, 29488.27346057845, 27886.054136071485, 24499.603795619234, 27886.054136071485
32, 29488.27346057845, 24514.726446520657, 29488.27346057845, 27977.835797087417, 24479.78401551994, 27977.835797087417
33, 29488.27346057845, 24514.726446520657, 29488.27346057845, 27941.637224967526, 24469.23760758916, 27941.637224967526
34, 29488.27346057845, 24514.726446520657, 29488.27346057845, 28025.425323532134, 24480.117699221526, 28025.425323532134
35, 29537.894353975895, 24681.350951078948, 29537.894353975895, 28025.98278692348, 24482.05293899957, 28025.98278692348
36, 29554.656129049225, 24631.718682273917, 29554.656129049225, 28038.192084488805, 24472.531068811495, 28038.192084488805
37, 29648.539205580837, 24542.9946135171, 29648.539205580837, 28139.505862742564, 24514.19582197514, 28139.505862742564
38, 29648.539205580837, 24542.9946135171, 29648.539205580837, 28167.868707515863, 24523.079451945807, 28167.868707515863
39, 29648.539205580837, 24542.9946135171, 29648.539205580837, 28155.92818241463, 24532.239875190415, 28155.92818241463
40, 29648.539205580837, 24542.9946135171, 29648.539205580837, 28241.261907752207, 24556.742475157967, 28241.261907752207
41, 29679.092046511832, 24205.433298704047, 29679.092046511832, 28230.726360632125, 24570.84526888467, 28230.726360632125
42, 29723.194505134532, 24562.016258727774, 29723.194505134532, 28216.35751097156, 24575.716260798086, 28216.35751097156
43, 29760.332061283083, 24221.672697491584, 29760.332061283083, 28257.67110866108, 24578.92713755301, 28257.67110866108
44, 29760.332061283083, 24221.672697491584, 29760.332061283083, 28316.6065305229, 24563.106987201187, 28316.6065305229
45, 29907.530788507545, 24360.310910841024, 29907.530788507545, 28317.939773569065, 24555.678078043857, 28317.939773569065
46, 29907.530788507545, 24360.310910841024, 29907.530788507545, 28289.357447949078, 24525.549725842564, 28289.357447949078
47, 29907.530788507545, 24360.310910841024, 29907.530788507545, 28359.650778511488, 24483.264395404356, 28359.650778511488
48, 29911.63558380318, 24504.988192219338, 29911.63558380318, 28385.33919133191, 24484.54414081765, 28385.33919133191
49, 29936.94877059279, 24241.43074293415, 29936.94877059279, 28429.73410621969, 24493.23002017996, 28429.73410621969
50, 30029.637476454085, 24500.46462332977, 30029.637476454085, 28405.409418333016, 24469.296741496608, 28405.409418333016
51, 30029.637476454085, 24500.46462332977, 30029.637476454085, 28492.521340806386, 24506.908171165385, 28492.521340806386
52, 30134.238254900403, 24494.40078041047, 30134.238254900403, 28500.414004176113, 24486.943785193238, 28500.414004176113
53, 30134.238254900403, 24494.40078041047, 30134.238254900403, 28528.209357629552, 24470.400038995398, 28528.209357629552
54, 30263.98350571356, 24192.15977128204, 30263.98350571356, 28521.355123225105, 24481.793635459933, 28521.355123225105
55, 30263.98350571356, 24192.15977128204, 30263.98350571356, 28529.63020965004, 24488.891948042656, 28529.63020965004
56, 30269.450703719845, 24114.127263418224, 30269.450703719845, 28621.497579984727, 24485.155412062537, 28621.497579984727
57, 30269.450703719845, 24114.127263418224, 30269.450703719845, 28628.514205687246, 24505.595161583107, 28628.514205687246
58, 30269.450703719845, 24114.127263418224, 30269.450703719845, 28631.85375116642, 24499.36879950603, 28631.85375116642
59, 30340.32994526699, 24439.970126103566, 30340.32994526699, 28648.076554973497, 24539.074504466345, 28648.076554973497
60, 30371.692692291457, 24474.23761417566, 30371.692692291457, 28670.026192556834, 24515.78835070233, 28670.026192556834
61, 30371.692692291457, 24474.23761417566, 30371.692692291457, 28726.804841615187, 24488.484925034078, 28726.804841615187
62, 30432.47388603521, 24541.735993161336, 30432.47388603521, 28728.036775525405, 24448.420061652054, 28728.036775525405
63, 30432.47388603521, 24541.735993161336, 30432.47388603521, 28751.377945703698, 24465.999301673506, 28751.377945703698
64, 30437.138880234706, 24432.051961072804, 30437.138880234706, 28774.718010262266, 24484.743387279854, 28774.718010262266
65, 30437.138880234706, 24432.051961072804, 30437.138880234706, 28759.439416074394, 24505.121597843994, 28759.439416074394
66, 30437.138880234706, 24432.051961072804, 30437.138880234706, 28779.367067596275, 24484.901657092807, 28779.367067596275
67, 30503.482541667414, 24160.041733652437, 30503.482541667414, 28843.27623277366, 24500.792470630153, 28843.27623277366
68, 30616.932712391797, 24297.832814173937, 30616.932712391797, 28847.43742983938, 24496.938873974486, 28847.43742983938
69, 30648.97035308509, 24529.648489969233, 30648.97035308509, 28901.390779568716, 24536.00481199943, 28901.390779568716
70, 30779.223810610598, 24471.837131667642, 30779.223810610598, 28870.670694857592, 24514.369236696642, 28870.670694857592
71, 30779.223810610598, 24471.837131667642, 30779.223810610598, 28920.458630854475, 24482.020954918436, 28920.458630854475
72, 30779.223810610598, 24471.837131667642, 30779.223810610598, 28920.3296931242, 24469.64477585637, 28920.3296931242
73, 30779.223810610598, 24471.837131667642, 30779.223810610598, 28941.166084342898, 24490.26140533459, 28941.166084342898
74, 30779.223810610598, 24471.837131667642, 30779.223810610598, 28947.06451760232, 24509.930529904683, 28947.06451760232
75, 30779.223810610598, 24471.837131667642, 30779.223810610598, 28966.98455878913, 24530.08576987228, 28966.98455878913
76, 30881.18964076111, 24435.58704319195, 30881.18964076111, 29062.394583729878, 24480.147062174383, 29062.394583729878
77, 30881.18964076111, 24435.58704319195, 30881.18964076111, 29042.63007597729, 24497.21635163348, 29042.63007597729
78, 30881.18964076111, 24435.58704319195, 30881.18964076111, 29087.166638526804, 24514.31504864587, 29087.166638526804
79, 30973.340878066392, 24667.326090611652, 30973.340878066392, 29050.445274274203, 24530.027446138305, 29050.445274274203
80, 30986.417060354343, 24410.038235746684, 30986.417060354343, 29145.904359112395, 24534.450684697196, 29145.904359112395
81, 31086.992612463346, 24396.353671164878, 31086.992612463346, 29137.673027514902, 24540.516109534394, 29137.673027514902
82, 31086.992612463346, 24396.353671164878, 31086.992612463346, 29136.127970760466, 24551.346968090776, 29136.127970760466
83, 31086.992612463346, 24396.353671164878, 31086.992612463346, 29213.482648446137, 24539.32237196113, 29213.482648446137
84, 31086.992612463346, 24396.353671164878, 31086.992612463346, 29200.766975975097, 24557.589717572722, 29200.766975975097
85, 31086.992612463346, 24396.353671164878, 31086.992612463346, 29269.228599130503, 24576.708843834993, 29269.228599130503
86, 31192.23118057691, 24559.986700313468, 31192.23118057691, 29231.017441354936, 24565.957775652714, 29231.017441354936
87, 31192.23118057691, 24559.986700313468, 31192.23118057691, 29261.917001352267, 24502.56573748003, 29261.917001352267
88, 31192.23118057691, 24559.986700313468, 31192.23118057691, 29296.155545073427, 24484.554137067604, 29296.155545073427
89, 31206.130075494668, 24395.673590788418, 31206.130075494668, 29354.037102314112, 24474.599958295265, 29354.037102314112
90, 31237.329720034253, 24495.162140082262, 31237.329720034253, 29291.02721390258, 24472.149586734722, 29291.02721390258
91, 31237.329720034253, 24495.162140082262, 31237.329720034253, 29283.29061290329, 24471.809034320006, 29283.29061290329
92, 31237.329720034253, 24495.162140082262, 31237.329720034253, 29336.32140860432, 24473.37487404241, 29336.32140860432
93, 31237.329720034253, 24495.162140082262, 31237.329720034253, 29319.388754725187, 24481.49104814456, 29319.388754725187
94, 31308.314729017344, 24404.39923323866, 31308.314729017344, 29351.289428214728, 24470.82478704329, 29351.289428214728
95, 31308.314729017344, 24404.39923323866, 31308.314729017344, 29339.063195934017, 24470.823253307106, 29339.063195934017
96, 31308.314729017344, 24404.39923323866, 31308.314729017344, 29403.232650503647, 24526.962019270333, 29403.232650503647
97, 31346.07978496949, 24285.08637341243, 31346.07978496949, 29391.77271364531, 24531.478078139982, 29391.77271364531
98, 31346.07978496949, 24285.08637341243, 31346.07978496949, 29380.77957316884, 24485.547547707367, 29380.77957316884
99, 31416.428532740934, 24685.059304013175, 31416.428532740934, 29393.86591331275, 24445.80039984485, 29393.86591331275
100, 31416.428532740934, 24685.059304013175, 31416.428532740934, 29365.243946723436, 24437.966339976123, 29365.243946723436
101, 31416.428532740934, 24685.059304013175, 31416.428532740934, 29392.558028287855, 24430.61907195745, 29392.558028287855
102, 31416.428532740934, 24685.059304013175, 31416.428532740934, 29497.678401197125, 24387.30270336846, 29497.678401197125
103, 31416.428532740934, 24685.059304013175, 31416.428532740934, 29474.574700677345, 24465.628125999927, 29474.574700677345
104, 31449.84851731872, 24107.506628338277, 31449.84851731872, 29476.763701803204, 24523.55119672081, 29476.763701803204
105, 31449.84851731872, 24107.506628338277, 31449.84851731872, 29498.78796249869, 24499.804726372236, 29498.78796249869
106, 31473.855663065227, 24635.126093073275, 31473.855663065227, 29523.80536927774, 24519.90834736219, 29523.80536927774
107, 31504.580282430652, 24210.588815563107, 31504.580282430652, 29618.128967545395, 24623.909987351402, 29618.128967545395
108, 31504.580282430652, 24210.588815563107, 31504.580282430652, 29547.986313801986, 24621.041017781106, 29547.986313801986
109, 31504.580282430652, 24210.588815563107, 31504.580282430652, 29542.32311909301, 24590.39441645321, 29542.32311909301
110, 31504.580282430652, 24210.588815563107, 31504.580282430652, 29536.102784041286, 24545.98503480054, 29536.102784041286
111, 31508.86291773013, 24373.284293352233, 31508.86291773013, 29550.427444468016, 24472.590677342876, 29550.427444468016
112, 31508.86291773013, 24373.284293352233, 31508.86291773013, 29594.14790794978, 24359.641884668716, 29594.14790794978
113, 31508.86291773013, 24373.284293352233, 31508.86291773013, 29576.119505499883, 24419.666049358286, 29576.119505499883
114, 31513.624575081005, 24129.35571603621, 31513.624575081005, 29587.407659687884, 24496.677108190706, 29587.407659687884
115, 31513.624575081005, 24129.35571603621, 31513.624575081005, 29561.77884951487, 24541.818352677066, 29561.77884951487
116, 31605.536899387676, 24224.30566713929, 31605.536899387676, 29538.040129152505, 24479.887568939608, 29538.040129152505
117, 31605.536899387676, 24224.30566713929, 31605.536899387676, 29581.588973672515, 24428.975227923933, 29581.588973672515
118, 31713.576465686754, 24511.726898983634, 31713.576465686754, 29606.429061872153, 24392.339530614277, 29606.429061872153
119, 31713.576465686754, 24511.726898983634, 31713.576465686754, 29606.4092986439, 24426.806235184482, 29606.4092986439
120, 31713.576465686754, 24511.726898983634, 31713.576465686754, 29641.454739925786, 24454.08735100685, 29641.454739925786
121, 31713.576465686754, 24511.726898983634, 31713.576465686754, 29648.242934515514, 24453.498183089836, 29648.242934515514
122, 31756.18756155822, 24297.947384139396, 31756.18756155822, 29602.511966293914, 24452.6250978351, 29602.511966293914
123, 31756.18756155822, 24297.947384139396, 31756.18756155822, 29652.43227312631, 24440.051298376642, 29652.43227312631
124, 31771.299094537877, 24455.30046351404, 31771.299094537877, 29712.426114018494, 24390.22640821388, 29712.426114018494
125, 31771.299094537877, 24455.30046351404, 31771.299094537877, 29643.60118500832, 24358.842553332128, 29643.60118500832
126, 31771.299094537877, 24455.30046351404, 31771.299094537877, 29708.846029051085, 24345.436882055532, 29708.846029051085
127, 31808.400654169945, 24364.06937995973, 31808.400654169945, 29763.51242193387, 24346.722195388735, 29763.51242193387
128, 31808.400654169945, 24364.06937995973, 31808.400654169945, 29753.795095030495, 24379.58725127172, 29753.795095030495
129, 31921.26910598267, 23885.17915427966, 31921.26910598267, 29763.251270219364, 24441.450298726628, 29763.251270219364
130, 31921.26910598267, 23885.17915427966, 31921.26910598267, 29773.61566661792, 24466.45991210192, 29773.61566661792
131, 31921.26910598267, 23885.17915427966, 31921.26910598267, 29816.191328350276, 24477.337979894204, 29816.191328350276
132, 31921.26910598267, 23885.17915427966, 31921.26910598267, 29764.85652023976, 24445.165662062904, 29764.85652023976
133, 31941.017146491904, 23982.524532498468, 31941.017146491904, 29822.385920674107, 24443.845332261677, 29822.385920674107
134, 31951.05431532701, 24291.15329996725, 31951.05431532701, 29805.778882828356, 24492.775579038047, 29805.778882828356
135, 31963.692013033116, 23959.2978207298, 31963.692013033116, 29797.36228587252, 24461.617986656507, 29797.36228587252
136, 31963.692013033116, 23959.2978207298, 31963.692013033116, 29835.263492390946, 24437.996583155476, 29835.263492390946
137, 31963.692013033116, 23959.2978207298, 31963.692013033116, 29864.252258682776, 24399.032403187754, 29864.252258682776
138, 31963.692013033116, 23959.2978207298, 31963.692013033116, 29909.04660889825, 24332.19996225656, 29909.04660889825
139, 31963.692013033116, 23959.2978207298, 31963.692013033116, 29913.038962907336, 24311.42214187659, 29913.038962907336
140, 31963.692013033116, 23959.2978207298, 31963.692013033116, 29894.2319509915, 24227.010916741005, 29894.2319509915
141, 31963.692013033116, 23959.2978207298, 31963.692013033116, 29923.1134796732, 24191.84254704015, 29923.1134796732
142, 32050.645681422506, 24066.912852082292, 32050.645681422506, 29899.443333593736, 24211.322731231452, 29899.443333593736
143, 32050.645681422506, 24066.912852082292, 32050.645681422506, 29934.887670692144, 24213.072988420427, 29934.887670692144
144, 32050.645681422506, 24066.912852082292, 32050.645681422506, 29902.64916614046, 24181.175138782713, 29902.64916614046
145, 32050.645681422506, 24066.912852082292, 32050.645681422506, 29959.238677320616, 24188.40875289265, 29959.238677320616
146, 32117.641293258024, 24220.770961241185, 32117.641293258024, 29953.817730647977, 24212.309327362585, 29953.817730647977
147, 32117.641293258024, 24220.770961241185, 32117.641293258024, 29954.05444273811, 24234.74190961215, 29954.05444273811
148, 32117.641293258024, 24220.770961241185, 32117.641293258024, 29970.209455156866, 24276.575137071908, 29970.209455156866
149, 32117.641293258024, 24220.770961241185, 32117.641293258024, 29951.650183949834, 24292.14671964948, 29951.650183949834
150, 32117.641293258024, 24220.770961241185, 32117.641293258024, 29973.877517021483, 24316.419234297868, 29973.877517021483
151, 32166.05954560409, 24589.249451086573, 32166.05954560409, 29968.699130681223, 24317.458389594874, 29968.699130681223
152, 32166.05954560409, 24589.249451086573, 32166.05954560409, 29988.897616969567, 24258.13903358181, 29988.897616969567
153, 32166.05954560409, 24589.249451086573, 32166.05954560409, 30015.748347358483, 24266.051306193505, 30015.748347358483
154, 32166.05954560409, 24589.249451086573, 32166.05954560409, 29953.061715627726, 24281.405706074485, 29953.061715627726
155, 32166.05954560409, 24589.249451086573, 32166.05954560409, 29989.563516252205, 24301.652040808316, 29989.563516252205
156, 32166.05954560409, 24589.249451086573, 32166.05954560409, 30017.407070143985, 24331.764242008325, 30017.407070143985
157, 32166.05954560409, 24589.249451086573, 32166.05954560409, 30073.08310822076, 24392.744760899834, 30073.08310822076
158, 32166.05954560409, 24589.249451086573, 32166.05954560409, 30039.762500595563, 24483.044782236597, 30039.762500595563
159, 32166.05954560409, 24589.249451086573, 32166.05954560409, 30028.938440234517, 24488.616956781967, 30028.938440234517
160, 32166.05954560409, 24589.249451086573, 32166.05954560409, 30034.559170562843, 24469.828053665762, 30034.559170562843
161, 32166.05954560409, 24589.249451086573, 32166.05954560409, 30087.88799195664, 24525.848913312147, 30087.88799195664
162, 32173.32496849358, 24545.207113992976, 32173.32496849358, 30079.452820712948, 24609.90166883126, 30079.452820712948
163, 32173.32496849358, 24545.207113992976, 32173.32496849358, 30078.640500937225, 24609.06144942723, 30078.640500937225
164, 32212.536172668635, 24564.09017482534, 32212.536172668635, 30091.19681826246, 24607.996569214225, 30091.19681826246
165, 32232.294658550338, 24449.8014746944, 32232.294658550338, 30090.70844056655, 24606.091099074063, 30090.70844056655
166, 32232.294658550338, 24449.8014746944, 32232.294658550338, 30033.40798835057, 24604.782099296437, 30033.40798835057
167, 32232.294658550338, 24449.8014746944, 32232.294658550338, 30053.931370690498, 24600.703017024694, 30053.931370690498
168, 32232.294658550338, 24449.8014746944, 32232.294658550338, 30060.12440823334, 24595.759829984498, 30060.12440823334
169, 32232.294658550338, 24449.8014746944, 32232.294658550338, 30098.17606336695, 24589.933184827605, 30098.17606336695
170, 32295.52865128011, 24616.632787300183, 32295.52865128011, 30098.1263955326, 24576.265278272796, 30098.1263955326
171, 32295.52865128011, 24616.632787300183, 32295.52865128011, 30108.02813042852, 24569.30314173867, 30108.02813042852
172, 32295.52865128011, 24616.632787300183, 32295.52865128011, 30108.554185062818, 24564.099183100956, 30108.554185062818
173, 32295.52865128011, 24616.632787300183, 32295.52865128011, 30101.61629779193, 24554.011931564863, 30101.61629779193
174, 32295.52865128011, 24616.632787300183, 32295.52865128011, 30069.524599116183, 24570.398003875234, 30069.524599116183
175, 32295.52865128011, 24616.632787300183, 32295.52865128011, 30122.926153036206, 24556.87916596333, 30122.926153036206
176, 32295.993443762545, 24659.721633389083, 32295.993443762545, 30146.104634890286, 24532.71231422665, 30146.104634890286
177, 32295.993443762545, 24659.721633389083, 32295.993443762545, 30113.27650496796, 24539.5824458844, 30113.27650496796
178, 32295.993443762545, 24659.721633389083, 32295.993443762545, 30139.65548691744, 24551.804185875702, 30139.65548691744
179, 32295.993443762545, 24659.721633389083, 32295.993443762545, 30174.517500696405, 24575.71032897785, 30174.517500696405
180, 32295.993443762545, 24659.721633389083, 32295.993443762545, 30192.02422314314, 24626.313299207915, 30192.02422314314
181, 32295.993443762545, 24659.721633389083, 32295.993443762545, 30169.874188822494, 24629.671448040783, 30169.874188822494
182, 32295.993443762545, 24659.721633389083, 32295.993443762545, 30152.031701604315, 24629.35581618797, 30152.031701604315
183, 32295.993443762545, 24659.721633389083, 32295.993443762545, 30195.25695288502, 24630.45768908563, 30195.25695288502
184, 32295.993443762545, 24659.721633389083, 32295.993443762545, 30134.713863228244, 24632.988277463082, 30134.713863228244
185, 32295.993443762545, 24659.721633389083, 32295.993443762545, 30196.82585315142, 24635.718526277844, 30196.82585315142
186, 32316.086263287223, 24677.663653233052, 32316.086263287223, 30139.60638061761, 24639.793853699015, 30139.60638061761
187, 32378.96099649228, 24610.247011971645, 32378.96099649228, 30142.302932418053, 24645.254299435383, 30142.302932418053
188, 32378.96099649228, 24610.247011971645, 32378.96099649228, 30148.02615876883, 24653.647928756774, 30148.02615876883
189, 32378.96099649228, 24610.247011971645, 32378.96099649228, 30177.84138792258, 24657.868382519482, 30177.84138792258
190, 32378.96099649228, 24610.247011971645, 32378.96099649228, 30196.384285691183, 24655.922874541633, 30196.384285691183
191, 32395.250952334052, 24674.686633984056, 32395.250952334052, 30162.307730898425, 24652.818767946945, 30162.307730898425
192, 32395.250952334052, 24674.686633984056, 32395.250952334052, 30193.868463424784, 24648.589630000308, 30193.868463424784
193, 32395.250952334052, 24674.686633984056, 32395.250952334052, 30194.89479217945, 24639.390420367177, 30194.89479217945
194, 32395.250952334052, 24674.686633984056, 32395.250952334052, 30190.095988326284, 24631.248078197787, 30190.095988326284
195, 32422.259770650155, 24619.977442004503, 32422.259770650155, 30206.54548627432, 24624.845565883144, 30206.54548627432
196, 32422.259770650155, 24619.977442004503, 32422.259770650155, 30161.193342534505, 24625.747207996137, 30161.193342534505
197, 32422.259770650155, 24619.977442004503, 32422.259770650155, 30196.4378959412, 24627.293089672978, 30196.4378959412
198, 32422.259770650155, 24619.977442004503, 32422.259770650155, 30225.511512301717, 24628.948530831127, 30225.511512301717
199, 32422.259770650155, 24619.977442004503, 32422.259770650155, 30180.940839286624, 24628.81947505997, 30180.940839286624
200, 32422.259770650155, 24619.977442004503, 32422.259770650155, 30234.633165057036, 24632.67136585549, 30234.633165057036
201, 32422.259770650155, 24619.977442004503, 32422.259770650155, 30188.003555329444, 24635.642587116305, 30188.003555329444
202, 32422.259770650155, 24619.977442004503, 32422.259770650155, 30235.843146716714, 24643.9463427174, 30235.843146716714
203, 32422.259770650155, 24619.977442004503, 32422.259770650155, 30268.413020070187, 24651.01553630875, 30268.413020070187
204, 32422.259770650155, 24619.977442004503, 32422.259770650155, 30231.402845764052, 24641.247462132153, 30231.402845764052
205, 32422.259770650155, 24619.977442004503, 32422.259770650155, 30248.06384194875, 24626.82134808021, 30248.06384194875
206, 32422.259770650155, 24619.977442004503, 32422.259770650155, 30255.056261622252, 24630.478262609086, 30255.056261622252
207, 32422.259770650155, 24619.977442004503, 32422.259770650155, 30264.863209930285, 24630.608242476897, 30264.863209930285
208, 32550.62555893899, 24515.161417156356, 32550.62555893899, 30188.809970431834, 24629.726406714915, 30188.809970431834
209, 32561.568634874744, 24458.411046886577, 32561.568634874744, 30244.60866177045, 24629.856452404223, 30244.60866177045
210, 32561.568634874744, 24458.411046886577, 32561.568634874744, 30271.260836972342, 24627.64607922611, 30271.260836972342
211, 32561.568634874744, 24458.411046886577, 32561.568634874744, 30229.076743624457, 24627.314745110227, 30229.076743624457
212, 32561.568634874744, 24458.411046886577, 32561.568634874744, 30247.725731506973, 24626.450263002294, 30247.725731506973
213, 32561.568634874744, 24458.411046886577, 32561.568634874744, 30251.30688090747, 24623.0241254229, 30251.30688090747
214, 32561.568634874744, 24458.411046886577, 32561.568634874744, 30240.245283572618, 24618.110042100456, 30240.245283572618
215, 32561.568634874744, 24458.411046886577, 32561.568634874744, 30282.935497217524, 24607.60765510281, 30282.935497217524
216, 32561.568634874744, 24458.411046886577, 32561.568634874744, 30306.22746842509, 24597.969868832966, 30306.22746842509
217, 32561.568634874744, 24458.411046886577, 32561.568634874744, 30300.75401996329, 24572.6271468563, 30300.75401996329
218, 32716.355084872743, 24491.614731152968, 32716.355084872743, 30251.421725259766, 24561.90205947988, 30251.421725259766
219, 32716.355084872743, 24491.614731152968, 32716.355084872743, 30332.45010999189, 24548.377570240853, 30332.45010999189
220, 32716.355084872743, 24491.614731152968, 32716.355084872743, 30308.869909245823, 24541.19523500601, 30308.869909245823
221, 32716.355084872743, 24491.614731152968, 32716.355084872743, 30319.996524048303, 24533.146659326903, 30319.996524048303
222, 32716.355084872743, 24491.614731152968, 32716.355084872743, 30417.548213885948, 24525.223850658433, 30417.548213885948
223, 32716.355084872743, 24491.614731152968, 32716.355084872743, 30353.35987768239, 24525.55214555211, 30353.35987768239
224, 32716.355084872743, 24491.614731152968, 32716.355084872743, 30338.903820071664, 24530.846210129726, 30338.903820071664
225, 32716.355084872743, 24491.614731152968, 32716.355084872743, 30337.67978217133, 24542.031921167556, 30337.67978217133
226, 32719.36258029456, 24420.017996982904, 32719.36258029456, 30383.155853833385, 24554.946788539448, 30383.155853833385
227, 32719.36258029456, 24420.017996982904, 32719.36258029456, 30392.515021610518, 24550.26689878151, 30392.515021610518
228, 32794.81584507217, 24462.013727045793, 32794.81584507217, 30407.54143494574, 24539.653496843635, 30407.54143494574
229, 32794.81584507217, 24462.013727045793, 32794.81584507217, 30494.526831323914, 24541.314669935786, 30494.526831323914
230, 32794.81584507217, 24462.013727045793, 32794.81584507217, 30449.863005955118, 24537.303482082974, 30449.863005955118
231, 32794.81584507217, 24462.013727045793, 32794.81584507217, 30470.918173917, 24532.48156475604, 30470.918173917
232, 32794.81584507217, 24462.013727045793, 32794.81584507217, 30455.484675068546, 24527.099864565615, 30455.484675068546
233, 32860.698530405505, 24477.268291728342, 32860.698530405505, 30472.010971921, 24520.301671319045, 30472.010971921
234, 32860.698530405505, 24477.268291728342, 32860.698530405505, 30447.270121775055, 24508.835204535895, 30447.270121775055
235, 32860.698530405505, 24477.268291728342, 32860.698530405505, 30451.266631205202, 24512.11709927604, 30451.266631205202
236, 32860.698530405505, 24477.268291728342, 32860.698530405505, 30406.017088611505, 24527.426995637208, 30406.017088611505
237, 32860.698530405505, 24477.268291728342, 32860.698530405505, 30486.891733331777, 24550.475074490954, 30486.891733331777
238, 32860.698530405505, 24477.268291728342, 32860.698530405505, 30450.13461498512, 24540.79078280596, 30450.13461498512
239, 32860.698530405505, 24477.268291728342, 32860.698530405505, 30508.51914888727, 24526.91019911227, 30508.51914888727
240, 32860.698530405505, 24477.268291728342, 32860.698530405505, 30469.217813452928, 24521.16180693386, 30469.217813452928
241, 32860.698530405505, 24477.268291728342, 32860.698530405505, 30535.389187703142, 24522.03767459677, 30535.389187703142
242, 32860.698530405505, 24477.268291728342, 32860.698530405505, 30539.38192323442, 24523.412713867616, 30539.38192323442
243, 32961.2329650064, 24685.961812267375, 32961.2329650064, 30546.186758967826, 24523.58706378747, 30546.186758967826
244, 32961.2329650064, 24685.961812267375, 32961.2329650064, 30540.791251350725, 24531.45464525492, 30540.791251350725
245, 32961.2329650064, 24685.961812267375, 32961.2329650064, 30553.241584490985, 24534.83692570747, 30553.241584490985
246, 32961.2329650064, 24685.961812267375, 32961.2329650064, 30545.386812294004, 24536.391016599453, 30545.386812294004
247, 32961.2329650064, 24685.961812267375, 32961.2329650064, 30548.516896633144, 24540.210814528553, 30548.516896633144
248, 32961.2329650064, 24685.961812267375, 32961.2329650064, 30586.52250951683, 24548.997364139956, 30586.52250951683
249, 32961.2329650064, 24685.961812267375, 32961.2329650064, 30559.43891313655, 24557.373085098392, 30559.43891313655
250, 32961.2329650064, 24685.961812267375, 32961.2329650064, 30544.169079519997, 24574.843261980757, 30544.169079519997
251, 32961.2329650064, 24685.961812267375, 32961.2329650064, 30558.609485351677, 24602.775517988055, 30558.609485351677
252, 32961.2329650064, 24685.961812267375, 32961.2329650064, 30547.126581182903, 24617.014150450355, 30547.126581182903
253, 32961.2329650064, 24685.961812267375, 32961.2329650064, 30605.990819652518, 24616.007526632086, 30605.990819652518
254, 32961.2329650064, 24685.961812267375, 32961.2329650064, 30584.64762982108, 24660.606193518284, 30584.64762982108
255, 32961.2329650064, 24685.961812267375, 32961.2329650064, 30573.954756818435, 24677.974263798307, 30573.954756818435
256, 32961.2329650064, 24685.961812267375, 32961.2329650064, 30590.44219633711, 24676.69323254235, 30590.44219633711
257, 32979.34964333148, 24682.145521379785, 32979.34964333148, 30649.479173759835, 24676.740727031403, 30649.479173759835
258, 32979.34964333148, 24682.145521379785, 32979.34964333148, 30681.11841268934, 24677.787595127746, 30681.11841268934
259, 32979.34964333148, 24682.145521379785, 32979.34964333148, 30612.861798315065, 24677.485472681514, 30612.861798315065
260, 32979.83690319727, 24668.630746719664, 32979.83690319727, 30615.11002915758, 24676.832627732307, 30615.11002915758
261, 32979.83690319727, 24668.630746719664, 32979.83690319727, 30624.119681701668, 24677.097976603724, 30624.119681701668
262, 32979.83690319727, 24668.630746719664, 32979.83690319727, 30644.77155525816, 24676.906979181294, 30644.77155525816
263, 32979.83690319727, 24668.630746719664, 32979.83690319727, 30671.946866622333, 24676.35445757166, 30671.946866622333
264, 32979.83690319727, 24668.630746719664, 32979.83690319727, 30674.37310196237, 24675.945475295484, 30674.37310196237
265, 32979.83690319727, 24668.630746719664, 32979.83690319727, 30618.23156824164, 24675.42811938352, 30618.23156824164
266, 32979.83690319727, 24668.630746719664, 32979.83690319727, 30599.298761454505, 24673.330302922102, 30599.298761454505
267, 32989.46227988466, 24573.069809839977, 32989.46227988466, 30657.12042172682, 24671.63210225756, 30657.12042172682
268, 32989.46227988466, 24573.069809839977, 32989.46227988466, 30676.030806699884, 24669.880234657216, 30676.030806699884
269, 32989.46227988466, 24573.069809839977, 32989.46227988466, 30639.59951686779, 24663.25519835649, 30639.59951686779
270, 32989.46227988466, 24573.069809839977, 32989.46227988466, 30593.687408613656, 24660.065458150326, 30593.687408613656
271, 32989.46227988466, 24573.069809839977, 32989.46227988466, 30625.576319943048, 24655.67979427417, 30625.576319943048
272, 32989.46227988466, 24573.069809839977, 32989.46227988466, 30617.435304630184, 24648.5267453887, 30617.435304630184
273, 32989.46227988466, 24573.069809839977, 32989.46227988466, 30617.595572974755, 24634.896209498573, 30617.595572974755
274, 32989.46227988466, 24573.069809839977, 32989.46227988466, 30649.519699793236, 24619.100113543063, 30649.519699793236
275, 33018.40879324539, 24649.05237576604, 33018.40879324539, 30701.560516254773, 24597.529488728265, 30701.560516254773
276, 33018.40879324539, 24649.05237576604, 33018.40879324539, 30615.45365671799, 24600.36266615872, 30615.45365671799
277, 33018.40879324539, 24649.05237576604, 33018.40879324539, 30658.537388594672, 24601.90462555346, 30658.537388594672
278, 33018.40879324539, 24649.05237576604, 33018.40879324539, 30644.027443147996, 24605.008789645894, 30644.027443147996
279, 33018.40879324539, 24649.05237576604, 33018.40879324539, 30676.704992928946, 24612.959658290027, 30676.704992928946
280, 33018.40879324539, 24649.05237576604, 33018.40879324539, 30671.4916714318, 24620.070754616783, 30671.4916714318
281, 33081.318314571545, 24349.661925284887, 33081.318314571545, 30648.8268770736, 24632.02923942683, 30648.8268770736
282, 33092.84277235582, 24524.893380277044, 33092.84277235582, 30670.175392823374, 24643.214139985033, 30670.175392823374
283, 33092.84277235582, 24524.893380277044, 33092.84277235582, 30711.96961022069, 24641.23006173532, 30711.96961022069
284, 33092.84277235582, 24524.893380277044, 33092.84277235582, 30689.010485371553, 24639.81911155409, 30689.010485371553
285, 33092.84277235582, 24524.893380277044, 33092.84277235582, 30674.43841836411, 24638.607570624194, 30674.43841836411
286, 33092.84277235582, 24524.893380277044, 33092.84277235582, 30706.117891888618, 24628.104644453768, 30706.117891888618
287, 33092.84277235582, 24524.893380277044, 33092.84277235582, 30682.663262761012, 24612.6730154789, 30682.663262761012
288, 33158.94920317447, 24673.322195987515, 33158.94920317447, 30683.160089628138, 24586.716237900215, 30683.160089628138
289, 33158.94920317447, 24673.322195987515, 33158.94920317447, 30683.035289722648, 24547.80824931634, 30683.035289722648
290, 33158.94920317447, 24673.322195987515, 33158.94920317447, 30680.409949144894, 24468.21269842967, 30680.409949144894
291, 33158.94920317447, 24673.322195987515, 33158.94920317447, 30698.5085625328, 24460.291349734245, 30698.5085625328
292, 33158.94920317447, 24673.322195987515, 33158.94920317447, 30721.459379213564, 24467.525014697025, 30721.459379213564
293, 33158.94920317447, 24673.322195987515, 33158.94920317447, 30745.89463990625, 24481.82390305141, 30745.89463990625
294, 33158.94920317447, 24673.322195987515, 33158.94920317447, 30752.017972514866, 24502.687486747218, 30752.017972514866
295, 33165.50199867948, 24567.515198269088, 33165.50199867948, 30723.676590249375, 24553.822187632042, 30723.676590249375
296, 33165.50199867948, 24567.515198269088, 33165.50199867948, 30763.037920576004, 24611.14638607538, 30763.037920576004
297, 33165.50199867948, 24567.515198269088, 33165.50199867948, 30763.840633292493, 24636.308856925047, 30763.840633292493
298, 33165.50199867948, 24567.515198269088, 33165.50199867948, 30744.623755606517, 24663.133672777378, 30744.623755606517
299, 33281.562713340354, 24655.149902590925, 33281.562713340354, 30751.820516337728, 24659.64572421681, 30751.820516337728
300, 33281.562713340354, 24655.149902590925, 33281.562713340354, 30768.35101403514, 24655.986264405255, 30768.35101403514
301, 33281.562713340354, 24655.149902590925, 33281.562713340354, 30753.313884103234, 24648.159063212028, 30753.313884103234
302, 33281.562713340354, 24655.149902590925, 33281.562713340354, 30790.636104325742, 24632.5507914998, 30790.636104325742
303, 33281.562713340354, 24655.149902590925, 33281.562713340354, 30784.687629528547, 24613.0763579455, 30784.687629528547
304, 33281.562713340354, 24655.149902590925, 33281.562713340354, 30782.936924671194, 24599.064155415494, 30782.936924671194
305, 33281.562713340354, 24655.149902590925, 33281.562713340354, 30759.26680794499, 24598.854984844773, 30759.26680794499
306, 33281.562713340354, 24655.149902590925, 33281.562713340354, 30766.953694308213, 24603.94114712364, 30766.953694308213
307, 33281.562713340354, 24655.149902590925, 33281.562713340354, 30771.46955624693, 24607.92653704358, 30771.46955624693
308, 33281.562713340354, 24655.149902590925, 33281.562713340354, 30783.536882460685, 24616.38620918728, 30783.536882460685
309, 33281.562713340354, 24655.149902590925, 33281.562713340354, 30825.041613570636, 24627.698797952205, 30825.041613570636
310, 33281.562713340354, 24655.149902590925, 33281.562713340354, 30829.967097941953, 24649.43710688197, 30829.967097941953
311, 33281.562713340354, 24655.149902590925, 33281.562713340354, 30815.97150074233, 24655.67744265796, 30815.97150074233
312, 33281.562713340354, 24655.149902590925, 33281.562713340354, 30814.01876466883, 24654.67703662548, 30814.01876466883
313, 33282.04926918105, 24467.576934029916, 33282.04926918105, 30858.03362371014, 24654.954994985295, 30858.03362371014
314, 33282.04926918105, 24467.576934029916, 33282.04926918105, 30860.930036679038, 24655.879300547676, 30860.930036679038
315, 33282.04926918105, 24467.576934029916, 33282.04926918105, 30876.77617087455, 24651.726726551526, 30876.77617087455
316, 33282.04926918105, 24467.576934029916, 33282.04926918105, 30831.486470780947, 24652.33039451691, 30831.486470780947
317, 33282.04926918105, 24467.576934029916, 33282.04926918105, 30814.141569141866, 24652.045360957523, 30814.141569141866
318, 33282.04926918105, 24467.576934029916, 33282.04926918105, 30844.29969746325, 24650.075921826832, 30844.29969746325
319, 33282.04926918105, 24467.576934029916, 33282.04926918105, 30869.442648644083, 24646.473246884754, 30869.442648644083
320, 33282.04926918105, 24467.576934029916, 33282.04926918105, 30858.280718756876, 24643.572942829618, 30858.280718756876
321, 33282.04926918105, 24467.576934029916, 33282.04926918105, 30853.053642940427, 24640.936717739878, 30853.053642940427
322, 33282.04926918105, 24467.576934029916, 33282.04926918105, 30842.11895316842, 24635.516918638627, 30842.11895316842
323, 33282.04926918105, 24467.576934029916, 33282.04926918105, 30868.2719920742, 24618.044095799032, 30868.2719920742
324, 33282.04926918105, 24467.576934029916, 33282.04926918105, 30887.128435297604, 24588.866929789572, 30887.128435297604
325, 33282.04926918105, 24467.576934029916, 33282.04926918105, 30839.75935285734, 24549.89211997529, 30839.75935285734
326, 33323.91376194651, 24303.442562596938, 33323.91376194651, 30860.972079440126, 24523.164016644692, 30860.972079440126
327, 33323.91376194651, 24303.442562596938, 33323.91376194651, 30833.777202511155, 24521.681099056837, 30833.777202511155
328, 33323.91376194651, 24303.442562596938, 33323.91376194651, 30879.109758456074, 24524.3731130875, 30879.109758456074
329, 33323.91376194651, 24303.442562596938, 33323.91376194651, 30810.004150474542, 24523.559473060486, 30810.004150474542
330, 33323.91376194651, 24303.442562596938, 33323.91376194651, 30840.57361981149, 24526.481598937058, 30840.57361981149
331, 33323.91376194651, 24303.442562596938, 33323.91376194651, 30840.912077164674, 24521.862431186382, 30840.912077164674
332, 33323.91376194651, 24303.442562596938, 33323.91376194651, 30856.264839274696, 24521.15178486927, 30856.264839274696
333, 33323.91376194651, 24303.442562596938, 33323.91376194651, 30851.537865326063, 24516.11235743284, 30851.537865326063
334, 33323.91376194651, 24303.442562596938, 33323.91376194651, 30822.362370784995, 24513.355769610018, 30822.362370784995
335, 33331.22323778056, 24516.963091833975, 33331.22323778056, 30877.80776285608, 24498.97574925333, 30877.80776285608
336, 33331.22323778056, 24516.963091833975, 33331.22323778056, 30843.961580327694, 24465.87998305208, 30843.961580327694
337, 33331.22323778056, 24516.963091833975, 33331.22323778056, 30899.386741494665, 24410.70936924982, 30899.386741494665
338, 33331.22323778056, 24516.963091833975, 33331.22323778056, 30872.268521184753, 24413.357008543226, 30872.268521184753
339, 33331.22323778056, 24516.963091833975, 33331.22323778056, 30868.903531025117, 24419.115443722392, 30868.903531025117
340, 33331.22323778056, 24516.963091833975, 33331.22323778056, 30899.370519732547, 24424.85315869506, 30899.370519732547
341, 33342.42325374298, 24461.24481403922, 33342.42325374298, 30855.398649735806, 24435.03318865511, 30855.398649735806
342, 33342.42325374298, 24461.24481403922, 33342.42325374298, 30880.194127480205, 24448.62611986612, 30880.194127480205
343, 33374.63074441816, 24337.63341379315, 33374.63074441816, 30855.764070926165, 24483.990275193704, 30855.764070926165
344, 33374.63074441816, 24337.63341379315, 33374.63074441816, 30839.436280187332, 24527.06199669866, 30839.436280187332
345, 33374.63074441816, 24337.63341379315, 33374.63074441816, 30921.35751025575, 24555.321243783557, 30921.35751025575
346, 33374.63074441816, 24337.63341379315, 33374.63074441816, 30909.251018032046, 24553.37406009334, 30909.251018032046
347, 33409.42161461251, 24440.772953227515, 33409.42161461251, 30868.40273963905, 24550.51431766698, 30868.40273963905
348, 33409.42161461251, 24440.772953227515, 33409.42161461251, 30906.32188946404, 24547.950262171747, 30906.32188946404
349, 33409.42161461251, 24440.772953227515, 33409.42161461251, 30875.465780396564, 24540.29840948739, 30875.465780396564
350, 33409.42161461251, 24440.772953227515, 33409.42161461251, 30876.775627969364, 24525.347305163163, 30876.775627969364
351, 33409.42161461251, 24440.772953227515, 33409.42161461251, 30915.194228850527, 24508.50986820599, 30915.194228850527
352, 33409.42161461251, 24440.772953227515, 33409.42161461251, 30846.631081947347, 24501.23942037234, 30846.631081947347
353, 33409.42161461251, 24440.772953227515, 33409.42161461251, 30879.694380944828, 24490.258202529236, 30879.694380944828
354, 33409.42161461251, 24440.772953227515, 33409.42161461251, 30898.698669218527, 24471.73842959499, 30898.698669218527
355, 33409.42161461251, 24440.772953227515, 33409.42161461251, 30926.918193235222, 24491.30474906152, 30926.918193235222
356, 33409.42161461251, 24440.772953227515, 33409.42161461251, 30958.732951905447, 24506.483709488115, 30958.732951905447
357, 33409.42161461251, 24440.772953227515, 33409.42161461251, 30931.57270067697, 24505.451134669318, 30931.57270067697
358, 33409.42161461251, 24440.772953227515, 33409.42161461251, 30894.730046445206, 24506.759533416494, 30894.730046445206
359, 33409.42161461251, 24440.772953227515, 33409.42161461251, 30902.956163612882, 24506.069558614272, 30902.956163612882
360, 33409.42161461251, 24440.772953227515, 33409.42161461251, 30925.50870644077, 24504.91915319696, 30925.50870644077
361, 33409.42161461251, 24440.772953227515, 33409.42161461251, 30924.25700488013, 24505.96979284076, 30924.25700488013
362, 33461.006533242624, 24630.16813077428, 33461.006533242624, 30926.780954421487, 24506.776616696352, 30926.780954421487
363, 33461.006533242624, 24630.16813077428, 33461.006533242624, 30951.439565607026, 24506.84927184649, 30951.439565607026
364, 33585.46227132788, 24579.63768109395, 33585.46227132788, 30938.241192756668, 24508.812824688783, 30938.241192756668
365, 33585.46227132788, 24579.63768109395, 33585.46227132788, 30894.884925829494, 24509.10403860673, 30894.884925829494
366, 33585.46227132788, 24579.63768109395, 33585.46227132788, 30911.645832485683, 24509.887318990928, 30911.645832485683
367, 33585.46227132788, 24579.63768109395, 33585.46227132788, 30919.539480503816, 24512.6045271171, 30919.539480503816
368, 33585.46227132788, 24579.63768109395, 33585.46227132788, 30906.81903039173, 24514.18475936826, 30906.81903039173
369, 33585.46227132788, 24579.63768109395, 33585.46227132788, 30946.245713735127, 24517.397342160642, 30946.245713735127
370, 33585.46227132788, 24579.63768109395, 33585.46227132788, 30978.598399110815, 24529.457232709377, 30978.598399110815
371, 33585.46227132788, 24579.63768109395, 33585.46227132788, 30991.509876275282, 24544.758886703952, 30991.509876275282
372, 33585.46227132788, 24579.63768109395, 33585.46227132788, 30977.39038985254, 24567.840997849362, 30977.39038985254
373, 33585.46227132788, 24579.63768109395, 33585.46227132788, 30957.12261413874, 24612.545045145933, 30957.12261413874
374, 33588.756261008435, 24551.916871724497, 33588.756261008435, 30993.125012477223, 24618.45810809256, 30993.125012477223
375, 33588.756261008435, 24551.916871724497, 33588.756261008435, 30989.63910222842, 24606.883912282847, 30989.63910222842
376, 33588.756261008435, 24551.916871724497, 33588.756261008435, 31065.517713481462, 24603.490813878518, 31065.517713481462
377, 33588.756261008435, 24551.916871724497, 33588.756261008435, 31022.14247830305, 24603.317929506375, 31022.14247830305
378, 33588.756261008435, 24551.916871724497, 33588.756261008435, 30995.682563207225, 24602.384159616064, 30995.682563207225
379, 33588.756261008435, 24551.916871724497, 33588.756261008435, 31059.575864169117, 24600.726258241204, 31059.575864169117
380, 33588.756261008435, 24551.916871724497, 33588.756261008435, 31042.093530715963, 24599.507000162837, 31042.093530715963
381, 33640.04519016358, 24621.32983229691, 33640.04519016358, 31095.173809249103, 24599.827301208334, 31095.173809249103
382, 33640.04519016358, 24621.32983229691, 33640.04519016358, 31038.692712280223, 24596.350562893036, 31038.692712280223
383, 33640.04519016358, 24621.32983229691, 33640.04519016358, 31089.10103673039, 24593.99827466719, 31089.10103673039
384, 33640.04519016358, 24621.32983229691, 33640.04519016358, 31062.528985983005, 24590.286335751876, 31062.528985983005
385, 33640.04519016358, 24621.32983229691, 33640.04519016358, 31036.65363390386, 24586.58964878457, 31036.65363390386
386, 33640.04519016358, 24621.32983229691, 33640.04519016358, 31084.452197991865, 24589.457779984175, 31084.452197991865
387, 33640.04519016358, 24621.32983229691, 33640.04519016358, 31088.504474888872, 24592.9561484624, 31088.504474888872
388, 33640.04519016358, 24621.32983229691, 33640.04519016358, 31050.948794665095, 24596.96383628163, 31050.948794665095
389, 33640.04519016358, 24621.32983229691, 33640.04519016358, 31133.68532194122, 24606.584213477025, 31133.68532194122
390, 33640.04519016358, 24621.32983229691, 33640.04519016358, 31099.93295737098, 24622.120964978192, 31099.93295737098
391, 33640.04519016358, 24621.32983229691, 33640.04519016358, 31097.929355043125, 24629.551767976343, 31097.929355043125
392, 33640.04519016358, 24621.32983229691, 33640.04519016358, 31047.694449397255, 24629.702151457677, 31047.694449397255
393, 33640.04519016358, 24621.32983229691, 33640.04519016358, 31077.393620536084, 24632.392624806747, 31077.393620536084
394, 33640.04519016358, 24621.32983229691, 33640.04519016358, 31099.38732751287, 24632.211390292956, 31099.38732751287
395, 33640.04519016358, 24621.32983229691, 33640.04519016358, 31105.226660933524, 24630.377868828647, 31105.226660933524
396, 33640.04519016358, 24621.32983229691, 33640.04519016358, 31085.658490947677, 24632.92310152244, 31085.658490947677
397, 33640.04519016358, 24621.32983229691, 33640.04519016358, 31072.944978086012, 24632.011237638573, 31072.944978086012
398, 33640.04519016358, 24621.32983229691, 33640.04519016358, 31098.25851101877, 24631.222331108736, 31098.25851101877
399, 33640.04519016358, 24621.32983229691, 33640.04519016358, 31100.92345830699, 24632.726456770495, 31100.92345830699
400, 33640.04519016358, 24621.32983229691, 33640.04519016358, 31085.164072900152, 24631.329338435437, 31085.164072900152
401, 33640.04519016358, 24621.32983229691, 33640.04519016358, 31124.55209044355, 24631.986769411735, 31124.55209044355
402, 33640.04519016358, 24621.32983229691, 33640.04519016358, 31041.511873542775, 24632.031461686795, 31041.511873542775
403, 33640.04519016358, 24621.32983229691, 33640.04519016358, 31128.874886794893, 24631.620072898622, 31128.874886794893
404, 33640.04519016358, 24621.32983229691, 33640.04519016358, 31085.49415574254, 24632.238930873908, 31085.49415574254
405, 33640.04519016358, 24621.32983229691, 33640.04519016358, 31091.129744591173, 24631.06022813194, 31091.129744591173
406, 33640.04519016358, 24621.32983229691, 33640.04519016358, 31113.141924733805, 24630.849974047902, 31113.141924733805
407, 33640.04519016358, 24621.32983229691, 33640.04519016358, 31106.04173301259, 24629.12400101608, 31106.04173301259
408, 33660.656666726085, 24614.9079686017, 33660.656666726085, 31072.58998919059, 24631.420441362287, 31072.58998919059
409, 33699.30880283725, 24395.125347468507, 33699.30880283725, 31093.44018189033, 24631.429935563312, 31093.44018189033
410, 33699.30880283725, 24395.125347468507, 33699.30880283725, 31095.151577315555, 24629.421809296302, 31095.151577315555
411, 33699.30880283725, 24395.125347468507, 33699.30880283725, 31056.154733401596, 24628.270573959264, 31056.154733401596
412, 33699.30880283725, 24395.125347468507, 33699.30880283725, 31129.698014799942, 24627.354462650568, 31129.698014799942
413, 33699.30880283725, 24395.125347468507, 33699.30880283725, 31065.790748233674, 24624.893028235634, 31065.790748233674
414, 33699.30880283725, 24395.125347468507, 33699.30880283725, 31085.78289784492, 24618.184730108456, 31085.78289784492
415, 33699.30880283725, 24395.125347468507, 33699.30880283725, 31129.434782866974, 24609.404137938996, 31129.434782866974
416, 33699.30880283725, 24395.125347468507, 33699.30880283725, 31124.190396721096, 24593.487582655092, 31124.190396721096
417, 33699.30880283725, 24395.125347468507, 33699.30880283725, 31117.770111617803, 24565.397097376757, 31117.770111617803
418, 33699.30880283725, 24395.125347468507, 33699.30880283725, 31119.711708157058, 24511.75335579389, 31119.711708157058
419, 33699.30880283725, 24395.125347468507, 33699.30880283725, 31120.817451251078, 24471.802674915103, 31120.817451251078
420, 33699.30880283725, 24395.125347468507, 33699.30880283725, 31111.53262388633, 24472.351071588575, 31111.53262388633
421, 33709.03340787384, 24483.730942520226, 33709.03340787384, 31112.971873145114, 24474.33086254938, 31112.971873145114
422, 33709.03340787384, 24483.730942520226, 33709.03340787384, 31130.730039194626, 24474.103659587145, 31130.730039194626
423, 33709.03340787384, 24483.730942520226, 33709.03340787384, 31100.563093802957, 24472.83123477916, 31100.563093802957
424, 33709.03340787384, 24483.730942520226, 33709.03340787384, 31178.877924050466, 24475.944983306763, 31178.877924050466
425, 33709.03340787384, 24483.730942520226, 33709.03340787384, 31161.32007842345, 24476.36943944617, 31161.32007842345
426, 33709.03340787384, 24483.730942520226, 33709.03340787384, 31124.41315876679, 24479.20973024852, 31124.41315876679
427, 33709.03340787384, 24483.730942520226, 33709.03340787384, 31109.851888238234, 24480.206305875596, 31109.851888238234
428, 33709.03340787384, 24483.730942520226, 33709.03340787384, 31173.93868057712, 24482.897923282635, 31173.93868057712
429, 33709.03340787384, 24483.730942520226, 33709.03340787384, 31132.208620741265, 24490.56917248481, 31132.208620741265
430, 33709.03340787384, 24483.730942520226, 33709.03340787384, 31145.608231494734, 24498.56918884915, 31145.608231494734
431, 33709.03340787384, 24483.730942520226, 33709.03340787384, 31141.63812345563, 24515.20018575444, 31141.63812345563
432, 33709.03340787384, 24483.730942520226, 33709.03340787384, 31087.771545128602, 24536.779854777717, 31087.771545128602
433, 33709.03340787384, 24483.730942520226, 33709.03340787384, 31112.260323992276, 24535.500298305746, 31112.260323992276
434, 33709.03340787384, 24483.730942520226, 33709.03340787384, 31156.11787990211, 24535.585901612878, 31156.11787990211
435, 33709.03340787384, 24483.730942520226, 33709.03340787384, 31126.936018022956, 24536.19517264355, 31126.936018022956
436, 33709.03340787384, 24483.730942520226, 33709.03340787384, 31157.8885336289, 24534.244026335255, 31157.8885336289
437, 33709.03340787384, 24483.730942520226, 33709.03340787384, 31154.213512075876, 24534.606275915023, 31154.213512075876
438, 33709.03340787384, 24483.730942520226, 33709.03340787384, 31166.885687269634, 24535.76222979336, 31166.885687269634
439, 33709.03340787384, 24483.730942520226, 33709.03340787384, 31125.717806938268, 24534.983860500528, 31125.717806938268
440, 33709.03340787384, 24483.730942520226, 33709.03340787384, 31128.962779248144, 24534.675519084758, 31128.962779248144
441, 33709.03340787384, 24483.730942520226, 33709.03340787384, 31141.485574230188, 24535.54758721974, 31141.485574230188
442, 33709.03340787384, 24483.730942520226, 33709.03340787384, 31128.612364420962, 24535.184155550898, 31128.612364420962
443, 33709.03340787384, 24483.730942520226, 33709.03340787384, 31178.356723526398, 24535.25061589594, 31178.356723526398
444, 33709.03340787384, 24483.730942520226, 33709.03340787384, 31123.533722303393, 24534.673987834827, 31123.533722303393
445, 33709.03340787384, 24483.730942520226, 33709.03340787384, 31157.931419265296, 24536.036952862796, 31157.931419265296
446, 33746.9798774286, 24650.94093330602, 33746.9798774286, 31163.405818256593, 24537.809393697436, 31163.405818256593
447, 33746.9798774286, 24650.94093330602, 33746.9798774286, 31146.74005434401, 24538.665351984728, 31146.74005434401
448, 33746.9798774286, 24650.94093330602, 33746.9798774286, 31120.32178362635, 24539.05389131461, 31120.32178362635
449, 33746.9798774286, 24650.94093330602, 33746.9798774286, 31152.390741557105, 24540.567041380862, 31152.390741557105
450, 33746.9798774286, 24650.94093330602, 33746.9798774286, 31139.20279027588, 24542.456305504915, 31139.20279027588
451, 33746.9798774286, 24650.94093330602, 33746.9798774286, 31174.55165064112, 24545.746448467682, 31174.55165064112
452, 33746.9798774286, 24650.94093330602, 33746.9798774286, 31144.26286495382, 24550.15348785134, 31144.26286495382
453, 33746.9798774286, 24650.94093330602, 33746.9798774286, 31190.749780161976, 24555.89817826478, 31190.749780161976
454, 33746.9798774286, 24650.94093330602, 33746.9798774286, 31141.156741056573, 24566.2310605323, 31141.156741056573
455, 33746.9798774286, 24650.94093330602, 33746.9798774286, 31153.740201822893, 24580.882514407993, 31153.740201822893
456, 33746.9798774286, 24650.94093330602, 33746.9798774286, 31145.729544194684, 24611.174293023698, 31145.729544194684
457, 33746.9798774286, 24650.94093330602, 33746.9798774286, 31192.63725512127, 24651.259316758333, 31192.63725512127
458, 33746.9798774286, 24650.94093330602, 33746.9798774286, 31170.66234848935, 24651.56970479511, 31170.66234848935
459, 33746.9798774286, 24650.94093330602, 33746.9798774286, 31186.256433225582, 24653.093766881422, 31186.256433225582
460, 33746.9798774286, 24650.94093330602, 33746.9798774286, 31118.264569399824, 24651.892507426408, 31118.264569399824
461, 33746.9798774286, 24650.94093330602, 33746.9798774286, 31197.828281937796, 24651.981141524924, 31197.828281937796
462, 33746.9798774286, 24650.94093330602, 33746.9798774286, 31194.311895448063, 24653.286252008682, 31194.311895448063
463, 33746.9798774286, 24650.94093330602, 33746.9798774286, 31169.591807153414, 24654.605514571667, 31169.591807153414
464, 33746.9798774286, 24650.94093330602, 33746.9798774286, 31173.874999697615, 24652.8554949126, 31173.874999697615
465, 33746.9798774286, 24650.94093330602, 33746.9798774286, 31145.144434810834, 24651.879448791573, 31145.144434810834
466, 33746.9798774286, 24650.94093330602, 33746.9798774286, 31146.12151842914, 24652.675902935865, 31146.12151842914
467, 33746.9798774286, 24650.94093330602, 33746.9798774286, 31210.510103988185, 24651.370267114355, 31210.510103988185
468, 33746.9798774286, 24650.94093330602, 33746.9798774286, 31189.02300329905, 24653.460330121565, 31189.02300329905
469, 33746.9798774286, 24650.94093330602, 33746.9798774286, 31182.817518505417, 24654.61248686425, 31182.817518505417
470, 33746.9798774286, 24650.94093330602, 33746.9798774286, 31224.569583203043, 24652.964964213228, 31224.569583203043
471, 33746.9798774286, 24650.94093330602, 33746.9798774286, 31174.161384519884, 24654.01255039421, 31174.161384519884
472, 33746.9798774286, 24650.94093330602, 33746.9798774286, 31179.575025315375, 24653.293237374884, 31179.575025315375
473, 33746.9798774286, 24650.94093330602, 33746.9798774286, 31180.531794592607, 24650.514990044896, 31180.531794592607
474, 33746.9798774286, 24650.94093330602, 33746.9798774286, 31196.38814105751, 24652.437735965093, 31196.38814105751
475, 33746.9798774286, 24650.94093330602, 33746.9798774286, 31145.50124086438, 24651.439345522318, 31145.50124086438
476, 33746.9798774286, 24650.94093330602, 33746.9798774286, 31163.000069835405, 24654.225446603366, 31163.000069835405
477, 33746.9798774286, 24650.94093330602, 33746.9798774286, 31172.623838905838, 24651.885851183786, 31172.623838905838
478, 33746.9798774286, 24650.94093330602, 33746.9798774286, 31170.168368008955, 24653.132266373446, 31170.168368008955
479, 33746.9798774286, 24650.94093330602, 33746.9798774286, 31205.116409647428, 24654.45485523193, 31205.116409647428
480, 33746.9798774286, 24650.94093330602, 33746.9798774286, 31159.68467372548, 24652.814773689974, 31159.68467372548
481, 33746.9798774286, 24650.94093330602, 33746.9798774286, 31151.490461915913, 24652.031991859825, 31151.490461915913
482, 33746.9798774286, 24650.94093330602, 33746.9798774286, 31145.285298723098, 24652.839319978888, 31145.285298723098
483, 33746.9798774286, 24650.94093330602, 33746.9798774286, 31202.929594343677, 24655.484174926554, 31202.929594343677
484, 33746.9798774286, 24650.94093330602, 33746.9798774286, 31180.972629588417, 24652.241734163956, 31180.972629588417
485, 33746.9798774286, 24650.94093330602, 33746.9798774286, 31190.66170973407, 24652.255324022015, 31190.66170973407
486, 33746.9798774286, 24650.94093330602, 33746.9798774286, 31182.2288359154, 24652.06548745491, 31182.2288359154
487, 33746.9798774286, 24650.94093330602, 33746.9798774286, 31221.26452446564, 24651.88056980411, 31221.26452446564
488, 33746.9798774286, 24650.94093330602, 33746.9798774286, 31177.228105867816, 24654.13679275564, 31177.228105867816
489, 33746.9798774286, 24650.94093330602, 33746.9798774286, 31184.90292870145, 24653.324593132165, 31184.90292870145
490, 33746.9798774286, 24650.94093330602, 33746.9798774286, 31175.72302599682, 24651.78717331926, 31175.72302599682
491, 33746.9798774286, 24650.94093330602, 33746.9798774286, 31168.44603903658, 24654.660519393692, 31168.44603903658
492, 33746.9798774286, 24650.94093330602, 33746.9798774286, 31154.904747347377, 24652.00071323344, 31154.904747347377
493, 33746.9798774286, 24650.94093330602, 33746.9798774286, 31203.9223633565, 24653.23383042599, 31203.9223633565
494, 33746.9798774286, 24650.94093330602, 33746.9798774286, 31131.378812312818, 24652.31017338546, 31131.378812312818
495, 33753.09087063918, 24566.16367913226, 33753.09087063918, 31179.4732649582, 24651.661865404356, 31179.4732649582
496, 33753.09087063918, 24566.16367913226, 33753.09087063918, 31148.426311559622, 24651.64237838051, 31148.426311559622
497, 33753.09087063918, 24566.16367913226, 33753.09087063918, 31108.236989661615, 24650.966581104705, 31108.236989661615
498, 33753.09087063918, 24566.16367913226, 33753.09087063918, 31161.635926344203, 24650.743032955997, 31161.635926344203
499, 33753.09087063918, 24566.16367913226, 33753.09087063918, 31172.453025054598, 24647.576124328232, 31172.453025054598
500, 33753.09087063918, 24566.16367913226, 33753.09087063918, 31183.500603624372, 24642.190190272373, 31183.500603624372
