1, 26812.427957339492, 24683.09281096011, 26812.427957339492, 25131.923034934192, 24656.95839277646, 25131.923034934192
2, 26841.08282808066, 24633.461103252248, 26841.08282808066, 25630.821515106596, 24639.165772132725, 25630.821515106596
3, 27025.006011161313, 24664.451865773415, 27025.006011161313, 25817.821745766094, 24625.833166227763, 25817.821745766094
4, 27315.617176751188, 24595.855454578566, 27315.617176751188, 26058.54159972824, 24614.78640348177, 26058.54159972824
5, 27315.617176751188, 24595.855454578566, 27315.617176751188, 26196.559159075656, 24599.412041372103, 26196.559159075656
6, 27315.617176751188, 24595.855454578566, 27315.617176751188, 26274.757236764784, 24578.562819120536, 26274.757236764784
7, 27315.617176751188, 24595.855454578566, 27315.617176751188, 26370.417157634467, 24615.670522146727, 26370.417157634467
8, 27381.5174806087, 24590.01762447434, 27381.5174806087, 26466.38831207424, 24580.129003564143, 26466.38831207424
9, 27381.5174806087, 24590.01762447434, 27381.5174806087, 26555.386372472924, 24582.15726957252, 26555.386372472924
10, 27502.878708810316, 24431.20861347512, 27502.878708810316, 26555.09196615295, 24587.259901913643, 26555.09196615295
11, 27522.457897783068, 24276.80927769259, 27522.457897783068, 26663.76256182805, 24585.823186325935, 26663.76256182805
12, 27657.613050807275, 24484.227472153485, 27657.613050807275, 26695.334144150293, 24593.661030639407, 26695.334144150293
13, 27827.86317695019, 24340.265759131573, 27827.86317695019, 26792.776008801153, 24564.588374844374, 26792.776008801153
14, 27827.86317695019, 24340.265759131573, 27827.86317695019, 26813.182195400765, 24554.48234679269, 26813.182195400765
15, 27931.886719587506, 24581.90374278764, 27931.886719587506, 26874.07988935085, 24536.87455032222, 26874.07988935085
16, 27940.580135744665, 24680.235248659435, 27940.580135744665, 26920.7476589064, 24536.673591372735, 26920.7476589064
17, 28099.176581355106, 24541.068019107643, 28099.176581355106, 27003.32099558797, 24527.617950163516, 27003.32099558797
18, 28385.217162182646, 24536.073099887933, 28385.217162182646, 27038.68859215098, 24539.70151630499, 27038.68859215098
19, 28385.217162182646, 24536.073099887933, 28385.217162182646, 27075.676966084135, 24533.305103807816, 27075.676966084135
20, 28385.217162182646, 24536.073099887933, 28385.217162182646, 27142.55120711566, 24565.993897684406, 27142.55120711566
21, 28397.319225224397, 24603.53069209005, 28397.319225224397, 27156.731752654257, 24572.54960032084, 27156.731752654257
22, 28467.34542581785, 24651.093773519468, 28467.34542581785, 27280.884777008057, 24569.100622245587, 27280.884777008057
23, 28467.34542581785, 24651.093773519468, 28467.34542581785, 27306.07576461248, 24584.13006742092, 27306.07576461248
24, 28520.78761048394, 24681.782117764673, 28520.78761048394, 27387.343079465452, 24581.924054951643, 27387.343079465452
25, 28680.082195268045, 24610.133490683238, 28680.082195268045, 27383.317756643497, 24586.149767417006, 27383.317756643497
26, 28680.082195268045, 24610.133490683238, 28680.082195268045, 27405.004134811767, 24587.29360657037, 27405.004134811767
27, 28719.13264892686, 24560.821497891146, 28719.13264892686, 27411.45979789851, 24606.554011977558, 27411.45979789851
28, 28719.13264892686, 24560.821497891146, 28719.13264892686, 27524.24060942196, 24605.24342017847, 27524.24060942196
29, 28886.816662308865, 24522.487606563645, 28886.816662308865, 27549.353586128385, 24615.84326328224, 27549.353586128385
30, 28886.816662308865, 24522.487606563645, 28886.816662308865, 27550.11175990434, 24618.401989652262, 27550.11175990434
31, 28933.545783901718, 24577.585905968182, 28933.545783901718, 27577.224179221364, 24607.840700668054, 27577.224179221364
32, 29046.68758543026, 24377.06165016386, 29046.68758543026, 27648.55367326569, 24599.9249110301, 27648.55367326569
33, 29046.68758543026, 24377.06165016386, 29046.68758543026, 27714.92735450229, 24593.959076834646, 27714.92735450229
34, 29232.700841952643, 24263.394030070765, 29232.700841952643, 27652.31975344243, 24572.328868166762, 27652.31975344243
35, 29232.700841952643, 24263.394030070765, 29232.700841952643, 27748.44974805254, 24562.055308541614, 27748.44974805254
36, 29232.700841952643, 24263.394030070765, 29232.700841952643, 27767.341486739257, 24596.007992526327, 27767.341486739257
37, 29232.700841952643, 24263.394030070765, 29232.700841952643, 27826.011945762428, 24530.746987894225, 27826.011945762428
38, 29397.275853409606, 24240.303727208502, 29397.275853409606, 27896.377036199923, 24510.595999829206, 27896.377036199923
39, 29397.275853409606, 24240.303727208502, 29397.275853409606, 27950.474119140054, 24480.765201406637, 27950.474119140054
40, 29452.37683842234, 24320.89359349531, 29452.37683842234, 27974.594919204912, 24460.400022863414, 27974.594919204912
41, 29452.37683842234, 24320.89359349531, 29452.37683842234, 27989.611825055283, 24433.917823254244, 27989.611825055283
42, 29452.37683842234, 24320.89359349531, 29452.37683842234, 28077.071897224887, 24409.225980522657, 28077.071897224887
43, 29452.37683842234, 24320.89359349531, 29452.37683842234, 28086.945677948046, 24420.706012483082, 28086.945677948046
44, 29452.37683842234, 24320.89359349531, 29452.37683842234, 28136.18225729046, 24421.64245474121, 28136.18225729046
45, 29473.46185854487, 24523.348602893813, 29473.46185854487, 28095.91332717819, 24410.466181328167, 28095.91332717819
46, 29583.5117550639, 24122.250632946954, 29583.5117550639, 28168.95035453327, 24390.668063589266, 28168.95035453327
47, 29664.813228485233, 24446.42006017529, 29664.813228485233, 28150.49166402881, 24401.289037292463, 28150.49166402881
48, 29664.813228485233, 24446.42006017529, 29664.813228485233, 28172.28565560334, 24396.816663754023, 28172.28565560334
49, 29664.813228485233, 24446.42006017529, 29664.813228485233, 28240.193594996468, 24418.191699930583, 28240.193594996468
50, 29720.371406302154, 24132.358713969414, 29720.371406302154, 28216.38755798365, 24406.629477758346, 28216.38755798365
51, 29720.371406302154, 24132.358713969414, 29720.371406302154, 28264.259362896784, 24401.704937764167, 28264.259362896784
52, 29720.371406302154, 24132.358713969414, 29720.371406302154, 28280.02338890227, 24393.055998681364, 28280.02338890227
53, 29881.835188446807, 24484.52385543502, 29881.835188446807, 28290.540052259785, 24403.702959402526, 28290.540052259785
54, 29881.835188446807, 24484.52385543502, 29881.835188446807, 28280.73279882593, 24459.64508797779, 28280.73279882593
55, 29881.835188446807, 24484.52385543502, 29881.835188446807, 28303.736169031625, 24475.228644500152, 28303.736169031625
56, 29881.835188446807, 24484.52385543502, 29881.835188446807, 28357.173271334344, 24460.047730767263, 28357.173271334344
57, 29914.20003265061, 24483.790252616072, 29914.20003265061, 28339.912576516297, 24461.95911826037, 28339.912576516297
58, 29939.939419473983, 24358.961187970475, 29939.939419473983, 28408.146301601846, 24471.208178363322, 28408.146301601846
59, 30041.457681750562, 24507.825726106617, 30041.457681750562, 28441.08259065683, 24488.90377485933, 28441.08259065683
60, 30041.457681750562, 24507.825726106617, 30041.457681750562, 28399.32633129273, 24524.755659092498, 28399.32633129273
61, 30134.3806722449, 24657.533285408004, 30134.3806722449, 28516.834000089922, 24533.563351012162, 28516.834000089922
62, 30134.3806722449, 24657.533285408004, 30134.3806722449, 28496.68127751883, 24530.69734606113, 28496.68127751883
63, 30144.779082834728, 24075.594131433776, 30144.779082834728, 28505.501439887244, 24518.33658881675, 28505.501439887244
64, 30144.779082834728, 24075.594131433776, 30144.779082834728, 28516.467268257496, 24502.477148261318, 28516.467268257496
65, 30229.46003008291, 24575.663437562973, 30229.46003008291, 28513.351549366445, 24510.131492444038, 28513.351549366445
66, 30229.46003008291, 24575.663437562973, 30229.46003008291, 28562.64460044183, 24503.76851053578, 28562.64460044183
67, 30229.46003008291, 24575.663437562973, 30229.46003008291, 28584.838199983387, 24476.92122028946, 28584.838199983387
68, 30239.776001030335, 24524.75523840905, 30239.776001030335, 28627.416069390518, 24512.401347663734, 28627.416069390518
69, 30239.776001030335, 24524.75523840905, 30239.776001030335, 28612.687068615436, 24504.83674831327, 28612.687068615436
70, 30239.776001030335, 24524.75523840905, 30239.776001030335, 28639.17218552313, 24448.48735371017, 28639.17218552313
71, 30255.074159585387, 24164.794859340756, 30255.074159585387, 28658.60897253168, 24444.184161789726, 28658.60897253168
72, 30293.63906000058, 24460.697256115374, 30293.63906000058, 28700.425919544978, 24392.013869526276, 28700.425919544978
73, 30376.49894061669, 24429.322122860107, 30376.49894061669, 28678.02079261312, 24495.348109465012, 28678.02079261312
74, 30376.49894061669, 24429.322122860107, 30376.49894061669, 28728.677047986268, 24503.844021775043, 28728.677047986268
75, 30376.49894061669, 24429.322122860107, 30376.49894061669, 28703.383434618703, 24490.578252646672, 28703.383434618703
76, 30427.68572770415, 24570.982166067362, 30427.68572770415, 28699.039464424626, 24422.244425477988, 28699.039464424626
77, 30466.21708380601, 24381.871628786546, 30466.21708380601, 28733.305033224216, 24349.08654969011, 28733.305033224216
78, 30466.21708380601, 24381.871628786546, 30466.21708380601, 28765.948908810515, 24351.463146213136, 28765.948908810515
79, 30557.72130445692, 24125.11832247219, 30557.72130445692, 28796.45625874817, 24404.015129215386, 28796.45625874817
80, 30557.72130445692, 24125.11832247219, 30557.72130445692, 28822.695385587966, 24374.12373774741, 28822.695385587966
81, 30595.41178822628, 24651.68552022652, 30595.41178822628, 28838.830468150805, 24459.43265343552, 28838.830468150805
82, 30595.41178822628, 24651.68552022652, 30595.41178822628, 28861.792200244014, 24431.521566666965, 28861.792200244014
83, 30595.41178822628, 24651.68552022652, 30595.41178822628, 28875.927834857972, 24431.07985053004, 28875.927834857972
84, 30595.41178822628, 24651.68552022652, 30595.41178822628, 28885.253910659678, 24479.45485999001, 28885.253910659678
85, 30634.124648990633, 24505.162773876822, 30634.124648990633, 28920.69689284242, 24420.385129709528, 28920.69689284242
86, 30634.124648990633, 24505.162773876822, 30634.124648990633, 28907.80378626252, 24397.11548790683, 28907.80378626252
87, 30670.279910485817, 24665.288221945808, 30670.279910485817, 28879.22230970933, 24363.467306814942, 28879.22230970933
88, 30670.279910485817, 24665.288221945808, 30670.279910485817, 28952.02402901097, 24356.122715247395, 28952.02402901097
89, 30670.279910485817, 24665.288221945808, 30670.279910485817, 28961.46588272094, 24382.224214217156, 28961.46588272094
90, 30670.279910485817, 24665.288221945808, 30670.279910485817, 28952.55768231153, 24454.976184944277, 28952.55768231153
91, 30670.279910485817, 24665.288221945808, 30670.279910485817, 28985.586942481623, 24558.731129625026, 28985.586942481623
92, 30670.279910485817, 24665.288221945808, 30670.279910485817, 28980.61140212929, 24607.298363959737, 28980.61140212929
93, 30740.857006707065, 24381.910179981078, 30740.857006707065, 29016.882048671196, 24572.805077829336, 29016.882048671196
94, 30839.086942828748, 24678.924279592928, 30839.086942828748, 28981.50843837711, 24536.73360417582, 28981.50843837711
95, 30839.086942828748, 24678.924279592928, 30839.086942828748, 29003.523895040707, 24548.923346053398, 29003.523895040707
96, 30839.086942828748, 24678.924279592928, 30839.086942828748, 29031.62255536381, 24595.56244504884, 29031.62255536381
97, 30839.086942828748, 24678.924279592928, 30839.086942828748, 29041.090251152556, 24580.156117437342, 29041.090251152556
98, 30840.461481286857, 24233.08628899062, 30840.461481286857, 29038.485789337763, 24588.83985078522, 29038.485789337763
99, 30887.36367618289, 24385.06933300279, 30887.36367618289, 29013.388359174398, 24536.70908823214, 29013.388359174398
100, 30887.36367618289, 24385.06933300279, 30887.36367618289, 29039.789095217682, 24513.500202933865, 29039.789095217682
101, 30887.36367618289, 24385.06933300279, 30887.36367618289, 29091.547834129768, 24476.192994723577, 29091.547834129768
102, 30887.36367618289, 24385.06933300279, 30887.36367618289, 29096.45529765734, 24483.24917334681, 29096.45529765734
103, 30887.36367618289, 24385.06933300279, 30887.36367618289, 29106.850835585687, 24500.404798180265, 29106.850835585687
104, 30887.36367618289, 24385.06933300279, 30887.36367618289, 29059.389089593293, 24504.980649594403, 29059.389089593293
105, 30904.028281430303, 24569.954670007646, 30904.028281430303, 29121.276651696313, 24526.51497711911, 29121.276651696313
106, 30958.924416634694, 24658.44892114185, 30958.924416634694, 29153.269700009714, 24533.713825597704, 29153.269700009714
107, 30958.924416634694, 24658.44892114185, 30958.924416634694, 29177.600671774988, 24482.104555964583, 29177.600671774988
108, 30985.03521109734, 24317.104198533263, 30985.03521109734, 29163.706895210966, 24418.916428683813, 29163.706895210966
109, 30985.03521109734, 24317.104198533263, 30985.03521109734, 29173.581646802053, 24440.37626803847, 29173.581646802053
110, 31017.737961537747, 24662.251280460532, 31017.737961537747, 29147.362596756568, 24479.108512685256, 29147.362596756568
111, 31017.737961537747, 24662.251280460532, 31017.737961537747, 29234.668938290622, 24505.223682084226, 29234.668938290622
112, 31060.701233993474, 24471.881628123683, 31060.701233993474, 29222.337471621297, 24541.677538690983, 29222.337471621297
113, 31060.701233993474, 24471.881628123683, 31060.701233993474, 29222.21772603145, 24522.34545319627, 29222.21772603145
114, 31060.701233993474, 24471.881628123683, 31060.701233993474, 29238.914204124267, 24519.978501903475, 29238.914204124267
115, 31073.89310267555, 24321.97893502382, 31073.89310267555, 29247.67793195134, 24505.56350774209, 29247.67793195134
116, 31073.89310267555, 24321.97893502382, 31073.89310267555, 29207.109288483636, 24447.58978210419, 29207.109288483636
117, 31103.95428540118, 24659.94960858121, 31103.95428540118, 29224.288546074513, 24465.723509203424, 29224.288546074513
118, 31103.95428540118, 24659.94960858121, 31103.95428540118, 29250.887767528537, 24486.851150292616, 29250.887767528537
119, 31103.95428540118, 24659.94960858121, 31103.95428540118, 29237.10222901811, 24537.190814862428, 29237.10222901811
120, 31103.95428540118, 24659.94960858121, 31103.95428540118, 29315.945506241627, 24564.92344711372, 29315.945506241627
121, 31103.95428540118, 24659.94960858121, 31103.95428540118, 29278.839164279107, 24507.193685992184, 29278.839164279107
122, 31193.28606831322, 24168.902981278843, 31193.28606831322, 29303.24891000617, 24494.5033737028, 29303.24891000617
123, 31221.02203707068, 24520.99303954092, 31221.02203707068, 29331.7153384409, 24484.502289195647, 29331.7153384409
124, 31221.02203707068, 24520.99303954092, 31221.02203707068, 29350.778954542595, 24462.902160313177, 29350.778954542595
125, 31251.249941310725, 24502.916662206586, 31251.249941310725, 29294.554846623003, 24430.932701791302, 29294.554846623003
126, 31251.249941310725, 24502.916662206586, 31251.249941310725, 29332.788786661808, 24468.29807153402, 29332.788786661808
127, 31251.249941310725, 24502.916662206586, 31251.249941310725, 29341.80062818725, 24486.840028043935, 29341.80062818725
128, 31251.249941310725, 24502.916662206586, 31251.249941310725, 29392.08227960602, 24510.89005125936, 29392.08227960602
129, 31251.249941310725, 24502.916662206586, 31251.249941310725, 29376.834068091684, 24476.299401953667, 29376.834068091684
130, 31251.249941310725, 24502.916662206586, 31251.249941310725, 29366.01028505013, 24498.1496279912, 29366.01028505013
131, 31251.249941310725, 24502.916662206586, 31251.249941310725, 29346.378542675273, 24498.21616368651, 29346.378542675273
132, 31276.11110880415, 24635.548725740842, 31276.11110880415, 29357.502068026162, 24444.22379780155, 29357.502068026162
133, 31276.11110880415, 24635.548725740842, 31276.11110880415, 29372.953688318878, 24500.575036729224, 29372.953688318878
134, 31316.0214542228, 24569.55046084762, 31316.0214542228, 29407.798937072406, 24543.271293507278, 29407.798937072406
135, 31316.0214542228, 24569.55046084762, 31316.0214542228, 29405.748469511225, 24547.945955085695, 29405.748469511225
136, 31316.0214542228, 24569.55046084762, 31316.0214542228, 29439.90220244398, 24551.69339287749, 29439.90220244398
137, 31316.0214542228, 24569.55046084762, 31316.0214542228, 29415.92820826721, 24553.54563924796, 29415.92820826721
138, 31355.798778814238, 24612.579173944156, 31355.798778814238, 29416.235551861697, 24552.72063985839, 29416.235551861697
139, 31355.798778814238, 24612.579173944156, 31355.798778814238, 29437.92040597975, 24554.87275979726, 29437.92040597975
140, 31355.798778814238, 24612.579173944156, 31355.798778814238, 29480.59767465651, 24578.052588275652, 29480.59767465651
141, 31373.22437408946, 24323.79013933466, 31373.22437408946, 29480.2535817234, 24612.624176019835, 29480.2535817234
142, 31373.22437408946, 24323.79013933466, 31373.22437408946, 29452.829807048252, 24594.736273524173, 29452.829807048252
143, 31373.22437408946, 24323.79013933466, 31373.22437408946, 29453.084940177578, 24575.15708518644, 29453.084940177578
144, 31373.22437408946, 24323.79013933466, 31373.22437408946, 29494.347619505377, 24578.145499815284, 29494.347619505377
145, 31373.79286249056, 24678.47899394495, 31373.79286249056, 29555.24767702936, 24588.643069659607, 29555.24767702936
146, 31383.92248638808, 24620.923257937193, 31383.92248638808, 29479.80348419923, 24573.308722236947, 29479.80348419923
147, 31383.92248638808, 24620.923257937193, 31383.92248638808, 29464.383269813356, 24546.962299463008, 29464.383269813356
148, 31499.9756924746, 24089.953352499517, 31499.9756924746, 29549.257812595322, 24504.8013180498, 29549.257812595322
149, 31499.9756924746, 24089.953352499517, 31499.9756924746, 29512.27611030596, 24466.267192928724, 29512.27611030596
150, 31501.124647783192, 24334.881918159666, 31501.124647783192, 29528.361768401413, 24464.2915852405, 29528.361768401413
151, 31581.177673714494, 24522.17246410056, 31581.177673714494, 29489.157255788563, 24468.92247184453, 29489.157255788563
152, 31581.177673714494, 24522.17246410056, 31581.177673714494, 29480.299506974574, 24503.911098050125, 29480.299506974574
153, 31581.177673714494, 24522.17246410056, 31581.177673714494, 29492.743112820677, 24542.303169784147, 29492.743112820677
154, 31581.177673714494, 24522.17246410056, 31581.177673714494, 29505.871023438987, 24588.18001965953, 29505.871023438987
155, 31581.177673714494, 24522.17246410056, 31581.177673714494, 29592.22386697242, 24549.03947534959, 29592.22386697242
156, 31640.877490588377, 24603.427920022637, 31640.877490588377, 29555.085938388103, 24559.05356880936, 29555.085938388103
157, 31640.877490588377, 24603.427920022637, 31640.877490588377, 29573.995772945724, 24549.276887146672, 29573.995772945724
158, 31640.877490588377, 24603.427920022637, 31640.877490588377, 29593.41885708935, 24509.597263112053, 29593.41885708935
159, 31640.877490588377, 24603.427920022637, 31640.877490588377, 29576.70749589598, 24452.50632856079, 29576.70749589598
160, 31640.877490588377, 24603.427920022637, 31640.877490588377, 29615.401044332004, 24483.977060996713, 29615.401044332004
161, 31690.822937924808, 24643.287353336098, 31690.822937924808, 29610.58300557157, 24578.31639021763, 29610.58300557157
162, 31690.822937924808, 24643.287353336098, 31690.822937924808, 29688.965865622176, 24593.298213313847, 29688.965865622176
163, 31690.822937924808, 24643.287353336098, 31690.822937924808, 29695.371937420896, 24578.90609626344, 29695.371937420896
164, 31690.822937924808, 24643.287353336098, 31690.822937924808, 29644.754079264578, 24576.093128033477, 29644.754079264578
165, 31690.822937924808, 24643.287353336098, 31690.822937924808, 29647.638167510606, 24580.777758175456, 29647.638167510606
166, 31690.822937924808, 24643.287353336098, 31690.822937924808, 29747.46108085575, 24626.79276312615, 29747.46108085575
167, 31690.822937924808, 24643.287353336098, 31690.822937924808, 29700.275153248756, 24629.897509002392, 29700.275153248756
168, 31823.406369935543, 24668.07229737347, 31823.406369935543, 29700.29006920884, 24634.951532067884, 29700.29006920884
169, 31823.406369935543, 24668.07229737347, 31823.406369935543, 29718.384110120427, 24641.374281360375, 29718.384110120427
170, 31823.406369935543, 24668.07229737347, 31823.406369935543, 29743.039069437986, 24638.433934736502, 29743.039069437986
171, 31823.406369935543, 24668.07229737347, 31823.406369935543, 29770.575576101473, 24636.000020821135, 29770.575576101473
172, 31823.406369935543, 24668.07229737347, 31823.406369935543, 29773.71537046259, 24629.44641152184, 29773.71537046259
173, 31823.406369935543, 24668.07229737347, 31823.406369935543, 29778.78378298101, 24619.33986812338, 29778.78378298101
174, 31823.406369935543, 24668.07229737347, 31823.406369935543, 29775.081568977694, 24600.556581300814, 29775.081568977694
175, 31823.406369935543, 24668.07229737347, 31823.406369935543, 29756.67630874005, 24568.189887831624, 29756.67630874005
176, 31845.182719509143, 24494.544902457754, 31845.182719509143, 29762.195203259387, 24565.91136242467, 29762.195203259387
177, 31845.182719509143, 24494.544902457754, 31845.182719509143, 29767.05350710202, 24597.089248471988, 29767.05350710202
178, 31845.182719509143, 24494.544902457754, 31845.182719509143, 29813.442601303082, 24643.86626116448, 29813.442601303082
179, 31845.182719509143, 24494.544902457754, 31845.182719509143, 29766.576664959033, 24653.39704673268, 29766.576664959033
180, 31863.142331032745, 24669.099717382032, 31863.142331032745, 29831.556496186247, 24657.156565292604, 29831.556496186247
181, 31863.142331032745, 24669.099717382032, 31863.142331032745, 29853.887733548298, 24655.625084925672, 29853.887733548298
182, 31863.142331032745, 24669.099717382032, 31863.142331032745, 29836.84579406753, 24650.84462045429, 29836.84579406753
183, 31863.142331032745, 24669.099717382032, 31863.142331032745, 29830.72948747862, 24639.39338673357, 29830.72948747862
184, 31863.142331032745, 24669.099717382032, 31863.142331032745, 29798.93124914855, 24623.248913056726, 29798.93124914855
185, 31863.142331032745, 24669.099717382032, 31863.142331032745, 29877.791865545627, 24601.89279514071, 29877.791865545627
186, 31959.953992216593, 24489.96334989449, 31959.953992216593, 29857.669809356415, 24562.876047386617, 29857.669809356415
187, 31959.953992216593, 24489.96334989449, 31959.953992216593, 29820.61856170068, 24569.94617500509, 29820.61856170068
188, 32029.928734207722, 24666.57880034691, 32029.928734207722, 29873.509464974217, 24583.79271966994, 29873.509464974217
189, 32029.928734207722, 24666.57880034691, 32029.928734207722, 29837.190028102206, 24647.128861160785, 29837.190028102206
190, 32029.928734207722, 24666.57880034691, 32029.928734207722, 29885.132007107673, 24654.764777224726, 29885.132007107673
191, 32029.928734207722, 24666.57880034691, 32029.928734207722, 29820.155531016557, 24646.700018221316, 29820.155531016557
192, 32029.928734207722, 24666.57880034691, 32029.928734207722, 29878.237091335573, 24637.459181714916, 29878.237091335573
193, 32029.928734207722, 24666.57880034691, 32029.928734207722, 29896.82023180509, 24623.333952741785, 29896.82023180509
194, 32029.928734207722, 24666.57880034691, 32029.928734207722, 29826.454121021256, 24597.681036976388, 29826.454121021256
195, 32029.928734207722, 24666.57880034691, 32029.928734207722, 29925.15997492357, 24555.680452236327, 29925.15997492357
196, 32029.928734207722, 24666.57880034691, 32029.928734207722, 29911.761894413925, 24517.726014791944, 29911.761894413925
197, 32029.928734207722, 24666.57880034691, 32029.928734207722, 29911.01272391694, 24599.09375306487, 29911.01272391694
198, 32032.93753919341, 24548.418282087103, 32032.93753919341, 29952.764588548318, 24635.51834441462, 29952.764588548318
199, 32032.93753919341, 24548.418282087103, 32032.93753919341, 29955.434690848226, 24663.26772398545, 29955.434690848226
200, 32032.93753919341, 24548.418282087103, 32032.93753919341, 29953.64498491909, 24663.553761492632, 29953.64498491909
201, 32032.93753919341, 24548.418282087103, 32032.93753919341, 30004.983186945497, 24662.17515270395, 30004.983186945497
202, 32032.93753919341, 24548.418282087103, 32032.93753919341, 29971.15003824922, 24662.94798979661, 29971.15003824922
203, 32032.93753919341, 24548.418282087103, 32032.93753919341, 29958.198315819758, 24661.724591409584, 29958.198315819758
204, 32032.93753919341, 24548.418282087103, 32032.93753919341, 29991.947917559166, 24659.42395048066, 29991.947917559166
205, 32055.988946912075, 24592.36527397081, 32055.988946912075, 29948.765051559145, 24656.97528917394, 29948.765051559145
206, 32055.988946912075, 24592.36527397081, 32055.988946912075, 29954.192538718416, 24652.33970963637, 29954.192538718416
207, 32082.186710770457, 24510.2184022031, 32082.186710770457, 29931.763037883164, 24644.935506601483, 29931.763037883164
208, 32082.186710770457, 24510.2184022031, 32082.186710770457, 29955.187498662002, 24635.62721054329, 29955.187498662002
209, 32238.568923107432, 24667.1248833747, 32238.568923107432, 29948.798842447683, 24616.54521373284, 29948.798842447683
210, 32238.568923107432, 24667.1248833747, 32238.568923107432, 29992.753054059987, 24587.495509480446, 29992.753054059987
211, 32238.568923107432, 24667.1248833747, 32238.568923107432, 29977.646618557825, 24592.343203480672, 29977.646618557825
212, 32238.568923107432, 24667.1248833747, 32238.568923107432, 30018.381106381676, 24605.104071308615, 30018.381106381676
213, 32238.568923107432, 24667.1248833747, 32238.568923107432, 29994.763520515746, 24618.065894379277, 29994.763520515746
214, 32238.568923107432, 24667.1248833747, 32238.568923107432, 30021.97533810252, 24626.383379093328, 30021.97533810252
215, 32238.568923107432, 24667.1248833747, 32238.568923107432, 30022.225241102184, 24631.974770604003, 30022.225241102184
216, 32238.568923107432, 24667.1248833747, 32238.568923107432, 30059.274103661268, 24659.099854123415, 30059.274103661268
217, 32238.568923107432, 24667.1248833747, 32238.568923107432, 30141.24844908705, 24663.164280785146, 30141.24844908705
218, 32238.568923107432, 24667.1248833747, 32238.568923107432, 30128.916769341016, 24664.922798840667, 30128.916769341016
219, 32312.98647472017, 24619.647318253334, 32312.98647472017, 30131.641963177426, 24665.46615413709, 30131.641963177426
220, 32356.58859722654, 24678.517467978498, 32356.58859722654, 30128.311666164285, 24662.037337499947, 30128.311666164285
221, 32356.58859722654, 24678.517467978498, 32356.58859722654, 30097.516614399796, 24662.43649665637, 30097.516614399796
222, 32356.58859722654, 24678.517467978498, 32356.58859722654, 30107.05020733016, 24661.460809916854, 30107.05020733016
223, 32356.58859722654, 24678.517467978498, 32356.58859722654, 30115.860740355667, 24657.736608990548, 30115.860740355667
224, 32356.58859722654, 24678.517467978498, 32356.58859722654, 30120.745611269125, 24656.866074899477, 30120.745611269125
225, 32356.58859722654, 24678.517467978498, 32356.58859722654, 30155.269280836983, 24652.358109029094, 30155.269280836983
226, 32356.58859722654, 24678.517467978498, 32356.58859722654, 30187.864218601873, 24642.651108930582, 30187.864218601873
227, 32356.58859722654, 24678.517467978498, 32356.58859722654, 30137.218200658477, 24640.957767288135, 30137.218200658477
228, 32356.58859722654, 24678.517467978498, 32356.58859722654, 30162.146783357704, 24642.156778922243, 30162.146783357704
229, 32356.58859722654, 24678.517467978498, 32356.58859722654, 30193.27789456311, 24648.675326768178, 30193.27789456311
230, 32356.58859722654, 24678.517467978498, 32356.58859722654, 30174.459604841395, 24660.610298375763, 30174.459604841395
231, 32356.58859722654, 24678.517467978498, 32356.58859722654, 30165.397958798203, 24669.84975417955, 30165.397958798203
232, 32356.58859722654, 24678.517467978498, 32356.58859722654, 30267.663643661836, 24670.674862999887, 30267.663643661836
233, 32455.483004038957, 24660.865213354344, 32455.483004038957, 30231.617577001656, 24671.54976497281, 30231.617577001656
234, 32455.483004038957, 24660.865213354344, 32455.483004038957, 30157.433377900845, 24671.309565884738, 30157.433377900845
235, 32455.483004038957, 24660.865213354344, 32455.483004038957, 30208.096204036763, 24670.590361283073, 30208.096204036763
236, 32455.483004038957, 24660.865213354344, 32455.483004038957, 30211.780789137232, 24668.221475263956, 30211.780789137232
237, 32464.830312987575, 24568.616895983032, 32464.830312987575, 30188.748717480143, 24668.000584009125, 30188.748717480143
238, 32464.830312987575, 24568.616895983032, 32464.830312987575, 30190.311051326167, 24664.952102460502, 30190.311051326167
239, 32464.830312987575, 24568.616895983032, 32464.830312987575, 30252.22580870682, 24661.923921459165, 30252.22580870682
240, 32464.830312987575, 24568.616895983032, 32464.830312987575, 30228.465493335927, 24652.87979636295, 30228.465493335927
241, 32464.830312987575, 24568.616895983032, 32464.830312987575, 30210.43660967851, 24642.564979253002, 30210.43660967851
242, 32464.830312987575, 24568.616895983032, 32464.830312987575, 30252.534749816434, 24634.4482411945, 30252.534749816434
243, 32464.830312987575, 24568.616895983032, 32464.830312987575, 30242.015667916512, 24641.465971885205, 30242.015667916512
244, 32550.21153802014, 24619.177092272654, 32550.21153802014, 30228.667352947417, 24654.73994424106, 30228.667352947417
245, 32550.21153802014, 24619.177092272654, 32550.21153802014, 30262.478970857126, 24652.293443603896, 30262.478970857126
246, 32550.21153802014, 24619.177092272654, 32550.21153802014, 30213.564652996905, 24647.76065811093, 30213.564652996905
247, 32550.21153802014, 24619.177092272654, 32550.21153802014, 30301.28494138699, 24636.527074581, 30301.28494138699
248, 32550.21153802014, 24619.177092272654, 32550.21153802014, 30265.993795642302, 24626.24944208518, 30265.993795642302
249, 32550.21153802014, 24619.177092272654, 32550.21153802014, 30296.53053922332, 24604.55114329728, 30296.53053922332
250, 32550.21153802014, 24619.177092272654, 32550.21153802014, 30277.91150452694, 24603.792080725067, 30277.91150452694
251, 32550.21153802014, 24619.177092272654, 32550.21153802014, 30258.40686063919, 24607.457152699888, 30258.40686063919
252, 32550.21153802014, 24619.177092272654, 32550.21153802014, 30336.408960880326, 24611.537908932976, 30336.408960880326
253, 32550.21153802014, 24619.177092272654, 32550.21153802014, 30292.459789195163, 24624.19966740472, 30292.459789195163
254, 32550.21153802014, 24619.177092272654, 32550.21153802014, 30283.401505776896, 24636.92614802928, 30283.401505776896
255, 32550.21153802014, 24619.177092272654, 32550.21153802014, 30310.998393852624, 24643.2550207986, 30310.998393852624
256, 32550.21153802014, 24619.177092272654, 32550.21153802014, 30351.733995873612, 24623.861827304598, 30351.733995873612
257, 32550.21153802014, 24619.177092272654, 32550.21153802014, 30319.438027127497, 24630.325943657033, 30319.438027127497
258, 32550.21153802014, 24619.177092272654, 32550.21153802014, 30383.736896431637, 24630.299119209754, 30383.736896431637
259, 32550.21153802014, 24619.177092272654, 32550.21153802014, 30367.050536707473, 24630.61452789344, 30367.050536707473
260, 32550.21153802014, 24619.177092272654, 32550.21153802014, 30375.167979963255, 24631.48993796373, 30375.167979963255
261, 32629.016871292526, 24523.26263523938, 32629.016871292526, 30346.361232027477, 24628.435856011663, 30346.361232027477
262, 32629.016871292526, 24523.26263523938, 32629.016871292526, 30363.105883568776, 24628.140625498818, 30363.105883568776
263, 32629.016871292526, 24523.26263523938, 32629.016871292526, 30330.725298053472, 24627.389872463256, 30330.725298053472
264, 32629.016871292526, 24523.26263523938, 32629.016871292526, 30328.550337377048, 24625.31126198048, 30328.550337377048
265, 32629.016871292526, 24523.26263523938, 32629.016871292526, 30317.952820846178, 24621.10525505855, 30317.952820846178
266, 32629.016871292526, 24523.26263523938, 32629.016871292526, 30311.394708005428, 24618.544652178298, 30311.394708005428
267, 32629.016871292526, 24523.26263523938, 32629.016871292526, 30308.652203177364, 24612.21591595389, 30308.652203177364
268, 32629.016871292526, 24523.26263523938, 32629.016871292526, 30319.807880282035, 24599.166132773476, 30319.807880282035
269, 32629.016871292526, 24523.26263523938, 32629.016871292526, 30422.976413895976, 24579.210406695947, 30422.976413895976
270, 32629.016871292526, 24523.26263523938, 32629.016871292526, 30337.688601313057, 24553.486735080645, 30337.688601313057
271, 32641.043773408677, 24357.81567567382, 32641.043773408677, 30383.548871975396, 24560.028678764767, 30383.548871975396
272, 32641.043773408677, 24357.81567567382, 32641.043773408677, 30431.26183243189, 24559.903920828234, 30431.26183243189
273, 32641.043773408677, 24357.81567567382, 32641.043773408677, 30362.28748070933, 24559.067997747785, 30362.28748070933
274, 32641.043773408677, 24357.81567567382, 32641.043773408677, 30413.00815793378, 24554.35638597243, 30413.00815793378
275, 32641.043773408677, 24357.81567567382, 32641.043773408677, 30385.24300071117, 24546.039708724056, 30385.24300071117
276, 32641.043773408677, 24357.81567567382, 32641.043773408677, 30380.349898874098, 24542.229599000388, 30380.349898874098
277, 32641.043773408677, 24357.81567567382, 32641.043773408677, 30410.65530012712, 24528.135004867614, 30410.65530012712
278, 32641.043773408677, 24357.81567567382, 32641.043773408677, 30395.80552807081, 24502.91026173296, 30395.80552807081
279, 32661.16519309654, 24314.151073748813, 32661.16519309654, 30401.0312389309, 24463.597238046732, 30401.0312389309
280, 32661.16519309654, 24314.151073748813, 32661.16519309654, 30429.224568928843, 24447.494183532355, 30429.224568928843
281, 32758.103122567143, 24406.215146389965, 32758.103122567143, 30381.01875306806, 24447.22315147775, 30381.01875306806
282, 32758.103122567143, 24406.215146389965, 32758.103122567143, 30401.20070296583, 24446.645720532924, 30401.20070296583
283, 32758.103122567143, 24406.215146389965, 32758.103122567143, 30408.907619911075, 24446.243533228015, 30408.907619911075
284, 32758.103122567143, 24406.215146389965, 32758.103122567143, 30355.175534540034, 24446.922355189366, 30355.175534540034
285, 32758.103122567143, 24406.215146389965, 32758.103122567143, 30405.03404752341, 24446.403356535848, 30405.03404752341
286, 32758.103122567143, 24406.215146389965, 32758.103122567143, 30373.90022102635, 24446.32745890657, 30373.90022102635
287, 32758.103122567143, 24406.215146389965, 32758.103122567143, 30388.083603733456, 24446.9211325302, 30388.083603733456
288, 32758.103122567143, 24406.215146389965, 32758.103122567143, 30439.773964054566, 24448.295383668567, 30439.773964054566
289, 32758.103122567143, 24406.215146389965, 32758.103122567143, 30395.643225884767, 24446.986151471487, 30395.643225884767
290, 32758.103122567143, 24406.215146389965, 32758.103122567143, 30466.97093373938, 24444.944787630156, 30466.97093373938
291, 32758.103122567143, 24406.215146389965, 32758.103122567143, 30484.50962991697, 24452.95450091217, 30484.50962991697
292, 32758.103122567143, 24406.215146389965, 32758.103122567143, 30464.15221078873, 24478.44695135557, 30464.15221078873
293, 32777.51914571079, 24327.67525679092, 32777.51914571079, 30484.846004210114, 24479.078876609685, 30484.846004210114
294, 32777.51914571079, 24327.67525679092, 32777.51914571079, 30530.271547185403, 24480.59493943034, 30530.271547185403
295, 32777.51914571079, 24327.67525679092, 32777.51914571079, 30502.254200991953, 24479.36384480738, 30502.254200991953
296, 32904.51210144979, 24654.125686504805, 32904.51210144979, 30504.108356998287, 24478.633136464534, 30504.108356998287
297, 32904.51210144979, 24654.125686504805, 32904.51210144979, 30469.61496260551, 24473.08112023956, 30469.61496260551
298, 32904.51210144979, 24654.125686504805, 32904.51210144979, 30518.00281420807, 24469.152917833348, 30518.00281420807
299, 32904.51210144979, 24654.125686504805, 32904.51210144979, 30489.643323414006, 24462.78787169007, 30489.643323414006
300, 32904.51210144979, 24654.125686504805, 32904.51210144979, 30470.463146671493, 24456.75102045207, 30470.463146671493
301, 32904.51210144979, 24654.125686504805, 32904.51210144979, 30535.120805372993, 24443.200147731695, 30535.120805372993
302, 32904.51210144979, 24654.125686504805, 32904.51210144979, 30479.31521160445, 24452.527465142986, 30479.31521160445
303, 32904.51210144979, 24654.125686504805, 32904.51210144979, 30488.73599412281, 24461.837768154768, 30488.73599412281
304, 32904.51210144979, 24654.125686504805, 32904.51210144979, 30536.945270998072, 24488.556380768816, 30536.945270998072
305, 32904.51210144979, 24654.125686504805, 32904.51210144979, 30562.754512645668, 24514.00746239633, 30562.754512645668
306, 32904.51210144979, 24654.125686504805, 32904.51210144979, 30558.831522894514, 24563.58751294882, 30558.831522894514
307, 32904.51210144979, 24654.125686504805, 32904.51210144979, 30562.047329683788, 24632.669611753325, 30562.047329683788
308, 32904.51210144979, 24654.125686504805, 32904.51210144979, 30553.225335306724, 24655.560641500913, 30553.225335306724
309, 32904.51210144979, 24654.125686504805, 32904.51210144979, 30559.446416886993, 24654.5003372398, 30559.446416886993
310, 32904.51210144979, 24654.125686504805, 32904.51210144979, 30545.538222774412, 24653.28164052793, 30545.538222774412
311, 32904.51210144979, 24654.125686504805, 32904.51210144979, 30566.415401748385, 24655.80656399154, 30566.415401748385
312, 32904.51210144979, 24654.125686504805, 32904.51210144979, 30558.607169880135, 24654.225522686083, 30558.607169880135
313, 32943.15043712053, 24607.602458181173, 32943.15043712053, 30564.804320317056, 24652.514410860233, 30564.804320317056
314, 32943.15043712053, 24607.602458181173, 32943.15043712053, 30589.454743144728, 24652.949164683145, 30589.454743144728
315, 32943.15043712053, 24607.602458181173, 32943.15043712053, 30557.865949925956, 24653.421966713842, 30557.865949925956
316, 32943.15043712053, 24607.602458181173, 32943.15043712053, 30544.142542491783, 24655.896923411838, 30544.142542491783
317, 32943.15043712053, 24607.602458181173, 32943.15043712053, 30631.778885005206, 24654.69287587244, 30631.778885005206
318, 32943.15043712053, 24607.602458181173, 32943.15043712053, 30601.898475736794, 24653.37421131743, 30601.898475736794
319, 32943.15043712053, 24607.602458181173, 32943.15043712053, 30644.80968979788, 24653.46854574601, 30644.80968979788
320, 32943.15043712053, 24607.602458181173, 32943.15043712053, 30600.462931453534, 24652.5045880959, 30600.462931453534
321, 32943.15043712053, 24607.602458181173, 32943.15043712053, 30549.06516310328, 24650.335999966614, 30549.06516310328
322, 32946.20550027447, 24599.46392676857, 32946.20550027447, 30614.11141576827, 24650.194303542296, 30614.11141576827
323, 32946.20550027447, 24599.46392676857, 32946.20550027447, 30545.50996912642, 24646.47418159891, 30545.50996912642
324, 32946.20550027447, 24599.46392676857, 32946.20550027447, 30578.858729890097, 24642.3714516833, 30578.858729890097
325, 32946.20550027447, 24599.46392676857, 32946.20550027447, 30611.54506681669, 24633.366568901547, 30611.54506681669
326, 32946.20550027447, 24599.46392676857, 32946.20550027447, 30594.701770225085, 24620.237389037182, 30594.701770225085
327, 32946.20550027447, 24599.46392676857, 32946.20550027447, 30600.108285198465, 24622.39385317456, 30600.108285198465
328, 32946.20550027447, 24599.46392676857, 32946.20550027447, 30583.582498797416, 24621.09451613831, 30583.582498797416
329, 32969.864312792335, 24593.437112097705, 32969.864312792335, 30589.194548261086, 24621.36740920282, 30589.194548261086
330, 32969.864312792335, 24593.437112097705, 32969.864312792335, 30642.588872661978, 24617.795539262694, 30642.588872661978
331, 32969.864312792335, 24593.437112097705, 32969.864312792335, 30598.14933155956, 24617.42452612208, 30598.14933155956
332, 32969.864312792335, 24593.437112097705, 32969.864312792335, 30575.643091568094, 24615.815885583874, 30575.643091568094
333, 32969.864312792335, 24593.437112097705, 32969.864312792335, 30606.5074829189, 24609.305281204615, 30606.5074829189
334, 32969.864312792335, 24593.437112097705, 32969.864312792335, 30641.262798989206, 24603.488947212896, 30641.262798989206
335, 32969.864312792335, 24593.437112097705, 32969.864312792335, 30594.74043029686, 24598.81654878273, 30594.74043029686
336, 32969.864312792335, 24593.437112097705, 32969.864312792335, 30596.206406896916, 24588.96748677256, 30596.206406896916
337, 32969.864312792335, 24593.437112097705, 32969.864312792335, 30620.291362959513, 24575.30335467151, 30620.291362959513
338, 32982.659107333035, 24542.257408935115, 32982.659107333035, 30587.583133629327, 24555.59203612131, 30587.583133629327
339, 32982.659107333035, 24542.257408935115, 32982.659107333035, 30619.3699834256, 24560.200463598645, 30619.3699834256
340, 32982.659107333035, 24542.257408935115, 32982.659107333035, 30646.942855862766, 24567.827798937946, 30646.942855862766
341, 32982.659107333035, 24542.257408935115, 32982.659107333035, 30603.018422558685, 24581.05919233154, 30603.018422558685
342, 32982.659107333035, 24542.257408935115, 32982.659107333035, 30582.88801356205, 24596.167089031765, 30582.88801356205
343, 33017.02558685294, 24394.70588033706, 33017.02558685294, 30586.494378429532, 24607.351750882353, 30586.494378429532
344, 33017.02558685294, 24394.70588033706, 33017.02558685294, 30615.09488005532, 24607.256951719057, 30615.09488005532
345, 33017.02558685294, 24394.70588033706, 33017.02558685294, 30619.87444056231, 24604.357806450753, 30619.87444056231
346, 33017.02558685294, 24394.70588033706, 33017.02558685294, 30616.766637288587, 24599.592705631283, 30616.766637288587
347, 33017.02558685294, 24394.70588033706, 33017.02558685294, 30658.466647066794, 24591.598834736695, 30658.466647066794
348, 33017.02558685294, 24394.70588033706, 33017.02558685294, 30671.536239432982, 24576.161687809625, 30671.536239432982
349, 33017.02558685294, 24394.70588033706, 33017.02558685294, 30575.5101617138, 24567.532142320164, 30575.5101617138
350, 33017.02558685294, 24394.70588033706, 33017.02558685294, 30619.99663030078, 24565.46808054287, 30619.99663030078
351, 33017.02558685294, 24394.70588033706, 33017.02558685294, 30643.959266063375, 24556.690146049652, 30643.959266063375
352, 33017.02558685294, 24394.70588033706, 33017.02558685294, 30663.741089586565, 24548.017596365207, 30663.741089586565
353, 33017.02558685294, 24394.70588033706, 33017.02558685294, 30634.880419772766, 24532.69225067061, 30634.880419772766
354, 33017.02558685294, 24394.70588033706, 33017.02558685294, 30614.837081825357, 24497.283335657346, 30614.837081825357
355, 33017.02558685294, 24394.70588033706, 33017.02558685294, 30639.649869281162, 24473.000672741564, 30639.649869281162
356, 33017.02558685294, 24394.70588033706, 33017.02558685294, 30679.512572954547, 24473.82354247189, 30679.512572954547
357, 33017.02558685294, 24394.70588033706, 33017.02558685294, 30653.335997742124, 24471.804869297408, 30653.335997742124
358, 33017.02558685294, 24394.70588033706, 33017.02558685294, 30684.279520714575, 24473.383668045317, 30684.279520714575
359, 33022.15402613754, 24553.168355925256, 33022.15402613754, 30683.73559428124, 24476.357853510428, 30683.73559428124
360, 33022.15402613754, 24553.168355925256, 33022.15402613754, 30675.186228098013, 24472.701543952087, 30675.186228098013
361, 33022.15402613754, 24553.168355925256, 33022.15402613754, 30652.147003545746, 24475.75120259785, 30652.147003545746
362, 33022.15402613754, 24553.168355925256, 33022.15402613754, 30644.896542426148, 24476.9077771217, 30644.896542426148
363, 33022.15402613754, 24553.168355925256, 33022.15402613754, 30641.03953292643, 24481.164721474644, 30641.03953292643
364, 33022.15402613754, 24553.168355925256, 33022.15402613754, 30682.25368136061, 24485.79105522615, 30682.25368136061
365, 33022.15402613754, 24553.168355925256, 33022.15402613754, 30640.39927409317, 24492.166370850107, 30640.39927409317
366, 33022.15402613754, 24553.168355925256, 33022.15402613754, 30668.949440909215, 24501.617111485746, 30668.949440909215
367, 33022.15402613754, 24553.168355925256, 33022.15402613754, 30667.42272591948, 24518.321201477964, 30667.42272591948
368, 33106.30724057411, 24529.015453916538, 33106.30724057411, 30673.543944464996, 24548.945107326654, 30673.543944464996
369, 33106.30724057411, 24529.015453916538, 33106.30724057411, 30711.94428973241, 24583.512897218876, 30711.94428973241
370, 33106.30724057411, 24529.015453916538, 33106.30724057411, 30672.25505522675, 24584.052641548154, 30672.25505522675
371, 33106.30724057411, 24529.015453916538, 33106.30724057411, 30690.13844214922, 24580.994091239743, 30690.13844214922
372, 33106.30724057411, 24529.015453916538, 33106.30724057411, 30646.27968669906, 24580.278919359134, 30646.27968669906
373, 33106.30724057411, 24529.015453916538, 33106.30724057411, 30675.780891291586, 24577.59520070411, 30675.780891291586
374, 33106.30724057411, 24529.015453916538, 33106.30724057411, 30698.381614648664, 24574.469852276183, 30698.381614648664
375, 33106.30724057411, 24529.015453916538, 33106.30724057411, 30731.40510419808, 24565.57960181053, 30731.40510419808
376, 33106.30724057411, 24529.015453916538, 33106.30724057411, 30688.833518722633, 24558.99102104294, 30688.833518722633
377, 33106.30724057411, 24529.015453916538, 33106.30724057411, 30750.660036605528, 24566.71593654335, 30750.660036605528
378, 33106.30724057411, 24529.015453916538, 33106.30724057411, 30769.062764722617, 24566.204853385938, 30769.062764722617
379, 33160.111246962566, 24496.719003744438, 33160.111246962566, 30748.086375728715, 24566.798742282004, 30748.086375728715
380, 33160.111246962566, 24496.719003744438, 33160.111246962566, 30723.08627811321, 24568.40097210824, 30723.08627811321
381, 33160.111246962566, 24496.719003744438, 33160.111246962566, 30644.347661753498, 24567.11569830138, 30644.347661753498
382, 33160.111246962566, 24496.719003744438, 33160.111246962566, 30724.508952985634, 24566.870697659455, 30724.508952985634
383, 33160.111246962566, 24496.719003744438, 33160.111246962566, 30701.939190106626, 24567.202064969828, 30701.939190106626
384, 33160.111246962566, 24496.719003744438, 33160.111246962566, 30715.47826338857, 24567.4915229108, 30715.47826338857
385, 33202.87883017306, 24507.70905177036, 33202.87883017306, 30774.467466238417, 24565.18910563292, 30774.467466238417
386, 33202.87883017306, 24507.70905177036, 33202.87883017306, 30691.017721827928, 24565.612914466, 30691.017721827928
387, 33202.87883017306, 24507.70905177036, 33202.87883017306, 30715.247301821426, 24564.10951001766, 30715.247301821426
388, 33202.87883017306, 24507.70905177036, 33202.87883017306, 30752.796825049474, 24562.673128575338, 30752.796825049474
389, 33202.87883017306, 24507.70905177036, 33202.87883017306, 30725.370967577306, 24562.841738894516, 30725.370967577306
390, 33202.87883017306, 24507.70905177036, 33202.87883017306, 30738.150627113624, 24560.80376681321, 30738.150627113624
391, 33202.87883017306, 24507.70905177036, 33202.87883017306, 30786.306543606763, 24556.44008448577, 30786.306543606763
392, 33202.87883017306, 24507.70905177036, 33202.87883017306, 30738.5119141584, 24550.679322959553, 30738.5119141584
393, 33202.87883017306, 24507.70905177036, 33202.87883017306, 30718.760927720512, 24548.702242654526, 30718.760927720512
394, 33202.87883017306, 24507.70905177036, 33202.87883017306, 30771.050802426915, 24549.29316352004, 30771.050802426915
395, 33202.87883017306, 24507.70905177036, 33202.87883017306, 30736.448022004035, 24553.606654633448, 30736.448022004035
396, 33202.87883017306, 24507.70905177036, 33202.87883017306, 30777.572288875606, 24560.763276747773, 30777.572288875606
397, 33202.87883017306, 24507.70905177036, 33202.87883017306, 30796.73441871933, 24557.946561747583, 30796.73441871933
398, 33202.87883017306, 24507.70905177036, 33202.87883017306, 30787.40005844752, 24552.072243319442, 30787.40005844752
399, 33202.87883017306, 24507.70905177036, 33202.87883017306, 30780.915319494045, 24551.76124569845, 30780.915319494045
400, 33202.87883017306, 24507.70905177036, 33202.87883017306, 30769.82058465005, 24550.928507530767, 30769.82058465005
401, 33202.87883017306, 24507.70905177036, 33202.87883017306, 30811.29976885624, 24553.509345820243, 30811.29976885624
402, 33202.87883017306, 24507.70905177036, 33202.87883017306, 30762.71014515408, 24552.580415353124, 30762.71014515408
403, 33202.87883017306, 24507.70905177036, 33202.87883017306, 30776.09122396804, 24551.350838829752, 30776.09122396804
404, 33202.87883017306, 24507.70905177036, 33202.87883017306, 30784.4939716319, 24552.179907236852, 30784.4939716319
405, 33202.87883017306, 24507.70905177036, 33202.87883017306, 30760.751411659206, 24553.00772711907, 30760.751411659206
406, 33202.87883017306, 24507.70905177036, 33202.87883017306, 30772.836924035855, 24551.94603367318, 30772.836924035855
407, 33202.87883017306, 24507.70905177036, 33202.87883017306, 30809.31418612585, 24552.107422274723, 30809.31418612585
408, 33202.87883017306, 24507.70905177036, 33202.87883017306, 30806.678763389195, 24552.558600163924, 30806.678763389195
409, 33222.358095379226, 24585.13259686189, 33222.358095379226, 30803.08135357813, 24552.842847984488, 30803.08135357813
410, 33222.358095379226, 24585.13259686189, 33222.358095379226, 30811.317139910105, 24553.32120669309, 30811.317139910105
411, 33222.358095379226, 24585.13259686189, 33222.358095379226, 30809.66571720706, 24553.32012287045, 30809.66571720706
412, 33222.358095379226, 24585.13259686189, 33222.358095379226, 30773.363270374844, 24552.8920667909, 30773.363270374844
413, 33222.358095379226, 24585.13259686189, 33222.358095379226, 30792.040280183697, 24554.611456310864, 30792.040280183697
414, 33222.358095379226, 24585.13259686189, 33222.358095379226, 30788.07221700251, 24558.472054034155, 30788.07221700251
415, 33222.358095379226, 24585.13259686189, 33222.358095379226, 30825.61291765626, 24561.986585314222, 30825.61291765626
416, 33222.358095379226, 24585.13259686189, 33222.358095379226, 30803.37529190267, 24566.723561637522, 30803.37529190267
417, 33222.358095379226, 24585.13259686189, 33222.358095379226, 30810.079164097322, 24574.944143730285, 30810.079164097322
418, 33222.358095379226, 24585.13259686189, 33222.358095379226, 30834.990809702125, 24588.93551035543, 30834.990809702125
419, 33222.358095379226, 24585.13259686189, 33222.358095379226, 30757.29465633454, 24605.802125567236, 30757.29465633454
420, 33222.358095379226, 24585.13259686189, 33222.358095379226, 30798.05796512877, 24606.03812273823, 30798.05796512877
421, 33222.358095379226, 24585.13259686189, 33222.358095379226, 30875.027782783556, 24606.005497019305, 30875.027782783556
422, 33222.358095379226, 24585.13259686189, 33222.358095379226, 30793.053009389365, 24605.683242386487, 30793.053009389365
423, 33222.358095379226, 24585.13259686189, 33222.358095379226, 30777.03713496368, 24605.889893169493, 30777.03713496368
424, 33222.358095379226, 24585.13259686189, 33222.358095379226, 30829.294703866406, 24606.614883865645, 30829.294703866406
425, 33222.358095379226, 24585.13259686189, 33222.358095379226, 30843.985698740216, 24607.85745960927, 30843.985698740216
426, 33222.358095379226, 24585.13259686189, 33222.358095379226, 30821.563012162787, 24605.47716877671, 30821.563012162787
427, 33222.358095379226, 24585.13259686189, 33222.358095379226, 30792.643135031307, 24606.58857019597, 30792.643135031307
428, 33250.565633914724, 24548.518224709638, 33250.565633914724, 30813.142216791566, 24604.998748432557, 30813.142216791566
429, 33250.565633914724, 24548.518224709638, 33250.565633914724, 30817.011227765423, 24606.63670116996, 30817.011227765423
430, 33265.16477725194, 24434.91548920667, 33265.16477725194, 30829.019457034945, 24606.09282202991, 30829.019457034945
431, 33265.16477725194, 24434.91548920667, 33265.16477725194, 30820.38417883683, 24604.277957064867, 30820.38417883683
432, 33265.16477725194, 24434.91548920667, 33265.16477725194, 30795.891266686536, 24603.7517617447, 30795.891266686536
433, 33265.16477725194, 24434.91548920667, 33265.16477725194, 30786.249545239632, 24604.890699731823, 30786.249545239632
434, 33265.16477725194, 24434.91548920667, 33265.16477725194, 30778.563633404676, 24602.571725237183, 30778.563633404676
435, 33265.16477725194, 24434.91548920667, 33265.16477725194, 30800.793058822546, 24600.075314188758, 30800.793058822546
436, 33265.16477725194, 24434.91548920667, 33265.16477725194, 30790.170758014512, 24595.847666492253, 30790.170758014512
437, 33265.16477725194, 24434.91548920667, 33265.16477725194, 30806.26503357997, 24591.698447766532, 30806.26503357997
438, 33265.16477725194, 24434.91548920667, 33265.16477725194, 30790.95848005363, 24585.091360252147, 30790.95848005363
439, 33265.16477725194, 24434.91548920667, 33265.16477725194, 30794.943374697814, 24565.954568092522, 30794.943374697814
440, 33265.16477725194, 24434.91548920667, 33265.16477725194, 30833.292342837318, 24534.282945867108, 30833.292342837318
441, 33265.16477725194, 24434.91548920667, 33265.16477725194, 30814.059663970227, 24500.914345516867, 30814.059663970227
442, 33265.16477725194, 24434.91548920667, 33265.16477725194, 30807.33299403942, 24502.03242282747, 30807.33299403942
443, 33265.16477725194, 24434.91548920667, 33265.16477725194, 30869.42695075958, 24500.18350098541, 30869.42695075958
444, 33265.16477725194, 24434.91548920667, 33265.16477725194, 30846.02816982837, 24500.310550291328, 30846.02816982837
445, 33265.16477725194, 24434.91548920667, 33265.16477725194, 30880.3917238899, 24498.714131796107, 30880.3917238899
446, 33265.16477725194, 24434.91548920667, 33265.16477725194, 30857.427980997505, 24500.37309108997, 30857.427980997505
447, 33327.69371670545, 24328.724742922856, 33327.69371670545, 30782.952164161463, 24503.003574023718, 30782.952164161463
448, 33327.69371670545, 24328.724742922856, 33327.69371670545, 30842.48874108305, 24500.212714744364, 30842.48874108305
449, 33327.69371670545, 24328.724742922856, 33327.69371670545, 30814.814576073095, 24499.806080678944, 30814.814576073095
450, 33327.69371670545, 24328.724742922856, 33327.69371670545, 30827.42028119992, 24499.786547622713, 30827.42028119992
451, 33327.69371670545, 24328.724742922856, 33327.69371670545, 30817.719202824865, 24497.351111574677, 30817.719202824865
452, 33327.69371670545, 24328.724742922856, 33327.69371670545, 30847.41499155544, 24497.699711734815, 30847.41499155544
453, 33327.69371670545, 24328.724742922856, 33327.69371670545, 30843.439626001775, 24499.363057493418, 30843.439626001775
454, 33327.69371670545, 24328.724742922856, 33327.69371670545, 30882.12222507682, 24494.98266939074, 30882.12222507682
455, 33327.69371670545, 24328.724742922856, 33327.69371670545, 30875.96342530584, 24491.663756463877, 30875.96342530584
456, 33327.69371670545, 24328.724742922856, 33327.69371670545, 30834.834325561453, 24482.282455173045, 30834.834325561453
457, 33464.474938718624, 24281.788405460782, 33464.474938718624, 30905.05330863918, 24427.012652898586, 30905.05330863918
458, 33464.474938718624, 24281.788405460782, 33464.474938718624, 30906.283800485035, 24426.633382218526, 30906.283800485035
459, 33464.474938718624, 24281.788405460782, 33464.474938718624, 30849.929470686413, 24426.706209031017, 30849.929470686413
460, 33464.474938718624, 24281.788405460782, 33464.474938718624, 30897.40826280896, 24426.11072542799, 30897.40826280896
461, 33464.474938718624, 24281.788405460782, 33464.474938718624, 30848.372613732736, 24424.755395453667, 30848.372613732736
462, 33464.474938718624, 24281.788405460782, 33464.474938718624, 30877.944251951674, 24427.59028592438, 30877.944251951674
463, 33464.474938718624, 24281.788405460782, 33464.474938718624, 30894.618515968144, 24425.418247601905, 30894.618515968144
464, 33464.474938718624, 24281.788405460782, 33464.474938718624, 30874.16598947381, 24420.49701472796, 30874.16598947381
465, 33464.474938718624, 24281.788405460782, 33464.474938718624, 30938.05304650495, 24421.133413612028, 30938.05304650495
466, 33464.474938718624, 24281.788405460782, 33464.474938718624, 30933.852904090065, 24397.04167172236, 30933.852904090065
467, 33493.68846826366, 24508.59130889116, 33493.68846826366, 30965.003031053813, 24391.466686259326, 30965.003031053813
468, 33493.68846826366, 24508.59130889116, 33493.68846826366, 31002.94651707973, 24396.165834829557, 31002.94651707973
469, 33493.68846826366, 24508.59130889116, 33493.68846826366, 30957.34844022721, 24394.208024467836, 30957.34844022721
470, 33493.68846826366, 24508.59130889116, 33493.68846826366, 30978.664272822603, 24394.653476927775, 30978.664272822603
471, 33493.68846826366, 24508.59130889116, 33493.68846826366, 30963.88571918307, 24397.21634023144, 30963.88571918307
472, 33493.68846826366, 24508.59130889116, 33493.68846826366, 30974.304075999247, 24395.23970579975, 30974.304075999247
473, 33493.68846826366, 24508.59130889116, 33493.68846826366, 30973.5410395286, 24395.666455113584, 30973.5410395286
474, 33677.28431889617, 23992.04260046215, 33677.28431889617, 31017.228386156512, 24391.271444450653, 31017.228386156512
475, 33677.28431889617, 23992.04260046215, 33677.28431889617, 30960.8526574759, 24390.84459881131, 30960.8526574759
476, 33677.28431889617, 23992.04260046215, 33677.28431889617, 30999.434218497903, 24390.85508904473, 30999.434218497903
477, 33677.28431889617, 23992.04260046215, 33677.28431889617, 30958.132365892205, 24392.721058124374, 30958.132365892205
478, 33677.28431889617, 23992.04260046215, 33677.28431889617, 30992.006578465214, 24388.383332939764, 30992.006578465214
479, 33677.28431889617, 23992.04260046215, 33677.28431889617, 30951.69396032908, 24386.360350402934, 30951.69396032908
480, 33677.28431889617, 23992.04260046215, 33677.28431889617, 30975.976201072728, 24373.35466266088, 30975.976201072728
481, 33677.28431889617, 23992.04260046215, 33677.28431889617, 30979.06626364647, 24370.315387130137, 30979.06626364647
482, 33677.28431889617, 23992.04260046215, 33677.28431889617, 31066.839973435683, 24393.238288917026, 31066.839973435683
483, 33677.28431889617, 23992.04260046215, 33677.28431889617, 31021.964439498155, 24425.005471973847, 31021.964439498155
484, 33677.28431889617, 23992.04260046215, 33677.28431889617, 31047.73013304137, 24358.972194343743, 31047.73013304137
485, 33677.28431889617, 23992.04260046215, 33677.28431889617, 31068.491952327502, 24286.23493421344, 31068.491952327502
486, 33677.28431889617, 23992.04260046215, 33677.28431889617, 31087.651321760368, 24213.50753356084, 31087.651321760368
487, 33677.28431889617, 23992.04260046215, 33677.28431889617, 31087.64440679725, 24192.19922453837, 31087.64440679725
488, 33677.28431889617, 23992.04260046215, 33677.28431889617, 31106.46208465979, 24190.245487915905, 31106.46208465979
489, 33717.050602564464, 23995.335482357757, 33717.050602564464, 31112.15145684135, 24190.612459692216, 31112.15145684135
490, 33717.050602564464, 23995.335482357757, 33717.050602564464, 31138.594057146947, 24191.920633075737, 31138.594057146947
491, 33717.050602564464, 23995.335482357757, 33717.050602564464, 31119.420401481493, 24192.43583255058, 31119.420401481493
492, 33717.050602564464, 23995.335482357757, 33717.050602564464, 31096.79393756583, 24191.04002206385, 31096.79393756583
493, 33717.050602564464, 23995.335482357757, 33717.050602564464, 31153.642045026063, 24191.314511946697, 31153.642045026063
494, 33717.050602564464, 23995.335482357757, 33717.050602564464, 31096.754237514167, 24190.867120974654, 31096.754237514167
495, 33717.050602564464, 23995.335482357757, 33717.050602564464, 31158.952321201043, 24190.36373504304, 31158.952321201043
496, 33735.26547296764, 23957.166510785388, 33735.26547296764, 31135.38859197202, 24188.786703226302, 31135.38859197202
497, 33735.26547296764, 23957.166510785388, 33735.26547296764, 31136.98092691535, 24186.62420518092, 31136.98092691535
498, 33735.26547296764, 23957.166510785388, 33735.26547296764, 31170.535193492105, 24183.990885396783, 31170.535193492105
499, 33735.26547296764, 23957.166510785388, 33735.26547296764, 31151.955679974966, 24193.493184916973, 31151.955679974966
500, 33735.26547296764, 23957.166510785388, 33735.26547296764, 31099.951438949694, 24192.023831996412, 31099.951438949694
