1, 26785.572220830258, 24665.96083214318, 26785.572220830258, 25201.65510019587, 24655.859289710774, 25201.65510019587
2, 27170.529976325382, 24682.79652911018, 27170.529976325382, 24209.296765486786, 24628.634486120067, 26129.716613665107
3, 27732.483296465594, 24219.03601091626, 27732.483296465594, 26603.54651199751, 24550.37324591474, 26752.931868751457
4, 28039.79472674671, 24148.315501033965, 28039.79472674671, 26875.190648263724, 24450.72700003886, 27333.020956653418
5, 28211.299756932873, 24467.94086155939, 28211.299756932873, 26222.649708074943, 24467.460272158885, 27759.82969927804
6, 28484.465020643896, 24332.406169387086, 28484.465020643896, 24156.609181773085, 24536.4941777688, 28030.334469854304
7, 28644.168623009646, 24634.945342435225, 28644.168623009646, 25384.819068533725, 24533.863469251708, 28204.393967831897
8, 28903.74376933734, 24604.336128454102, 28903.74376933734, 23346.03351125806, 24582.81187188141, 28369.441029528934
9, 28927.034635675358, 24485.482150283304, 28927.034635675358, 24583.254323903268, 24590.215452166678, 28537.77044594158
10, 29052.05185982843, 24598.949278997803, 29052.05185982843, 23457.484500111084, 24635.708666057097, 28685.419490421817
11, 29308.453356161717, 24474.52188995637, 29308.453356161717, 25466.48111951239, 24601.681054809542, 28798.72501507226
12, 29493.493211533532, 24654.777840035284, 29493.493211533532, 27199.062614983424, 24574.371343995033, 28963.04087537113
13, 29552.491379649637, 24577.726859244707, 29552.491379649637, 24808.59445224801, 24593.22219797736, 29156.825431219822
14, 29868.816007119818, 24578.72472310261, 29868.816007119818, 25300.600731279686, 24566.92297637703, 29341.92756917082
15, 30135.39244353122, 24688.935351441887, 30135.39244353122, 26411.496851983873, 24581.206806791673, 29506.236102946154
16, 30253.361584611277, 24649.916253061536, 30253.361584611277, 24901.481866330563, 24603.036106231884, 29677.8584738979
17, 30429.619343681552, 24622.027947567032, 30429.619343681552, 24867.769945027598, 24605.019827866978, 29832.457128706163
18, 30429.619343681552, 24622.027947567032, 30429.619343681552, 24986.078563331615, 24615.753931154657, 29961.76025972454
19, 30429.619343681552, 24622.027947567032, 30429.619343681552, 24776.44109867757, 24626.016035856177, 30096.62128631358
20, 30504.825228550155, 24687.9197645711, 30504.825228550155, 24366.96006414444, 24661.6962129552, 30196.025719719557
21, 30504.825228550155, 24687.9197645711, 30504.825228550155, 25437.18648887609, 24645.110018462707, 30262.582119426854
22, 30577.320197499062, 24637.154548533952, 30577.320197499062, 24829.660225982527, 24647.87028444794, 30328.5894272653
23, 30642.946600362087, 24630.170841200877, 30642.946600362087, 25714.91262456907, 24642.611237410943, 30386.59589851605
24, 30716.215279230353, 24659.544634041064, 30716.215279230353, 24761.087265879858, 24643.132890090143, 30443.242785084145
25, 30768.95638177682, 24583.760411878113, 30768.95638177682, 25958.66344729748, 24646.22104088352, 30489.848934396614
26, 30892.01869843165, 24669.804410776025, 30892.01869843165, 27346.489734439278, 24620.216254946663, 30538.372800517045
27, 30892.01869843165, 24669.804410776025, 30892.01869843165, 24037.748588467555, 24655.722647830604, 30610.540958330555
28, 30897.488079968258, 24664.313704349308, 30897.488079968258, 24916.834204211667, 24656.910919679325, 30652.03969079981
29, 30897.488079968258, 24664.313704349308, 30897.488079968258, 25791.99274568374, 24656.978809720888, 30673.81978688524
30, 30897.488079968258, 24664.313704349308, 30897.488079968258, 24975.95568553733, 24671.32510271988, 30708.14025210476
31, 30976.853692537956, 24632.166018351698, 30976.853692537956, 24998.654383689933, 24670.01148516476, 30731.32709711562
32, 30976.853692537956, 24632.166018351698, 30976.853692537956, 26202.04053536463, 24643.2112881324, 30759.16474987546
33, 30992.339336430385, 24647.531017805315, 30992.339336430385, 26062.62042367213, 24648.10719155198, 30790.429356484547
34, 31003.39981455708, 24618.2588023771, 31003.39981455708, 26099.08677500289, 24649.504927596314, 30838.282896112956
35, 31003.39981455708, 24618.2588023771, 31003.39981455708, 26127.09189421665, 24640.46058738389, 30854.794828151957
36, 31080.430401400008, 24664.80965352286, 31080.430401400008, 25140.429164476136, 24666.36791889679, 30913.596087705366
37, 31166.200488338418, 24255.666578927197, 31166.200488338418, 30244.187838490383, 24569.536852764617, 30919.532510719262
38, 31320.439686576643, 24388.452299514265, 31320.439686576643, 30469.408396447296, 24546.255535286382, 30980.95657382467
39, 31343.502484597077, 24665.846876685093, 31343.502484597077, 29679.387275192053, 24526.199704150768, 31046.794803640463
40, 31343.502484597077, 24665.846876685093, 31343.502484597077, 25141.90450064992, 24558.706457360022, 31123.65431517896
41, 31355.672634345374, 24637.27654411943, 31355.672634345374, 25872.000466371082, 24561.739200078304, 31162.49812382539
42, 31445.78194488101, 24551.850352087564, 31445.78194488101, 30698.970342818644, 24484.878805072793, 31212.8565718828
43, 31470.690293359414, 24417.88722735292, 31470.690293359414, 26996.850829606527, 24524.9263633551, 31282.74587165664
44, 31641.801088569737, 24476.512260380237, 31641.801088569737, 29083.155275664805, 24487.523695352622, 31307.731260151162
45, 31669.458117406513, 24523.28306300953, 31669.458117406513, 28960.55820174025, 24528.930169334173, 31374.841414508235
46, 31759.344400333248, 24623.41596728887, 31759.344400333248, 27807.839750441446, 24549.151544117216, 31437.821981825717
47, 31763.025887404154, 24636.704001785427, 31763.025887404154, 26830.934406571658, 24596.26275969599, 31500.948217886955
48, 31763.025887404154, 24636.704001785427, 31763.025887404154, 24451.906287450558, 24631.232960119378, 31546.441898215955
49, 31790.339460444033, 24584.05664648938, 31790.339460444033, 26741.449759213, 24614.01968818306, 31582.648841192782
50, 31811.87190383664, 24673.678238253862, 31811.87190383664, 25555.67636335135, 24614.34040820488, 31620.210209557532
51, 31811.87190383664, 24673.678238253862, 31811.87190383664, 25243.327306162417, 24624.97259990478, 31654.718290873727
52, 31968.002038589966, 24604.126733600548, 31968.002038589966, 28391.65435912357, 24588.09508282412, 31691.019127154726
53, 31969.55784938338, 24678.918113696443, 31969.55784938338, 25471.09956743572, 24647.30458929472, 31738.94135902244
54, 31969.55784938338, 24678.918113696443, 31969.55784938338, 25665.782583252, 24663.039101577757, 31764.019869013617
55, 31969.55784938338, 24678.918113696443, 31969.55784938338, 25678.734995441526, 24658.808565106436, 31779.26338198145
56, 32008.298096073613, 24660.020269692828, 32008.298096073613, 25700.15940915111, 24658.61159457076, 31787.796588469602
57, 32008.298096073613, 24660.020269692828, 32008.298096073613, 26416.2144337668, 24644.787630322637, 31818.771233950818
58, 32083.753264030656, 24543.847792883043, 32083.753264030656, 26792.903677433562, 24635.077132749444, 31851.81966751917
59, 32083.753264030656, 24543.847792883043, 32083.753264030656, 27341.81715849348, 24601.361566154083, 31883.041279980538
60, 32250.95960025437, 24534.51873006666, 32250.95960025437, 27361.04541562568, 24652.430656273897, 31908.65535738002
61, 32250.95960025437, 24534.51873006666, 32250.95960025437, 28102.543722726605, 24668.182149931716, 31963.41678304055
62, 32251.987295606872, 24673.90659272348, 32251.987295606872, 28838.240603199352, 24650.739111564297, 31997.91965370975
63, 32251.987295606872, 24673.90659272348, 32251.987295606872, 25883.553774350818, 24665.09178880498, 32030.28838728105
64, 32251.987295606872, 24673.90659272348, 32251.987295606872, 25738.683267910248, 24658.55128181079, 32057.83919695729
65, 32483.326260705635, 24671.25973771017, 32483.326260705635, 25957.865646902323, 24644.60170326654, 32107.355689039836
66, 32483.326260705635, 24671.25973771017, 32483.326260705635, 25472.41881402296, 24648.86000594425, 32195.29787600448
67, 32504.282555706857, 24666.411634846714, 32504.282555706857, 26033.428242088634, 24632.305173008215, 32224.029002193445
68, 32504.282555706857, 24666.411634846714, 32504.282555706857, 26060.455390924428, 24656.401689717208, 32240.119440856273
69, 32504.282555706857, 24666.411634846714, 32504.282555706857, 25733.480654606952, 24685.940990186104, 32281.643630951356
70, 32519.694043913234, 24653.733050513463, 32519.694043913234, 26288.035516098644, 24681.249128444477, 32311.213820072084
71, 32519.694043913234, 24653.733050513463, 32519.694043913234, 27037.86693646917, 24665.642449867406, 32346.129872838075
72, 32519.694043913234, 24653.733050513463, 32519.694043913234, 26370.802048824207, 24669.68718350747, 32386.59252747805
73, 32519.694043913234, 24653.733050513463, 32519.694043913234, 26403.50455537611, 24668.090396565723, 32421.893171199285
74, 32582.048654766262, 24648.52139936924, 32582.048654766262, 26058.233506728327, 24702.14745297088, 32436.143829275148
75, 32698.36948317973, 24634.42093946825, 32698.36948317973, 26952.98226783681, 24697.71659197745, 32443.337632079183
76, 32698.36948317973, 24634.42093946825, 32698.36948317973, 26783.11092371759, 24690.147489006507, 32476.464513733503
77, 32698.36948317973, 24634.42093946825, 32698.36948317973, 26087.76400364285, 24679.036732375633, 32478.380952498672
78, 32698.36948317973, 24634.42093946825, 32698.36948317973, 26273.96495822443, 24695.66395715137, 32499.3507937739
79, 32698.36948317973, 24634.42093946825, 32698.36948317973, 26817.77251655422, 24667.64771837215, 32510.380337867682
80, 32698.36948317973, 24634.42093946825, 32698.36948317973, 26297.16210021829, 24664.02346324602, 32528.93274440224
81, 32698.36948317973, 24634.42093946825, 32698.36948317973, 26324.17293762326, 24637.598886349908, 32550.51640304457
82, 32698.36948317973, 24634.42093946825, 32698.36948317973, 27233.80070022899, 24656.056668025718, 32577.578612299727
83, 32698.36948317973, 24634.42093946825, 32698.36948317973, 27428.61934257038, 24631.389573024037, 32592.547463292245
84, 32703.832568279257, 24675.464852532692, 32703.832568279257, 26742.81037026135, 24663.66834075644, 32612.29491863156
85, 32745.47120939455, 24614.43502288745, 32745.47120939455, 26928.663407222863, 24657.10916477298, 32638.723546169018
86, 32745.47120939455, 24614.43502288745, 32745.47120939455, 27285.206637323132, 24665.258018120345, 32634.925875381512
87, 32793.14956697154, 24681.81491524894, 32793.14956697154, 26939.206234807618, 24673.311464673887, 32638.181730786757
88, 32793.14956697154, 24681.81491524894, 32793.14956697154, 27835.45252737123, 24668.76171207734, 32659.704002516053
89, 32897.16195854138, 24652.648818532136, 32897.16195854138, 26591.3804704216, 24683.260762008336, 32680.8254706199
90, 32897.16195854138, 24652.648818532136, 32897.16195854138, 26419.54267477829, 24692.955190833378, 32672.8687346006
91, 32897.16195854138, 24652.648818532136, 32897.16195854138, 26253.09092723833, 24683.45233928016, 32691.786101296067
92, 32897.16195854138, 24652.648818532136, 32897.16195854138, 25902.922543102948, 24687.000076298642, 32702.734517934947
93, 32897.16195854138, 24652.648818532136, 32897.16195854138, 25922.843405061867, 24686.015868395923, 32715.027526822607
94, 32897.16195854138, 24652.648818532136, 32897.16195854138, 27191.171466080486, 24674.73277402342, 32739.534572166463
95, 32914.68092060622, 24608.30068290825, 32914.68092060622, 27024.49387822883, 24667.65627399635, 32755.346530637595
96, 32914.68092060622, 24608.30068290825, 32914.68092060622, 28291.17324662835, 24649.158713587032, 32761.48356682743
97, 32914.68092060622, 24608.30068290825, 32914.68092060622, 26882.65367999093, 24642.67370024912, 32796.87452376445
98, 33011.52732169332, 24503.88785253381, 33011.52732169332, 30323.280447230143, 24572.95744401704, 32835.334689945266
99, 33236.778021481565, 24401.47526596703, 33236.778021481565, 28729.071312169162, 24583.66376761599, 32858.363282256825
100, 33236.778021481565, 24401.47526596703, 33236.778021481565, 30733.2911921305, 24580.276848596568, 32900.274061202406
101, 33236.778021481565, 24401.47526596703, 33236.778021481565, 30765.2671857021, 24602.760071200762, 32934.70525763162
102, 33236.778021481565, 24401.47526596703, 33236.778021481565, 30434.2068576242, 24560.433810011436, 32954.6941605397
103, 33313.80077084937, 24575.818555400296, 33313.80077084937, 32460.952282392063, 24532.09492251162, 33002.14584568073
104, 33313.80077084937, 24575.818555400296, 33313.80077084937, 28163.80846474558, 24583.893946350225, 33054.49845428674
105, 33313.80077084937, 24575.818555400296, 33313.80077084937, 27464.29208249507, 24592.81497386599, 33086.966279334796
106, 33313.80077084937, 24575.818555400296, 33313.80077084937, 27667.816438189493, 24590.028633185626, 33097.246827684285
107, 33313.80077084937, 24575.818555400296, 33313.80077084937, 27329.38381481553, 24610.02058915916, 33131.028939324846
108, 33313.80077084937, 24575.818555400296, 33313.80077084937, 28434.640366229116, 24609.21248004599, 33137.51138574325
109, 33313.80077084937, 24575.818555400296, 33313.80077084937, 28637.213137552164, 24636.618079078293, 33166.466118838456
110, 33313.80077084937, 24575.818555400296, 33313.80077084937, 28108.420319016066, 24604.757983506504, 33174.69365550839
111, 33313.80077084937, 24575.818555400296, 33313.80077084937, 28670.34177417845, 24592.25074334941, 33199.05340349502
112, 33313.80077084937, 24575.818555400296, 33313.80077084937, 27588.530854629378, 24610.71824503174, 33194.4219886816
113, 33313.80077084937, 24575.818555400296, 33313.80077084937, 28498.40519528464, 24618.299515015966, 33207.82437906972
114, 33316.38890420586, 24593.91505406933, 33316.38890420586, 28146.588306406386, 24638.277300285303, 33219.16725102963
115, 33316.38890420586, 24593.91505406933, 33316.38890420586, 27620.135824238834, 24629.942555233927, 33235.33352340149
116, 33316.38890420586, 24593.91505406933, 33316.38890420586, 28529.422682151548, 24622.337748934417, 33238.69462752361
117, 33351.182214182554, 24650.98223802617, 33351.182214182554, 26711.949267840697, 24633.631514680532, 33245.874300519674
118, 33351.182214182554, 24650.98223802617, 33351.182214182554, 26715.029420852687, 24640.977698751853, 33248.181901798656
119, 33440.80274204598, 24639.901746248455, 33440.80274204598, 27078.543768679294, 24634.05832922542, 33239.380272791765
120, 33440.80274204598, 24639.901746248455, 33440.80274204598, 27080.361331470023, 24636.89229131114, 33261.024094582135
121, 33440.80274204598, 24639.901746248455, 33440.80274204598, 27447.426996534436, 24635.71729293073, 33264.83709386713
122, 33440.80274204598, 24639.901746248455, 33440.80274204598, 27080.729068545905, 24639.956356199596, 33265.793611427915
123, 33440.80274204598, 24639.901746248455, 33440.80274204598, 26899.86239440781, 24637.356132381115, 33260.64951212132
124, 33453.0042605195, 24654.302477415105, 33453.0042605195, 26907.48240938921, 24646.377338840248, 33269.514985727365
125, 33453.0042605195, 24654.302477415105, 33453.0042605195, 26187.97142745666, 24661.34543935315, 33263.299466695506
126, 33453.0042605195, 24654.302477415105, 33453.0042605195, 26195.13326815706, 24676.37156823222, 33289.540011786674
127, 33453.0042605195, 24654.302477415105, 33453.0042605195, 26578.1518965138, 24690.380479251635, 33317.19454862646
128, 33453.0042605195, 24654.302477415105, 33453.0042605195, 27142.926037002973, 24685.632587845037, 33326.328026084106
129, 33453.0042605195, 24654.302477415105, 33453.0042605195, 26438.72721585531, 24684.314076042385, 33350.564947715095
130, 33484.27112849434, 24611.6860191549, 33484.27112849434, 27185.16130954557, 24681.86193218514, 33370.253987527605
131, 33574.52447149422, 24631.931936887457, 33574.52447149422, 26640.322040421135, 24691.144422610527, 33393.38516303568
132, 33732.94792086029, 24674.17237128692, 33732.94792086029, 27372.415024723025, 24683.70810146533, 33392.159142576544
133, 33732.94792086029, 24674.17237128692, 33732.94792086029, 26652.500052863263, 24701.24598714377, 33432.3556035494
134, 33732.94792086029, 24674.17237128692, 33732.94792086029, 26472.378721215093, 24697.872114988317, 33442.59086400323
135, 33732.94792086029, 24674.17237128692, 33732.94792086029, 27403.76793124094, 24684.43974838382, 33450.95171877803
136, 33732.94792086029, 24674.17237128692, 33732.94792086029, 26686.412143057347, 24683.564795328057, 33469.59657197879
137, 33732.94792086029, 24674.17237128692, 33732.94792086029, 26880.78703117557, 24666.544822910535, 33477.389335019136
138, 33732.94792086029, 24674.17237128692, 33732.94792086029, 26716.119742315845, 24672.262310255857, 33492.905423050346
139, 33732.94792086029, 24674.17237128692, 33732.94792086029, 27100.983596807495, 24668.279323310846, 33512.83392893877
140, 33732.94792086029, 24674.17237128692, 33732.94792086029, 26958.830090528245, 24695.22628053932, 33550.689559384446
141, 33732.94792086029, 24674.17237128692, 33732.94792086029, 26805.099420899023, 24697.256437478132, 33581.81806000229
142, 33732.94792086029, 24674.17237128692, 33732.94792086029, 27020.881116688113, 24709.631360945787, 33621.34943550344
143, 33770.512854099616, 24554.284986149938, 33770.512854099616, 28516.640509278062, 24693.785094072122, 33642.36317014602
144, 33770.512854099616, 24554.284986149938, 33770.512854099616, 28517.162086671557, 24697.030720585703, 33659.43108990009
145, 33770.512854099616, 24554.284986149938, 33770.512854099616, 28703.5827369612, 24688.107288009323, 33665.66412578726
146, 33770.512854099616, 24554.284986149938, 33770.512854099616, 28334.111780174073, 24690.097209577776, 33657.913190151135
147, 33770.512854099616, 24554.284986149938, 33770.512854099616, 29981.773348192597, 24682.85554869514, 33650.74323785135
148, 33770.512854099616, 24554.284986149938, 33770.512854099616, 28512.34855729646, 24695.38695043766, 33659.443130965985
149, 33770.512854099616, 24554.284986149938, 33770.512854099616, 28336.69208283101, 24694.218844843068, 33654.98897478853
150, 33793.26037091548, 24684.303407520547, 33793.26037091548, 28333.29330997135, 24691.144278803993, 33651.05695505306
151, 33793.26037091548, 24684.303407520547, 33793.26037091548, 26498.59028929983, 24714.831469774774, 33653.92075596382
152, 33793.26037091548, 24684.303407520547, 33793.26037091548, 26501.16691722201, 24709.82236212912, 33661.12894313714
153, 33793.26037091548, 24684.303407520547, 33793.26037091548, 26138.612137003252, 24712.50189504801, 33670.36164453338
154, 33793.26037091548, 24684.303407520547, 33793.26037091548, 28163.854185135595, 24685.809392105133, 33672.60785180434
155, 33793.26037091548, 24684.303407520547, 33793.26037091548, 27250.974046602434, 24670.725789321037, 33679.538977100434
156, 33793.26037091548, 24684.303407520547, 33793.26037091548, 26341.741558929953, 24650.882930999265, 33675.725237560175
157, 33793.26037091548, 24684.303407520547, 33793.26037091548, 26896.081261051517, 24629.534487829656, 33690.99947507924
158, 33793.26037091548, 24684.303407520547, 33793.26037091548, 26530.09507491077, 24634.80117153535, 33703.36872799119
159, 33793.26037091548, 24684.303407520547, 33793.26037091548, 27995.504917194663, 24619.086774402902, 33685.85570315268
160, 33801.91768058118, 24579.22817155328, 33801.91768058118, 29283.19787978918, 24597.51988152089, 33685.73073754862
161, 33801.91768058118, 24579.22817155328, 33801.91768058118, 28179.07697644649, 24614.291052517103, 33694.71525724974
162, 33801.91768058118, 24579.22817155328, 33801.91768058118, 28736.190713979595, 24613.97506549165, 33695.820945588704
163, 33801.91768058118, 24579.22817155328, 33801.91768058118, 28923.49687697917, 24612.657627690067, 33694.35449990613
164, 33821.588079485635, 24541.947729311843, 33821.588079485635, 28359.62920152577, 24615.634721567687, 33686.11163666091
165, 33821.588079485635, 24541.947729311843, 33821.588079485635, 30207.41688767371, 24611.40829957295, 33696.83165630066
166, 33821.588079485635, 24541.947729311843, 33821.588079485635, 29844.42132043614, 24630.653055985105, 33698.70119666917
167, 33821.588079485635, 24541.947729311843, 33821.588079485635, 28563.33300670353, 24674.315837872797, 33718.611986483585
168, 33821.588079485635, 24541.947729311843, 33821.588079485635, 28576.393320299467, 24670.003745837468, 33730.57104173936
169, 33821.588079485635, 24541.947729311843, 33821.588079485635, 30777.00890989296, 24636.310468935295, 33710.589271822326
170, 33844.33787219473, 24626.82089864302, 33844.33787219473, 27839.25448412314, 24634.189974536217, 33726.74759087738
171, 33844.33787219473, 24626.82089864302, 33844.33787219473, 28024.844431855247, 24618.10360730032, 33720.80299592641
172, 33844.33787219473, 24626.82089864302, 33844.33787219473, 27296.533548487503, 24630.21693225531, 33729.26777583931
173, 33858.093691304144, 24636.55989492372, 33858.093691304144, 26930.343778547092, 24623.496592521475, 33732.875928115966
174, 33858.093691304144, 24636.55989492372, 33858.093691304144, 26935.414672628875, 24624.05989844429, 33744.4683136418
175, 33858.093691304144, 24636.55989492372, 33858.093691304144, 26754.471672215954, 24614.661933665004, 33738.821107720396
176, 33858.093691304144, 24636.55989492372, 33858.093691304144, 26939.954999478607, 24625.51350108559, 33748.57233267035
177, 33858.093691304144, 24636.55989492372, 33858.093691304144, 27311.512085309652, 24617.894249913556, 33758.105294714565
178, 33881.31784328805, 24543.008129287588, 33881.31784328805, 28601.302170234932, 24606.830211968994, 33743.3942165988
179, 33881.31784328805, 24543.008129287588, 33881.31784328805, 29337.223542946893, 24614.611186604892, 33746.61306201677
180, 33885.30475409545, 24573.686963902786, 33885.30475409545, 28797.903010338166, 24642.2242316375, 33765.59234403021
181, 33885.30475409545, 24573.686963902786, 33885.30475409545, 27693.529514717582, 24653.412765546993, 33765.069530229026
182, 33885.30475409545, 24573.686963902786, 33885.30475409545, 28615.140240675057, 24646.103803442034, 33779.37696860183
183, 33885.30475409545, 24573.686963902786, 33885.30475409545, 28067.739640861524, 24639.53381510621, 33787.2028872992
184, 33885.30475409545, 24573.686963902786, 33885.30475409545, 28441.476732274547, 24660.95834154644, 33776.526875396004
185, 33885.30475409545, 24573.686963902786, 33885.30475409545, 29181.681366032582, 24656.981451801777, 33787.48250963848
186, 33885.30475409545, 24573.686963902786, 33885.30475409545, 27337.60042749388, 24663.1097611627, 33771.196305433485
187, 33885.30475409545, 24573.686963902786, 33885.30475409545, 28813.488782986115, 24630.98640389121, 33791.08968979301
188, 33903.59095135486, 24671.855333965515, 33903.59095135486, 26606.014241560537, 24658.54249857706, 33779.535378853856
189, 33903.59095135486, 24671.855333965515, 33903.59095135486, 26794.446056398257, 24627.218963879735, 33786.32904499206
190, 33903.59095135486, 24671.855333965515, 33903.59095135486, 27169.7271369487, 24619.161721544628, 33793.57862276893
191, 33903.59095135486, 24671.855333965515, 33903.59095135486, 27721.52635528758, 24630.0733955027, 33796.53729539433
192, 33903.59095135486, 24671.855333965515, 33903.59095135486, 27170.951272331848, 24637.61078485894, 33787.62402207024
193, 33903.59095135486, 24671.855333965515, 33903.59095135486, 26806.678311104442, 24648.491918180986, 33807.59383891474
194, 33903.59095135486, 24671.855333965515, 33903.59095135486, 26990.601911432026, 24659.551399616546, 33805.824006410185
195, 33903.59095135486, 24671.855333965515, 33903.59095135486, 27176.609733313173, 24651.550605778622, 33812.33476311342
196, 33903.59095135486, 24671.855333965515, 33903.59095135486, 27545.149519153623, 24665.505938876395, 33793.67455338607
197, 33903.59095135486, 24671.855333965515, 33903.59095135486, 27913.644967668384, 24675.58383172398, 33806.25788614184
198, 33903.59095135486, 24671.855333965515, 33903.59095135486, 27369.946179405044, 24711.67140582057, 33812.91402828311
199, 33903.59095135486, 24671.855333965515, 33903.59095135486, 26999.579191045763, 24720.212003534078, 33821.74950304174
200, 33903.59095135486, 24671.855333965515, 33903.59095135486, 27737.473402971274, 24714.23467008958, 33818.23670819092
201, 33903.59095135486, 24671.855333965515, 33903.59095135486, 28105.832181858033, 24708.84176167659, 33809.905041185564
202, 33903.59095135486, 24671.855333965515, 33903.59095135486, 27368.95696069522, 24718.592443573656, 33819.592262630205
203, 33903.59095135486, 24671.855333965515, 33903.59095135486, 27551.00299391694, 24710.175791813374, 33813.748457287664
204, 33903.59095135486, 24671.855333965515, 33903.59095135486, 27000.92713912665, 24709.482536880667, 33819.529210106855
205, 33903.59095135486, 24671.855333965515, 33903.59095135486, 27185.33226401515, 24717.65244594712, 33827.29759219167
206, 33903.59095135486, 24671.855333965515, 33903.59095135486, 26995.457513568876, 24705.218781652406, 33822.874221888815
207, 33903.59095135486, 24671.855333965515, 33903.59095135486, 27000.397911292825, 24726.837095229588, 33812.155509717086
208, 33917.57810964298, 24574.527470494133, 33917.57810964298, 28653.176963008667, 24688.33874504554, 33808.62301767005
209, 33988.36656390535, 24574.357258954853, 33988.36656390535, 27374.0297541363, 24704.93062272124, 33835.31734255961
210, 33988.36656390535, 24574.357258954853, 33988.36656390535, 28663.475872459985, 24687.769051685846, 33828.55252960628
211, 33988.36656390535, 24574.357258954853, 33988.36656390535, 28663.137683950015, 24681.549438335333, 33823.635791733715
212, 33988.36656390535, 24574.357258954853, 33988.36656390535, 27927.483777843387, 24693.561715328196, 33830.04918854185
213, 33988.36656390535, 24574.357258954853, 33988.36656390535, 28298.297797081676, 24683.98137233141, 33836.095178671465
214, 33988.36656390535, 24574.357258954853, 33988.36656390535, 28674.389411177992, 24672.45536906523, 33836.90070991698
215, 33988.36656390535, 24574.357258954853, 33988.36656390535, 28309.62804763059, 24662.62293082276, 33845.20842544817
216, 33988.36656390535, 24574.357258954853, 33988.36656390535, 28871.542826228095, 24648.322078783767, 33859.202027586325
217, 34026.95476732273, 24645.421436320485, 34026.95476732273, 27401.993070997953, 24625.953369040373, 33861.949058700986
218, 34026.95476732273, 24645.421436320485, 34026.95476732273, 27599.40122224229, 24637.43286262678, 33880.81242903895
219, 34026.95476732273, 24645.421436320485, 34026.95476732273, 28555.273318018113, 24631.08554413089, 33908.61082881015
220, 34049.73573106332, 24645.996162639207, 34049.73573106332, 26703.028419753664, 24646.17408695466, 33912.59140187646
221, 34049.73573106332, 24645.996162639207, 34049.73573106332, 27257.21460889344, 24643.67383058452, 33914.214903658976
222, 34049.73573106332, 24645.996162639207, 34049.73573106332, 27808.562492535362, 24640.389707948092, 33917.008029207944
223, 34049.73573106332, 24645.996162639207, 34049.73573106332, 27260.282492677958, 24641.27783876678, 33914.85656467676
224, 34049.73573106332, 24645.996162639207, 34049.73573106332, 27633.558031116798, 24647.300407442468, 33927.94621596668
225, 34049.73573106332, 24645.996162639207, 34049.73573106332, 27078.413805889126, 24663.156344096176, 33927.25005388586
226, 34049.73573106332, 24645.996162639207, 34049.73573106332, 27267.856828882446, 24662.67859811123, 33921.0246644697
227, 34049.73573106332, 24645.996162639207, 34049.73573106332, 27463.28796459475, 24683.08334247935, 33933.704898889606
228, 34049.73573106332, 24645.996162639207, 34049.73573106332, 28027.933687710403, 24686.74581244189, 33944.459360020395
229, 34049.73573106332, 24645.996162639207, 34049.73573106332, 27657.406317198245, 24685.449684778076, 33949.5930451675
230, 34049.73573106332, 24645.996162639207, 34049.73573106332, 27844.65541852749, 24687.313489681263, 33929.275217978146
231, 34049.73573106332, 24645.996162639207, 34049.73573106332, 27479.439401485502, 24683.610198503688, 33955.57530537403
232, 34083.634162826296, 24618.48422879024, 34083.634162826296, 28782.518837393844, 24680.705012111765, 33965.446961866546
233, 34083.634162826296, 24618.48422879024, 34083.634162826296, 27675.226165349202, 24690.737583419148, 33968.406124210655
234, 34083.634162826296, 24618.48422879024, 34083.634162826296, 27675.85329805038, 24682.153084949914, 33980.634096288035
235, 34083.634162826296, 24618.48422879024, 34083.634162826296, 27859.799287854585, 24684.195020175714, 33971.96587370834
236, 34083.634162826296, 24618.48422879024, 34083.634162826296, 26932.985441805457, 24697.542185969534, 33967.876393795974
237, 34083.634162826296, 24618.48422879024, 34083.634162826296, 28044.41327349786, 24690.154953754452, 33967.65764496468
238, 34083.634162826296, 24618.48422879024, 34083.634162826296, 28231.30911490939, 24683.462619286034, 33968.05101537754
239, 34142.796625985175, 24563.590003734676, 34142.796625985175, 28790.92272571716, 24670.983689461544, 33978.03161782523
240, 34142.796625985175, 24563.590003734676, 34142.796625985175, 29163.6919904077, 24666.703695694185, 33978.17445609865
241, 34142.796625985175, 24563.590003734676, 34142.796625985175, 29909.77461924167, 24663.531088915188, 33992.46375415682
242, 34142.796625985175, 24563.590003734676, 34142.796625985175, 28422.957874374053, 24665.339036994057, 33983.20246911394
243, 34142.796625985175, 24563.590003734676, 34142.796625985175, 28245.776683801858, 24668.68747204799, 33996.18400751107
244, 34142.796625985175, 24563.590003734676, 34142.796625985175, 28806.18815181818, 24652.041455431423, 33994.7169690354
245, 34142.796625985175, 24563.590003734676, 34142.796625985175, 28257.919310808647, 24649.512255902162, 34007.20528559507
246, 34142.796625985175, 24563.590003734676, 34142.796625985175, 27715.30343973618, 24649.49385047834, 34017.61960128294
247, 34142.796625985175, 24563.590003734676, 34142.796625985175, 29393.252559470795, 24627.754556585296, 34031.30073007715
248, 34142.796625985175, 24563.590003734676, 34142.796625985175, 28482.675599495353, 24631.7535126698, 34032.67389438373
249, 34142.796625985175, 24563.590003734676, 34142.796625985175, 28864.33238693659, 24599.83443189372, 34058.28074561482
250, 34142.796625985175, 24563.590003734676, 34142.796625985175, 29591.44491804288, 24605.59220612316, 34032.87078355648
251, 34152.196883047814, 24666.614260796072, 34152.196883047814, 27374.008898535405, 24634.328567674078, 34045.58163430434
252, 34152.196883047814, 24666.614260796072, 34152.196883047814, 27005.186599425633, 24635.885890604863, 34053.34830222249
253, 34152.196883047814, 24666.614260796072, 34152.196883047814, 26820.860858336157, 24634.6002351157, 34052.28073641284
254, 34152.196883047814, 24666.614260796072, 34152.196883047814, 27186.012625970918, 24636.29566412291, 34043.65609279207
255, 34152.196883047814, 24666.614260796072, 34152.196883047814, 27743.980063640476, 24630.773544482734, 34058.519244418305
256, 34152.196883047814, 24666.614260796072, 34152.196883047814, 27749.829726993998, 24628.9051558849, 34057.58373665186
257, 34152.196883047814, 24666.614260796072, 34152.196883047814, 26449.726311402548, 24645.10837322581, 34050.476702030275
258, 34152.196883047814, 24666.614260796072, 34152.196883047814, 27008.4623965508, 24648.452509311534, 34055.7915548576
259, 34152.196883047814, 24666.614260796072, 34152.196883047814, 27188.927700372824, 24649.774094117034, 34048.210703223354
260, 34152.196883047814, 24666.614260796072, 34152.196883047814, 27379.729945654926, 24648.274827619527, 34057.85562364034
261, 34198.107366487704, 24549.904023159586, 34198.107366487704, 29247.969547397155, 24639.358226152173, 34067.49503414234
262, 34198.107366487704, 24549.904023159586, 34198.107366487704, 29054.760196554045, 24650.944014785513, 34057.89094816963
263, 34198.107366487704, 24549.904023159586, 34198.107366487704, 29429.656281070427, 24671.034764831333, 34073.893982651185
264, 34198.107366487704, 24549.904023159586, 34198.107366487704, 28686.765817472526, 24690.456339622902, 34072.99339226332
265, 34198.107366487704, 24549.904023159586, 34198.107366487704, 29618.286024293204, 24680.161186109275, 34071.25007066737
266, 34198.107366487704, 24549.904023159586, 34198.107366487704, 29240.15551025705, 24678.945530186284, 34072.61475614925
267, 34198.107366487704, 24549.904023159586, 34198.107366487704, 28874.20178385687, 24681.21646228127, 34080.34984845413
268, 34198.107366487704, 24549.904023159586, 34198.107366487704, 29432.612217392696, 24674.7460249565, 34071.69154913452
269, 34198.107366487704, 24549.904023159586, 34198.107366487704, 29247.57157896045, 24669.346496401646, 34077.35223686698
270, 34198.107366487704, 24549.904023159586, 34198.107366487704, 29071.65756423817, 24674.639870621377, 34079.83835759491
271, 34198.107366487704, 24549.904023159586, 34198.107366487704, 29250.72671778477, 24655.365345009624, 34064.60222556699
272, 34198.107366487704, 24549.904023159586, 34198.107366487704, 30561.672719622293, 24621.151557745186, 34094.45263613773
273, 34198.107366487704, 24549.904023159586, 34198.107366487704, 30015.896354931305, 24600.891823117054, 34105.942891550476
274, 34198.107366487704, 24549.904023159586, 34198.107366487704, 29833.08445519539, 24588.997859897176, 34096.61094314543
275, 34198.107366487704, 24549.904023159586, 34198.107366487704, 29092.205124718388, 24591.137959559477, 34099.07278487605
276, 34198.107366487704, 24549.904023159586, 34198.107366487704, 28540.989859701516, 24608.182012365425, 34108.18727034174
277, 34198.107366487704, 24549.904023159586, 34198.107366487704, 28717.77721268866, 24593.328208735762, 34098.77228564435
278, 34236.64875180777, 24506.366124911576, 34236.64875180777, 30209.336770207774, 24580.764650309455, 34113.97720446938
279, 34236.64875180777, 24506.366124911576, 34236.64875180777, 29839.324497376703, 24588.486603694895, 34113.14844108356
280, 34236.64875180777, 24506.366124911576, 34236.64875180777, 29842.54264352909, 24589.984572400994, 34111.330364932975
281, 34236.64875180777, 24506.366124911576, 34236.64875180777, 29847.077868351458, 24583.071072479826, 34121.157067900844
282, 34236.64875180777, 24506.366124911576, 34236.64875180777, 29845.972000965612, 24585.366224011974, 34122.11570781691
283, 34236.64875180777, 24506.366124911576, 34236.64875180777, 29093.473598903598, 24597.16022416944, 34104.69881750019
284, 34236.64875180777, 24506.366124911576, 34236.64875180777, 29280.59592136532, 24588.390360197845, 34118.62091865557
285, 34236.64875180777, 24506.366124911576, 34236.64875180777, 29836.011775554474, 24585.268321609994, 34112.26697312436
286, 34261.814203243084, 24537.85654328199, 34261.814203243084, 29845.300884239292, 24590.482217964287, 34125.03914017377
287, 34261.814203243084, 24537.85654328199, 34261.814203243084, 29286.420026442764, 24590.287853452504, 34122.8385062232
288, 34261.814203243084, 24537.85654328199, 34261.814203243084, 28544.75525654198, 24601.60843976431, 34133.534483277006
289, 34261.814203243084, 24537.85654328199, 34261.814203243084, 28921.43704137336, 24601.07806826216, 34135.140185237724
290, 34261.814203243084, 24537.85654328199, 34261.814203243084, 29107.830124689295, 24595.436450295765, 34139.09366328942
291, 34261.814203243084, 24537.85654328199, 34261.814203243084, 28930.75905274343, 24600.091644855882, 34139.08370323347
292, 34261.814203243084, 24537.85654328199, 34261.814203243084, 30049.607888684783, 24571.285653127597, 34147.689372278204
293, 34261.814203243084, 24537.85654328199, 34261.814203243084, 29127.732458508326, 24561.52328581215, 34154.56469682056
294, 34281.7877034562, 24544.658569697298, 34281.7877034562, 28757.816419789782, 24571.230384705952, 34155.60081547146
295, 34281.7877034562, 24544.658569697298, 34281.7877034562, 30247.295203397323, 24566.366222740224, 34149.01911459422
296, 34281.7877034562, 24544.658569697298, 34281.7877034562, 29325.104154336983, 24571.600380895095, 34164.5947106474
297, 34281.7877034562, 24544.658569697298, 34281.7877034562, 29513.199159019518, 24579.711923241957, 34164.68688336681
298, 34294.64470070707, 24571.74306112074, 34294.64470070707, 30090.607829268378, 24573.904035806063, 34179.78740641634
299, 34294.64470070707, 24571.74306112074, 34294.64470070707, 29147.49850537258, 24583.129330574167, 34170.133930266704
300, 34294.64470070707, 24571.74306112074, 34294.64470070707, 28585.26110725208, 24596.029985608027, 34170.223386390644
301, 34294.64470070707, 24571.74306112074, 34294.64470070707, 28962.736082404826, 24587.907106528906, 34168.50363164023
302, 34294.64470070707, 24571.74306112074, 34294.64470070707, 30090.963012097993, 24582.668904461156, 34191.614830439656
303, 34294.64470070707, 24571.74306112074, 34294.64470070707, 28791.28758323393, 24598.271996877374, 34188.16499775023
304, 34294.64470070707, 24571.74306112074, 34294.64470070707, 28794.530672641748, 24608.155939789576, 34193.078929268864
305, 34294.64470070707, 24571.74306112074, 34294.64470070707, 28230.330047499116, 24600.590577549377, 34180.98396666294
306, 34294.64470070707, 24571.74306112074, 34294.64470070707, 28424.86538885315, 24611.459922068072, 34201.1623475254
307, 34294.64470070707, 24571.74306112074, 34294.64470070707, 28611.850025545653, 24616.87480837538, 34190.90505363962
308, 34303.85041524064, 24585.760026723674, 34303.85041524064, 28614.61791545534, 24618.31500655089, 34194.266808367174
309, 34303.85041524064, 24585.760026723674, 34303.85041524064, 28612.214707490093, 24621.643400309466, 34201.279650060555
310, 34317.31352717968, 24624.844876413543, 34317.31352717968, 27497.265741168492, 24632.76499029574, 34193.01842859294
311, 34317.31352717968, 24624.844876413543, 34317.31352717968, 27497.204007562166, 24637.35494143959, 34203.4961710231
312, 34317.31352717968, 24624.844876413543, 34317.31352717968, 28807.41876150055, 24629.572552682355, 34215.36662183423
313, 34317.31352717968, 24624.844876413543, 34317.31352717968, 28431.882546957328, 24625.6625315383, 34203.57723403402
314, 34317.31352717968, 24624.844876413543, 34317.31352717968, 28246.569264316167, 24634.562431712144, 34199.532829596836
315, 34317.31352717968, 24624.844876413543, 34317.31352717968, 28062.0055897159, 24637.248855736674, 34209.74196389363
316, 34317.31352717968, 24624.844876413543, 34317.31352717968, 28061.97216064012, 24639.942481500548, 34219.24585976341
317, 34317.31352717968, 24624.844876413543, 34317.31352717968, 28067.43264715374, 24638.105497793764, 34209.89946270847
318, 34317.31352717968, 24624.844876413543, 34317.31352717968, 28810.314678283292, 24639.11402653645, 34215.098353884554
319, 34317.31352717968, 24624.844876413543, 34317.31352717968, 27882.29624351816, 24651.433097626814, 34223.33466401342
320, 34317.31352717968, 24624.844876413543, 34317.31352717968, 28447.990071496584, 24650.949386605324, 34222.0262772133
321, 34317.31352717968, 24624.844876413543, 34317.31352717968, 28451.592731359793, 24664.749904376356, 34227.093477840455
322, 34317.31352717968, 24624.844876413543, 34317.31352717968, 27332.371312915344, 24677.73183719972, 34219.50337045525
323, 34317.31352717968, 24624.844876413543, 34317.31352717968, 27888.219448958236, 24676.413771344953, 34213.52459716357
324, 34317.31352717968, 24624.844876413543, 34317.31352717968, 27700.008363985045, 24669.233647806832, 34216.02458343154
325, 34317.31352717968, 24624.844876413543, 34317.31352717968, 29009.056453944424, 24657.493541931217, 34227.381346015645
326, 34317.31352717968, 24624.844876413543, 34317.31352717968, 27702.718623943492, 24667.649190332213, 34232.84951081997
327, 34317.31352717968, 24624.844876413543, 34317.31352717968, 28450.3608942114, 24661.473839696082, 34227.57720381631
328, 34317.31352717968, 24624.844876413543, 34317.31352717968, 28262.987040839853, 24671.16889504575, 34227.82151693469
329, 34317.31352717968, 24624.844876413543, 34317.31352717968, 27517.455749196306, 24674.246507996028, 34223.04732996412
330, 34317.31352717968, 24624.844876413543, 34317.31352717968, 27513.79423799547, 24670.54337881065, 34219.70244547722
331, 34317.31352717968, 24624.844876413543, 34317.31352717968, 27700.083219592456, 24673.06298710353, 34212.34818087208
332, 34317.31352717968, 24624.844876413543, 34317.31352717968, 28450.353535101473, 24667.0205268942, 34221.239237145426
333, 34317.31352717968, 24624.844876413543, 34317.31352717968, 27709.300007835875, 24670.87311102255, 34230.53932680098
334, 34317.31352717968, 24624.844876413543, 34317.31352717968, 27889.389056965058, 24670.519917077185, 34224.36985176399
335, 34317.31352717968, 24624.844876413543, 34317.31352717968, 27331.748709610798, 24683.748869530304, 34213.40374931653
336, 34317.31352717968, 24624.844876413543, 34317.31352717968, 27703.102911366474, 24667.288564722006, 34213.92443469516
337, 34317.31352717968, 24624.844876413543, 34317.31352717968, 28260.647464099227, 24668.983106369054, 34224.937635027694
338, 34317.31352717968, 24624.844876413543, 34317.31352717968, 27513.672047647782, 24677.099623029004, 34216.076218433685
339, 34317.31352717968, 24624.844876413543, 34317.31352717968, 28822.206666356233, 24668.93594441961, 34224.359477808735
340, 34327.05574087368, 24604.6928467247, 34327.05574087368, 28636.023099322472, 24661.881446736414, 34229.04101694197
341, 34327.05574087368, 24604.6928467247, 34327.05574087368, 28820.231722952183, 24656.244470504236, 34224.27863790267
342, 34327.05574087368, 24604.6928467247, 34327.05574087368, 28444.63054675255, 24660.16929503826, 34221.3003933925
343, 34327.05574087368, 24604.6928467247, 34327.05574087368, 28073.302137832194, 24665.87731768828, 34227.56816841523
344, 34327.05574087368, 24604.6928467247, 34327.05574087368, 28444.983928170837, 24663.39202963218, 34223.52662256287
345, 34327.05574087368, 24604.6928467247, 34327.05574087368, 27513.08024198001, 24672.314446520908, 34220.96944362669
346, 34327.05574087368, 24604.6928467247, 34327.05574087368, 28073.720643114386, 24669.59714874463, 34223.08823374826
347, 34467.447895383324, 24643.526473008966, 34467.447895383324, 26962.045607016677, 24679.180082446455, 34254.7228577991
348, 34467.447895383324, 24643.526473008966, 34467.447895383324, 28086.14261624264, 24671.357224186668, 34278.10833018263
349, 34467.447895383324, 24643.526473008966, 34467.447895383324, 27901.709628039167, 24662.19978032736, 34265.77641589625
350, 34467.447895383324, 24643.526473008966, 34467.447895383324, 27346.293729361954, 24669.83865388254, 34270.21234102767
351, 34467.447895383324, 24643.526473008966, 34467.447895383324, 27903.936329119562, 24663.074947578316, 34271.30379568694
352, 34467.447895383324, 24643.526473008966, 34467.447895383324, 27164.47734228603, 24665.840691154193, 34284.302456057485
353, 34467.447895383324, 24643.526473008966, 34467.447895383324, 28851.501996714927, 24649.932622615688, 34277.778343559556
354, 34467.447895383324, 24643.526473008966, 34467.447895383324, 28299.30387178114, 24664.775006760618, 34282.70837798406
355, 34467.447895383324, 24643.526473008966, 34467.447895383324, 28682.208484426632, 24664.154944047714, 34299.91141254486
356, 34467.447895383324, 24643.526473008966, 34467.447895383324, 27403.13512584338, 24675.469042706038, 34323.01754749678
357, 34467.447895383324, 24643.526473008966, 34467.447895383324, 27623.114367123242, 24687.20300798244, 34353.09129089629
358, 34467.447895383324, 24643.526473008966, 34467.447895383324, 27824.37993049561, 24692.017027369755, 34372.549423471435
359, 34560.90509699407, 24597.19718047694, 34560.90509699407, 28584.6996980127, 24682.356983157846, 34390.98433445753
360, 34560.90509699407, 24597.19718047694, 34560.90509699407, 27830.699312652097, 24686.920072460194, 34399.93082827324
361, 34560.90509699407, 24597.19718047694, 34560.90509699407, 28578.804535970114, 24681.6906340278, 34393.495646420364
362, 34560.90509699407, 24597.19718047694, 34560.90509699407, 28950.201541540366, 24669.163897128445, 34390.3271333694
363, 34560.90509699407, 24597.19718047694, 34560.90509699407, 28582.331679905285, 24674.52690393342, 34391.041622099525
364, 34560.90509699407, 24597.19718047694, 34560.90509699407, 28589.80654204887, 24675.142778165296, 34398.76888128749
365, 34560.90509699407, 24597.19718047694, 34560.90509699407, 29154.284645343505, 24660.779957526123, 34407.899669809725
366, 34560.90509699407, 24597.19718047694, 34560.90509699407, 28603.823576085255, 24656.19542160596, 34412.32497013625
367, 34560.90509699407, 24597.19718047694, 34560.90509699407, 28614.770122725236, 24649.07019944674, 34421.45557013648
368, 34560.90509699407, 24597.19718047694, 34560.90509699407, 28832.45971627596, 24650.659538084292, 34452.33087690739
369, 34560.90509699407, 24597.19718047694, 34560.90509699407, 29396.998095761497, 24634.383880085774, 34463.829278773446
370, 34560.90509699407, 24597.19718047694, 34560.90509699407, 29397.0092914478, 24634.391372807037, 34461.81467328151
371, 34560.90509699407, 24597.19718047694, 34560.90509699407, 28085.74110287395, 24646.550622551928, 34468.10055303743
372, 34560.90509699407, 24597.19718047694, 34560.90509699407, 28277.997264173297, 24643.493005378867, 34469.278935400485
373, 34560.90509699407, 24597.19718047694, 34560.90509699407, 29401.98459856221, 24641.690658474123, 34467.70877634506
374, 34560.90509699407, 24597.19718047694, 34560.90509699407, 29213.099769748307, 24641.239064777496, 34469.572271305326
375, 34560.90509699407, 24597.19718047694, 34560.90509699407, 28837.101942044632, 24646.022341261367, 34454.16390220689
376, 34571.42730830171, 24667.412477416725, 34571.42730830171, 27150.66670739753, 24667.2410048118, 34477.157393129404
377, 34571.42730830171, 24667.412477416725, 34571.42730830171, 27521.24782237335, 24662.835148024926, 34472.870144215725
378, 34605.54069969443, 24680.15253526178, 34605.54069969443, 27149.187051303612, 24666.580756915868, 34469.70361279451
379, 34605.54069969443, 24680.15253526178, 34605.54069969443, 27149.265082680882, 24674.939141491242, 34468.34124501688
380, 34605.54069969443, 24680.15253526178, 34605.54069969443, 28462.675880153227, 24658.565882373427, 34478.07272885235
381, 34605.54069969443, 24680.15253526178, 34605.54069969443, 27526.44961009889, 24667.142870190703, 34470.265930731424
382, 34605.54069969443, 24680.15253526178, 34605.54069969443, 27901.962093661743, 24671.410115398918, 34466.94388471353
383, 34605.54069969443, 24680.15253526178, 34605.54069969443, 27910.678804222352, 24680.819842364825, 34478.43090839143
384, 34605.54069969443, 24680.15253526178, 34605.54069969443, 26971.697136667368, 24715.819647265635, 34484.59516367779
385, 34605.54069969443, 24680.15253526178, 34605.54069969443, 28105.879938980954, 24703.173282251944, 34488.64641601944
386, 34605.54069969443, 24680.15253526178, 34605.54069969443, 27357.967520852268, 24709.962259208056, 34491.92687360343
387, 34605.54069969443, 24680.15253526178, 34605.54069969443, 27923.135951267603, 24703.46976988424, 34505.324345894114
388, 34605.54069969443, 24680.15253526178, 34605.54069969443, 27742.792244865872, 24718.575090347076, 34502.78919404996
389, 34605.54069969443, 24680.15253526178, 34605.54069969443, 27557.90816266562, 24726.358182093027, 34507.01045019139
390, 34605.54069969443, 24680.15253526178, 34605.54069969443, 28311.657744284552, 24709.323832561222, 34517.88649803658
391, 34605.54069969443, 24680.15253526178, 34605.54069969443, 28122.576219665134, 24719.34141088636, 34510.31233336465
392, 34605.54069969443, 24680.15253526178, 34605.54069969443, 28123.491977920312, 24722.984283975216, 34516.38937581423
393, 34605.54069969443, 24680.15253526178, 34605.54069969443, 27746.572985511957, 24728.340650086342, 34513.138340335914
394, 34605.54069969443, 24680.15253526178, 34605.54069969443, 28308.651953514996, 24717.591338277103, 34511.17952420674
395, 34605.54069969443, 24680.15253526178, 34605.54069969443, 28119.962052191822, 24721.28201480244, 34501.128294172566
396, 34605.54069969443, 24680.15253526178, 34605.54069969443, 27746.188185345887, 24725.643015858077, 34507.937824030414
397, 34605.54069969443, 24680.15253526178, 34605.54069969443, 26995.893355479806, 24726.219157999145, 34502.37774290991
398, 34648.69676156946, 24672.318218899345, 34648.69676156946, 28122.41208565335, 24716.23540065745, 34517.856970297085
399, 34648.69676156946, 24672.318218899345, 34648.69676156946, 27751.71685337467, 24716.421792023008, 34519.42103177948
400, 34648.69676156946, 24672.318218899345, 34648.69676156946, 27373.759377128397, 24720.388321541548, 34523.58156337091
401, 34648.69676156946, 24672.318218899345, 34648.69676156946, 28876.34675112674, 24709.496095356586, 34512.099709939896
402, 34648.69676156946, 24672.318218899345, 34648.69676156946, 28879.581671594417, 24714.808898302308, 34525.52416060627
403, 34648.69676156946, 24672.318218899345, 34648.69676156946, 28130.61519712424, 24718.273899486267, 34514.6491990714
404, 34648.69676156946, 24672.318218899345, 34648.69676156946, 27943.329620896675, 24719.427117276107, 34527.072159882955
405, 34648.69676156946, 24672.318218899345, 34648.69676156946, 27570.298646330313, 24725.12341340727, 34530.93886533334
406, 34648.69676156946, 24672.318218899345, 34648.69676156946, 27578.272133348408, 24719.10676357711, 34519.521010907025
407, 34648.69676156946, 24672.318218899345, 34648.69676156946, 27396.38244951953, 24714.106066257693, 34537.168319611024
408, 34648.69676156946, 24672.318218899345, 34648.69676156946, 27780.839382240232, 24723.13191681343, 34546.10505661145
409, 34648.69676156946, 24672.318218899345, 34648.69676156946, 28152.270684739942, 24718.704053565605, 34547.27871893878
410, 34648.69676156946, 24672.318218899345, 34648.69676156946, 28347.129449988435, 24705.06810751177, 34549.42449596127
411, 34648.69676156946, 24672.318218899345, 34648.69676156946, 27965.92752612211, 24717.21974464289, 34546.53332931593
412, 34648.69676156946, 24672.318218899345, 34648.69676156946, 27973.560989179638, 24716.908396688243, 34559.019157170565
413, 34648.69676156946, 24672.318218899345, 34648.69676156946, 28716.969956273977, 24705.848995481552, 34537.30298509888
414, 34648.69676156946, 24672.318218899345, 34648.69676156946, 27963.68194363841, 24708.26468474354, 34537.963403675974
415, 34648.69676156946, 24672.318218899345, 34648.69676156946, 27404.50746455663, 24716.99311842997, 34558.23817717855
416, 34648.69676156946, 24672.318218899345, 34648.69676156946, 27404.663485120967, 24723.645815464915, 34550.36015972771
417, 34648.69676156946, 24672.318218899345, 34648.69676156946, 27780.41480775706, 24720.783169851748, 34532.648630632095
418, 34648.69676156946, 24672.318218899345, 34648.69676156946, 27593.52946706661, 24715.126531345824, 34543.87846458474
419, 34648.69676156946, 24672.318218899345, 34648.69676156946, 27967.18436131508, 24715.88775521818, 34555.39968581226
420, 34648.69676156946, 24672.318218899345, 34648.69676156946, 27971.21678395208, 24719.04847851768, 34553.03173681378
421, 34678.5036444587, 24582.48162902987, 34678.5036444587, 27595.43817221046, 24720.26647219436, 34551.589014553836
422, 34678.5036444587, 24582.48162902987, 34678.5036444587, 27969.2523283763, 24702.830434279465, 34553.12816549994
423, 34678.5036444587, 24582.48162902987, 34678.5036444587, 28723.890127618142, 24690.800585889247, 34563.85419962669
424, 34678.5036444587, 24582.48162902987, 34678.5036444587, 29473.565858892212, 24690.84583846667, 34549.728368341035
425, 34678.5036444587, 24582.48162902987, 34678.5036444587, 29478.5692169402, 24696.161754063352, 34559.98928582554
426, 34678.5036444587, 24582.48162902987, 34678.5036444587, 29662.197024201243, 24681.958507962056, 34552.11326071491
427, 34678.5036444587, 24582.48162902987, 34678.5036444587, 29101.52205268418, 24690.575418480927, 34564.29187392414
428, 34678.5036444587, 24582.48162902987, 34678.5036444587, 29104.488618565672, 24688.850418073536, 34551.16269370833
429, 34678.5036444587, 24582.48162902987, 34678.5036444587, 28917.920125227018, 24683.46795441715, 34556.45937845612
430, 34678.5036444587, 24582.48162902987, 34678.5036444587, 28544.71415326206, 24682.15823083749, 34561.67902877076
431, 34678.5036444587, 24582.48162902987, 34678.5036444587, 29865.958565576897, 24643.304937050983, 34571.86778107
432, 34678.5036444587, 24582.48162902987, 34678.5036444587, 28940.573208119302, 24637.725922102814, 34594.119533304576
433, 34678.5036444587, 24582.48162902987, 34678.5036444587, 29498.574373785428, 24626.80075188619, 34570.86959308208
434, 34782.760081149565, 24659.130729180226, 34782.760081149565, 27998.517782837553, 24649.35743653222, 34595.6439158544
435, 34782.760081149565, 24659.130729180226, 34782.760081149565, 27616.987007867076, 24641.68892345068, 34597.10228912814
436, 34782.760081149565, 24659.130729180226, 34782.760081149565, 28373.560964138796, 24640.087372848877, 34604.60790962251
437, 34782.760081149565, 24659.130729180226, 34782.760081149565, 28374.962035955195, 24648.358957561668, 34596.47872156707
438, 34782.760081149565, 24659.130729180226, 34782.760081149565, 28001.196376211727, 24648.648553712177, 34605.614973885764
439, 34782.760081149565, 24659.130729180226, 34782.760081149565, 27248.73196835868, 24665.081736580345, 34600.33524346947
440, 34782.760081149565, 24659.130729180226, 34782.760081149565, 28199.86554386969, 24652.33215777524, 34604.65476043408
441, 34782.760081149565, 24659.130729180226, 34782.760081149565, 28211.463487242032, 24660.175654251547, 34640.17894112847
442, 34782.760081149565, 24659.130729180226, 34782.760081149565, 28033.40493152059, 24664.483991080375, 34636.369176463784
443, 34782.760081149565, 24659.130729180226, 34782.760081149565, 27675.731067533074, 24693.022390759274, 34650.46570003519
444, 34782.760081149565, 24659.130729180226, 34782.760081149565, 27879.31426952769, 24707.313633489048, 34665.54095239235
445, 34782.760081149565, 24659.130729180226, 34782.760081149565, 28081.424098687447, 24697.17535202281, 34691.41183020515
446, 34782.760081149565, 24659.130729180226, 34782.760081149565, 28455.79869740235, 24699.44356687138, 34679.01261984282
447, 34782.760081149565, 24659.130729180226, 34782.760081149565, 27134.070335978802, 24706.90670788998, 34683.10348557366
448, 34861.10645195613, 24668.24675604871, 34861.10645195613, 28079.36480890572, 24708.861042557888, 34700.53836557033
449, 34861.10645195613, 24668.24675604871, 34861.10645195613, 28077.140777656165, 24709.652611430494, 34685.296778052536
450, 34861.10645195613, 24668.24675604871, 34861.10645195613, 29598.62451430186, 24691.091282203757, 34703.92243494009
451, 34861.10645195613, 24668.24675604871, 34861.10645195613, 28639.95249476969, 24703.665378221995, 34697.873946102896
452, 34861.10645195613, 24668.24675604871, 34861.10645195613, 28268.06596649272, 24704.771817476623, 34697.7249923409
453, 34861.10645195613, 24668.24675604871, 34861.10645195613, 28080.023651605334, 24710.56543762314, 34700.77893795619
454, 34861.10645195613, 24668.24675604871, 34861.10645195613, 27514.302338711062, 24705.75923343906, 34716.31652917367
455, 34861.10645195613, 24668.24675604871, 34861.10645195613, 28274.007757236617, 24690.80015784547, 34701.934697460056
456, 34861.10645195613, 24668.24675604871, 34861.10645195613, 27707.789656968485, 24705.482246031406, 34703.99779637644
457, 34861.10645195613, 24668.24675604871, 34861.10645195613, 27702.798841718995, 24706.46896508643, 34694.81766378872
458, 34861.10645195613, 24668.24675604871, 34861.10645195613, 27519.454238688562, 24713.86625352283, 34708.37223212554
459, 34861.10645195613, 24668.24675604871, 34861.10645195613, 28661.316553087065, 24698.398432883463, 34716.75521205178
460, 34861.10645195613, 24668.24675604871, 34861.10645195613, 27901.805837302116, 24707.302770127742, 34716.20170293651
461, 34861.10645195613, 24668.24675604871, 34861.10645195613, 27534.237064331304, 24708.541887073327, 34723.426168842045
462, 34861.10645195613, 24668.24675604871, 34861.10645195613, 27356.916195294772, 24716.829207226296, 34728.32513865223
463, 34861.10645195613, 24668.24675604871, 34861.10645195613, 28318.128757312028, 24711.99226772929, 34743.361262358616
464, 34861.10645195613, 24668.24675604871, 34861.10645195613, 28140.658784789928, 24712.974937156174, 34757.63253962725
465, 34861.10645195613, 24668.24675604871, 34861.10645195613, 28901.281525841823, 24714.346295475712, 34756.51184802376
466, 34861.10645195613, 24668.24675604871, 34861.10645195613, 27761.10615525546, 24715.925485139258, 34759.60998247265
467, 34861.10645195613, 24668.24675604871, 34861.10645195613, 28141.05514869212, 24709.600964452715, 34760.616028457334
468, 34861.10645195613, 24668.24675604871, 34861.10645195613, 27572.336778202734, 24708.09249326963, 34747.093052658674
469, 34861.10645195613, 24668.24675604871, 34861.10645195613, 28709.777379149094, 24711.385595545195, 34771.86971967086
470, 34861.10645195613, 24668.24675604871, 34861.10645195613, 28137.718693307717, 24703.45200171806, 34745.06493968585
471, 34861.10645195613, 24668.24675604871, 34861.10645195613, 28516.73130321865, 24708.040137104384, 34759.653086435814
472, 34861.10645195613, 24668.24675604871, 34861.10645195613, 28140.76697264943, 24704.187929550033, 34765.11614537487
473, 34861.10645195613, 24668.24675604871, 34861.10645195613, 28139.17448682797, 24715.410827863343, 34746.85458366443
474, 34861.10645195613, 24668.24675604871, 34861.10645195613, 28330.79071363166, 24709.800176220455, 34762.14300892967
475, 34861.10645195613, 24668.24675604871, 34861.10645195613, 27381.53395226483, 24719.91193073371, 34753.062003843304
476, 34861.10645195613, 24668.24675604871, 34861.10645195613, 28707.635240896394, 24708.782119817664, 34756.24832348856
477, 34861.10645195613, 24668.24675604871, 34861.10645195613, 27571.192382826957, 24727.004753474852, 34751.19973359069
478, 34861.10645195613, 24668.24675604871, 34861.10645195613, 27766.053892016458, 24714.218805086006, 34765.87883913071
479, 34861.10645195613, 24668.24675604871, 34861.10645195613, 28137.499702595385, 24711.158421996184, 34754.846226082205
480, 34861.10645195613, 24668.24675604871, 34861.10645195613, 27383.713000475796, 24719.282967157273, 34761.183514568416
481, 34861.10645195613, 24668.24675604871, 34861.10645195613, 27947.13432288148, 24715.130149605986, 34745.172100674456
482, 34861.10645195613, 24668.24675604871, 34861.10645195613, 27574.510726120287, 24711.924810167453, 34768.039630986255
483, 34861.10645195613, 24668.24675604871, 34861.10645195613, 28899.067171599858, 24717.457969283096, 34754.32830808111
484, 34911.64522595485, 24551.47051275139, 34911.64522595485, 30227.86109265018, 24689.80746519666, 34765.067494075556
485, 34911.64522595485, 24551.47051275139, 34911.64522595485, 29655.47489827071, 24695.477103534227, 34766.57398804764
486, 34911.64522595485, 24551.47051275139, 34911.64522595485, 29465.077625365982, 24682.324174653386, 34769.053703109
487, 34930.73430074374, 24528.320290559237, 34930.73430074374, 29666.15642797177, 24679.998580891377, 34782.14327864503
488, 34930.73430074374, 24528.320290559237, 34930.73430074374, 29466.798028979058, 24680.53377291272, 34763.69725611293
489, 34962.71501309658, 24654.769251877366, 34962.71501309658, 29667.402235451962, 24689.40663582172, 34786.85649023066
490, 34962.71501309658, 24654.769251877366, 34962.71501309658, 28519.41202906737, 24698.752885003163, 34765.00599750846
491, 34962.71501309658, 24654.769251877366, 34962.71501309658, 28334.978280614825, 24697.690779395944, 34784.97363951896
492, 34962.71501309658, 24654.769251877366, 34962.71501309658, 28541.13616957953, 24697.717600255488, 34796.446396855266
493, 34962.71501309658, 24654.769251877366, 34962.71501309658, 28732.053589556253, 24683.806318246116, 34797.29676750365
494, 34962.71501309658, 24654.769251877366, 34962.71501309658, 27984.56732812189, 24681.912104047486, 34806.36887538144
495, 34962.71501309658, 24654.769251877366, 34962.71501309658, 27628.958660221597, 24653.86146397052, 34848.80576299218
496, 34962.71501309658, 24654.769251877366, 34962.71501309658, 28013.53802445785, 24652.624114394745, 34838.509792881516
497, 34962.71501309658, 24654.769251877366, 34962.71501309658, 28399.665618365903, 24674.864771657485, 34848.942545198035
498, 34962.71501309658, 24654.769251877366, 34962.71501309658, 28975.93055903122, 24690.218467717677, 34856.376543269485
499, 34962.71501309658, 24654.769251877366, 34962.71501309658, 28794.538793760603, 24698.308695806547, 34863.66981561678
500, 34962.71501309658, 24654.769251877366, 34962.71501309658, 27462.98837893416, 24710.639972968213, 34860.39509567254
