1, 26953.25813405133, 24654.027697919733, 26953.25813405133, 25144.611959935115, 24657.015125863054, 25144.611959935115
2, 27222.234517478795, 24454.89915379081, 27222.234517478795, 21069.32982953396, 24665.630222153657, 26108.752861515066
3, 27790.777684213816, 24574.0324756722, 27790.777684213816, 25977.046514499154, 24575.89930659072, 26579.42401215614
4, 28322.225697810325, 24408.920328551645, 28322.225697810325, 26887.582686221274, 24482.508493604768, 27503.728364805476
5, 28694.432463993857, 24555.53488614697, 28694.432463993857, 26601.822942650277, 24459.73916887781, 28002.3115237536
6, 28881.688647647476, 24599.39788915655, 28881.688647647476, 25629.372940174544, 24497.271906789843, 28302.151828567206
7, 29052.122173796888, 24658.845407749803, 29052.122173796888, 24761.853514630206, 24570.708184783914, 28557.601111049124
8, 29094.012587051813, 24637.25477657146, 29094.012587051813, 23986.03396430223, 24595.489624920927, 28750.749749286602
9, 29158.631913110545, 24521.778309446432, 29158.631913110545, 24593.706929350614, 24627.222160496272, 28898.229001091528
10, 29227.56088888912, 24659.63054141654, 29227.56088888912, 24052.486957158646, 24643.13387434558, 28996.51447319658
11, 29349.3361737078, 24532.008627366806, 29349.3361737078, 24933.778366698152, 24633.433004101415, 29093.261986143207
12, 29715.083546556187, 24615.300385551185, 29715.083546556187, 25498.935264297677, 24615.08103492813, 29229.242232423298
13, 29878.784856991133, 24665.893256581992, 29878.784856991133, 24160.62467134676, 24643.61901343965, 29371.104383847458
14, 30244.04496195114, 24603.13951066979, 30244.04496195114, 23292.298662760157, 24652.518411427543, 29490.857252297857
15, 30316.655887820518, 24665.39114042409, 30316.655887820518, 24249.675078128865, 24648.50259336221, 29693.40396209502
16, 30316.655887820518, 24665.39114042409, 30316.655887820518, 23875.442177281224, 24662.230182610405, 29836.409622591367
17, 30387.826848855686, 24678.438650699572, 30387.826848855686, 24318.35502365537, 24656.27678637107, 29959.466384147105
18, 30447.67160397499, 24648.02866037245, 30447.67160397499, 24943.92954597792, 24644.72584700466, 30090.826642992495
19, 30447.67160397499, 24648.02866037245, 30447.67160397499, 25547.818792189606, 24643.669965801633, 30204.203324347996
20, 30452.164900420237, 24615.70808996438, 30452.164900420237, 25446.146535165106, 24634.04244691955, 30267.558045326616
21, 30626.280340461093, 24666.551841542154, 30626.280340461093, 27487.773552926323, 24611.266728782237, 30325.79468986542
22, 30708.899039386928, 24586.52521891189, 30708.899039386928, 25206.40567916401, 24629.72633916052, 30391.48514689728
23, 30715.99707606843, 24545.82819862282, 30715.99707606843, 24926.486848197423, 24652.258246048354, 30445.299581035102
24, 30770.31533494125, 24634.93458737499, 30770.31533494125, 25641.16591147219, 24626.81010345271, 30507.329559795646
25, 30914.800377044794, 24640.892449091058, 30914.800377044794, 27719.288275066036, 24588.12601943537, 30575.829711839244
26, 31042.61610136023, 24638.65246966717, 31042.61610136023, 25610.88253361371, 24627.89822362747, 30667.16683144122
27, 31141.947376126856, 24654.03253189621, 31141.947376126856, 25503.577422585342, 24622.93660791636, 30767.719557641463
28, 31193.2829662334, 24658.770999364806, 31193.2829662334, 24544.78468683722, 24651.495813408466, 30829.943975607297
29, 31193.2829662334, 24658.770999364806, 31193.2829662334, 24772.493442464383, 24645.986979163503, 30894.607243799237
30, 31333.342327561062, 24661.40252347732, 31333.342327561062, 25855.00319891862, 24649.412962796472, 30958.859185091424
31, 31415.6797766296, 24515.92401009524, 31415.6797766296, 25404.097374271692, 24667.699954294876, 31030.24994150021
32, 31415.6797766296, 24515.92401009524, 31415.6797766296, 27002.11985922383, 24631.051018807193, 31107.639649026558
33, 31644.778404524935, 24623.35583932557, 31644.778404524935, 27913.487608439482, 24622.55699375853, 31168.35233739718
34, 31644.778404524935, 24623.35583932557, 31644.778404524935, 25743.84967835566, 24657.444208936355, 31257.561401551175
35, 31644.778404524935, 24623.35583932557, 31644.778404524935, 25460.405053234106, 24643.203628060473, 31326.607272162215
36, 31644.778404524935, 24623.35583932557, 31644.778404524935, 25346.81681705033, 24641.45881527583, 31380.074102503662
37, 31711.457689545194, 24563.141826881823, 31711.457689545194, 25565.097868803776, 24621.783778072004, 31442.755998571945
38, 31768.33248817507, 24633.508276891214, 31768.33248817507, 27343.081638148178, 24630.90040497229, 31487.947965923824
39, 31788.58012584919, 24678.259624722137, 31788.58012584919, 25144.072667827742, 24686.827099467453, 31548.23129694349
40, 31788.58012584919, 24678.259624722137, 31788.58012584919, 24998.326180337037, 24691.75860452568, 31572.899588170872
41, 31788.58012584919, 24678.259624722137, 31788.58012584919, 25717.071447376224, 24675.644564882303, 31616.47261437464
42, 31788.58012584919, 24678.259624722137, 31788.58012584919, 25395.549693017616, 24678.52092841432, 31637.418927034912
43, 31788.58012584919, 24678.259624722137, 31788.58012584919, 25586.64944462739, 24678.243567419555, 31639.080369437288
44, 31788.58012584919, 24678.259624722137, 31788.58012584919, 25791.12094026021, 24673.486336131555, 31677.85048822909
45, 31909.589636283145, 24653.89831529608, 31909.589636283145, 26337.14716066672, 24674.900464131493, 31717.63142092586
46, 31909.589636283145, 24653.89831529608, 31909.589636283145, 26350.715064820863, 24683.987716521046, 31746.967079885697
47, 31925.681866189614, 24518.607998678784, 31925.681866189614, 25661.23366655622, 24692.816383431575, 31739.828942121498
48, 31925.681866189614, 24518.607998678784, 31925.681866189614, 27754.08540633735, 24656.08379156957, 31754.52814882439
49, 31926.302766807494, 24596.018914337026, 31926.302766807494, 25850.33246298164, 24670.362484255325, 31758.136826914586
50, 31943.349611339912, 24533.688939635376, 31943.349611339912, 27957.579327989002, 24648.640465673692, 31783.525728510805
51, 31943.349611339912, 24533.688939635376, 31943.349611339912, 28144.3744344699, 24637.789317709747, 31797.84213526635
52, 32058.094240334463, 24674.92347721506, 32058.094240334463, 28347.21554830682, 24626.23895297744, 31821.348549111168
53, 32058.094240334463, 24674.92347721506, 32058.094240334463, 25575.602407855953, 24639.99057790846, 31851.26012948786
54, 32058.094240334463, 24674.92347721506, 32058.094240334463, 25757.196202900395, 24656.332884921525, 31865.766711620712
55, 32058.094240334463, 24674.92347721506, 32058.094240334463, 24902.08940891023, 24666.26135719074, 31884.580281446146
56, 32092.129054932153, 24599.122761455652, 32092.129054932153, 27534.074653865155, 24629.953710965437, 31897.17916873539
57, 32127.750860627057, 24685.881805207482, 32127.750860627057, 26322.055785398665, 24624.616795996117, 31908.940095822614
58, 32276.25702474146, 24643.51670815284, 32276.25702474146, 25468.20925774063, 24666.433269083514, 31951.298168164867
59, 32276.25702474146, 24643.51670815284, 32276.25702474146, 25669.517075730804, 24655.087786896933, 31994.706417235833
60, 32276.25702474146, 24643.51670815284, 32276.25702474146, 26051.41268768375, 24687.602711290067, 32018.03261599191
61, 32276.25702474146, 24643.51670815284, 32276.25702474146, 25199.267713611203, 24682.477545323443, 32046.372586126203
62, 32276.25702474146, 24643.51670815284, 32276.25702474146, 25912.95326228801, 24685.970141694743, 32075.60020305504
63, 32276.25702474146, 24643.51670815284, 32276.25702474146, 26639.089956275777, 24671.273678852747, 32080.854738230362
64, 32276.25702474146, 24643.51670815284, 32276.25702474146, 26306.00604572282, 24664.714767284884, 32103.42070550896
65, 32321.500883067736, 24645.01313221327, 32321.500883067736, 26515.012398689985, 24663.76609861332, 32142.993264257366
66, 32387.96468623694, 24683.01959752758, 32387.96468623694, 26024.807448083397, 24643.096036702176, 32195.896552337723
67, 32387.96468623694, 24683.01959752758, 32387.96468623694, 26034.943177371635, 24674.328893673868, 32201.964574635516
68, 32513.196155422484, 24628.621124917863, 32513.196155422484, 26049.65882748686, 24671.085259026997, 32246.121942159454
69, 32513.196155422484, 24628.621124917863, 32513.196155422484, 26417.007290083802, 24673.936307887026, 32255.378613390378
70, 32513.196155422484, 24628.621124917863, 32513.196155422484, 26437.179833392376, 24677.93906507049, 32283.11291310006
71, 32513.196155422484, 24628.621124917863, 32513.196155422484, 26977.521749575586, 24687.514843569632, 32284.836611442493
72, 32539.59686429771, 24602.65752008752, 32539.59686429771, 27360.264644438616, 24675.9259666012, 32321.290976206183
73, 32539.59686429771, 24602.65752008752, 32539.59686429771, 25966.146888822757, 24693.586671698107, 32340.46012635226
74, 32539.59686429771, 24602.65752008752, 32539.59686429771, 27940.173177791672, 24683.96545861752, 32359.899934424702
75, 32539.59686429771, 24602.65752008752, 32539.59686429771, 26894.902384142173, 24689.7462048736, 32384.73853426823
76, 32647.26753511528, 24614.83522402965, 32647.26753511528, 27461.778554114753, 24673.178042411353, 32435.6356819962
77, 32803.261272209864, 24617.926309633516, 32803.261272209864, 28030.426771930466, 24666.92740618147, 32475.473439725407
78, 32803.261272209864, 24617.926309633516, 32803.261272209864, 26450.40069432372, 24674.471442205104, 32511.773002571277
79, 32803.261272209864, 24617.926309633516, 32803.261272209864, 26631.79123529674, 24669.138755857035, 32518.804388980025
80, 32803.261272209864, 24617.926309633516, 32803.261272209864, 27185.820297706076, 24666.42052637024, 32536.34872147116
81, 32803.261272209864, 24617.926309633516, 32803.261272209864, 26146.259245263715, 24654.490891921003, 32563.95812945861
82, 32803.261272209864, 24617.926309633516, 32803.261272209864, 26887.351708612787, 24650.142875894915, 32605.74817744772
83, 32803.261272209864, 24617.926309633516, 32803.261272209864, 26736.931570318273, 24649.314332690996, 32623.892684682058
84, 32809.312709466634, 24668.48048996302, 32809.312709466634, 26390.5509642712, 24646.79388795166, 32637.74100084503
85, 32809.312709466634, 24668.48048996302, 32809.312709466634, 26582.2458820283, 24640.708839231345, 32657.358804731164
86, 32809.312709466634, 24668.48048996302, 32809.312709466634, 25708.97248266918, 24658.977171427083, 32665.670596944154
87, 32809.312709466634, 24668.48048996302, 32809.312709466634, 27151.657716609738, 24641.364104678592, 32689.020110693495
88, 32816.00257980984, 24610.171424630735, 32816.00257980984, 27166.36881132313, 24651.91372911869, 32699.994357425592
89, 32868.9929013983, 24680.643364529285, 32868.9929013983, 26996.883630822485, 24684.73746670796, 32710.200295274535
90, 32868.9929013983, 24680.643364529285, 32868.9929013983, 26304.654138858074, 24700.719473104462, 32750.27958101413
91, 32912.45702928261, 24662.932380257298, 32912.45702928261, 26129.464406636573, 24680.94726291833, 32741.878394206695
92, 32912.45702928261, 24662.932380257298, 32912.45702928261, 26129.837927424287, 24677.67901826922, 32741.28620413351
93, 32912.45702928261, 24662.932380257298, 32912.45702928261, 25776.898747206833, 24684.049935523166, 32761.677564364607
94, 32912.45702928261, 24662.932380257298, 32912.45702928261, 26140.5675500397, 24694.804272142417, 32770.294070670665
95, 32912.45702928261, 24662.932380257298, 32912.45702928261, 26325.876449707812, 24710.835394605856, 32763.886699607134
96, 32915.463460626364, 24660.765272201144, 32915.463460626364, 26869.73843784118, 24694.650922852517, 32780.33417900269
97, 32915.463460626364, 24660.765272201144, 32915.463460626364, 26879.18425152202, 24686.443242808353, 32791.556669756435
98, 32955.001564709535, 24546.106589340987, 32955.001564709535, 27966.680434947793, 24675.32636086367, 32802.826561917
99, 33109.77645141585, 24530.316917951426, 33109.77645141585, 27794.454405854303, 24678.046743346003, 32800.20022844898
100, 33109.77645141585, 24530.316917951426, 33109.77645141585, 28359.80478495135, 24680.67795695474, 32869.3413373298
101, 33109.77645141585, 24530.316917951426, 33109.77645141585, 28907.49963831508, 24668.60367311668, 32861.424537618004
102, 33109.77645141585, 24530.316917951426, 33109.77645141585, 27670.786775482055, 24656.069373591403, 32878.277950497075
103, 33109.77645141585, 24530.316917951426, 33109.77645141585, 29852.10016523216, 24615.673957536215, 32912.167393849646
104, 33109.77645141585, 24530.316917951426, 33109.77645141585, 28244.4494062697, 24606.68335534381, 32919.08521557606
105, 33109.77645141585, 24530.316917951426, 33109.77645141585, 27017.163882852128, 24603.51638768456, 32951.22735263115
106, 33136.17246720227, 24686.86863732128, 33136.17246720227, 26326.126090195725, 24632.544529837643, 32994.74939042384
107, 33136.17246720227, 24686.86863732128, 33136.17246720227, 26886.494359887583, 24631.470954133903, 33008.868819996664
108, 33136.17246720227, 24686.86863732128, 33136.17246720227, 26007.331365231206, 24617.777113824995, 33045.09808715196
109, 33136.17246720227, 24686.86863732128, 33136.17246720227, 26012.30514119633, 24627.009456118434, 33033.311614033126
110, 33152.05162199807, 24661.966613200155, 33152.05162199807, 26374.735921168438, 24625.214365779248, 33046.800688376636
111, 33212.563871588965, 24562.435228878116, 33212.563871588965, 27822.427801089765, 24609.276511553864, 33050.45794372275
112, 33300.25833515281, 24672.685247330563, 33300.25833515281, 28188.313716974324, 24622.165926267175, 33059.91869798188
113, 33300.25833515281, 24672.685247330563, 33300.25833515281, 26758.064282509913, 24669.32163359809, 33097.186825509256
114, 33300.25833515281, 24672.685247330563, 33300.25833515281, 26402.31295481839, 24689.05679585787, 33100.08465586845
115, 33300.25833515281, 24672.685247330563, 33300.25833515281, 26230.778527010498, 24709.199972156803, 33103.26235830391
116, 33300.25833515281, 24672.685247330563, 33300.25833515281, 26603.57247681542, 24693.093485585778, 33121.68247768745
117, 33300.25833515281, 24672.685247330563, 33300.25833515281, 26244.670084779413, 24675.653333582963, 33119.5105696565
118, 33300.25833515281, 24672.685247330563, 33300.25833515281, 26436.384649048407, 24651.042170826273, 33135.88910325602
119, 33300.25833515281, 24672.685247330563, 33300.25833515281, 26632.382796566846, 24671.118243885903, 33153.89412149441
120, 33300.25833515281, 24672.685247330563, 33300.25833515281, 26642.146729447926, 24653.73742211019, 33169.11020778085
121, 33300.25833515281, 24672.685247330563, 33300.25833515281, 26836.615478329528, 24646.288882127235, 33172.8486595158
122, 33300.25833515281, 24672.685247330563, 33300.25833515281, 27204.403909341847, 24658.05866449812, 33178.74815917457
123, 33300.25833515281, 24672.685247330563, 33300.25833515281, 26860.932436817162, 24676.558984808817, 33195.82087716955
124, 33300.25833515281, 24672.685247330563, 33300.25833515281, 26699.066224837134, 24712.170312918133, 33205.356673265545
125, 33300.25833515281, 24672.685247330563, 33300.25833515281, 27423.70968771667, 24715.255969685102, 33206.265672022535
126, 33342.62822053072, 24660.02198394421, 33342.62822053072, 26887.368078131847, 24710.61141733836, 33230.58849894806
127, 33346.09219415884, 24679.62376195194, 33346.09219415884, 26888.23067082145, 24712.879745288574, 33238.608366629305
128, 33346.09219415884, 24679.62376195194, 33346.09219415884, 26888.29925848403, 24715.28205405937, 33231.083079454984
129, 33346.09219415884, 24679.62376195194, 33346.09219415884, 26522.189543435226, 24712.745416510268, 33234.55579252861
130, 33346.09219415884, 24679.62376195194, 33346.09219415884, 26341.38146165986, 24718.406700685748, 33232.9878682711
131, 33356.06911731588, 24606.20364344255, 33356.06911731588, 26710.888161448707, 24712.796962169163, 33243.96726551763
132, 33356.06911731588, 24606.20364344255, 33356.06911731588, 27982.79959564284, 24691.88277280758, 33241.72948360285
133, 33393.5196612987, 24571.625852071986, 33393.5196612987, 28171.43123020691, 24682.65643223978, 33253.84922655691
134, 33393.5196612987, 24571.625852071986, 33393.5196612987, 28544.39767538666, 24673.210621622366, 33265.97915509118
135, 33393.5196612987, 24571.625852071986, 33393.5196612987, 28371.459455684668, 24669.928763399254, 33265.356418669624
136, 33393.5196612987, 24571.625852071986, 33393.5196612987, 27831.10008064817, 24679.004610520533, 33278.14527932401
137, 33393.5196612987, 24571.625852071986, 33393.5196612987, 28748.529211726203, 24675.771702792354, 33287.46242920729
138, 33393.5196612987, 24571.625852071986, 33393.5196612987, 27476.23159824365, 24682.58204174529, 33288.17906199174
139, 33393.5196612987, 24571.625852071986, 33393.5196612987, 28212.0422265142, 24671.828511281143, 33300.89843819204
140, 33393.5196612987, 24571.625852071986, 33393.5196612987, 27856.24104674317, 24656.136438311773, 33313.70378523231
141, 33393.5196612987, 24571.625852071986, 33393.5196612987, 28401.317743796153, 24659.382919627995, 33297.9963192871
142, 33393.5196612987, 24571.625852071986, 33393.5196612987, 28041.116833913176, 24650.308135660416, 33306.979525642186
143, 33393.5196612987, 24571.625852071986, 33393.5196612987, 27685.21418681304, 24615.449335255344, 33311.39401480577
144, 33414.92343718403, 24682.593739775366, 33414.92343718403, 26781.501459580508, 24640.18332420432, 33322.927448186274
145, 33443.84250279114, 24668.57214982509, 33443.84250279114, 26957.755369228693, 24645.08006049924, 33324.02623420152
146, 33443.84250279114, 24668.57214982509, 33443.84250279114, 27322.977598627327, 24636.336890718358, 33320.17167094673
147, 33443.84250279114, 24668.57214982509, 33443.84250279114, 27145.236098924925, 24647.61055089712, 33320.25371301741
148, 33443.84250279114, 24668.57214982509, 33443.84250279114, 26413.06847008762, 24638.61248027083, 33318.12987563325
149, 33459.587433849614, 24617.359850540353, 33459.587433849614, 28228.615699508427, 24630.681624540393, 33322.47032045988
150, 33459.587433849614, 24617.359850540353, 33459.587433849614, 27329.128306390212, 24646.178169338382, 33328.307918786675
151, 33459.587433849614, 24617.359850540353, 33459.587433849614, 27873.958971026703, 24641.278013379226, 33330.33350847563
152, 33459.587433849614, 24617.359850540353, 33459.587433849614, 27515.299990647123, 24664.77247662135, 33330.083258529485
153, 33459.587433849614, 24617.359850540353, 33459.587433849614, 27895.16205970857, 24685.24968730955, 33352.49054316782
154, 33459.587433849614, 24617.359850540353, 33459.587433849614, 28812.98044092241, 24688.934914177495, 33361.45024754498
155, 33459.587433849614, 24617.359850540353, 33459.587433849614, 27542.624275110713, 24691.04379794788, 33358.20085923489
156, 33490.44507779062, 24632.356897315894, 33490.44507779062, 27370.14062401528, 24692.647607436953, 33385.73918531438
157, 33525.11285311212, 24599.945810437286, 33525.11285311212, 27007.291322782687, 24689.430700823577, 33379.62273604564
158, 33680.34655666104, 24543.16691049628, 33680.34655666104, 27378.84555290569, 24680.168775190206, 33397.903689430896
159, 33680.34655666104, 24543.16691049628, 33680.34655666104, 28120.376797736815, 24643.57684473766, 33430.47759893857
160, 33738.858865769485, 24615.239745028535, 33738.858865769485, 28310.6148590625, 24644.770485631114, 33433.50858258953
161, 33738.858865769485, 24615.239745028535, 33738.858865769485, 27592.056448316576, 24659.284988878735, 33466.998442693315
162, 33738.858865769485, 24615.239745028535, 33738.858865769485, 28344.772935464018, 24642.871040932838, 33483.74271601312
163, 33738.858865769485, 24615.239745028535, 33738.858865769485, 28001.95932439496, 24662.774997627992, 33494.75066850037
164, 33738.858865769485, 24615.239745028535, 33738.858865769485, 28035.686249042064, 24655.04966318451, 33531.09001735028
165, 33738.858865769485, 24615.239745028535, 33738.858865769485, 28978.79964692907, 24631.71862848802, 33565.64647015409
166, 33738.858865769485, 24615.239745028535, 33738.858865769485, 27728.94700549651, 24655.967429804234, 33609.74759891872
167, 33738.858865769485, 24615.239745028535, 33738.858865769485, 27009.137580875045, 24659.234413358405, 33614.82566012634
168, 33738.858865769485, 24615.239745028535, 33738.858865769485, 26832.355844407, 24616.00551452119, 33621.182955942124
169, 33738.858865769485, 24615.239745028535, 33738.858865769485, 27388.860487864116, 24625.407074452884, 33624.88318904222
170, 33738.858865769485, 24615.239745028535, 33738.858865769485, 28134.2065602975, 24617.93095390048, 33638.43531878118
171, 34087.95798952424, 24664.528116245725, 34087.95798952424, 27419.976938389642, 24642.7610180589, 33659.906214738985
172, 34087.95798952424, 24664.528116245725, 34087.95798952424, 27257.390232531303, 24670.895435918075, 33744.795106212594
173, 34087.95798952424, 24664.528116245725, 34087.95798952424, 27262.115466745494, 24671.623949269906, 33744.1209153639
174, 34087.95798952424, 24664.528116245725, 34087.95798952424, 27454.183004665643, 24673.5213570932, 33743.87724381813
175, 34087.95798952424, 24664.528116245725, 34087.95798952424, 27466.97742387343, 24675.015595713194, 33768.28587466162
176, 34087.95798952424, 24664.528116245725, 34087.95798952424, 26737.696999758027, 24685.036622999287, 33768.26029610064
177, 34087.95798952424, 24664.528116245725, 34087.95798952424, 27144.677253453814, 24678.92382290159, 33808.396790766565
178, 34087.95798952424, 24664.528116245725, 34087.95798952424, 27923.25900428031, 24659.90989299105, 33844.82748080238
179, 34087.95798952424, 24664.528116245725, 34087.95798952424, 26848.625800869628, 24662.11975664185, 33888.71860633697
180, 34087.95798952424, 24664.528116245725, 34087.95798952424, 27069.487095369, 24688.43093614948, 33920.96869050678
181, 34087.95798952424, 24664.528116245725, 34087.95798952424, 26550.746086700943, 24710.530067330717, 33957.78668733913
182, 34087.95798952424, 24664.528116245725, 34087.95798952424, 26944.43311083703, 24711.812384139856, 33979.11184198632
183, 34087.95798952424, 24664.528116245725, 34087.95798952424, 26961.796725417007, 24724.263584406406, 33999.15126061218
184, 34087.95798952424, 24664.528116245725, 34087.95798952424, 26589.95911517943, 24723.571222037583, 33999.45248883474
185, 34087.95798952424, 24664.528116245725, 34087.95798952424, 27332.1285965736, 24717.458866901856, 34007.3273379448
186, 34087.95798952424, 24664.528116245725, 34087.95798952424, 27519.424747127276, 24708.419772099136, 33998.64360470731
187, 34087.95798952424, 24664.528116245725, 34087.95798952424, 27701.03031197397, 24712.994553761455, 33990.92180286732
188, 34087.95798952424, 24664.528116245725, 34087.95798952424, 26406.327044529895, 24722.596879629014, 33994.14003132356
189, 34087.95798952424, 24664.528116245725, 34087.95798952424, 26776.27422063898, 24709.877961730923, 34001.045046640946
190, 34087.95798952424, 24664.528116245725, 34087.95798952424, 26775.603353887327, 24721.343660079197, 33994.49087784754
191, 34087.95798952424, 24664.528116245725, 34087.95798952424, 27328.641421166467, 24709.267998221636, 34000.490219986365
192, 34087.95798952424, 24664.528116245725, 34087.95798952424, 27335.067870492447, 24711.293360203796, 34008.26245998282
193, 34087.95798952424, 24664.528116245725, 34087.95798952424, 26961.900732197606, 24727.871575746813, 34007.328517375514
194, 34130.699017985535, 24576.35765016283, 34130.699017985535, 27334.275588140044, 24709.392403077134, 34008.73692780644
195, 34130.699017985535, 24576.35765016283, 34130.699017985535, 27702.406530703018, 24697.19293694678, 34007.31831413186
196, 34146.091796505156, 24621.403530928557, 34146.091796505156, 28454.875205459164, 24688.598271193565, 34011.25894124731
197, 34232.090086174874, 24605.801073679933, 34232.090086174874, 29017.476871771287, 24691.87531579831, 34036.2780911588
198, 34232.090086174874, 24605.801073679933, 34232.090086174874, 28082.67274032855, 24692.769775503217, 34035.26181738059
199, 34232.090086174874, 24605.801073679933, 34232.090086174874, 27905.2642744912, 24688.292521624106, 34033.33254247928
200, 34232.090086174874, 24605.801073679933, 34232.090086174874, 27723.74610668319, 24680.574173841185, 34049.78771793722
201, 34232.090086174874, 24605.801073679933, 34232.090086174874, 27359.200894129164, 24682.07998809072, 34051.75410999221
202, 34232.090086174874, 24605.801073679933, 34232.090086174874, 29409.779514845464, 24658.0798219837, 34056.723566005916
203, 34232.090086174874, 24605.801073679933, 34232.090086174874, 28497.57253919144, 24647.29521479022, 34064.744367840736
204, 34232.090086174874, 24605.801073679933, 34232.090086174874, 27390.309020942597, 24660.57509617052, 34086.094638373455
205, 34232.090086174874, 24605.801073679933, 34232.090086174874, 28145.639950336186, 24656.981187763602, 34102.813137288904
206, 34232.090086174874, 24605.801073679933, 34232.090086174874, 27411.23478852954, 24665.140697498948, 34103.29107756798
207, 34236.77263511494, 24548.255902903235, 34236.77263511494, 27997.250226521224, 24655.733579775108, 34134.1869040068
208, 34265.20979310081, 24614.860432946, 34265.20979310081, 29868.8076042789, 24627.3782705277, 34130.95507772541
209, 34265.20979310081, 24614.860432946, 34265.20979310081, 28005.05023385001, 24654.60424488066, 34139.753077507296
210, 34265.20979310081, 24614.860432946, 34265.20979310081, 27815.276102339412, 24655.346389021513, 34133.944225396954
211, 34265.20979310081, 24614.860432946, 34265.20979310081, 27450.75505769323, 24653.214091017388, 34144.44420458699
212, 34265.20979310081, 24614.860432946, 34265.20979310081, 27450.143592057822, 24672.26220932808, 34151.04129274999
213, 34265.20979310081, 24614.860432946, 34265.20979310081, 27638.44309932802, 24659.570042215877, 34140.63034029209
214, 34265.20979310081, 24614.860432946, 34265.20979310081, 27822.199611760396, 24647.47710569032, 34154.69917546911
215, 34265.20979310081, 24614.860432946, 34265.20979310081, 27265.93116107649, 24648.99712918589, 34154.87498892293
216, 34265.20979310081, 24614.860432946, 34265.20979310081, 28017.753867095904, 24628.420383540248, 34148.79059944154
217, 34265.20979310081, 24614.860432946, 34265.20979310081, 27646.579893251957, 24635.26905951455, 34149.861560487356
218, 34269.04584221722, 24603.022506426252, 34269.04584221722, 28022.363494861795, 24631.092422512276, 34161.52011657389
219, 34269.04584221722, 24603.022506426252, 34269.04584221722, 28410.211295531422, 24649.70426151442, 34169.325559926576
220, 34269.04584221722, 24603.022506426252, 34269.04584221722, 27847.138099176016, 24671.10470627096, 34168.62150440281
221, 34269.04584221722, 24603.022506426252, 34269.04584221722, 28035.426360123285, 24667.30497394138, 34181.4091560422
222, 34269.04584221722, 24603.022506426252, 34269.04584221722, 28030.519187987044, 24658.312355730963, 34167.493405996276
223, 34270.871263179266, 24562.71190220694, 34270.871263179266, 28406.28374937478, 24653.925461513907, 34165.5922175387
224, 34344.97490066255, 24687.306844842013, 34344.97490066255, 27479.855312509622, 24666.269110299334, 34194.439233622106
225, 34344.97490066255, 24687.306844842013, 34344.97490066255, 27105.183479536427, 24673.70379692229, 34197.62953589071
226, 34344.97490066255, 24687.306844842013, 34344.97490066255, 27291.19905894753, 24677.66740564905, 34187.28780322655
227, 34344.97490066255, 24687.306844842013, 34344.97490066255, 27289.77323208908, 24674.306390785336, 34188.06732793921
228, 34344.97490066255, 24687.306844842013, 34344.97490066255, 27483.319922661354, 24666.30262591438, 34201.55130344139
229, 34344.97490066255, 24687.306844842013, 34344.97490066255, 27481.12806547044, 24668.130205465346, 34192.81635764513
230, 34344.97490066255, 24687.306844842013, 34344.97490066255, 26552.034026332807, 24669.428523160594, 34209.79788626685
231, 34344.97490066255, 24687.306844842013, 34344.97490066255, 26927.024046543695, 24662.097372120432, 34200.154231092594
232, 34344.97490066255, 24687.306844842013, 34344.97490066255, 26751.487585662446, 24676.201629119456, 34193.67488206653
233, 34344.97490066255, 24687.306844842013, 34344.97490066255, 27130.526987905814, 24686.20764145903, 34202.468467548235
234, 34344.97490066255, 24687.306844842013, 34344.97490066255, 27333.286280608136, 24700.481907456775, 34235.07833198617
235, 34344.97490066255, 24687.306844842013, 34344.97490066255, 27162.659878135404, 24739.1279376447, 34259.40641678141
236, 34344.97490066255, 24687.306844842013, 34344.97490066255, 27350.807886509498, 24730.662216597313, 34251.77112410301
237, 34344.97490066255, 24687.306844842013, 34344.97490066255, 26793.15824997775, 24732.63620696349, 34251.266571805594
238, 34344.97490066255, 24687.306844842013, 34344.97490066255, 27351.76770658098, 24727.08664795347, 34259.668881895035
239, 34344.97490066255, 24687.306844842013, 34344.97490066255, 27348.55101733038, 24735.06031785459, 34253.88282447037
240, 34344.97490066255, 24687.306844842013, 34344.97490066255, 27350.57616929091, 24732.03043515351, 34247.38339438637
241, 34344.97490066255, 24687.306844842013, 34344.97490066255, 27354.22074571787, 24737.26168575406, 34243.553746831196
242, 34344.97490066255, 24687.306844842013, 34344.97490066255, 27164.36125842361, 24726.641481437113, 34258.8518774934
243, 34344.97490066255, 24687.306844842013, 34344.97490066255, 27539.365023852428, 24733.743172384206, 34258.04993555737
244, 34344.97490066255, 24687.306844842013, 34344.97490066255, 26980.45250326891, 24736.482468687504, 34257.97544177478
245, 34344.97490066255, 24687.306844842013, 34344.97490066255, 26791.16271413781, 24743.208306616285, 34248.55587161277
246, 34344.97490066255, 24687.306844842013, 34344.97490066255, 27162.015782591243, 24734.571240585825, 34240.98811197607
247, 34344.97490066255, 24687.306844842013, 34344.97490066255, 26791.074377574438, 24731.078189582673, 34245.92747781401
248, 34344.97490066255, 24687.306844842013, 34344.97490066255, 27165.824468803392, 24736.689595183296, 34264.74936229958
249, 34428.80733713608, 24604.764707139595, 34428.80733713608, 27729.131083645327, 24720.69882807293, 34263.56334335546
250, 34428.80733713608, 24604.764707139595, 34428.80733713608, 28476.295326080097, 24718.672464494004, 34265.219665214616
251, 34428.80733713608, 24604.764707139595, 34428.80733713608, 28666.711000185584, 24707.31787759062, 34270.2422453321
252, 34428.80733713608, 24604.764707139595, 34428.80733713608, 27356.05454467748, 24720.067993689212, 34268.733921780906
253, 34428.80733713608, 24604.764707139595, 34428.80733713608, 28665.25633400129, 24709.57887673948, 34275.461116286824
254, 34428.80733713608, 24604.764707139595, 34428.80733713608, 27169.970394630862, 24720.37205274106, 34269.70276189157
255, 34428.80733713608, 24604.764707139595, 34428.80733713608, 27733.53537288034, 24712.104579266674, 34268.41741044424
256, 34428.80733713608, 24604.764707139595, 34428.80733713608, 28483.120482783786, 24706.735958523775, 34278.05048220202
257, 34428.80733713608, 24604.764707139595, 34428.80733713608, 28486.49899753353, 24701.50574035274, 34277.60287363705
258, 34428.80733713608, 24604.764707139595, 34428.80733713608, 28494.458199296212, 24690.90754081008, 34282.40767015656
259, 34428.80733713608, 24604.764707139595, 34428.80733713608, 27386.784717701965, 24702.754216206176, 34301.36119627981
260, 34428.80733713608, 24604.764707139595, 34428.80733713608, 27968.37090600551, 24666.57075261576, 34327.72156342094
261, 34428.80733713608, 24604.764707139595, 34428.80733713608, 28729.359550960828, 24663.263906115077, 34338.67314625465
262, 34428.80733713608, 24604.764707139595, 34428.80733713608, 28538.55771882084, 24652.911366068303, 34326.33485390721
263, 34428.80733713608, 24604.764707139595, 34428.80733713608, 29099.450904731824, 24645.973272822146, 34335.81280494206
264, 34428.80733713608, 24604.764707139595, 34428.80733713608, 27983.60253530493, 24657.266762576503, 34343.040464739504
265, 34428.80733713608, 24604.764707139595, 34428.80733713608, 29295.0323370321, 24649.786746083897, 34346.243141866784
266, 34428.80733713608, 24604.764707139595, 34428.80733713608, 27977.34327289155, 24648.830903310583, 34326.83392831558
267, 34428.80733713608, 24604.764707139595, 34428.80733713608, 28542.64065839204, 24651.947229068817, 34338.82959333585
268, 34428.80733713608, 24604.764707139595, 34428.80733713608, 28162.619974900277, 24651.968143524617, 34326.06343941623
269, 34428.80733713608, 24604.764707139595, 34428.80733713608, 29474.586144870183, 24645.228095058592, 34334.89396346587
270, 34428.80733713608, 24604.764707139595, 34428.80733713608, 27608.138938398184, 24661.9864653556, 34347.271692722556
271, 34428.80733713608, 24604.764707139595, 34428.80733713608, 27609.53443194935, 24663.106976265386, 34328.74716943491
272, 34428.80733713608, 24604.764707139595, 34428.80733713608, 28729.403455027998, 24647.256252202416, 34334.882471012825
273, 34468.88750072831, 24552.914792038948, 34468.88750072831, 29106.335929748624, 24643.454472592617, 34352.537860444994
274, 34468.88750072831, 24552.914792038948, 34468.88750072831, 29849.578356444723, 24637.393144791382, 34336.90134783692
275, 34468.88750072831, 24552.914792038948, 34468.88750072831, 29857.588256843253, 24645.34808327513, 34346.87935196818
276, 34468.88750072831, 24552.914792038948, 34468.88750072831, 29107.379409055964, 24632.222022140206, 34343.77631548357
277, 34468.88750072831, 24552.914792038948, 34468.88750072831, 27981.66703247168, 24644.682062475833, 34337.1260096336
278, 34468.88750072831, 24552.914792038948, 34468.88750072831, 29296.622693541078, 24635.473702159707, 34355.56543823187
279, 34468.88750072831, 24552.914792038948, 34468.88750072831, 29110.248403116868, 24626.13952806275, 34347.92932520761
280, 34572.027023031296, 24609.804160313524, 34572.027023031296, 29493.18451817107, 24619.634952780158, 34358.053252455895
281, 34572.027023031296, 24609.804160313524, 34572.027023031296, 27446.329346956118, 24629.84545891178, 34383.670469553064
282, 34572.027023031296, 24609.804160313524, 34572.027023031296, 28580.917505328434, 24616.34680200598, 34397.53531888802
283, 34572.027023031296, 24609.804160313524, 34572.027023031296, 28578.324739149448, 24608.59392650098, 34397.31224703947
284, 34592.30602634578, 24614.456898117944, 34592.30602634578, 28204.617916033567, 24610.141724530033, 34396.23383686882
285, 34592.30602634578, 24614.456898117944, 34592.30602634578, 28586.72261839851, 24612.31153165285, 34412.72284312157
286, 34592.30602634578, 24614.456898117944, 34592.30602634578, 28403.14590073498, 24613.34087409709, 34405.55071692293
287, 34592.30602634578, 24614.456898117944, 34592.30602634578, 27846.926195674863, 24624.532733597916, 34413.685935558686
288, 34592.30602634578, 24614.456898117944, 34592.30602634578, 28032.21023442921, 24627.718574732768, 34411.570235725536
289, 34592.30602634578, 24614.456898117944, 34592.30602634578, 26917.81379130497, 24641.72541123221, 34424.903644025995
290, 34592.30602634578, 24614.456898117944, 34592.30602634578, 27505.098244659857, 24647.49645892191, 34448.33063180515
291, 34592.30602634578, 24614.456898117944, 34592.30602634578, 28097.75636848591, 24670.639189326583, 34477.85740733494
292, 34637.23053929467, 24588.901450344496, 34637.23053929467, 28100.66429051958, 24666.65054707481, 34487.03785233873
293, 34637.23053929467, 24588.901450344496, 34637.23053929467, 28285.23167330866, 24655.30624260665, 34481.935547424524
294, 34637.23053929467, 24588.901450344496, 34637.23053929467, 28098.87334786075, 24659.47444283183, 34485.65224857164
295, 34637.23053929467, 24588.901450344496, 34637.23053929467, 28856.685132920476, 24658.241852964606, 34489.3418145873
296, 34637.23053929467, 24588.901450344496, 34637.23053929467, 29048.32063222001, 24658.16878332637, 34505.37194851594
297, 34637.23053929467, 24588.901450344496, 34637.23053929467, 27738.383810967814, 24662.020060784238, 34500.9105208435
298, 34637.23053929467, 24588.901450344496, 34637.23053929467, 27931.19650370127, 24654.086580022817, 34518.234911053965
299, 34685.83189044654, 24584.394953373194, 34685.83189044654, 28694.88462732581, 24653.68000049766, 34507.625314427256
300, 34685.83189044654, 24584.394953373194, 34685.83189044654, 28324.29551764671, 24642.175616379547, 34521.73837379167
301, 34685.83189044654, 24584.394953373194, 34685.83189044654, 29656.108186406123, 24633.31981536311, 34550.420833087075
302, 34685.83189044654, 24584.394953373194, 34685.83189044654, 28718.594088592716, 24632.17299762347, 34549.428513792736
303, 34685.83189044654, 24584.394953373194, 34685.83189044654, 28150.811162576687, 24648.87071147622, 34539.435696920424
304, 34685.83189044654, 24584.394953373194, 34685.83189044654, 27777.90076609454, 24635.02771772483, 34552.60974949743
305, 34685.83189044654, 24584.394953373194, 34685.83189044654, 28156.742844161083, 24652.72840452918, 34553.816900920116
306, 34685.83189044654, 24584.394953373194, 34685.83189044654, 28534.068930863614, 24639.962166581718, 34550.012402888926
307, 34685.83189044654, 24584.394953373194, 34685.83189044654, 28737.74792660127, 24641.585997463528, 34570.89410382298
308, 34685.83189044654, 24584.394953373194, 34685.83189044654, 28939.65625111356, 24633.0097039994, 34583.28009270998
309, 34685.83189044654, 24584.394953373194, 34685.83189044654, 28942.51987110577, 24630.812701501494, 34586.581951589156
310, 34685.83189044654, 24584.394953373194, 34685.83189044654, 28374.36003934308, 24634.539264057086, 34586.85095491796
311, 34685.83189044654, 24584.394953373194, 34685.83189044654, 27436.73530830338, 24646.75516293838, 34584.85119742561
312, 34685.83189044654, 24584.394953373194, 34685.83189044654, 28747.212088584045, 24635.350172491253, 34583.55363613268
313, 34685.83189044654, 24584.394953373194, 34685.83189044654, 28563.732262097106, 24635.666530528222, 34585.08120355642
314, 34685.83189044654, 24584.394953373194, 34685.83189044654, 27999.82241115402, 24645.492222475514, 34588.04842275431
315, 34685.83189044654, 24584.394953373194, 34685.83189044654, 29128.854983933343, 24638.486882040954, 34595.17434861354
316, 34722.19084184062, 24625.154659213295, 34722.19084184062, 27998.61075161566, 24653.568711822736, 34589.5155365745
317, 34722.19084184062, 24625.154659213295, 34722.19084184062, 28000.319228059805, 24647.017080282087, 34593.45871797062
318, 34729.009987828234, 24671.233500432692, 34729.009987828234, 28004.511654013513, 24646.35526908665, 34594.67789284079
319, 34729.009987828234, 24671.233500432692, 34729.009987828234, 27625.250593838882, 24656.02851031449, 34595.9720209326
320, 34729.009987828234, 24671.233500432692, 34729.009987828234, 27061.863551551236, 24669.526594796895, 34591.34699118407
321, 34729.009987828234, 24671.233500432692, 34729.009987828234, 26875.615787294257, 24673.216331341377, 34599.94678185657
322, 34729.009987828234, 24671.233500432692, 34729.009987828234, 27445.312628063, 24668.211608195827, 34613.2885482098
323, 34729.009987828234, 24671.233500432692, 34729.009987828234, 28016.311659993367, 24668.42824009183, 34603.05536083402
324, 34729.009987828234, 24671.233500432692, 34729.009987828234, 27459.22586770872, 24686.484003492755, 34624.170571539704
325, 34729.009987828234, 24671.233500432692, 34729.009987828234, 27084.3494346352, 24703.668088127015, 34627.72675208917
326, 34729.009987828234, 24671.233500432692, 34729.009987828234, 28224.26361360294, 24701.446440569776, 34617.338206023036
327, 34729.009987828234, 24671.233500432692, 34729.009987828234, 27472.19792168322, 24726.16838563022, 34625.248649015935
328, 34729.009987828234, 24671.233500432692, 34729.009987828234, 27656.88240050926, 24728.960803059555, 34631.779480491874
329, 34729.009987828234, 24671.233500432692, 34729.009987828234, 28219.249526721964, 24703.23630478233, 34620.98212760067
330, 34729.009987828234, 24671.233500432692, 34729.009987828234, 27278.388771731683, 24727.85839356496, 34636.511511511366
331, 34729.009987828234, 24671.233500432692, 34729.009987828234, 27088.517242799524, 24730.08096021358, 34634.26375675515
332, 34729.009987828234, 24671.233500432692, 34729.009987828234, 28033.747361341164, 24714.932646746915, 34629.05485515947
333, 34729.009987828234, 24671.233500432692, 34729.009987828234, 27842.657384211565, 24719.371748215945, 34634.991966490365
334, 34729.009987828234, 24671.233500432692, 34729.009987828234, 27653.18431470138, 24717.390843051926, 34626.32291469983
335, 34729.009987828234, 24671.233500432692, 34729.009987828234, 27468.508012271897, 24716.837511080466, 34620.480058446636
336, 34729.009987828234, 24671.233500432692, 34729.009987828234, 27093.04734113139, 24733.034583201785, 34630.25036094801
337, 34729.009987828234, 24671.233500432692, 34729.009987828234, 27466.514424188532, 24727.462430669268, 34629.475245230446
338, 34729.009987828234, 24671.233500432692, 34729.009987828234, 28032.486764126705, 24713.593369215334, 34630.19552474166
339, 34729.009987828234, 24671.233500432692, 34729.009987828234, 28225.514113780235, 24713.282017850994, 34628.83481971137
340, 34729.009987828234, 24671.233500432692, 34729.009987828234, 27844.938696162117, 24717.97118920679, 34620.276584977466
341, 34729.009987828234, 24671.233500432692, 34729.009987828234, 26903.526202314977, 24733.494912644408, 34622.66187799377
342, 34729.009987828234, 24671.233500432692, 34729.009987828234, 27655.18465420137, 24721.979743761844, 34623.43704014691
343, 34729.009987828234, 24671.233500432692, 34729.009987828234, 27280.089958937875, 24723.24099147053, 34642.77999329157
344, 34729.009987828234, 24671.233500432692, 34729.009987828234, 27657.681123076192, 24716.07153087136, 34637.24226862617
345, 34729.009987828234, 24671.233500432692, 34729.009987828234, 28221.576600852834, 24723.36277359034, 34635.62147238761
346, 34729.009987828234, 24671.233500432692, 34729.009987828234, 27846.34309432613, 24715.343599425087, 34627.14738190532
347, 34729.009987828234, 24671.233500432692, 34729.009987828234, 27659.114786681886, 24721.003855754745, 34626.89498993588
348, 34729.009987828234, 24671.233500432692, 34729.009987828234, 27843.95788630676, 24720.54167388965, 34616.15251436
349, 34729.009987828234, 24671.233500432692, 34729.009987828234, 27280.447770912302, 24723.511223222533, 34637.72931772016
350, 34829.69013856975, 24682.351381383713, 34829.69013856975, 28227.71868664122, 24717.930142536075, 34649.9257408128
351, 34829.69013856975, 24682.351381383713, 34829.69013856975, 27472.434696600165, 24720.174418392868, 34655.04383755963
352, 34829.69013856975, 24682.351381383713, 34829.69013856975, 27657.196781704733, 24720.183856198575, 34652.548325642885
353, 34829.69013856975, 24682.351381383713, 34829.69013856975, 27473.74760367037, 24731.052739175477, 34653.13061492689
354, 34829.69013856975, 24682.351381383713, 34829.69013856975, 27663.318702801396, 24720.54164473329, 34652.607512512135
355, 34829.69013856975, 24682.351381383713, 34829.69013856975, 27291.472774250797, 24725.468714690112, 34663.027557719586
356, 34829.69013856975, 24682.351381383713, 34829.69013856975, 27484.565208112166, 24717.96400206405, 34668.28848854595
357, 34829.69013856975, 24682.351381383713, 34829.69013856975, 27302.865117067635, 24708.206247978927, 34687.93680603227
358, 34829.69013856975, 24682.351381383713, 34829.69013856975, 27316.76029969793, 24712.944073219027, 34686.09848344489
359, 34829.69013856975, 24682.351381383713, 34829.69013856975, 27334.382250500104, 24702.19079952547, 34702.33091018507
360, 34829.69013856975, 24682.351381383713, 34829.69013856975, 27906.5367575741, 24700.090510743783, 34710.70162049336
361, 34829.69013856975, 24682.351381383713, 34829.69013856975, 27529.85849719705, 24707.319150858206, 34718.99419029397
362, 34829.69013856975, 24682.351381383713, 34829.69013856975, 26976.63302478772, 24712.977066328975, 34724.61321543323
363, 34829.69013856975, 24682.351381383713, 34829.69013856975, 27737.969753704685, 24738.19980779999, 34715.60213859308
364, 34829.69013856975, 24682.351381383713, 34829.69013856975, 27169.633572955234, 24730.75932128125, 34725.28312784762
365, 34829.69013856975, 24682.351381383713, 34829.69013856975, 28114.576719419838, 24723.528810169664, 34724.84813418434
366, 34829.69013856975, 24682.351381383713, 34829.69013856975, 28113.404857437137, 24729.78855804356, 34724.76576849976
367, 34829.69013856975, 24682.351381383713, 34829.69013856975, 27548.974022361763, 24735.24791082721, 34736.089552682795
368, 34829.69013856975, 24682.351381383713, 34829.69013856975, 27546.3612163561, 24736.738047602197, 34722.86659198556
369, 34829.69013856975, 24682.351381383713, 34829.69013856975, 27546.631328804102, 24744.042803908167, 34720.59709318679
370, 34829.69013856975, 24682.351381383713, 34829.69013856975, 27357.716399780802, 24734.980374237715, 34728.793040639124
371, 34829.69013856975, 24682.351381383713, 34829.69013856975, 27171.41200613621, 24734.434734204788, 34731.96990303261
372, 34829.69013856975, 24682.351381383713, 34829.69013856975, 27357.658681371617, 24750.567509826335, 34724.787924886026
373, 34829.69013856975, 24682.351381383713, 34829.69013856975, 28113.55808401187, 24729.511923590067, 34731.97157390341
374, 34829.69013856975, 24682.351381383713, 34829.69013856975, 27550.128313863446, 24729.86650406231, 34728.1752574903
375, 34829.69013856975, 24682.351381383713, 34829.69013856975, 27742.003288987744, 24732.21372922491, 34734.8482064095
376, 34829.69013856975, 24682.351381383713, 34829.69013856975, 27736.823324672034, 24726.821225571974, 34733.13948626122
377, 34829.69013856975, 24682.351381383713, 34829.69013856975, 27924.06761790351, 24733.32586773441, 34736.58474323868
378, 34829.69013856975, 24682.351381383713, 34829.69013856975, 27551.465550700694, 24726.491945765665, 34731.8520706514
379, 34829.69013856975, 24682.351381383713, 34829.69013856975, 27359.6451853647, 24731.61086458348, 34736.74925365491
380, 34829.69013856975, 24682.351381383713, 34829.69013856975, 27356.748135153095, 24742.541971362534, 34726.246562548506
381, 34829.69013856975, 24682.351381383713, 34829.69013856975, 27737.11635481467, 24738.171664820642, 34737.863860395155
382, 34829.69013856975, 24682.351381383713, 34829.69013856975, 27545.499305477795, 24738.285833885482, 34732.78304124092
383, 34829.69013856975, 24682.351381383713, 34829.69013856975, 27927.57972354417, 24730.35576669968, 34731.696214408345
384, 34829.69013856975, 24682.351381383713, 34829.69013856975, 27168.781603851257, 24741.02157002495, 34727.78469005457
385, 34829.69013856975, 24682.351381383713, 34829.69013856975, 28302.145841361853, 24724.266137763054, 34720.82852293417
386, 34829.69013856975, 24682.351381383713, 34829.69013856975, 27547.44489806756, 24729.473494368627, 34727.33063485362
387, 34829.69013856975, 24682.351381383713, 34829.69013856975, 28117.804615996574, 24737.4167269114, 34735.990079983356
388, 34829.69013856975, 24682.351381383713, 34829.69013856975, 27922.056550673893, 24720.654144815708, 34730.208561160674
389, 34829.69013856975, 24682.351381383713, 34829.69013856975, 28114.522637303606, 24733.54248567601, 34727.4554965644
390, 34829.69013856975, 24682.351381383713, 34829.69013856975, 27550.572941448907, 24735.930435874623, 34736.53749032354
391, 34829.69013856975, 24682.351381383713, 34829.69013856975, 27357.91514875824, 24739.48796481983, 34734.69636920177
392, 34829.69013856975, 24682.351381383713, 34829.69013856975, 27926.9374088227, 24720.911105945954, 34731.236667686986
393, 34829.69013856975, 24682.351381383713, 34829.69013856975, 27923.072240919526, 24738.00945891377, 34721.32390524526
394, 34829.69013856975, 24682.351381383713, 34829.69013856975, 27738.845479732154, 24729.55674338895, 34731.26081069242
395, 34829.69013856975, 24682.351381383713, 34829.69013856975, 28493.887008417612, 24719.68519531927, 34738.565025103904
396, 34829.69013856975, 24682.351381383713, 34829.69013856975, 27550.806019893258, 24734.630844883264, 34725.27851174614
397, 34829.69013856975, 24682.351381383713, 34829.69013856975, 27735.20209058037, 24737.716657969155, 34736.05277464821
398, 34829.69013856975, 24682.351381383713, 34829.69013856975, 26979.365095275414, 24736.4820807976, 34731.527823833996
399, 34829.69013856975, 24682.351381383713, 34829.69013856975, 27546.87022020776, 24730.335493567964, 34731.46092845885
400, 34829.69013856975, 24682.351381383713, 34829.69013856975, 27922.53157000926, 24721.37237859607, 34728.29726938387
401, 34829.69013856975, 24682.351381383713, 34829.69013856975, 27171.287160167383, 24741.542656874833, 34737.000058893485
402, 34829.69013856975, 24682.351381383713, 34829.69013856975, 27360.244016334203, 24733.778625215546, 34720.69078057557
403, 34829.69013856975, 24682.351381383713, 34829.69013856975, 26982.496209314697, 24743.786637238565, 34723.624419647516
404, 34829.69013856975, 24682.351381383713, 34829.69013856975, 28117.697791171915, 24726.936994236727, 34732.932207930586
405, 34829.69013856975, 24682.351381383713, 34829.69013856975, 27356.7869009497, 24732.098766909625, 34727.437901638456
406, 34829.69013856975, 24682.351381383713, 34829.69013856975, 26981.914962633553, 24737.824384977288, 34734.28842783337
407, 34829.69013856975, 24682.351381383713, 34829.69013856975, 27739.825844053885, 24732.249391885012, 34732.33913243365
408, 34829.69013856975, 24682.351381383713, 34829.69013856975, 27738.45302087387, 24730.83100143797, 34726.21936067798
409, 34829.69013856975, 24682.351381383713, 34829.69013856975, 27361.187251680138, 24755.983884136433, 34733.65230892296
410, 34829.69013856975, 24682.351381383713, 34829.69013856975, 27546.13781549687, 24726.63912673516, 34733.525881989866
411, 34829.69013856975, 24682.351381383713, 34829.69013856975, 27740.678015506575, 24731.373824319024, 34735.22955305746
412, 34829.69013856975, 24682.351381383713, 34829.69013856975, 27356.050521924957, 24746.921016630076, 34719.91965364172
413, 34829.69013856975, 24682.351381383713, 34829.69013856975, 27735.718764954436, 24729.716762496548, 34730.26685911923
414, 34829.69013856975, 24682.351381383713, 34829.69013856975, 27736.039525114717, 24734.109350880193, 34731.618851331106
415, 34829.69013856975, 24682.351381383713, 34829.69013856975, 27549.018399119934, 24735.504423713828, 34728.183239884274
416, 34829.69013856975, 24682.351381383713, 34829.69013856975, 27928.543123563864, 24729.65512698301, 34729.16863034981
417, 34829.69013856975, 24682.351381383713, 34829.69013856975, 27545.931962584607, 24728.0983116245, 34725.259204126334
418, 34829.69013856975, 24682.351381383713, 34829.69013856975, 27545.55789394736, 24729.59809425657, 34718.921603066614
419, 34829.69013856975, 24682.351381383713, 34829.69013856975, 27924.557776837333, 24728.620079429442, 34718.12967774809
420, 34829.69013856975, 24682.351381383713, 34829.69013856975, 27171.084092434015, 24739.948745628237, 34739.35125658784
421, 34829.69013856975, 24682.351381383713, 34829.69013856975, 27735.058453262733, 24731.440228673266, 34721.1886847968
422, 34829.69013856975, 24682.351381383713, 34829.69013856975, 27547.688584816475, 24738.581220115753, 34732.17616028162
423, 34829.69013856975, 24682.351381383713, 34829.69013856975, 27358.25025704478, 24731.32326381754, 34729.77406579023
424, 34829.69013856975, 24682.351381383713, 34829.69013856975, 26980.466964840773, 24742.099341428853, 34725.21559494194
425, 34829.69013856975, 24682.351381383713, 34829.69013856975, 27551.819163837026, 24734.349017522163, 34736.15460876219
426, 34829.69013856975, 24682.351381383713, 34829.69013856975, 27741.330109701994, 24732.541904794627, 34731.51953956351
427, 34829.69013856975, 24682.351381383713, 34829.69013856975, 26792.06933736133, 24745.70700893541, 34737.19829586406
428, 34829.69013856975, 24682.351381383713, 34829.69013856975, 28490.153991495357, 24727.65077909356, 34716.508522319855
429, 34829.69013856975, 24682.351381383713, 34829.69013856975, 27926.609575054103, 24737.973195057366, 34732.714008004776
430, 34829.69013856975, 24682.351381383713, 34829.69013856975, 27360.98404478749, 24733.595419999878, 34726.55398634462
431, 34829.69013856975, 24682.351381383713, 34829.69013856975, 27546.682965644584, 24739.43759786231, 34725.73513346275
432, 34829.69013856975, 24682.351381383713, 34829.69013856975, 28305.558930942272, 24722.551038282953, 34732.65826432958
433, 34829.69013856975, 24682.351381383713, 34829.69013856975, 27551.214410276993, 24735.581510736054, 34746.110886460316
434, 34829.69013856975, 24682.351381383713, 34829.69013856975, 27737.53188989374, 24730.874162959033, 34726.875998372394
435, 34829.69013856975, 24682.351381383713, 34829.69013856975, 27736.619356793984, 24732.91301736014, 34734.517473541426
436, 34829.69013856975, 24682.351381383713, 34829.69013856975, 27171.75296635566, 24736.55460583702, 34722.15236341385
437, 34829.69013856975, 24682.351381383713, 34829.69013856975, 27359.945684185677, 24730.556489713035, 34732.25212200584
438, 34829.69013856975, 24682.351381383713, 34829.69013856975, 27170.598431059272, 24743.20497805586, 34732.31340533136
439, 34829.69013856975, 24682.351381383713, 34829.69013856975, 27357.379052617962, 24740.29257639475, 34735.19470597653
440, 34829.69013856975, 24682.351381383713, 34829.69013856975, 27737.20795472174, 24731.562149940743, 34724.419585791875
441, 34829.69013856975, 24682.351381383713, 34829.69013856975, 27921.518201588795, 24727.448757726375, 34719.52090172874
442, 34829.69013856975, 24682.351381383713, 34829.69013856975, 28307.58062883902, 24730.02335342482, 34731.889287966194
443, 34829.69013856975, 24682.351381383713, 34829.69013856975, 27357.98480255115, 24725.69334076587, 34730.9925300497
444, 34829.69013856975, 24682.351381383713, 34829.69013856975, 27738.27264740144, 24732.8872758485, 34732.37547002181
445, 34829.69013856975, 24682.351381383713, 34829.69013856975, 27168.205591921804, 24734.236433499667, 34730.35957733287
446, 34829.69013856975, 24682.351381383713, 34829.69013856975, 28496.197249751815, 24715.40652873915, 34724.99791909117
447, 34829.69013856975, 24682.351381383713, 34829.69013856975, 27732.987507420872, 24729.67868815916, 34724.19704973302
448, 34829.69013856975, 24682.351381383713, 34829.69013856975, 27923.943747120495, 24733.39792998047, 34723.41481237517
449, 34867.51766364618, 24659.08288617309, 34867.51766364618, 27361.63099831143, 24738.44795769876, 34722.40246687698
450, 34867.51766364618, 24659.08288617309, 34867.51766364618, 27925.72525002926, 24727.86668881676, 34737.22436467351
451, 34867.51766364618, 24659.08288617309, 34867.51766364618, 28115.685492983626, 24725.638268269162, 34746.812195124316
452, 34867.51766364618, 24659.08288617309, 34867.51766364618, 26981.1177508293, 24737.420223012166, 34742.93724499468
453, 34867.51766364618, 24659.08288617309, 34867.51766364618, 27169.91904160405, 24739.661501694292, 34741.67907389397
454, 34867.51766364618, 24659.08288617309, 34867.51766364618, 27549.394408711938, 24719.51257394467, 34738.902675229154
455, 34867.51766364618, 24659.08288617309, 34867.51766364618, 29250.594808421327, 24710.798579644626, 34737.419288631485
456, 34867.51766364618, 24659.08288617309, 34867.51766364618, 27362.774190317457, 24727.77716725182, 34753.63655014433
457, 34867.51766364618, 24659.08288617309, 34867.51766364618, 28686.062190276454, 24722.183945577675, 34738.31771158162
458, 34867.51766364618, 24659.08288617309, 34867.51766364618, 29067.75384845329, 24710.41042766924, 34740.63053652796
459, 34867.51766364618, 24659.08288617309, 34867.51766364618, 28123.49087461547, 24710.163545242187, 34740.94794396587
460, 34867.51766364618, 24659.08288617309, 34867.51766364618, 27559.969024912945, 24717.31842213815, 34737.71158810518
461, 34867.51766364618, 24659.08288617309, 34867.51766364618, 27758.5473796716, 24714.703329189895, 34756.91610358451
462, 34867.51766364618, 24659.08288617309, 34867.51766364618, 27765.92753161382, 24702.53292490172, 34776.57234886762
463, 34867.51766364618, 24659.08288617309, 34867.51766364618, 27768.97550525301, 24706.934379319697, 34765.309897887026
464, 34867.51766364618, 24659.08288617309, 34867.51766364618, 28331.646109096702, 24712.765880776155, 34758.318673295165
465, 34867.51766364618, 24659.08288617309, 34867.51766364618, 27957.581707915277, 24717.82839053248, 34762.82163197257
466, 34867.51766364618, 24659.08288617309, 34867.51766364618, 27954.37716714167, 24718.331096515194, 34771.91982071265
467, 34867.51766364618, 24659.08288617309, 34867.51766364618, 27767.04910065678, 24712.537449418352, 34770.71162455123
468, 34867.51766364618, 24659.08288617309, 34867.51766364618, 27390.28222636639, 24722.1854902674, 34768.43329801248
469, 34867.51766364618, 24659.08288617309, 34867.51766364618, 28526.40852693832, 24707.228498692424, 34766.19890445245
470, 34867.51766364618, 24659.08288617309, 34867.51766364618, 27770.11693041681, 24710.46919950663, 34768.44429395469
471, 34867.51766364618, 24659.08288617309, 34867.51766364618, 27955.08435622703, 24710.855380622088, 34765.47490760602
472, 34867.51766364618, 24659.08288617309, 34867.51766364618, 28146.0968305532, 24712.99262511505, 34757.31231900123
473, 34867.51766364618, 24659.08288617309, 34867.51766364618, 27577.684864372884, 24719.373677891806, 34754.255597232834
474, 34867.51766364618, 24659.08288617309, 34867.51766364618, 27955.566475641146, 24710.64868467062, 34764.81776743559
475, 34867.51766364618, 24659.08288617309, 34867.51766364618, 27008.42363233631, 24719.9857673507, 34776.85577887975
476, 34867.51766364618, 24659.08288617309, 34867.51766364618, 27956.0473016933, 24710.199244692267, 34755.99459357519
477, 34867.51766364618, 24659.08288617309, 34867.51766364618, 27389.252569910266, 24709.710842979497, 34769.2936545296
478, 34867.51766364618, 24659.08288617309, 34867.51766364618, 27762.51093035659, 24719.166760304335, 34748.38477653229
479, 34867.51766364618, 24659.08288617309, 34867.51766364618, 27767.303149554813, 24704.129868215103, 34766.39008214758
480, 34867.51766364618, 24659.08288617309, 34867.51766364618, 27386.680439871358, 24705.24778322979, 34768.25199991408
481, 34867.51766364618, 24659.08288617309, 34867.51766364618, 27578.51898016718, 24710.947730138963, 34773.80166683908
482, 34867.51766364618, 24659.08288617309, 34867.51766364618, 28143.009242769316, 24708.26418106044, 34761.93675239462
483, 34867.51766364618, 24659.08288617309, 34867.51766364618, 28335.811132241568, 24702.46929446968, 34768.449098873425
484, 34867.51766364618, 24659.08288617309, 34867.51766364618, 27580.98432496807, 24715.764046491477, 34758.18869202212
485, 34867.51766364618, 24659.08288617309, 34867.51766364618, 27387.73153016621, 24711.03828717062, 34766.03219337477
486, 34867.51766364618, 24659.08288617309, 34867.51766364618, 27954.18814584191, 24708.721771401848, 34769.090867052895
487, 34867.51766364618, 24659.08288617309, 34867.51766364618, 27766.218464908176, 24712.275649989435, 34760.39852531973
488, 34867.51766364618, 24659.08288617309, 34867.51766364618, 27009.351456681703, 24729.624438578707, 34763.765015277844
489, 34867.51766364618, 24659.08288617309, 34867.51766364618, 27579.345424997333, 24718.558531099516, 34764.63543154251
490, 34867.51766364618, 24659.08288617309, 34867.51766364618, 28144.48776056246, 24711.45539397969, 34766.69528013039
491, 34867.51766364618, 24659.08288617309, 34867.51766364618, 28150.337139543622, 24708.028399788305, 34778.270340227326
492, 34867.51766364618, 24659.08288617309, 34867.51766364618, 27010.03359053704, 24720.81679748992, 34769.75687279367
493, 34867.51766364618, 24659.08288617309, 34867.51766364618, 28151.131296174186, 24705.899690100705, 34758.74403233379
494, 34867.51766364618, 24659.08288617309, 34867.51766364618, 27771.06826229294, 24715.398220403047, 34779.283005281526
495, 34867.51766364618, 24659.08288617309, 34867.51766364618, 27577.6463394078, 24713.54416170314, 34754.90349574026
496, 34867.51766364618, 24659.08288617309, 34867.51766364618, 27576.467554480376, 24703.594204951667, 34776.393454168996
497, 34867.51766364618, 24659.08288617309, 34867.51766364618, 28146.792199139236, 24707.168280977174, 34762.15555072132
498, 34867.51766364618, 24659.08288617309, 34867.51766364618, 27953.028555368397, 24706.40360582488, 34750.4422255016
499, 34867.51766364618, 24659.08288617309, 34867.51766364618, 28907.14028906233, 24707.184349771887, 34769.07163545987
500, 34867.51766364618, 24659.08288617309, 34867.51766364618, 27386.245302670246, 24708.537101960297, 34763.37544352269
