1, 27104.095049144547, 24612.858133006208, 27104.095049144547, 25106.45658278033, 24655.887585645312, 25106.45658278033
2, 27104.095049144547, 24612.858133006208, 27104.095049144547, 25584.20302106587, 24644.705541465446, 25584.20302106587
3, 27391.811989288744, 24342.261418171434, 27391.811989288744, 25894.964465078916, 24635.11575172329, 25894.964465078916
4, 27399.891846485665, 24130.31077479641, 27399.891846485665, 26165.281446098634, 24623.7420688357, 26165.281446098634
5, 27399.891846485665, 24130.31077479641, 27399.891846485665, 26313.452795463418, 24606.77035467416, 26313.452795463418
6, 27413.784989949436, 24388.046993526, 27413.784989949436, 26455.833940575547, 24575.21432278864, 26455.833940575547
7, 27472.33314273981, 24451.376938754813, 27472.33314273981, 26539.418839959373, 24540.30778147078, 26539.418839959373
8, 27478.546902802565, 24385.636915625535, 27478.546902802565, 26617.11763085085, 24516.35316253365, 26617.11763085085
9, 27574.735605716003, 24037.728406487808, 27574.735605716003, 26731.651165000723, 24461.553106865784, 26731.651165000723
10, 27691.46821046607, 24202.03174454253, 27691.46821046607, 26753.84358500775, 24430.171740474423, 26753.84358500775
11, 27827.5423125369, 24681.179817137956, 27827.5423125369, 26823.664397132183, 24432.438599206445, 26823.664397132183
12, 27848.747730163228, 24422.292322478297, 27848.747730163228, 26895.347510947096, 24442.03436045745, 26895.347510947096
13, 27893.45033310768, 24617.73618784435, 27893.45033310768, 26922.632909852284, 24447.078189605105, 26922.632909852284
14, 27908.935128654695, 24064.292267511657, 27908.935128654695, 26983.1495615644, 24464.337904726057, 26983.1495615644
15, 28077.84306785016, 24123.922400629966, 28077.84306785016, 27058.128170489694, 24495.59007178252, 27058.128170489694
16, 28221.47064098424, 24563.224397278, 28221.47064098424, 26992.581743180384, 24505.025300444202, 26992.581743180384
17, 28284.012853975502, 24437.602331762762, 28284.012853975502, 27087.304412757367, 24497.574706940482, 27087.304412757367
18, 28284.012853975502, 24437.602331762762, 28284.012853975502, 27118.589944158164, 24482.70324939786, 27118.589944158164
19, 28324.286322839544, 24586.498906123197, 28324.286322839544, 27165.79645793493, 24491.48973545047, 27165.79645793493
20, 28324.286322839544, 24586.498906123197, 28324.286322839544, 27237.66791629958, 24512.13569658492, 27237.66791629958
21, 28429.56287130932, 24534.341362260828, 28429.56287130932, 27271.946527066786, 24516.163152751316, 27271.946527066786
22, 28526.576287532378, 24323.524507269263, 28526.576287532378, 27341.720711514692, 24521.413289205237, 27341.720711514692
23, 28553.96041941532, 24457.121711799668, 28553.96041941532, 27336.54606839243, 24529.088594638757, 27336.54606839243
24, 28553.96041941532, 24457.121711799668, 28553.96041941532, 27381.04439577973, 24525.5965133485, 27381.04439577973
25, 28615.25373441725, 24564.723277591573, 28615.25373441725, 27441.839619000253, 24526.984372403196, 27441.839619000253
26, 28674.873736820515, 24360.386267240607, 28674.873736820515, 27488.121868464194, 24508.87286980221, 27488.121868464194
27, 28702.662972230235, 24622.17195117228, 28702.662972230235, 27561.597138391106, 24475.30126048066, 27561.597138391106
28, 28702.662972230235, 24622.17195117228, 28702.662972230235, 27578.267857215866, 24461.71432780941, 27578.267857215866
29, 28947.222557871715, 24574.006034883445, 28947.222557871715, 27566.40327344178, 24480.528848264505, 27566.40327344178
30, 28947.222557871715, 24574.006034883445, 28947.222557871715, 27554.560698008292, 24499.134911793964, 27554.560698008292
31, 28947.222557871715, 24574.006034883445, 28947.222557871715, 27601.098136457644, 24527.794003812345, 27601.098136457644
32, 28947.222557871715, 24574.006034883445, 28947.222557871715, 27654.97095537106, 24526.688804406353, 27654.97095537106
33, 28947.222557871715, 24574.006034883445, 28947.222557871715, 27675.06536831655, 24503.594102281062, 27675.06536831655
34, 29061.53333737518, 24440.301820233417, 29061.53333737518, 27731.953632897545, 24483.84903143924, 27731.953632897545
35, 29066.209256355723, 24382.952760867338, 29066.209256355723, 27759.26139916706, 24489.047151918858, 27759.26139916706
36, 29152.577231180236, 24295.144990119144, 29152.577231180236, 27816.229409963176, 24534.81413615866, 27816.229409963176
37, 29152.577231180236, 24295.144990119144, 29152.577231180236, 27790.972508127863, 24549.862737308733, 27790.972508127863
38, 29152.577231180236, 24295.144990119144, 29152.577231180236, 27859.363641153985, 24533.230006647125, 27859.363641153985
39, 29175.899122483766, 24065.930166763053, 29175.899122483766, 27871.386901863745, 24479.476400397336, 27871.386901863745
40, 29175.899122483766, 24065.930166763053, 29175.899122483766, 27927.431021269105, 24496.069291321277, 27927.431021269105
41, 29273.456986915426, 24291.106707990788, 29273.456986915426, 27871.02588983431, 24504.06123409801, 27871.02588983431
42, 29308.18181686288, 24457.465625830428, 29308.18181686288, 27970.241926317172, 24514.486744823087, 27970.241926317172
43, 29454.970753316662, 24308.379015793522, 29454.970753316662, 27947.924729332863, 24430.938432560237, 27947.924729332863
44, 29454.970753316662, 24308.379015793522, 29454.970753316662, 27993.39043194936, 24419.986611540215, 27993.39043194936
45, 29454.970753316662, 24308.379015793522, 29454.970753316662, 28026.986024092468, 24432.429710136334, 28026.986024092468
46, 29454.970753316662, 24308.379015793522, 29454.970753316662, 28041.357141681317, 24405.47385940835, 28041.357141681317
47, 29564.172440900373, 24236.309399053735, 29564.172440900373, 28093.660254403494, 24402.52348630756, 28093.660254403494
48, 29564.172440900373, 24236.309399053735, 29564.172440900373, 28123.145432804282, 24454.031911610466, 28123.145432804282
49, 29574.751893119446, 24558.030092864894, 29574.751893119446, 28125.302810062516, 24458.207990845684, 28125.302810062516
50, 29574.751893119446, 24558.030092864894, 29574.751893119446, 28170.954555114, 24474.575947232333, 28170.954555114
51, 29636.3693922374, 24507.611439974236, 29636.3693922374, 28208.021803235148, 24464.87381575637, 28208.021803235148
52, 29743.320809034496, 24227.756637075883, 29743.320809034496, 28184.529260563846, 24491.32421518941, 28184.529260563846
53, 29743.320809034496, 24227.756637075883, 29743.320809034496, 28228.121040056812, 24518.551233789764, 28228.121040056812
54, 29862.961585283898, 24619.51732360662, 29862.961585283898, 28236.581142329112, 24460.483721753983, 28236.581142329112
55, 29862.961585283898, 24619.51732360662, 29862.961585283898, 28256.99838844634, 24429.222344221078, 28256.99838844634
56, 29862.961585283898, 24619.51732360662, 29862.961585283898, 28311.95053086139, 24471.747505299652, 28311.95053086139
57, 29862.961585283898, 24619.51732360662, 29862.961585283898, 28323.72325761407, 24488.559327850944, 28323.72325761407
58, 29886.541337783096, 24624.13168205989, 29886.541337783096, 28325.46139602847, 24473.623176093326, 28325.46139602847
59, 29886.541337783096, 24624.13168205989, 29886.541337783096, 28390.11534539524, 24481.68297591328, 28390.11534539524
60, 29999.811348213545, 24538.076283029004, 29999.811348213545, 28406.424923202736, 24459.851232124805, 28406.424923202736
61, 29999.811348213545, 24538.076283029004, 29999.811348213545, 28397.864335318594, 24520.84067778122, 28397.864335318594
62, 29999.811348213545, 24538.076283029004, 29999.811348213545, 28415.0898027497, 24584.23920188653, 28415.0898027497
63, 29999.811348213545, 24538.076283029004, 29999.811348213545, 28452.987155647785, 24609.25140874331, 28452.987155647785
64, 30138.47485695842, 24619.48199193127, 30138.47485695842, 28463.642768777758, 24593.286632145722, 28463.642768777758
65, 30138.47485695842, 24619.48199193127, 30138.47485695842, 28515.339026321893, 24563.606173863656, 28515.339026321893
66, 30138.47485695842, 24619.48199193127, 30138.47485695842, 28490.87904839624, 24541.230894937584, 28490.87904839624
67, 30138.47485695842, 24619.48199193127, 30138.47485695842, 28576.48736154695, 24532.920028259883, 28576.48736154695
68, 30138.47485695842, 24619.48199193127, 30138.47485695842, 28486.419499722586, 24561.76159193512, 28486.419499722586
69, 30270.12910861498, 24674.994422037467, 30270.12910861498, 28595.688538739785, 24565.83137605304, 28595.688538739785
70, 30270.12910861498, 24674.994422037467, 30270.12910861498, 28593.2778043049, 24553.329891262325, 28593.2778043049
71, 30270.12910861498, 24674.994422037467, 30270.12910861498, 28597.237806509747, 24545.700699224482, 28597.237806509747
72, 30270.12910861498, 24674.994422037467, 30270.12910861498, 28606.884834299533, 24564.529439649363, 28606.884834299533
73, 30270.12910861498, 24674.994422037467, 30270.12910861498, 28628.089594199468, 24563.360771358366, 28628.089594199468
74, 30318.27744982563, 24447.792581900772, 30318.27744982563, 28637.701057713282, 24586.166010505185, 28637.701057713282
75, 30334.23889479758, 24637.093151116354, 30334.23889479758, 28667.495774290986, 24576.306996636595, 28667.495774290986
76, 30426.250442687324, 24366.185296764037, 30426.250442687324, 28719.69314563848, 24587.02244491943, 28719.69314563848
77, 30426.250442687324, 24366.185296764037, 30426.250442687324, 28649.6053591316, 24612.883335551363, 28649.6053591316
78, 30466.020367321922, 24392.633036076408, 30466.020367321922, 28735.736103617586, 24629.45741824711, 28735.736103617586
79, 30466.020367321922, 24392.633036076408, 30466.020367321922, 28742.26334942454, 24605.975827931907, 28742.26334942454
80, 30466.020367321922, 24392.633036076408, 30466.020367321922, 28755.3677188324, 24562.298700082945, 28755.3677188324
81, 30466.020367321922, 24392.633036076408, 30466.020367321922, 28803.15128641931, 24543.12628705315, 28803.15128641931
82, 30505.683189152223, 24169.408530697707, 30505.683189152223, 28790.78778442543, 24535.805013535548, 28790.78778442543
83, 30619.078816495403, 24514.50233874554, 30619.078816495403, 28854.635498325253, 24482.719910480366, 28854.635498325253
84, 30682.56668840862, 24244.10794412758, 30682.56668840862, 28856.497881966956, 24452.267517606764, 28856.497881966956
85, 30682.56668840862, 24244.10794412758, 30682.56668840862, 28860.744877291123, 24458.01612376876, 28860.744877291123
86, 30682.56668840862, 24244.10794412758, 30682.56668840862, 28863.628234123615, 24470.691338702654, 28863.628234123615
87, 30682.56668840862, 24244.10794412758, 30682.56668840862, 28917.168939112813, 24477.125013074725, 28917.168939112813
88, 30682.56668840862, 24244.10794412758, 30682.56668840862, 28909.8893925813, 24485.22586334362, 28909.8893925813
89, 30682.56668840862, 24244.10794412758, 30682.56668840862, 28978.030095807986, 24495.830513619978, 28978.030095807986
90, 30705.337890007544, 24137.312521710053, 30705.337890007544, 28949.406574772627, 24511.048468855704, 28949.406574772627
91, 30768.99993030061, 24650.20746337253, 30768.99993030061, 29003.960029907077, 24535.640762651867, 29003.960029907077
92, 30768.99993030061, 24650.20746337253, 30768.99993030061, 29011.657949446533, 24520.283127374292, 29011.657949446533
93, 30768.99993030061, 24650.20746337253, 30768.99993030061, 29021.925947057935, 24487.290407085886, 29021.925947057935
94, 30768.99993030061, 24650.20746337253, 30768.99993030061, 29002.430548165827, 24495.360055166064, 29002.430548165827
95, 30789.51212523299, 24248.17504303006, 30789.51212523299, 29046.688843274318, 24482.96801163309, 29046.688843274318
96, 30818.59424582165, 24391.41125633136, 30818.59424582165, 29005.79644654098, 24435.84922011995, 29005.79644654098
97, 30818.59424582165, 24391.41125633136, 30818.59424582165, 29071.030548024522, 24455.401366421327, 29071.030548024522
98, 30818.59424582165, 24391.41125633136, 30818.59424582165, 29081.314373087735, 24521.28760359806, 29081.314373087735
99, 30818.59424582165, 24391.41125633136, 30818.59424582165, 29072.77828755558, 24603.475998790032, 29072.77828755558
100, 30818.59424582165, 24391.41125633136, 30818.59424582165, 29084.69411134642, 24625.589297029284, 29084.69411134642
101, 30818.59424582165, 24391.41125633136, 30818.59424582165, 29120.930173683842, 24610.92229214351, 29120.930173683842
102, 30818.59424582165, 24391.41125633136, 30818.59424582165, 29043.441758325618, 24628.45552019843, 29043.441758325618
103, 30934.539665306133, 24399.628140367593, 30934.539665306133, 29096.612673286236, 24620.992426327048, 29096.612673286236
104, 30958.389744583266, 24247.938098270253, 30958.389744583266, 29104.985173118668, 24596.371337610442, 29104.985173118668
105, 30958.389744583266, 24247.938098270253, 30958.389744583266, 29107.10204790923, 24555.797161738534, 29107.10204790923
106, 30958.389744583266, 24247.938098270253, 30958.389744583266, 29187.301742913398, 24501.936646530234, 29187.301742913398
107, 30958.389744583266, 24247.938098270253, 30958.389744583266, 29134.924505945513, 24497.60955753743, 29134.924505945513
108, 31054.36883242133, 24443.359538968387, 31054.36883242133, 29174.171464076448, 24511.361141324614, 29174.171464076448
109, 31054.36883242133, 24443.359538968387, 31054.36883242133, 29174.899118365174, 24541.796441340888, 29174.899118365174
110, 31054.36883242133, 24443.359538968387, 31054.36883242133, 29214.866642627505, 24523.095222383654, 29214.866642627505
111, 31183.95233283227, 24576.423357052005, 31183.95233283227, 29213.436884548548, 24536.111592821246, 29213.436884548548
112, 31183.95233283227, 24576.423357052005, 31183.95233283227, 29240.136944380072, 24477.815461151204, 29240.136944380072
113, 31183.95233283227, 24576.423357052005, 31183.95233283227, 29188.570441518557, 24468.05042500042, 29188.570441518557
114, 31183.95233283227, 24576.423357052005, 31183.95233283227, 29208.141933187653, 24459.04838265809, 29208.141933187653
115, 31183.95233283227, 24576.423357052005, 31183.95233283227, 29240.503237836758, 24458.942120622924, 29240.503237836758
116, 31183.95233283227, 24576.423357052005, 31183.95233283227, 29283.70789712879, 24525.220861177935, 29283.70789712879
117, 31183.95233283227, 24576.423357052005, 31183.95233283227, 29294.706824841447, 24565.368796614344, 29294.706824841447
118, 31228.109144026945, 24633.659810922756, 31228.109144026945, 29288.35287843578, 24536.474220396572, 29288.35287843578
119, 31233.244347655487, 24610.77888381979, 31233.244347655487, 29327.96629574751, 24550.374630959242, 29327.96629574751
120, 31233.244347655487, 24610.77888381979, 31233.244347655487, 29367.699396830234, 24571.238101710085, 29367.699396830234
121, 31233.244347655487, 24610.77888381979, 31233.244347655487, 29358.643572869343, 24598.790097130382, 29358.643572869343
122, 31270.280668139836, 24671.226477901342, 31270.280668139836, 29376.630169588152, 24613.99505597848, 29376.630169588152
123, 31292.05663979746, 24544.617190696918, 31292.05663979746, 29378.94404285063, 24609.744822318637, 29378.94404285063
124, 31292.05663979746, 24544.617190696918, 31292.05663979746, 29419.051248321626, 24613.29734243581, 29419.051248321626
125, 31292.05663979746, 24544.617190696918, 31292.05663979746, 29457.800858485465, 24622.817852222965, 29457.800858485465
126, 31292.05663979746, 24544.617190696918, 31292.05663979746, 29406.964334676075, 24636.237970098857, 29406.964334676075
127, 31292.05663979746, 24544.617190696918, 31292.05663979746, 29425.341257205648, 24635.39839122923, 29425.341257205648
128, 31292.05663979746, 24544.617190696918, 31292.05663979746, 29415.871621421535, 24633.896896521626, 29415.871621421535
129, 31340.50053388879, 24672.766038263126, 31340.50053388879, 29403.023928561302, 24640.88262816654, 29403.023928561302
130, 31340.50053388879, 24672.766038263126, 31340.50053388879, 29434.1505069876, 24652.647001946178, 29434.1505069876
131, 31340.50053388879, 24672.766038263126, 31340.50053388879, 29455.86638229971, 24654.481919445923, 29455.86638229971
132, 31340.50053388879, 24672.766038263126, 31340.50053388879, 29495.56128311111, 24642.871038882105, 29495.56128311111
133, 31456.88373889741, 24590.119953175552, 31456.88373889741, 29408.416158627202, 24649.28648185056, 29408.416158627202
134, 31456.88373889741, 24590.119953175552, 31456.88373889741, 29496.855839718926, 24630.643377944998, 29496.855839718926
135, 31456.88373889741, 24590.119953175552, 31456.88373889741, 29472.24295513525, 24618.586602227828, 29472.24295513525
136, 31456.88373889741, 24590.119953175552, 31456.88373889741, 29435.552488561425, 24631.608168628813, 29435.552488561425
137, 31456.88373889741, 24590.119953175552, 31456.88373889741, 29460.907431900687, 24657.382998919195, 29460.907431900687
138, 31458.44039307302, 24443.694605535944, 31458.44039307302, 29495.566652590944, 24650.96261278971, 29495.566652590944
139, 31458.44039307302, 24443.694605535944, 31458.44039307302, 29477.960445655914, 24638.700492536616, 29477.960445655914
140, 31458.44039307302, 24443.694605535944, 31458.44039307302, 29508.8158901572, 24618.10912479831, 29508.8158901572
141, 31501.707863720636, 24540.314538788072, 31501.707863720636, 29563.87861229415, 24583.775023489594, 29563.87861229415
142, 31501.707863720636, 24540.314538788072, 31501.707863720636, 29543.83121393752, 24576.965540362125, 29543.83121393752
143, 31581.189516493658, 24517.408053447343, 31581.189516493658, 29582.90123675669, 24579.648474858175, 29582.90123675669
144, 31581.189516493658, 24517.408053447343, 31581.189516493658, 29559.6706890317, 24578.184529068996, 29559.6706890317
145, 31581.189516493658, 24517.408053447343, 31581.189516493658, 29557.08257080297, 24564.72452860198, 29557.08257080297
146, 31581.189516493658, 24517.408053447343, 31581.189516493658, 29569.364853657877, 24541.96670716668, 29569.364853657877
147, 31581.189516493658, 24517.408053447343, 31581.189516493658, 29590.919506174334, 24526.013247109015, 29590.919506174334
148, 31581.189516493658, 24517.408053447343, 31581.189516493658, 29631.715537643388, 24539.83841078763, 29631.715537643388
149, 31581.189516493658, 24517.408053447343, 31581.189516493658, 29558.451914585374, 24563.965916888345, 29558.451914585374
150, 31581.189516493658, 24517.408053447343, 31581.189516493658, 29585.93027409539, 24546.746589279766, 29585.93027409539
151, 31581.189516493658, 24517.408053447343, 31581.189516493658, 29645.743192650723, 24541.63083796966, 29645.743192650723
152, 31635.137297125944, 24577.841663996416, 31635.137297125944, 29633.078742526777, 24513.357711299894, 29633.078742526777
153, 31678.19568722448, 24466.480297883354, 31678.19568722448, 29640.501679313205, 24485.391887864913, 29640.501679313205
154, 31712.97332475782, 24432.14774926011, 31712.97332475782, 29675.67662408934, 24499.27753305123, 29675.67662408934
155, 31712.97332475782, 24432.14774926011, 31712.97332475782, 29654.73289589058, 24540.647574520415, 29654.73289589058
156, 31712.97332475782, 24432.14774926011, 31712.97332475782, 29684.06338203771, 24546.842076010198, 29684.06338203771
157, 31712.97332475782, 24432.14774926011, 31712.97332475782, 29662.48055031409, 24540.890628328976, 29662.48055031409
158, 31712.97332475782, 24432.14774926011, 31712.97332475782, 29695.33657982234, 24524.334362782636, 29695.33657982234
159, 31712.97332475782, 24432.14774926011, 31712.97332475782, 29734.121076816627, 24525.845450048866, 29734.121076816627
160, 31764.691463588348, 24634.049324840485, 31764.691463588348, 29728.923128843784, 24537.503501923526, 29728.923128843784
161, 31764.691463588348, 24634.049324840485, 31764.691463588348, 29717.59613316173, 24536.211902777046, 29717.59613316173
162, 31817.621875507855, 24627.88772097384, 31817.621875507855, 29740.66235647134, 24544.15880788957, 29740.66235647134
163, 31817.621875507855, 24627.88772097384, 31817.621875507855, 29715.509666156882, 24561.67454048428, 29715.509666156882
164, 31817.621875507855, 24627.88772097384, 31817.621875507855, 29736.256000394747, 24579.77209221984, 29736.256000394747
165, 31820.229972429486, 24393.938804382673, 31820.229972429486, 29781.312053679372, 24562.591772403262, 29781.312053679372
166, 31828.171973047803, 24429.73532193088, 31828.171973047803, 29748.616941894772, 24551.737324928083, 29748.616941894772
167, 31888.834108214305, 24597.81280325686, 31888.834108214305, 29747.787237999328, 24594.760790948258, 29747.787237999328
168, 31888.834108214305, 24597.81280325686, 31888.834108214305, 29769.875056476205, 24618.77802569629, 29769.875056476205
169, 31888.834108214305, 24597.81280325686, 31888.834108214305, 29812.184589988334, 24616.270804034564, 29812.184589988334
170, 31888.834108214305, 24597.81280325686, 31888.834108214305, 29811.31137858931, 24611.79022140129, 29811.31137858931
171, 31888.834108214305, 24597.81280325686, 31888.834108214305, 29829.480120380424, 24597.786666076994, 29829.480120380424
172, 31888.834108214305, 24597.81280325686, 31888.834108214305, 29863.078809000595, 24572.12200927235, 29863.078809000595
173, 31888.834108214305, 24597.81280325686, 31888.834108214305, 29881.382524975288, 24526.087548088763, 29881.382524975288
174, 31888.834108214305, 24597.81280325686, 31888.834108214305, 29812.82365426255, 24508.076359981755, 29812.82365426255
175, 31888.834108214305, 24597.81280325686, 31888.834108214305, 29808.12797671435, 24534.801568019935, 29808.12797671435
176, 31914.052073948504, 24568.246047391294, 31914.052073948504, 29842.009124457756, 24566.49441561538, 29842.009124457756
177, 31914.052073948504, 24568.246047391294, 31914.052073948504, 29821.900059412066, 24600.934201987642, 29821.900059412066
178, 31914.052073948504, 24568.246047391294, 31914.052073948504, 29868.59073306141, 24614.571898757316, 29868.59073306141
179, 31914.052073948504, 24568.246047391294, 31914.052073948504, 29888.085251267796, 24614.178515715794, 29888.085251267796
180, 31914.052073948504, 24568.246047391294, 31914.052073948504, 29862.61811395019, 24612.616692008844, 29862.61811395019
181, 31914.052073948504, 24568.246047391294, 31914.052073948504, 29870.141828088086, 24611.353343009716, 29870.141828088086
182, 32010.21326100608, 24546.358057571633, 32010.21326100608, 29873.05904557542, 24608.028612226844, 29873.05904557542
183, 32010.21326100608, 24546.358057571633, 32010.21326100608, 29841.00147746372, 24602.239655160647, 29841.00147746372
184, 32010.21326100608, 24546.358057571633, 32010.21326100608, 29878.27744728729, 24594.082018183955, 29878.27744728729
185, 32010.21326100608, 24546.358057571633, 32010.21326100608, 29883.122034820928, 24587.325603220183, 29883.122034820928
186, 32010.21326100608, 24546.358057571633, 32010.21326100608, 29894.93746966646, 24588.561049459808, 29894.93746966646
187, 32010.21326100608, 24546.358057571633, 32010.21326100608, 29880.52535151404, 24599.42800916628, 29880.52535151404
188, 32010.21326100608, 24546.358057571633, 32010.21326100608, 29918.21701367728, 24608.1086436699, 29918.21701367728
189, 32010.21326100608, 24546.358057571633, 32010.21326100608, 29917.849594316143, 24615.768670010864, 29917.849594316143
190, 32010.21326100608, 24546.358057571633, 32010.21326100608, 29926.306744993013, 24632.081691749197, 29926.306744993013
191, 32056.010437675774, 24617.195676495514, 32056.010437675774, 29940.338011007054, 24643.030471202088, 29940.338011007054
192, 32056.010437675774, 24617.195676495514, 32056.010437675774, 29956.185474545957, 24622.67127410587, 29956.185474545957
193, 32056.010437675774, 24617.195676495514, 32056.010437675774, 29943.939797945914, 24593.12056512407, 29943.939797945914
194, 32093.931876667095, 24559.167232840715, 32093.931876667095, 29956.45213168803, 24584.296741813054, 29956.45213168803
195, 32093.931876667095, 24559.167232840715, 32093.931876667095, 29965.450653118583, 24586.848838389134, 29965.450653118583
196, 32093.931876667095, 24559.167232840715, 32093.931876667095, 29941.53556713011, 24588.236915740734, 29941.53556713011
197, 32093.931876667095, 24559.167232840715, 32093.931876667095, 29986.639592367657, 24595.895266007083, 29986.639592367657
198, 32093.931876667095, 24559.167232840715, 32093.931876667095, 29959.10402479746, 24612.05307898792, 29959.10402479746
199, 32093.931876667095, 24559.167232840715, 32093.931876667095, 30018.74823014242, 24618.687103548687, 30018.74823014242
200, 32093.931876667095, 24559.167232840715, 32093.931876667095, 29993.204370680818, 24624.821306577447, 29993.204370680818
201, 32093.931876667095, 24559.167232840715, 32093.931876667095, 29972.589391128357, 24624.851610168098, 29972.589391128357
202, 32110.861322170054, 24471.3984032328, 32110.861322170054, 30022.33140450013, 24619.06554635509, 30022.33140450013
203, 32110.861322170054, 24471.3984032328, 32110.861322170054, 29999.73206555521, 24615.730190491908, 29999.73206555521
204, 32110.861322170054, 24471.3984032328, 32110.861322170054, 29994.85385372418, 24604.994097314757, 29994.85385372418
205, 32110.861322170054, 24471.3984032328, 32110.861322170054, 30001.10208772278, 24591.780633353177, 30001.10208772278
206, 32169.743891374896, 24416.49095704402, 32169.743891374896, 30036.237639368417, 24583.84912127012, 30036.237639368417
207, 32169.743891374896, 24416.49095704402, 32169.743891374896, 30002.53840558962, 24578.595240934425, 30002.53840558962
208, 32169.743891374896, 24416.49095704402, 32169.743891374896, 30035.333171718867, 24575.09670835077, 30035.333171718867
209, 32169.743891374896, 24416.49095704402, 32169.743891374896, 29989.43863142239, 24565.575160830253, 29989.43863142239
210, 32169.743891374896, 24416.49095704402, 32169.743891374896, 29970.932693646682, 24553.86406657331, 29970.932693646682
211, 32169.743891374896, 24416.49095704402, 32169.743891374896, 29998.900004147275, 24537.13532400817, 29998.900004147275
212, 32169.743891374896, 24416.49095704402, 32169.743891374896, 30030.975271062776, 24519.199897545794, 30030.975271062776
213, 32169.743891374896, 24416.49095704402, 32169.743891374896, 30022.383129117545, 24516.755020226497, 30022.383129117545
214, 32246.053647260236, 24339.508598328386, 32246.053647260236, 30021.708526897193, 24509.35671755532, 30021.708526897193
215, 32246.053647260236, 24339.508598328386, 32246.053647260236, 30017.36232143642, 24501.374853370344, 30017.36232143642
216, 32383.541713572922, 24543.29351461286, 32383.541713572922, 30081.95083157405, 24487.584717820384, 30081.95083157405
217, 32383.541713572922, 24543.29351461286, 32383.541713572922, 30041.948697620835, 24489.8406303573, 30041.948697620835
218, 32383.541713572922, 24543.29351461286, 32383.541713572922, 30094.821657874356, 24488.031426614172, 30094.821657874356
219, 32383.541713572922, 24543.29351461286, 32383.541713572922, 30045.537074774533, 24492.136926693154, 30045.537074774533
220, 32383.541713572922, 24543.29351461286, 32383.541713572922, 30090.18391557774, 24496.4454636731, 30090.18391557774
221, 32383.541713572922, 24543.29351461286, 32383.541713572922, 30046.24788725982, 24502.8424536477, 30046.24788725982
222, 32383.541713572922, 24543.29351461286, 32383.541713572922, 30091.461707826955, 24511.80097420913, 30091.461707826955
223, 32430.013544476904, 24534.28704271008, 32430.013544476904, 30124.318712992095, 24532.151670044117, 30124.318712992095
224, 32430.013544476904, 24534.28704271008, 32430.013544476904, 30095.61638669536, 24555.875496011256, 30095.61638669536
225, 32430.013544476904, 24534.28704271008, 32430.013544476904, 30124.29268253936, 24549.803073525592, 30124.29268253936
226, 32430.013544476904, 24534.28704271008, 32430.013544476904, 30165.24645343197, 24544.946246037976, 30165.24645343197
227, 32430.013544476904, 24534.28704271008, 32430.013544476904, 30232.500889810133, 24590.059400931164, 30232.500889810133
228, 32430.013544476904, 24534.28704271008, 32430.013544476904, 30229.201606115137, 24577.974584546835, 30229.201606115137
229, 32430.013544476904, 24534.28704271008, 32430.013544476904, 30236.834591886345, 24578.058376502955, 30236.834591886345
230, 32430.013544476904, 24534.28704271008, 32430.013544476904, 30247.343552030885, 24575.800137477596, 30247.343552030885
231, 32430.013544476904, 24534.28704271008, 32430.013544476904, 30266.178540245477, 24576.963471417384, 30266.178540245477
232, 32470.57658707527, 24583.446124625432, 32470.57658707527, 30241.329373591812, 24571.34173085514, 30241.329373591812
233, 32470.57658707527, 24583.446124625432, 32470.57658707527, 30247.19962526859, 24571.48906537955, 30247.19962526859
234, 32470.57658707527, 24583.446124625432, 32470.57658707527, 30260.179073085554, 24572.813181336172, 30260.179073085554
235, 32470.57658707527, 24583.446124625432, 32470.57658707527, 30253.223435739037, 24572.536032452517, 30253.223435739037
236, 32470.57658707527, 24583.446124625432, 32470.57658707527, 30260.068655583113, 24573.235910362153, 30260.068655583113
237, 32470.57658707527, 24583.446124625432, 32470.57658707527, 30219.995335185482, 24576.389741144903, 30219.995335185482
238, 32470.57658707527, 24583.446124625432, 32470.57658707527, 30242.13932131896, 24574.35019413555, 30242.13932131896
239, 32470.57658707527, 24583.446124625432, 32470.57658707527, 30316.99028609013, 24573.433103071715, 30316.99028609013
240, 32470.57658707527, 24583.446124625432, 32470.57658707527, 30257.881238299586, 24579.957446563738, 30257.881238299586
241, 32470.57658707527, 24583.446124625432, 32470.57658707527, 30263.147710277604, 24586.24453300964, 30263.147710277604
242, 32502.046688318038, 24647.143320132, 32502.046688318038, 30266.435949948496, 24600.5622529523, 30266.435949948496
243, 32522.597688985974, 24594.016145621594, 32522.597688985974, 30255.877304523965, 24608.482538328073, 30255.877304523965
244, 32522.597688985974, 24594.016145621594, 32522.597688985974, 30257.725793150115, 24606.508574480496, 30257.725793150115
245, 32522.597688985974, 24594.016145621594, 32522.597688985974, 30242.790065639805, 24604.954445891493, 30242.790065639805
246, 32522.597688985974, 24594.016145621594, 32522.597688985974, 30287.72614434697, 24606.17473458344, 30287.72614434697
247, 32522.597688985974, 24594.016145621594, 32522.597688985974, 30296.022843137172, 24605.82016515178, 30296.022843137172
248, 32522.597688985974, 24594.016145621594, 32522.597688985974, 30251.337803995688, 24608.681621550368, 30251.337803995688
249, 32522.597688985974, 24594.016145621594, 32522.597688985974, 30297.139316227836, 24609.524268908797, 30297.139316227836
250, 32522.597688985974, 24594.016145621594, 32522.597688985974, 30289.253945845376, 24614.589835845443, 30289.253945845376
251, 32522.597688985974, 24594.016145621594, 32522.597688985974, 30288.304946536504, 24620.154398398678, 30288.304946536504
252, 32522.597688985974, 24594.016145621594, 32522.597688985974, 30317.800364572773, 24619.10461209901, 30317.800364572773
253, 32523.29629000558, 24682.159214458676, 32523.29629000558, 30332.085351964422, 24613.28973405234, 30332.085351964422
254, 32523.29629000558, 24682.159214458676, 32523.29629000558, 30337.31935021696, 24609.352312462666, 30337.31935021696
255, 32523.29629000558, 24682.159214458676, 32523.29629000558, 30325.194896341996, 24614.60674981818, 30325.194896341996
256, 32580.199193321554, 24663.66157357409, 32580.199193321554, 30370.433464107165, 24615.394661926497, 30370.433464107165
257, 32580.199193321554, 24663.66157357409, 32580.199193321554, 30364.506887520147, 24617.74871839887, 30364.506887520147
258, 32580.199193321554, 24663.66157357409, 32580.199193321554, 30329.260585839616, 24621.115758252985, 30329.260585839616
259, 32595.728143412787, 24594.51305417167, 32595.728143412787, 30319.27697994, 24622.16946015191, 30319.27697994
260, 32595.728143412787, 24594.51305417167, 32595.728143412787, 30315.369092682195, 24626.800237227948, 30315.369092682195
261, 32595.728143412787, 24594.51305417167, 32595.728143412787, 30327.66828324503, 24632.668522082633, 30327.66828324503
262, 32627.225970496223, 24513.92298953511, 32627.225970496223, 30315.718957611476, 24640.39858609719, 30315.718957611476
263, 32627.225970496223, 24513.92298953511, 32627.225970496223, 30314.35668073438, 24653.12202971565, 30314.35668073438
264, 32627.225970496223, 24513.92298953511, 32627.225970496223, 30285.15413873162, 24647.356208095072, 30285.15413873162
265, 32627.225970496223, 24513.92298953511, 32627.225970496223, 30315.05835884849, 24637.84721569393, 30315.05835884849
266, 32627.225970496223, 24513.92298953511, 32627.225970496223, 30310.109717224746, 24641.180456457125, 30310.109717224746
267, 32627.225970496223, 24513.92298953511, 32627.225970496223, 30410.873074579795, 24644.029999359762, 30410.873074579795
268, 32627.225970496223, 24513.92298953511, 32627.225970496223, 30381.31179528723, 24641.5049736314, 30381.31179528723
269, 32627.225970496223, 24513.92298953511, 32627.225970496223, 30371.889802458125, 24634.078752304624, 30371.889802458125
270, 32709.60519920615, 24648.99053901563, 32709.60519920615, 30366.007427864675, 24615.98025602766, 30366.007427864675
271, 32721.301561729342, 24653.347806879647, 32721.301561729342, 30378.322986602496, 24602.55468660826, 30378.322986602496
272, 32721.301561729342, 24653.347806879647, 32721.301561729342, 30430.154315186664, 24592.28384768456, 30430.154315186664
273, 32721.301561729342, 24653.347806879647, 32721.301561729342, 30395.541059044477, 24582.058788171507, 30395.541059044477
274, 32734.42454148066, 24479.4324044749, 32734.42454148066, 30371.567612232735, 24580.770216516023, 30371.567612232735
275, 32734.42454148066, 24479.4324044749, 32734.42454148066, 30402.35228270397, 24595.842026100017, 30402.35228270397
276, 32734.42454148066, 24479.4324044749, 32734.42454148066, 30430.56874924018, 24623.48804699646, 30430.56874924018
277, 32734.42454148066, 24479.4324044749, 32734.42454148066, 30424.50050085474, 24648.07016543657, 30424.50050085474
278, 32734.42454148066, 24479.4324044749, 32734.42454148066, 30431.280671924716, 24647.048823455447, 30431.280671924716
279, 32734.42454148066, 24479.4324044749, 32734.42454148066, 30472.57706635859, 24646.469495579102, 30472.57706635859
280, 32734.42454148066, 24479.4324044749, 32734.42454148066, 30449.93018047038, 24640.685044069145, 30449.93018047038
281, 32734.42454148066, 24479.4324044749, 32734.42454148066, 30478.019176520444, 24629.342517510835, 30478.019176520444
282, 32734.42454148066, 24479.4324044749, 32734.42454148066, 30477.9655834697, 24616.647712810045, 30477.9655834697
283, 32734.42454148066, 24479.4324044749, 32734.42454148066, 30460.455568437217, 24592.115664974215, 30460.455568437217
284, 32734.42454148066, 24479.4324044749, 32734.42454148066, 30462.312223275498, 24551.874929763064, 30462.312223275498
285, 32734.42454148066, 24479.4324044749, 32734.42454148066, 30455.546964914138, 24532.921627681, 30455.546964914138
286, 32734.42454148066, 24479.4324044749, 32734.42454148066, 30406.29847897317, 24531.731677281416, 30406.29847897317
287, 32734.42454148066, 24479.4324044749, 32734.42454148066, 30478.295085124355, 24531.99481715106, 30478.295085124355
288, 32750.464255429888, 24517.00557117036, 32750.464255429888, 30447.758859008653, 24533.354707854167, 30447.758859008653
289, 32750.464255429888, 24517.00557117036, 32750.464255429888, 30414.425201278395, 24533.90235052771, 30414.425201278395
290, 32801.27509484755, 24399.89241662386, 32801.27509484755, 30470.300229286655, 24531.191922469516, 30470.300229286655
291, 32801.27509484755, 24399.89241662386, 32801.27509484755, 30486.959794992817, 24533.710710296502, 30486.959794992817
292, 32801.27509484755, 24399.89241662386, 32801.27509484755, 30468.55657676381, 24529.5349150017, 30468.55657676381
293, 32801.27509484755, 24399.89241662386, 32801.27509484755, 30456.52645024221, 24529.02232304497, 30456.52645024221
294, 32801.27509484755, 24399.89241662386, 32801.27509484755, 30476.631131033242, 24528.523980903443, 30476.631131033242
295, 32801.27509484755, 24399.89241662386, 32801.27509484755, 30480.600687343715, 24525.519413477436, 30480.600687343715
296, 32801.27509484755, 24399.89241662386, 32801.27509484755, 30484.09172566405, 24522.04507860152, 30484.09172566405
297, 32801.27509484755, 24399.89241662386, 32801.27509484755, 30460.01936140763, 24517.680693918654, 30460.01936140763
298, 32801.27509484755, 24399.89241662386, 32801.27509484755, 30507.690916425272, 24503.661135205482, 30507.690916425272
299, 32808.42593122414, 24460.604772294093, 32808.42593122414, 30501.607939586786, 24475.482620924435, 30501.607939586786
300, 32808.42593122414, 24460.604772294093, 32808.42593122414, 30512.00107961944, 24477.50145298198, 30512.00107961944
301, 32821.46087857398, 24421.866239519943, 32821.46087857398, 30530.15123873482, 24479.380641483924, 30530.15123873482
302, 32821.46087857398, 24421.866239519943, 32821.46087857398, 30508.016526485542, 24478.80910473323, 30508.016526485542
303, 32821.46087857398, 24421.866239519943, 32821.46087857398, 30493.050699192394, 24479.163390133665, 30493.050699192394
304, 32821.46087857398, 24421.866239519943, 32821.46087857398, 30472.913204425393, 24479.27503604896, 30472.913204425393
305, 32848.425660970875, 24631.83188419493, 32848.425660970875, 30528.46485453493, 24484.076892281933, 30528.46485453493
306, 32848.425660970875, 24631.83188419493, 32848.425660970875, 30509.817814125374, 24487.169502322966, 30509.817814125374
307, 32848.425660970875, 24631.83188419493, 32848.425660970875, 30528.31602520409, 24493.85222411412, 30528.31602520409
308, 32848.425660970875, 24631.83188419493, 32848.425660970875, 30482.67509709435, 24503.733673603503, 30482.67509709435
309, 32848.425660970875, 24631.83188419493, 32848.425660970875, 30529.61160974412, 24493.526101098672, 30529.61160974412
310, 32878.24881738862, 24590.066874419674, 32878.24881738862, 30489.242323397244, 24482.921874111216, 30489.242323397244
311, 32878.24881738862, 24590.066874419674, 32878.24881738862, 30570.77423664671, 24497.922188753142, 30570.77423664671
312, 32878.24881738862, 24590.066874419674, 32878.24881738862, 30511.18688296152, 24501.181709113214, 30511.18688296152
313, 32878.24881738862, 24590.066874419674, 32878.24881738862, 30522.349657089515, 24509.29510930347, 30522.349657089515
314, 32878.24881738862, 24590.066874419674, 32878.24881738862, 30490.605598561066, 24512.80193424758, 30490.605598561066
315, 32878.24881738862, 24590.066874419674, 32878.24881738862, 30522.000802348906, 24518.57538500009, 30522.000802348906
316, 32878.24881738862, 24590.066874419674, 32878.24881738862, 30559.70305287938, 24533.17400422725, 30559.70305287938
317, 32892.44494048403, 24356.240242237807, 32892.44494048403, 30569.238260188857, 24554.682334531713, 30569.238260188857
318, 32892.44494048403, 24356.240242237807, 32892.44494048403, 30528.81712573416, 24594.539235815686, 30528.81712573416
319, 32892.44494048403, 24356.240242237807, 32892.44494048403, 30535.822714936556, 24622.880988495446, 30535.822714936556
320, 32892.44494048403, 24356.240242237807, 32892.44494048403, 30554.823873787485, 24608.38655313493, 30554.823873787485
321, 32892.44494048403, 24356.240242237807, 32892.44494048403, 30563.16710392348, 24598.12783740008, 30563.16710392348
322, 32962.309507182705, 24659.9101354978, 32962.309507182705, 30545.30874055889, 24587.237185343747, 30545.30874055889
323, 32962.309507182705, 24659.9101354978, 32962.309507182705, 30587.248421192766, 24568.18578286454, 30587.248421192766
324, 32962.309507182705, 24659.9101354978, 32962.309507182705, 30587.180119663375, 24547.56552743361, 30587.180119663375
325, 32962.309507182705, 24659.9101354978, 32962.309507182705, 30560.61721119572, 24505.034638935587, 30560.61721119572
326, 32962.309507182705, 24659.9101354978, 32962.309507182705, 30579.72350533296, 24455.423825608817, 30579.72350533296
327, 32962.309507182705, 24659.9101354978, 32962.309507182705, 30556.97534222992, 24464.6644016517, 30556.97534222992
328, 32962.309507182705, 24659.9101354978, 32962.309507182705, 30583.893957466153, 24473.076391087325, 30583.893957466153
329, 32962.309507182705, 24659.9101354978, 32962.309507182705, 30522.788782915086, 24496.177502205297, 30522.788782915086
330, 32962.309507182705, 24659.9101354978, 32962.309507182705, 30613.851987407343, 24532.011337399214, 30613.851987407343
331, 32962.309507182705, 24659.9101354978, 32962.309507182705, 30586.3906013491, 24568.868834554843, 30586.3906013491
332, 32962.309507182705, 24659.9101354978, 32962.309507182705, 30643.81605359491, 24608.16340082507, 30643.81605359491
333, 32962.309507182705, 24659.9101354978, 32962.309507182705, 30621.881953819135, 24659.859625650424, 30621.881953819135
334, 32984.391095863124, 24475.77929750368, 32984.391095863124, 30585.97135922462, 24658.810475359754, 30585.97135922462
335, 32984.391095863124, 24475.77929750368, 32984.391095863124, 30605.956716353776, 24658.77808786263, 30605.956716353776
336, 32984.391095863124, 24475.77929750368, 32984.391095863124, 30621.574559523906, 24656.87219470098, 30621.574559523906
337, 32984.391095863124, 24475.77929750368, 32984.391095863124, 30632.438568351063, 24655.949309932566, 30632.438568351063
338, 32984.391095863124, 24475.77929750368, 32984.391095863124, 30618.562808341125, 24655.79400889951, 30618.562808341125
339, 32984.391095863124, 24475.77929750368, 32984.391095863124, 30659.954604478735, 24651.101188980356, 30659.954604478735
340, 32998.818914802476, 24600.828384360357, 32998.818914802476, 30631.567003030275, 24641.925348129753, 30631.567003030275
341, 32998.818914802476, 24600.828384360357, 32998.818914802476, 30628.016818934604, 24631.23371405828, 30628.016818934604
342, 32998.818914802476, 24600.828384360357, 32998.818914802476, 30601.796760064015, 24617.037486663, 30601.796760064015
343, 32998.818914802476, 24600.828384360357, 32998.818914802476, 30591.215509853122, 24590.048465055777, 30591.215509853122
344, 32998.818914802476, 24600.828384360357, 32998.818914802476, 30598.435074003646, 24553.04825375043, 30598.435074003646
345, 32998.818914802476, 24600.828384360357, 32998.818914802476, 30633.38632985266, 24533.296147841174, 30633.38632985266
346, 32998.818914802476, 24600.828384360357, 32998.818914802476, 30647.435731601017, 24535.99142532017, 30647.435731601017
347, 32998.818914802476, 24600.828384360357, 32998.818914802476, 30626.158457196972, 24538.53113859259, 30626.158457196972
348, 32998.818914802476, 24600.828384360357, 32998.818914802476, 30648.175934780254, 24546.37771828617, 30648.175934780254
349, 32998.818914802476, 24600.828384360357, 32998.818914802476, 30618.320095014693, 24558.045106111414, 30618.320095014693
350, 32998.818914802476, 24600.828384360357, 32998.818914802476, 30614.286940825554, 24576.055192055494, 30614.286940825554
351, 32998.818914802476, 24600.828384360357, 32998.818914802476, 30612.23102494155, 24600.05360767804, 30612.23102494155
352, 33015.40304472385, 24676.721217971957, 33015.40304472385, 30664.426884258482, 24618.082069949523, 30664.426884258482
353, 33015.40304472385, 24676.721217971957, 33015.40304472385, 30623.2323663103, 24617.20542102317, 30623.2323663103
354, 33015.40304472385, 24676.721217971957, 33015.40304472385, 30615.059125620275, 24620.62238620644, 30615.059125620275
355, 33015.40304472385, 24676.721217971957, 33015.40304472385, 30623.476960954362, 24619.318221831207, 30623.476960954362
356, 33015.40304472385, 24676.721217971957, 33015.40304472385, 30713.594579863988, 24620.76579582076, 30713.594579863988
357, 33015.40304472385, 24676.721217971957, 33015.40304472385, 30617.94859681739, 24626.288025387035, 30617.94859681739
358, 33074.505609325766, 24568.307190059586, 33074.505609325766, 30625.10958596122, 24628.748252299163, 30625.10958596122
359, 33074.505609325766, 24568.307190059586, 33074.505609325766, 30627.499402533667, 24631.88561813445, 30627.499402533667
360, 33074.505609325766, 24568.307190059586, 33074.505609325766, 30673.79805364385, 24644.352477923687, 30673.79805364385
361, 33074.505609325766, 24568.307190059586, 33074.505609325766, 30700.66137958764, 24657.733715201546, 30700.66137958764
362, 33074.505609325766, 24568.307190059586, 33074.505609325766, 30629.496097965366, 24664.177043331918, 30629.496097965366
363, 33112.24473713549, 24671.723360915898, 33112.24473713549, 30672.1919781357, 24660.020825046464, 30672.1919781357
364, 33112.24473713549, 24671.723360915898, 33112.24473713549, 30699.707763378712, 24650.515887571768, 30699.707763378712
365, 33112.24473713549, 24671.723360915898, 33112.24473713549, 30701.980970047214, 24642.746160214367, 30701.980970047214
366, 33112.24473713549, 24671.723360915898, 33112.24473713549, 30615.049258841853, 24620.707321879872, 30615.049258841853
367, 33112.24473713549, 24671.723360915898, 33112.24473713549, 30697.953117931444, 24578.213771045244, 30697.953117931444
368, 33149.888743647854, 24584.081750952515, 33149.888743647854, 30696.542328314787, 24577.739423819137, 30696.542328314787
369, 33149.888743647854, 24584.081750952515, 33149.888743647854, 30731.256113235388, 24602.637522108398, 30731.256113235388
370, 33149.888743647854, 24584.081750952515, 33149.888743647854, 30680.98976598735, 24605.02152417592, 30680.98976598735
371, 33149.888743647854, 24584.081750952515, 33149.888743647854, 30714.74847264094, 24611.988935815567, 30714.74847264094
372, 33149.888743647854, 24584.081750952515, 33149.888743647854, 30708.160249175507, 24623.68527433196, 30708.160249175507
373, 33233.847542669384, 24652.559596790146, 33233.847542669384, 30742.31177257999, 24643.136759257686, 30742.31177257999
374, 33233.847542669384, 24652.559596790146, 33233.847542669384, 30689.651524872308, 24660.1046219885, 30689.651524872308
375, 33233.847542669384, 24652.559596790146, 33233.847542669384, 30720.009179418626, 24657.943505913765, 30720.009179418626
376, 33233.847542669384, 24652.559596790146, 33233.847542669384, 30744.324233772986, 24652.44715750543, 30744.324233772986
377, 33233.847542669384, 24652.559596790146, 33233.847542669384, 30740.292926976163, 24642.218633318702, 30740.292926976163
378, 33233.847542669384, 24652.559596790146, 33233.847542669384, 30760.704290843754, 24627.050751323895, 30760.704290843754
379, 33233.847542669384, 24652.559596790146, 33233.847542669384, 30737.63589889065, 24616.058024207832, 30737.63589889065
380, 33233.847542669384, 24652.559596790146, 33233.847542669384, 30721.051779099344, 24608.079069903273, 30721.051779099344
381, 33233.847542669384, 24652.559596790146, 33233.847542669384, 30788.836746317604, 24608.10266227961, 30788.836746317604
382, 33233.847542669384, 24652.559596790146, 33233.847542669384, 30758.931415057494, 24610.481288285813, 30758.931415057494
383, 33233.847542669384, 24652.559596790146, 33233.847542669384, 30761.05319475208, 24616.03753465482, 30761.05319475208
384, 33233.847542669384, 24652.559596790146, 33233.847542669384, 30800.394928510304, 24623.41187461636, 30800.394928510304
385, 33233.847542669384, 24652.559596790146, 33233.847542669384, 30811.065070804507, 24633.45878439876, 30811.065070804507
386, 33233.847542669384, 24652.559596790146, 33233.847542669384, 30783.22541209463, 24652.302678243967, 30783.22541209463
387, 33233.847542669384, 24652.559596790146, 33233.847542669384, 30807.667729341127, 24652.31856270958, 30807.667729341127
388, 33233.847542669384, 24652.559596790146, 33233.847542669384, 30835.53933888887, 24652.850450587157, 30835.53933888887
389, 33233.847542669384, 24652.559596790146, 33233.847542669384, 30768.05421015816, 24655.600980964176, 30768.05421015816
390, 33233.847542669384, 24652.559596790146, 33233.847542669384, 30823.36969856299, 24654.815606403015, 30823.36969856299
391, 33233.847542669384, 24652.559596790146, 33233.847542669384, 30800.00734512866, 24654.577249249098, 30800.00734512866
392, 33233.847542669384, 24652.559596790146, 33233.847542669384, 30815.79781086836, 24654.69940307497, 30815.79781086836
393, 33251.90649747493, 24527.986833671115, 33251.90649747493, 30808.16016694619, 24653.93984423461, 30808.16016694619
394, 33251.90649747493, 24527.986833671115, 33251.90649747493, 30859.02821426203, 24651.308755238642, 30859.02821426203
395, 33251.90649747493, 24527.986833671115, 33251.90649747493, 30808.008550789174, 24651.554679817556, 30808.008550789174
396, 33251.90649747493, 24527.986833671115, 33251.90649747493, 30814.459738566777, 24651.704293426657, 30814.459738566777
397, 33251.90649747493, 24527.986833671115, 33251.90649747493, 30799.610253420058, 24646.903170189988, 30799.610253420058
398, 33251.90649747493, 24527.986833671115, 33251.90649747493, 30801.469271459668, 24644.325745255035, 30801.469271459668
399, 33251.90649747493, 24527.986833671115, 33251.90649747493, 30810.58610987528, 24640.8163332006, 30810.58610987528
400, 33251.90649747493, 24527.986833671115, 33251.90649747493, 30820.760268955328, 24637.53475030176, 30820.760268955328
401, 33251.90649747493, 24527.986833671115, 33251.90649747493, 30834.149670574963, 24625.945751164072, 30834.149670574963
402, 33251.90649747493, 24527.986833671115, 33251.90649747493, 30815.762221980687, 24616.56852236843, 30815.762221980687
403, 33251.90649747493, 24527.986833671115, 33251.90649747493, 30812.23259683889, 24592.967519655707, 30812.23259683889
404, 33251.90649747493, 24527.986833671115, 33251.90649747493, 30811.781410500927, 24575.1949144055, 30811.781410500927
405, 33251.90649747493, 24527.986833671115, 33251.90649747493, 30851.383088571994, 24565.395594579273, 30851.383088571994
406, 33251.90649747493, 24527.986833671115, 33251.90649747493, 30819.83334664468, 24565.411450586937, 30819.83334664468
407, 33251.90649747493, 24527.986833671115, 33251.90649747493, 30837.248450321276, 24566.85398466084, 30837.248450321276
408, 33285.279147940484, 24397.001832257713, 33285.279147940484, 30804.078245053606, 24565.34843395106, 30804.078245053606
409, 33285.279147940484, 24397.001832257713, 33285.279147940484, 30783.88759025489, 24566.162677986726, 30783.88759025489
410, 33285.279147940484, 24397.001832257713, 33285.279147940484, 30865.456504780854, 24563.35971730543, 30865.456504780854
411, 33285.279147940484, 24397.001832257713, 33285.279147940484, 30835.4293968743, 24562.868355667353, 30835.4293968743
412, 33285.279147940484, 24397.001832257713, 33285.279147940484, 30840.90204631782, 24560.651898477343, 30840.90204631782
413, 33285.279147940484, 24397.001832257713, 33285.279147940484, 30804.527485212446, 24554.731087834738, 30804.527485212446
414, 33285.279147940484, 24397.001832257713, 33285.279147940484, 30808.876980482382, 24552.7848331951, 30808.876980482382
415, 33285.279147940484, 24397.001832257713, 33285.279147940484, 30830.394456763268, 24544.88289485495, 30830.394456763268
416, 33285.279147940484, 24397.001832257713, 33285.279147940484, 30842.615173628717, 24530.17916399734, 30842.615173628717
417, 33285.279147940484, 24397.001832257713, 33285.279147940484, 30805.368307407243, 24508.059579778397, 30805.368307407243
418, 33286.2046333064, 24610.76121572156, 33286.2046333064, 30900.74776512344, 24475.710464645847, 30900.74776512344
419, 33286.2046333064, 24610.76121572156, 33286.2046333064, 30886.92787992123, 24474.07736242581, 30886.92787992123
420, 33383.89425565446, 24328.63160587822, 33383.89425565446, 30821.230700562955, 24476.56654761861, 30821.230700562955
421, 33383.89425565446, 24328.63160587822, 33383.89425565446, 30901.810089416686, 24476.98807552257, 30901.810089416686
422, 33383.89425565446, 24328.63160587822, 33383.89425565446, 30813.713586874932, 24476.875099676992, 30813.713586874932
423, 33383.89425565446, 24328.63160587822, 33383.89425565446, 30866.84218454098, 24476.17976710416, 30866.84218454098
424, 33383.89425565446, 24328.63160587822, 33383.89425565446, 30796.90135189348, 24479.231498094006, 30796.90135189348
425, 33383.89425565446, 24328.63160587822, 33383.89425565446, 30843.837683513244, 24478.666708280005, 30843.837683513244
426, 33383.89425565446, 24328.63160587822, 33383.89425565446, 30877.968069463535, 24480.4165714652, 30877.968069463535
427, 33383.89425565446, 24328.63160587822, 33383.89425565446, 30876.465918982347, 24478.82406379563, 30876.465918982347
428, 33383.89425565446, 24328.63160587822, 33383.89425565446, 30874.882161918584, 24478.826219238203, 30874.882161918584
429, 33383.89425565446, 24328.63160587822, 33383.89425565446, 30921.657957213825, 24428.769559223525, 30921.657957213825
430, 33383.89425565446, 24328.63160587822, 33383.89425565446, 30885.079800532836, 24427.498773034524, 30885.079800532836
431, 33383.89425565446, 24328.63160587822, 33383.89425565446, 30942.659694330854, 24426.922643517773, 30942.659694330854
432, 33383.89425565446, 24328.63160587822, 33383.89425565446, 30920.028618257187, 24426.26583543475, 30920.028618257187
433, 33383.89425565446, 24328.63160587822, 33383.89425565446, 30938.82927157695, 24426.891715607733, 30938.82927157695
434, 33383.89425565446, 24328.63160587822, 33383.89425565446, 30876.016156603317, 24427.39225802622, 30876.016156603317
435, 33383.89425565446, 24328.63160587822, 33383.89425565446, 30952.38831630038, 24427.804686243126, 30952.38831630038
436, 33383.89425565446, 24328.63160587822, 33383.89425565446, 30915.289535230495, 24425.056044576093, 30915.289535230495
437, 33383.89425565446, 24328.63160587822, 33383.89425565446, 30899.701074729895, 24427.816913365372, 30899.701074729895
438, 33420.94935131027, 24536.486005973435, 33420.94935131027, 30934.654908822955, 24426.58446351203, 30934.654908822955
439, 33420.94935131027, 24536.486005973435, 33420.94935131027, 30910.85684599392, 24429.935741432528, 30910.85684599392
440, 33420.94935131027, 24536.486005973435, 33420.94935131027, 30903.838731155116, 24431.732463737884, 30903.838731155116
441, 33420.94935131027, 24536.486005973435, 33420.94935131027, 30937.68033012109, 24431.518008266863, 30937.68033012109
442, 33420.94935131027, 24536.486005973435, 33420.94935131027, 30915.515575285175, 24438.035211778133, 30915.515575285175
443, 33420.94935131027, 24536.486005973435, 33420.94935131027, 30924.93847690988, 24443.488090146984, 30924.93847690988
444, 33420.94935131027, 24536.486005973435, 33420.94935131027, 30958.616276788478, 24454.516070411653, 30958.616276788478
445, 33420.94935131027, 24536.486005973435, 33420.94935131027, 30936.0954831104, 24477.921824966626, 30936.0954831104
446, 33420.94935131027, 24536.486005973435, 33420.94935131027, 30943.587155034213, 24512.61214756402, 30943.587155034213
447, 33420.94935131027, 24536.486005973435, 33420.94935131027, 30912.370054056235, 24568.950306787825, 30912.370054056235
448, 33420.94935131027, 24536.486005973435, 33420.94935131027, 30966.780016140885, 24573.024608027554, 30966.780016140885
449, 33420.94935131027, 24536.486005973435, 33420.94935131027, 30991.49542876318, 24572.010050275498, 30991.49542876318
450, 33420.94935131027, 24536.486005973435, 33420.94935131027, 30888.01529684402, 24571.349650905773, 30888.01529684402
451, 33420.94935131027, 24536.486005973435, 33420.94935131027, 30942.135218700558, 24572.371769109242, 30942.135218700558
452, 33420.94935131027, 24536.486005973435, 33420.94935131027, 30935.41713650325, 24572.74937754153, 30935.41713650325
453, 33420.94935131027, 24536.486005973435, 33420.94935131027, 30906.40499429015, 24571.7232416532, 30906.40499429015
454, 33434.08257171108, 24584.95630874859, 33434.08257171108, 30936.888615699285, 24574.239122775965, 30936.888615699285
455, 33434.08257171108, 24584.95630874859, 33434.08257171108, 30965.040015925537, 24572.793475811053, 30965.040015925537
456, 33434.08257171108, 24584.95630874859, 33434.08257171108, 30942.18682650792, 24573.332619832167, 30942.18682650792
457, 33487.703328930635, 24585.070215395277, 33487.703328930635, 30965.40789711316, 24571.75113452958, 30965.40789711316
458, 33487.703328930635, 24585.070215395277, 33487.703328930635, 30975.187493721125, 24573.283680031614, 30975.187493721125
459, 33487.703328930635, 24585.070215395277, 33487.703328930635, 30967.40424945616, 24573.64619080321, 30967.40424945616
460, 33487.703328930635, 24585.070215395277, 33487.703328930635, 30939.181364796867, 24575.570260736524, 30939.181364796867
461, 33487.703328930635, 24585.070215395277, 33487.703328930635, 30951.20210955192, 24574.12033601305, 30951.20210955192
462, 33487.703328930635, 24585.070215395277, 33487.703328930635, 30911.819554567937, 24576.74280827045, 30911.819554567937
463, 33487.703328930635, 24585.070215395277, 33487.703328930635, 30933.527792750523, 24580.017775203396, 30933.527792750523
464, 33487.703328930635, 24585.070215395277, 33487.703328930635, 30978.847440718106, 24582.289044171503, 30978.847440718106
465, 33487.703328930635, 24585.070215395277, 33487.703328930635, 30944.28184361375, 24586.716763493678, 30944.28184361375
466, 33487.703328930635, 24585.070215395277, 33487.703328930635, 30947.03939463039, 24594.713913188793, 30947.03939463039
467, 33544.104715563386, 24625.39173226316, 33544.104715563386, 30967.346680196064, 24606.592010219043, 30967.346680196064
468, 33544.104715563386, 24625.39173226316, 33544.104715563386, 30995.467699237837, 24606.74987619703, 30995.467699237837
469, 33544.104715563386, 24625.39173226316, 33544.104715563386, 30999.27029286957, 24606.573819712674, 30999.27029286957
470, 33544.104715563386, 24625.39173226316, 33544.104715563386, 30988.88595057046, 24607.6004860562, 30988.88595057046
471, 33544.104715563386, 24625.39173226316, 33544.104715563386, 30975.917381262836, 24606.916257738434, 30975.917381262836
472, 33544.104715563386, 24625.39173226316, 33544.104715563386, 30979.819716538004, 24607.73405130545, 30979.819716538004
473, 33544.104715563386, 24625.39173226316, 33544.104715563386, 30964.632220004285, 24608.51938367647, 30964.632220004285
474, 33544.104715563386, 24625.39173226316, 33544.104715563386, 30961.611082762796, 24609.294870502792, 30961.611082762796
475, 33544.104715563386, 24625.39173226316, 33544.104715563386, 30974.20505407998, 24607.17021811767, 30974.20505407998
476, 33544.104715563386, 24625.39173226316, 33544.104715563386, 30976.099262009007, 24608.018604375087, 30976.099262009007
477, 33544.104715563386, 24625.39173226316, 33544.104715563386, 31011.225858359725, 24608.19173762207, 31011.225858359725
478, 33544.104715563386, 24625.39173226316, 33544.104715563386, 30974.99545221448, 24611.270161032407, 30974.99545221448
479, 33544.104715563386, 24625.39173226316, 33544.104715563386, 30971.758087420003, 24611.29367266911, 30971.758087420003
480, 33544.104715563386, 24625.39173226316, 33544.104715563386, 30951.517500189097, 24612.5988126836, 30951.517500189097
481, 33544.104715563386, 24625.39173226316, 33544.104715563386, 31049.49409472641, 24619.29417043362, 31049.49409472641
482, 33544.104715563386, 24625.39173226316, 33544.104715563386, 31046.94770549494, 24629.66807104421, 31046.94770549494
483, 33544.104715563386, 24625.39173226316, 33544.104715563386, 31035.025013467482, 24635.822767167403, 31035.025013467482
484, 33544.104715563386, 24625.39173226316, 33544.104715563386, 31029.146199047398, 24635.267995295362, 31029.146199047398
485, 33544.104715563386, 24625.39173226316, 33544.104715563386, 30987.722237932358, 24634.21004174156, 30987.722237932358
486, 33544.104715563386, 24625.39173226316, 33544.104715563386, 30994.703925684407, 24633.096378190512, 30994.703925684407
487, 33544.104715563386, 24625.39173226316, 33544.104715563386, 31009.32669550538, 24634.45627447946, 31009.32669550538
488, 33544.104715563386, 24625.39173226316, 33544.104715563386, 31035.74249109771, 24636.03715158456, 31035.74249109771
489, 33544.104715563386, 24625.39173226316, 33544.104715563386, 31036.694981726763, 24634.556839590532, 31036.694981726763
490, 33544.104715563386, 24625.39173226316, 33544.104715563386, 31047.43104256299, 24635.977485807816, 31047.43104256299
491, 33544.104715563386, 24625.39173226316, 33544.104715563386, 31030.859583766305, 24633.784025045123, 31030.859583766305
492, 33544.104715563386, 24625.39173226316, 33544.104715563386, 31075.58216930394, 24635.121226591247, 31075.58216930394
493, 33544.104715563386, 24625.39173226316, 33544.104715563386, 31006.791231074872, 24633.804251509657, 31006.791231074872
494, 33544.104715563386, 24625.39173226316, 33544.104715563386, 31017.861100553913, 24634.90136168528, 31017.861100553913
495, 33544.104715563386, 24625.39173226316, 33544.104715563386, 31020.591901231644, 24633.354970366843, 31020.591901231644
496, 33544.104715563386, 24625.39173226316, 33544.104715563386, 31009.837493876566, 24635.707985411627, 31009.837493876566
497, 33544.104715563386, 24625.39173226316, 33544.104715563386, 31022.418355073536, 24634.043769884534, 31022.418355073536
498, 33544.104715563386, 24625.39173226316, 33544.104715563386, 31011.865588226567, 24636.868195649167, 31011.865588226567
499, 33544.104715563386, 24625.39173226316, 33544.104715563386, 31004.566524077036, 24635.42888668143, 31004.566524077036
500, 33544.104715563386, 24625.39173226316, 33544.104715563386, 31039.53405891643, 24633.38377099645, 31039.53405891643
