1, 26540.720779373383, 24652.267140052998, 26540.720779373383, 25146.43913163176, 24655.861758943094, 25146.43913163176
2, 26664.340783516374, 24658.686813296485, 26664.340783516374, 25609.369062308095, 24637.936802380635, 25609.369062308095
3, 26799.59018793469, 24538.847044780578, 26799.59018793469, 25911.40796524413, 24621.39464727553, 25911.40796524413
4, 26983.527342145047, 24522.293131044633, 26983.527342145047, 26133.418179766013, 24604.348012150465, 26133.418179766013
5, 27071.256446045416, 24438.16776683693, 27071.256446045416, 26321.26506507031, 24588.135289401616, 26321.26506507031
6, 27071.256446045416, 24438.16776683693, 27071.256446045416, 26487.166036923896, 24589.037654557036, 26487.166036923896
7, 27223.31439432094, 24367.164920254672, 27223.31439432094, 26657.11520163151, 24572.662443622383, 26657.11520163151
8, 27223.31439432094, 24367.164920254672, 27223.31439432094, 26791.27744743391, 24522.325220101895, 26791.27744743391
9, 27389.53892388311, 24410.89171695366, 27389.53892388311, 26917.77032260748, 24504.003953841366, 26917.77032260748
10, 27402.393226404067, 24559.209163046027, 27402.393226404067, 27021.618318658195, 24493.175798296434, 27021.618318658195
11, 27458.898185919366, 24522.756148898017, 27458.898185919366, 27114.621755050746, 24476.36370954368, 27114.621755050746
12, 27536.26184076146, 24650.360186561007, 27536.26184076146, 27220.35047674803, 24466.98770023363, 27220.35047674803
13, 27703.540559810524, 24351.366322554033, 27703.540559810524, 27313.816183235365, 24446.994443123243, 27313.816183235365
14, 27831.914817334346, 24457.051315234883, 27831.914817334346, 27428.870186312222, 24473.44633233913, 27428.870186312222
15, 27831.914817334346, 24457.051315234883, 27831.914817334346, 27509.93057158391, 24483.811090344083, 27509.93057158391
16, 27976.237347886017, 24466.92673788992, 27976.237347886017, 27584.79721334535, 24466.492323590315, 27584.79721334535
17, 27976.237347886017, 24466.92673788992, 27976.237347886017, 27666.378432234887, 24454.006626522052, 27666.378432234887
18, 28029.733525499432, 24289.374359554506, 28029.733525499432, 27745.721062646393, 24432.809372955915, 27745.721062646393
19, 28053.987872699745, 24393.94112885764, 28053.987872699745, 27817.466854415285, 24427.1231346388, 27817.466854415285
20, 28192.060831274546, 24229.334438802245, 28192.060831274546, 27895.780443522646, 24456.69418099638, 27895.780443522646
21, 28299.719149794666, 24201.31652147114, 28299.719149794666, 27965.287831068188, 24447.459058242548, 27965.287831068188
22, 28327.80456132152, 24502.166967190773, 28327.80456132152, 28025.06939021702, 24435.900509924795, 28025.06939021702
23, 28330.02413900098, 24670.82735834405, 28330.02413900098, 28096.989267057488, 24369.346710714242, 28096.989267057488
24, 28486.85874940598, 24163.36353011153, 28486.85874940598, 28184.16857323112, 24393.766049382022, 28184.16857323112
25, 28486.85874940598, 24163.36353011153, 28486.85874940598, 28241.299254671852, 24421.775314254883, 28241.299254671852
26, 28512.13912139071, 24641.017257664138, 28512.13912139071, 28298.348972121974, 24453.436793433746, 28298.348972121974
27, 28595.930390547648, 24578.202388828777, 28595.930390547648, 28344.027758915323, 24445.447073403808, 28344.027758915323
28, 28690.99236732066, 24309.047294927077, 28690.99236732066, 28396.660665929456, 24455.40138456604, 28396.660665929456
29, 28753.069710565473, 24481.287914321085, 28753.069710565473, 28445.962291739077, 24444.624695790448, 28445.962291739077
30, 28753.069710565473, 24481.287914321085, 28753.069710565473, 28495.52830755912, 24429.122628355148, 28495.52830755912
31, 28785.93735736079, 24686.96216944746, 28785.93735736079, 28540.380024381793, 24433.043441899023, 28540.380024381793
32, 28914.362290443823, 24399.24574538703, 28914.362290443823, 28600.570402381083, 24454.75316602579, 28600.570402381083
33, 28914.362290443823, 24399.24574538703, 28914.362290443823, 28657.79382302254, 24449.468784722903, 28657.79382302254
34, 29181.478900440317, 24385.42144994212, 29181.478900440317, 28712.80792751501, 24446.587666426556, 28712.80792751501
35, 29181.478900440317, 24385.42144994212, 29181.478900440317, 28765.927302690085, 24467.70568086659, 28765.927302690085
36, 29185.497270025284, 24579.393634341373, 29185.497270025284, 28817.925676369956, 24479.523162453446, 28817.925676369956
37, 29185.497270025284, 24579.393634341373, 29185.497270025284, 28862.698902324544, 24462.83777776364, 28862.698902324544
38, 29185.497270025284, 24579.393634341373, 29185.497270025284, 28918.022580293342, 24478.53927504626, 28918.022580293342
39, 29185.497270025284, 24579.393634341373, 29185.497270025284, 28961.1116785951, 24453.959198560948, 28961.1116785951
40, 29239.359841209574, 24603.19236316879, 29239.359841209574, 29006.294292423838, 24488.356443022265, 29006.294292423838
41, 29239.359841209574, 24603.19236316879, 29239.359841209574, 29057.527256107995, 24448.060948821156, 29057.527256107995
42, 29316.752715374314, 24622.26380306704, 29316.752715374314, 29104.313095590576, 24457.352937452262, 29104.313095590576
43, 29419.827573481638, 24488.014737879574, 29419.827573481638, 29157.83658480762, 24438.01393123882, 29157.83658480762
44, 29419.827573481638, 24488.014737879574, 29419.827573481638, 29195.455712766066, 24441.917736000454, 29195.455712766066
45, 29434.328165731276, 24615.616917985535, 29434.328165731276, 29220.505737713316, 24468.956758812525, 29220.505737713316
46, 29444.813073317488, 24350.11793151668, 29444.813073317488, 29258.344245008306, 24458.387601912822, 29258.344245008306
47, 29506.724202756017, 24293.461954951887, 29506.724202756017, 29291.81365474398, 24482.89959248259, 29291.81365474398
48, 29523.15574004516, 24209.971096920013, 29523.15574004516, 29339.423282873653, 24481.471074674406, 29339.423282873653
49, 29548.35050044682, 24285.543774868584, 29548.35050044682, 29380.59687109571, 24440.18860211217, 29380.59687109571
50, 29577.84871768953, 24177.732177638176, 29577.84871768953, 29409.82940219468, 24434.763760563288, 29409.82940219468
51, 29641.18704475917, 24523.839864731126, 29641.18704475917, 29441.383824118402, 24418.905014724638, 29441.383824118402
52, 29641.18704475917, 24523.839864731126, 29641.18704475917, 29472.69045855521, 24401.45738663808, 29472.69045855521
53, 29740.981100200945, 24517.698137415566, 29740.981100200945, 29508.809820949133, 24353.981275020564, 29508.809820949133
54, 29740.981100200945, 24517.698137415566, 29740.981100200945, 29541.441809835298, 24319.616114648994, 29541.441809835298
55, 29740.981100200945, 24517.698137415566, 29740.981100200945, 29565.15925776587, 24307.843615651014, 29565.15925776587
56, 29879.931546138538, 24179.53117923124, 29879.931546138538, 29597.946997985393, 24337.76345925746, 29597.946997985393
57, 29879.931546138538, 24179.53117923124, 29879.931546138538, 29629.541911765573, 24376.884449336383, 29629.541911765573
58, 29919.143202973046, 24187.53266437158, 29919.143202973046, 29672.73512733435, 24444.23177907311, 29672.73512733435
59, 30030.457734590673, 24272.73570529307, 30030.457734590673, 29719.950325087964, 24461.108520506034, 29719.950325087964
60, 30030.457734590673, 24272.73570529307, 30030.457734590673, 29749.409849525717, 24456.33506648999, 29749.409849525717
61, 30030.457734590673, 24272.73570529307, 30030.457734590673, 29778.68028118481, 24418.42926876664, 29778.68028118481
62, 30166.028412238156, 24258.601187398934, 30166.028412238156, 29811.361341873697, 24342.51001308565, 29811.361341873697
63, 30166.028412238156, 24258.601187398934, 30166.028412238156, 29851.314454545212, 24268.539353268618, 29851.314454545212
64, 30171.65327481253, 24369.63212628265, 30171.65327481253, 29890.76616366191, 24282.393858104955, 29890.76616366191
65, 30295.490200068725, 24467.89233680144, 30295.490200068725, 29934.386994790588, 24257.422505874398, 29934.386994790588
66, 30295.490200068725, 24467.89233680144, 30295.490200068725, 29973.42170024083, 24268.748928460536, 29973.42170024083
67, 30295.490200068725, 24467.89233680144, 30295.490200068725, 30024.06027210723, 24329.764338722805, 30024.06027210723
68, 30316.73902319057, 24591.393295242262, 30316.73902319057, 30068.80654436712, 24304.247165820943, 30068.80654436712
69, 30325.850655180464, 24382.772326177288, 30325.850655180464, 30103.475725733337, 24305.123692443023, 30103.475725733337
70, 30325.850655180464, 24382.772326177288, 30325.850655180464, 30156.15079622538, 24312.41121372951, 30156.15079622538
71, 30325.850655180464, 24382.772326177288, 30325.850655180464, 30188.301370766843, 24307.138647288888, 30188.301370766843
72, 30421.30169815885, 24323.930033314115, 30421.30169815885, 30203.918726625863, 24339.294980971346, 30203.918726625863
73, 30421.30169815885, 24323.930033314115, 30421.30169815885, 30230.33850069278, 24397.392848268457, 30230.33850069278
74, 30437.612479730837, 24522.298206466163, 30437.612479730837, 30265.042492089422, 24372.900391036223, 30265.042492089422
75, 30460.59881829501, 24636.579326729294, 30460.59881829501, 30303.326879311084, 24412.78449858653, 30303.326879311084
76, 30495.687506091654, 24626.86015738285, 30495.687506091654, 30323.321745818685, 24453.024121387894, 30323.321745818685
77, 30495.687506091654, 24626.86015738285, 30495.687506091654, 30342.58544113832, 24465.678736571965, 30342.58544113832
78, 30495.687506091654, 24626.86015738285, 30495.687506091654, 30360.91362379619, 24421.532484515206, 30360.91362379619
79, 30635.626720236887, 24406.028426573466, 30635.626720236887, 30384.14638161875, 24437.366866696822, 30384.14638161875
80, 30635.626720236887, 24406.028426573466, 30635.626720236887, 30418.99056344038, 24500.979778895617, 30418.99056344038
81, 30635.626720236887, 24406.028426573466, 30635.626720236887, 30447.247146653408, 24532.557998982356, 30447.247146653408
82, 30635.626720236887, 24406.028426573466, 30635.626720236887, 30465.670327557953, 24598.91082803657, 30465.670327557953
83, 30635.626720236887, 24406.028426573466, 30635.626720236887, 30476.161768371505, 24596.495180949347, 30476.161768371505
84, 30635.626720236887, 24406.028426573466, 30635.626720236887, 30484.50860083221, 24575.041396635257, 30484.50860083221
85, 30694.866562075633, 24528.47652187029, 30694.866562075633, 30503.19141692086, 24525.213356420798, 30503.19141692086
86, 30694.866562075633, 24528.47652187029, 30694.866562075633, 30525.930379320882, 24502.00732181266, 30525.930379320882
87, 30694.866562075633, 24528.47652187029, 30694.866562075633, 30542.771193879627, 24463.438419941314, 30542.771193879627
88, 30694.866562075633, 24528.47652187029, 30694.866562075633, 30564.09136125584, 24448.669311336493, 30564.09136125584
89, 30774.97138488316, 24351.26960403959, 30774.97138488316, 30592.730512507598, 24459.582809763713, 30592.730512507598
90, 30774.97138488316, 24351.26960403959, 30774.97138488316, 30628.89917812666, 24474.41543642494, 30628.89917812666
91, 30775.491334675426, 24301.540941396095, 30775.491334675426, 30654.864562271825, 24449.855832287278, 30654.864562271825
92, 30777.724707393976, 24624.569801993108, 30777.724707393976, 30667.405969521078, 24454.316826116177, 30667.405969521078
93, 30777.724707393976, 24624.569801993108, 30777.724707393976, 30681.866999712485, 24481.062247927617, 30681.866999712485
94, 30777.724707393976, 24624.569801993108, 30777.724707393976, 30707.874911722793, 24509.0959373205, 30707.874911722793
95, 30777.724707393976, 24624.569801993108, 30777.724707393976, 30716.753428436317, 24500.572492355546, 30716.753428436317
96, 30804.17462932646, 24615.848579126934, 30804.17462932646, 30732.13300251936, 24483.46931429057, 30732.13300251936
97, 30916.873775911718, 24564.934581826987, 30916.873775911718, 30753.188110669027, 24451.98362564041, 30753.188110669027
98, 30916.873775911718, 24564.934581826987, 30916.873775911718, 30773.13649007944, 24415.982287076706, 30773.13649007944
99, 30936.65145376212, 24564.104655589872, 30936.65145376212, 30783.757764784732, 24406.54070902021, 30783.757764784732
100, 30936.65145376212, 24564.104655589872, 30936.65145376212, 30787.829356337446, 24431.909609590555, 30787.829356337446
101, 30936.65145376212, 24564.104655589872, 30936.65145376212, 30797.59177671872, 24503.01048559996, 30797.59177671872
102, 31008.74968598721, 24657.901739735888, 31008.74968598721, 30813.82626863692, 24550.252364445216, 30813.82626863692
103, 31008.74968598721, 24657.901739735888, 31008.74968598721, 30840.013088193657, 24505.423415536803, 30840.013088193657
104, 31008.74968598721, 24657.901739735888, 31008.74968598721, 30871.07468640215, 24452.29147558995, 30871.07468640215
105, 31026.160045616303, 24499.881864839463, 31026.160045616303, 30899.46718972948, 24520.763542234305, 30899.46718972948
106, 31026.160045616303, 24499.881864839463, 31026.160045616303, 30921.586437711947, 24583.109737909737, 30921.586437711947
107, 31049.37615822697, 24521.253654440185, 31049.37615822697, 30932.301067268294, 24578.6456320948, 30932.301067268294
108, 31049.37615822697, 24521.253654440185, 31049.37615822697, 30941.80781072603, 24590.23157906416, 30941.80781072603
109, 31049.37615822697, 24521.253654440185, 31049.37615822697, 30955.482178941264, 24569.3818702039, 30955.482178941264
110, 31049.37615822697, 24521.253654440185, 31049.37615822697, 30971.93116279251, 24563.329985596803, 30971.93116279251
111, 31077.842157249168, 24643.28491591228, 31077.842157249168, 30993.794955692963, 24572.90013087313, 30993.794955692963
112, 31093.19363082473, 24629.672874888052, 31093.19363082473, 31012.616321601185, 24635.190805653416, 31012.616321601185
113, 31093.19363082473, 24629.672874888052, 31093.19363082473, 31014.948715804738, 24629.154730486902, 31014.948715804738
114, 31114.0881284765, 24487.976928477023, 31114.0881284765, 31020.0107860894, 24609.126286744035, 31020.0107860894
115, 31115.478455955057, 24547.27616539581, 31115.478455955057, 31026.85410255814, 24581.609748629442, 31026.85410255814
116, 31115.478455955057, 24547.27616539581, 31115.478455955057, 31035.343922646138, 24549.826037654053, 31035.343922646138
117, 31131.938546989062, 24531.613802192653, 31131.938546989062, 31051.71296798191, 24539.12757333119, 31051.71296798191
118, 31131.938546989062, 24531.613802192653, 31131.938546989062, 31069.620398759354, 24565.631263289397, 31069.620398759354
119, 31223.393899857685, 24593.073283036723, 31223.393899857685, 31084.77267611606, 24605.251721771507, 31084.77267611606
120, 31272.976942583995, 24617.486431040285, 31272.976942583995, 31097.973173135477, 24600.98225870148, 31097.973173135477
121, 31272.976942583995, 24617.486431040285, 31272.976942583995, 31112.419279116893, 24581.700587981075, 31112.419279116893
122, 31272.976942583995, 24617.486431040285, 31272.976942583995, 31125.403194582806, 24557.853872569205, 31125.403194582806
123, 31272.976942583995, 24617.486431040285, 31272.976942583995, 31140.029349395238, 24532.99354325964, 31140.029349395238
124, 31272.976942583995, 24617.486431040285, 31272.976942583995, 31156.549547794064, 24529.925540766482, 31156.549547794064
125, 31272.976942583995, 24617.486431040285, 31272.976942583995, 31176.960260899923, 24524.9509524971, 31176.960260899923
126, 31272.976942583995, 24617.486431040285, 31272.976942583995, 31202.571306828657, 24504.36635389482, 31202.571306828657
127, 31272.976942583995, 24617.486431040285, 31272.976942583995, 31219.67147081757, 24484.343898036463, 31219.67147081757
128, 31280.27998480465, 24299.85416592431, 31280.27998480465, 31237.524216974958, 24580.252643074622, 31237.524216974958
129, 31280.27998480465, 24299.85416592431, 31280.27998480465, 31250.719308860596, 24576.843616316208, 31250.719308860596
130, 31353.190887600213, 24659.854966968007, 31353.190887600213, 31261.216761046293, 24583.053985985516, 31261.216761046293
131, 31384.899626654515, 24604.567181375533, 31384.899626654515, 31274.861391771286, 24605.974605759184, 31274.861391771286
132, 31384.899626654515, 24604.567181375533, 31384.899626654515, 31276.076683710566, 24591.652343091402, 31276.076683710566
133, 31384.899626654515, 24604.567181375533, 31384.899626654515, 31278.913538516517, 24577.07103530537, 31278.913538516517
134, 31384.899626654515, 24604.567181375533, 31384.899626654515, 31282.172326565826, 24563.86967025563, 31282.172326565826
135, 31384.899626654515, 24604.567181375533, 31384.899626654515, 31290.068914974352, 24511.08119945153, 31290.068914974352
136, 31384.899626654515, 24604.567181375533, 31384.899626654515, 31298.843720394114, 24431.583448831436, 31298.843720394114
137, 31432.507618775442, 24369.35343659068, 31432.507618775442, 31312.2028433471, 24444.20389634883, 31312.2028433471
138, 31432.507618775442, 24369.35343659068, 31432.507618775442, 31332.443899978833, 24529.241662688066, 31332.443899978833
139, 31442.711072240163, 24520.729780068228, 31442.711072240163, 31357.12069579996, 24577.72644192588, 31357.12069579996
140, 31442.711072240163, 24520.729780068228, 31442.711072240163, 31365.190701044132, 24549.117633172027, 31365.190701044132
141, 31487.60655409428, 24437.111381150477, 31487.60655409428, 31375.209372167028, 24499.845133379913, 31375.209372167028
142, 31487.60655409428, 24437.111381150477, 31487.60655409428, 31385.01450069708, 24519.08323704515, 31385.01450069708
143, 31487.60655409428, 24437.111381150477, 31487.60655409428, 31395.999611847652, 24520.523995664174, 31395.999611847652
144, 31503.93706806517, 24366.244533529978, 31503.93706806517, 31415.121502592017, 24447.032465728502, 31415.121502592017
145, 31503.93706806517, 24366.244533529978, 31503.93706806517, 31431.44870859068, 24381.999298601815, 31431.44870859068
146, 31619.91979508523, 24394.595581001904, 31619.91979508523, 31438.03421455618, 24393.54641754213, 31438.03421455618
147, 31619.91979508523, 24394.595581001904, 31619.91979508523, 31442.995092974765, 24414.540325128346, 31442.995092974765
148, 31619.91979508523, 24394.595581001904, 31619.91979508523, 31449.089484720396, 24445.14031465647, 31449.089484720396
149, 31619.91979508523, 24394.595581001904, 31619.91979508523, 31457.29100501324, 24478.30205628695, 31457.29100501324
150, 31619.91979508523, 24394.595581001904, 31619.91979508523, 31469.49415919895, 24451.352875664918, 31469.49415919895
151, 31619.91979508523, 24394.595581001904, 31619.91979508523, 31484.08187178423, 24417.86209961878, 31484.08187178423
152, 31619.91979508523, 24394.595581001904, 31619.91979508523, 31496.61841203479, 24451.76855905324, 31496.61841203479
153, 31619.91979508523, 24394.595581001904, 31619.91979508523, 31506.1255276328, 24415.698515455624, 31506.1255276328
154, 31619.91979508523, 24394.595581001904, 31619.91979508523, 31517.7939617991, 24407.28306249882, 31517.7939617991
155, 31659.339930906423, 24539.40419265196, 31659.339930906423, 31532.014024989476, 24420.316732142317, 31532.014024989476
156, 31659.339930906423, 24539.40419265196, 31659.339930906423, 31554.442915046955, 24448.220577939494, 31554.442915046955
157, 31695.26202740314, 24309.926306279754, 31695.26202740314, 31571.04301119598, 24443.703935031892, 31571.04301119598
158, 31763.244869793885, 24650.72531178014, 31763.244869793885, 31594.524087898553, 24429.46536461083, 31594.524087898553
159, 31763.244869793885, 24650.72531178014, 31763.244869793885, 31613.057315989576, 24407.59200814817, 31613.057315989576
160, 31763.244869793885, 24650.72531178014, 31763.244869793885, 31625.784978857682, 24424.101646311312, 31625.784978857682
161, 31763.244869793885, 24650.72531178014, 31763.244869793885, 31630.360475605597, 24446.049629042463, 31630.360475605597
162, 31763.244869793885, 24650.72531178014, 31763.244869793885, 31634.885825000718, 24467.357719130803, 31634.885825000718
163, 31763.244869793885, 24650.72531178014, 31763.244869793885, 31643.439242942244, 24506.692617674777, 31643.439242942244
164, 31763.244869793885, 24650.72531178014, 31763.244869793885, 31659.117330815974, 24543.37907742602, 31659.117330815974
165, 31763.244869793885, 24650.72531178014, 31763.244869793885, 31671.28694913011, 24504.426577052513, 31671.28694913011
166, 31763.244869793885, 24650.72531178014, 31763.244869793885, 31681.61086402414, 24493.559932107382, 31681.61086402414
167, 31763.244869793885, 24650.72531178014, 31763.244869793885, 31695.236107448432, 24460.808430063815, 31695.236107448432
168, 31810.87097264389, 24657.991581585557, 31810.87097264389, 31716.165165218692, 24455.127451961675, 31716.165165218692
169, 31810.87097264389, 24657.991581585557, 31810.87097264389, 31735.658833878464, 24493.566775369574, 31735.658833878464
170, 31810.87097264389, 24657.991581585557, 31810.87097264389, 31752.54426310299, 24576.12977923451, 31752.54426310299
171, 31810.87097264389, 24657.991581585557, 31810.87097264389, 31763.8967793087, 24648.42780545771, 31763.8967793087
172, 31810.87097264389, 24657.991581585557, 31810.87097264389, 31764.517224613013, 24646.521564410865, 31764.517224613013
173, 31867.293672846747, 24625.98264890605, 31867.293672846747, 31765.388319207774, 24644.846543976295, 31765.388319207774
174, 31867.293672846747, 24625.98264890605, 31867.293672846747, 31766.4426011651, 24640.04714927949, 31766.4426011651
175, 31867.293672846747, 24625.98264890605, 31867.293672846747, 31769.027386959275, 24634.92325612171, 31769.027386959275
176, 31867.293672846747, 24625.98264890605, 31867.293672846747, 31774.76369026124, 24624.06620669054, 31774.76369026124
177, 31867.293672846747, 24625.98264890605, 31867.293672846747, 31779.979915740518, 24608.441941131616, 31779.979915740518
178, 31867.293672846747, 24625.98264890605, 31867.293672846747, 31788.33751681665, 24607.512484593037, 31788.33751681665
179, 31960.620567775724, 24676.203042941623, 31960.620567775724, 31805.858790706545, 24628.572918057846, 31805.858790706545
180, 31960.620567775724, 24676.203042941623, 31960.620567775724, 31819.20580730059, 24646.16836591077, 31819.20580730059
181, 31960.620567775724, 24676.203042941623, 31960.620567775724, 31823.84157569826, 24637.786631299303, 31823.84157569826
182, 31960.620567775724, 24676.203042941623, 31960.620567775724, 31832.504635403926, 24624.541577704982, 31832.504635403926
183, 31960.620567775724, 24676.203042941623, 31960.620567775724, 31842.8875986278, 24603.880879508295, 31842.8875986278
184, 31960.620567775724, 24676.203042941623, 31960.620567775724, 31863.159882779786, 24603.791270873375, 31863.159882779786
185, 31960.620567775724, 24676.203042941623, 31960.620567775724, 31871.000763917622, 24623.84973497436, 31871.000763917622
186, 31960.620567775724, 24676.203042941623, 31960.620567775724, 31873.314507560466, 24621.75819833831, 31873.314507560466
187, 31960.620567775724, 24676.203042941623, 31960.620567775724, 31878.544270502614, 24617.807631840067, 31878.544270502614
188, 31960.620567775724, 24676.203042941623, 31960.620567775724, 31886.418281114224, 24606.72378652681, 31886.418281114224
189, 31994.664158478612, 24621.166794915538, 31994.664158478612, 31897.515945787494, 24596.845943619475, 31897.515945787494
190, 31994.664158478612, 24621.166794915538, 31994.664158478612, 31911.38866730254, 24578.967854427425, 31911.38866730254
191, 31994.664158478612, 24621.166794915538, 31994.664158478612, 31926.119804675676, 24587.24452651017, 31926.119804675676
192, 31994.664158478612, 24621.166794915538, 31994.664158478612, 31948.257808758226, 24597.103686862523, 31948.257808758226
193, 31994.664158478612, 24621.166794915538, 31994.664158478612, 31958.023694177813, 24615.703474772352, 31958.023694177813
194, 31994.664158478612, 24621.166794915538, 31994.664158478612, 31961.615949147883, 24669.03829690739, 31961.615949147883
195, 31994.664158478612, 24621.166794915538, 31994.664158478612, 31962.32274731077, 24673.451230540257, 31962.32274731077
196, 31994.664158478612, 24621.166794915538, 31994.664158478612, 31963.003619124825, 24672.35050557974, 31963.003619124825
197, 31994.664158478612, 24621.166794915538, 31994.664158478612, 31964.535580706455, 24669.873874418565, 31964.535580706455
198, 32015.273237005877, 24527.397161609013, 32015.273237005877, 31968.723856983437, 24662.8006764889, 31968.723856983437
199, 32091.10118230378, 24430.268659688856, 32091.10118230378, 31975.674324336076, 24651.38929868779, 31975.674324336076
200, 32091.10118230378, 24430.268659688856, 32091.10118230378, 31987.323721826222, 24632.079179236694, 31987.323721826222
201, 32091.10118230378, 24430.268659688856, 32091.10118230378, 31996.419850013746, 24616.89677838761, 31996.419850013746
202, 32091.10118230378, 24430.268659688856, 32091.10118230378, 31998.328610764664, 24611.473127247562, 31998.328610764664
203, 32091.10118230378, 24430.268659688856, 32091.10118230378, 31999.415926053105, 24608.84045017844, 31999.415926053105
204, 32091.10118230378, 24430.268659688856, 32091.10118230378, 32001.68440102217, 24599.60155337381, 32001.68440102217
205, 32091.10118230378, 24430.268659688856, 32091.10118230378, 32008.35692645806, 24579.21356174015, 32008.35692645806
206, 32235.96431789606, 24484.52149427417, 32235.96431789606, 32020.06021677129, 24545.60068403464, 32020.06021677129
207, 32235.96431789606, 24484.52149427417, 32235.96431789606, 32038.84255361223, 24491.886132327454, 32038.84255361223
208, 32235.96431789606, 24484.52149427417, 32235.96431789606, 32055.718311787245, 24478.023335239854, 32055.718311787245
209, 32235.96431789606, 24484.52149427417, 32235.96431789606, 32079.280244448964, 24446.691042442653, 32079.280244448964
210, 32235.96431789606, 24484.52149427417, 32235.96431789606, 32093.787648267316, 24431.81202639999, 32093.787648267316
211, 32235.96431789606, 24484.52149427417, 32235.96431789606, 32096.818215429565, 24433.42517620721, 32096.818215429565
212, 32235.96431789606, 24484.52149427417, 32235.96431789606, 32100.213821670073, 24436.484423238053, 32100.213821670073
213, 32235.96431789606, 24484.52149427417, 32235.96431789606, 32104.335701067717, 24438.94632574151, 32104.335701067717
214, 32235.96431789606, 24484.52149427417, 32235.96431789606, 32112.9850926668, 24446.57895589681, 32112.9850926668
215, 32235.96431789606, 24484.52149427417, 32235.96431789606, 32130.399377782764, 24458.44799676722, 32130.399377782764
216, 32235.96431789606, 24484.52149427417, 32235.96431789606, 32153.670560003502, 24477.747081824993, 32153.670560003502
217, 32235.96431789606, 24484.52149427417, 32235.96431789606, 32195.94042087068, 24497.53498432479, 32195.94042087068
218, 32235.96431789606, 24484.52149427417, 32235.96431789606, 32230.809072134805, 24481.370543979956, 32230.809072134805
219, 32274.031045865522, 24677.47769609392, 32274.031045865522, 32236.154651536006, 24485.486275283205, 32236.154651536006
220, 32318.674167031735, 24601.541350798692, 32318.674167031735, 32236.56820078168, 24486.07137456583, 32236.56820078168
221, 32318.674167031735, 24601.541350798692, 32318.674167031735, 32236.808147677402, 24487.024341630287, 32236.808147677402
222, 32318.674167031735, 24601.541350798692, 32318.674167031735, 32237.1888149571, 24488.953903648486, 32237.1888149571
223, 32318.674167031735, 24601.541350798692, 32318.674167031735, 32238.7042629292, 24493.875388670796, 32238.7042629292
224, 32342.172148488986, 24545.66867941149, 32342.172148488986, 32239.92365156291, 24497.932411053553, 32239.92365156291
225, 32342.172148488986, 24545.66867941149, 32342.172148488986, 32242.540998261436, 24507.19028181556, 32242.540998261436
226, 32342.172148488986, 24545.66867941149, 32342.172148488986, 32245.44987648491, 24520.946988542957, 32245.44987648491
227, 32390.60480758604, 24630.74503265788, 32390.60480758604, 32253.3049962862, 24549.930162274763, 32253.3049962862
228, 32390.60480758604, 24630.74503265788, 32390.60480758604, 32262.969112137613, 24582.8867677625, 32262.969112137613
229, 32390.60480758604, 24630.74503265788, 32390.60480758604, 32274.197239443973, 24626.481950780326, 32274.197239443973
230, 32390.60480758604, 24630.74503265788, 32390.60480758604, 32287.442875636985, 24655.939563808035, 32287.442875636985
231, 32390.60480758604, 24630.74503265788, 32390.60480758604, 32298.387569535575, 24638.756975500888, 32298.387569535575
232, 32390.60480758604, 24630.74503265788, 32390.60480758604, 32316.039209462026, 24610.877935289383, 32316.039209462026
233, 32390.60480758604, 24630.74503265788, 32390.60480758604, 32328.802755858545, 24594.363958225185, 32328.802755858545
234, 32390.60480758604, 24630.74503265788, 32390.60480758604, 32334.30589780367, 24592.484927587422, 32334.30589780367
235, 32390.60480758604, 24630.74503265788, 32390.60480758604, 32341.56776595846, 24587.204449145018, 32341.56776595846
236, 32390.60480758604, 24630.74503265788, 32390.60480758604, 32354.056139285254, 24582.37746097372, 32354.056139285254
237, 32390.60480758604, 24630.74503265788, 32390.60480758604, 32361.959058434513, 24581.691793430793, 32361.959058434513
238, 32554.995077449912, 24586.260860199916, 32554.995077449912, 32375.02839793308, 24605.74930333538, 32375.02839793308
239, 32554.995077449912, 24586.260860199916, 32554.995077449912, 32391.33631444174, 24628.88668560177, 32391.33631444174
240, 32554.995077449912, 24586.260860199916, 32554.995077449912, 32393.48478645976, 24630.32893980649, 32393.48478645976
241, 32554.995077449912, 24586.260860199916, 32554.995077449912, 32394.802017292026, 24630.28249578269, 32394.802017292026
242, 32580.14015186585, 24582.720867899658, 32580.14015186585, 32397.418154280396, 24628.824015230493, 32397.418154280396
243, 32580.14015186585, 24582.720867899658, 32580.14015186585, 32406.275127906298, 24625.510020374673, 32406.275127906298
244, 32607.42742039384, 24596.718606498227, 32607.42742039384, 32415.599658296447, 24623.265260523138, 32415.599658296447
245, 32607.42742039384, 24596.718606498227, 32607.42742039384, 32427.9968502278, 24620.544293352374, 32427.9968502278
246, 32607.42742039384, 24596.718606498227, 32607.42742039384, 32447.180206983656, 24615.394708963096, 32447.180206983656
247, 32607.42742039384, 24596.718606498227, 32607.42742039384, 32492.462659995897, 24606.063092299126, 32492.462659995897
248, 32607.42742039384, 24596.718606498227, 32607.42742039384, 32537.81252298126, 24608.95636062956, 32537.81252298126
249, 32607.42742039384, 24596.718606498227, 32607.42742039384, 32561.24130844623, 24586.095071322357, 32561.24130844623
250, 32607.42742039384, 24596.718606498227, 32607.42742039384, 32564.175835886308, 24586.038726825816, 32564.175835886308
251, 32607.42742039384, 24596.718606498227, 32607.42742039384, 32570.55690767882, 24585.304377429515, 32570.55690767882
252, 32609.589117314583, 24504.46670398318, 32609.589117314583, 32579.411079445767, 24584.32714868014, 32579.411079445767
253, 32609.589117314583, 24504.46670398318, 32609.589117314583, 32586.61073863523, 24582.88437521631, 32586.61073863523
254, 32609.589117314583, 24504.46670398318, 32609.589117314583, 32590.63458666122, 24581.237225501918, 32590.63458666122
255, 32609.589117314583, 24504.46670398318, 32609.589117314583, 32596.94712011887, 24582.253263150742, 32596.94712011887
256, 32620.84847729118, 24622.148917770963, 32620.84847729118, 32604.45640435876, 24581.842520715658, 32604.45640435876
257, 32620.84847729118, 24622.148917770963, 32620.84847729118, 32607.580993555108, 24593.155681953933, 32607.580993555108
258, 32620.84847729118, 24622.148917770963, 32620.84847729118, 32607.635035978128, 24590.849384391055, 32607.635035978128
259, 32620.84847729118, 24622.148917770963, 32620.84847729118, 32607.800535111302, 24588.09818741058, 32607.800535111302
260, 32697.638746730787, 24592.237514103086, 32697.638746730787, 32608.461898638398, 24582.69849561539, 32608.461898638398
261, 32697.638746730787, 24592.237514103086, 32697.638746730787, 32610.27734243887, 24570.812719815167, 32610.27734243887
262, 32697.638746730787, 24592.237514103086, 32697.638746730787, 32610.899252680767, 24560.09086733869, 32610.899252680767
263, 32697.638746730787, 24592.237514103086, 32697.638746730787, 32613.30731395032, 24533.82970894926, 32613.30731395032
264, 32697.638746730787, 24592.237514103086, 32697.638746730787, 32615.496525586914, 24545.00050475699, 32615.496525586914
265, 32697.638746730787, 24592.237514103086, 32697.638746730787, 32621.126596661154, 24572.064065607392, 32621.126596661154
266, 32697.638746730787, 24592.237514103086, 32697.638746730787, 32632.251946378983, 24615.59934270923, 32632.251946378983
267, 32697.638746730787, 24592.237514103086, 32697.638746730787, 32647.420014629795, 24610.834862739583, 32647.420014629795
268, 32697.638746730787, 24592.237514103086, 32697.638746730787, 32673.117567207475, 24600.162186320424, 32673.117567207475
269, 32697.638746730787, 24592.237514103086, 32697.638746730787, 32697.63874673091, 24592.23751410313, 32697.63874673091
270, 32697.638746730787, 24592.237514103086, 32697.638746730787, 32697.63874673091, 24592.23751410313, 32697.63874673091
271, 32697.638746730787, 24592.237514103086, 32697.638746730787, 32697.63874673091, 24592.23751410313, 32697.63874673091
272, 32697.638746730787, 24592.237514103086, 32697.638746730787, 32697.63874673091, 24592.23751410313, 32697.63874673091
273, 32697.638746730787, 24592.237514103086, 32697.638746730787, 32697.63874673091, 24592.23751410313, 32697.63874673091
274, 32697.638746730787, 24592.237514103086, 32697.638746730787, 32697.63874673091, 24592.23751410313, 32697.63874673091
275, 32697.638746730787, 24592.237514103086, 32697.638746730787, 32697.63874673091, 24592.23751410313, 32697.63874673091
276, 32697.638746730787, 24592.237514103086, 32697.638746730787, 32697.63874673091, 24592.23751410313, 32697.63874673091
277, 32697.638746730787, 24592.237514103086, 32697.638746730787, 32697.63874673091, 24592.23751410313, 32697.63874673091
278, 32697.638746730787, 24592.237514103086, 32697.638746730787, 32697.63874673091, 24592.23751410313, 32697.63874673091
279, 32697.638746730787, 24592.237514103086, 32697.638746730787, 32697.63874673091, 24592.23751410313, 32697.63874673091
280, 32697.638746730787, 24592.237514103086, 32697.638746730787, 32697.63874673091, 24592.23751410313, 32697.63874673091
281, 32703.312518979787, 24644.335140120136, 32703.312518979787, 32697.671136325644, 24592.945993104284, 32697.671136325644
282, 32712.94665090515, 24606.35366774298, 32712.94665090515, 32697.751696580006, 24593.46456474355, 32697.751696580006
283, 32712.94665090515, 24606.35366774298, 32712.94665090515, 32697.860625695615, 24594.243624512903, 32697.860625695615
284, 32712.94665090515, 24606.35366774298, 32712.94665090515, 32698.057423312694, 24595.72830221801, 32698.057423312694
285, 32712.94665090515, 24606.35366774298, 32712.94665090515, 32698.250200196275, 24596.764989052055, 32698.250200196275
286, 32712.94665090515, 24606.35366774298, 32712.94665090515, 32698.568420480235, 24598.391284738056, 32698.568420480235
287, 32712.94665090515, 24606.35366774298, 32712.94665090515, 32698.959461420643, 24602.330520168496, 32698.959461420643
288, 32712.94665090515, 24606.35366774298, 32712.94665090515, 32700.1092221933, 24608.67318908807, 32700.1092221933
289, 32803.414282753045, 24559.247398986623, 32803.414282753045, 32702.595944180164, 24616.759175917483, 32702.595944180164
290, 32803.414282753045, 24559.247398986623, 32803.414282753045, 32706.405493048, 24634.040975412652, 32706.405493048
291, 32803.414282753045, 24559.247398986623, 32803.414282753045, 32712.90559495531, 24615.520526411758, 32712.90559495531
292, 32803.414282753045, 24559.247398986623, 32803.414282753045, 32718.946390519217, 24598.01575615347, 32718.946390519217
293, 32803.414282753045, 24559.247398986623, 32803.414282753045, 32722.036763472464, 24591.97405861834, 32722.036763472464
294, 32803.414282753045, 24559.247398986623, 32803.414282753045, 32727.41868163737, 24584.697518383913, 32727.41868163737
295, 32803.414282753045, 24559.247398986623, 32803.414282753045, 32735.747258674863, 24571.783536436382, 32735.747258674863
296, 32803.414282753045, 24559.247398986623, 32803.414282753045, 32753.67009804003, 24548.018241163074, 32753.67009804003
297, 32803.414282753045, 24559.247398986623, 32803.414282753045, 32773.62889192796, 24546.824395148396, 32773.62889192796
298, 32869.31179642526, 24595.713118804724, 32869.31179642526, 32792.874934776926, 24564.0284887882, 32792.874934776926
299, 32869.31179642526, 24595.713118804724, 32869.31179642526, 32801.861969329555, 24564.230726647096, 32801.861969329555
300, 32869.31179642526, 24595.713118804724, 32869.31179642526, 32804.74276056461, 24560.5012918482, 32804.74276056461
301, 32869.31179642526, 24595.713118804724, 32869.31179642526, 32805.1580762204, 24560.972726296568, 32805.1580762204
302, 32869.31179642526, 24595.713118804724, 32869.31179642526, 32805.48756378877, 24561.15505489566, 32805.48756378877
303, 32869.31179642526, 24595.713118804724, 32869.31179642526, 32807.47501673698, 24562.773604955477, 32807.47501673698
304, 32869.31179642526, 24595.713118804724, 32869.31179642526, 32809.10965896525, 24564.64914691905, 32809.10965896525
305, 32869.31179642526, 24595.713118804724, 32869.31179642526, 32812.64922329763, 24568.303649425918, 32812.64922329763
306, 32869.31179642526, 24595.713118804724, 32869.31179642526, 32817.63364697522, 24573.13689227336, 32817.63364697522
307, 32869.31179642526, 24595.713118804724, 32869.31179642526, 32827.871510814184, 24582.890252775076, 32827.871510814184
308, 32869.31179642526, 24595.713118804724, 32869.31179642526, 32839.08440593671, 24594.97846857513, 32839.08440593671
309, 32869.31179642526, 24595.713118804724, 32869.31179642526, 32855.76224933145, 24597.953410980543, 32855.76224933145
310, 32869.31179642526, 24595.713118804724, 32869.31179642526, 32869.31179642519, 24595.713118804648, 32869.31179642519
311, 32869.31179642526, 24595.713118804724, 32869.31179642526, 32869.31179642519, 24595.713118804648, 32869.31179642519
312, 32869.31179642526, 24595.713118804724, 32869.31179642526, 32869.31179642519, 24595.713118804648, 32869.31179642519
313, 32869.31179642526, 24595.713118804724, 32869.31179642526, 32869.31179642519, 24595.713118804648, 32869.31179642519
314, 32869.31179642526, 24595.713118804724, 32869.31179642526, 32869.31179642519, 24595.713118804648, 32869.31179642519
315, 32958.46528761014, 24528.311225080528, 32958.46528761014, 32869.92687862918, 24595.779425313318, 32869.92687862918
316, 32958.46528761014, 24528.311225080528, 32958.46528761014, 32869.92687862918, 24595.779425313318, 32869.92687862918
317, 32958.46528761014, 24528.311225080528, 32958.46528761014, 32871.413116771946, 24595.86493981194, 32871.413116771946
318, 32958.46528761014, 24528.311225080528, 32958.46528761014, 32873.25836338392, 24596.06385933797, 32873.25836338392
319, 32958.46528761014, 24528.311225080528, 32958.46528761014, 32874.4885277919, 24596.196472355325, 32874.4885277919
320, 32958.46528761014, 24528.311225080528, 32958.46528761014, 32877.11817135594, 24596.865014367326, 32877.11817135594
321, 32958.46528761014, 24528.311225080528, 32958.46528761014, 32881.12691510294, 24598.762712301166, 32881.12691510294
322, 32958.46528761014, 24528.311225080528, 32958.46528761014, 32885.76308017145, 24601.04879849021, 32885.76308017145
323, 32958.46528761014, 24528.311225080528, 32958.46528761014, 32896.30357191635, 24608.865525363457, 32896.30357191635
324, 32958.46528761014, 24528.311225080528, 32958.46528761014, 32916.059752424306, 24616.937761852932, 32916.059752424306
325, 32958.46528761014, 24528.311225080528, 32958.46528761014, 32930.62151991459, 24600.764037129105, 32930.62151991459
326, 33014.72443275976, 24441.67903036624, 33014.72443275976, 32944.599521628676, 24562.45503221745, 32944.599521628676
327, 33014.72443275976, 24441.67903036624, 33014.72443275976, 32959.02787906152, 24527.444903133393, 32959.02787906152
328, 33014.72443275976, 24441.67903036624, 33014.72443275976, 32959.33260011175, 24526.674837973256, 32959.33260011175
329, 33014.72443275976, 24441.67903036624, 33014.72443275976, 32959.637321161994, 24525.904772813115, 32959.637321161994
330, 33014.72443275976, 24441.67903036624, 33014.72443275976, 32960.384590536996, 24524.840280029388, 32960.384590536996
331, 33014.72443275976, 24441.67903036624, 33014.72443275976, 32961.60347473793, 24521.76001938883, 32961.60347473793
332, 33014.72443275976, 24441.67903036624, 33014.72443275976, 32963.569628313875, 24517.61526596454, 32963.569628313875
333, 33014.72443275976, 24441.67903036624, 33014.72443275976, 32967.43165949231, 24510.336471675666, 32967.43165949231
334, 33014.72443275976, 24441.67903036624, 33014.72443275976, 32971.10609624294, 24502.14322161409, 32971.10609624294
335, 33014.72443275976, 24441.67903036624, 33014.72443275976, 32979.7292622751, 24481.730843039833, 32979.7292622751
336, 33024.82085136503, 24355.294027580014, 33024.82085136503, 32994.413131662615, 24456.150899839475, 32994.413131662615
337, 33024.82085136503, 24355.294027580014, 33024.82085136503, 33014.22509861742, 24442.56901417715, 33014.22509861742
338, 33024.82085136503, 24355.294027580014, 33024.82085136503, 33014.976843224984, 24439.519405296585, 33014.976843224984
339, 33024.82085136503, 24355.294027580014, 33024.82085136503, 33015.02732531802, 24439.087480282655, 33015.02732531802
340, 33024.82085136503, 24355.294027580014, 33024.82085136503, 33015.17877159709, 24437.79170524086, 33015.17877159709
341, 33048.549008492635, 24408.737308925647, 33048.549008492635, 33015.54982284787, 24435.899296577933, 33015.54982284787
342, 33048.549008492635, 24408.737308925647, 33048.549008492635, 33016.07232037771, 24432.71111287321, 33016.07232037771
343, 33048.549008492635, 24408.737308925647, 33048.549008492635, 33016.74626418664, 24428.227154126696, 33016.74626418664
344, 33048.549008492635, 24408.737308925647, 33048.549008492635, 33018.00198061188, 24420.83795189916, 33018.00198061188
345, 33076.781314686676, 24481.87928418569, 33076.781314686676, 33020.81848522146, 24405.030212325444, 33020.81848522146
346, 33076.781314686676, 24481.87928418569, 33076.781314686676, 33024.81949424495, 24380.89650835513, 33024.81949424495
347, 33076.781314686676, 24481.87928418569, 33076.781314686676, 33028.61547354006, 24361.539720228342, 33028.61547354006
348, 33169.40512517136, 24680.378350858584, 33169.40512517136, 33031.276378211645, 24367.90357791679, 33031.276378211645
349, 33169.40512517136, 24680.378350858584, 33169.40512517136, 33036.74327768072, 24377.861826967288, 33036.74327768072
350, 33169.40512517136, 24680.378350858584, 33169.40512517136, 33045.880847780834, 24394.064538884686, 33045.880847780834
351, 33169.40512517136, 24680.378350858584, 33169.40512517136, 33056.103766339875, 24420.994572947002, 33056.103766339875
352, 33169.40512517136, 24680.378350858584, 33169.40512517136, 33060.078529690756, 24428.057168835057, 33060.078529690756
353, 33169.40512517136, 24680.378350858584, 33169.40512517136, 33065.03688734806, 24432.61089492431, 33065.03688734806
354, 33169.40512517136, 24680.378350858584, 33169.40512517136, 33078.65176972989, 24458.570593181412, 33078.65176972989
355, 33169.40512517136, 24680.378350858584, 33169.40512517136, 33091.200810137765, 24498.440972743276, 33091.200810137765
356, 33169.40512517136, 24680.378350858584, 33169.40512517136, 33099.21590087261, 24530.726975443304, 33099.21590087261
357, 33169.40512517136, 24680.378350858584, 33169.40512517136, 33112.914023450154, 24559.511597854285, 33112.914023450154
358, 33172.31183875685, 24384.136420173287, 33172.31183875685, 33133.009577551114, 24603.163447455143, 33133.009577551114
359, 33172.31183875685, 24384.136420173287, 33172.31183875685, 33165.16530728737, 24670.008065105867, 33165.16530728737
360, 33172.31183875685, 24384.136420173287, 33172.31183875685, 33169.4923265788, 24671.49109293802, 33169.4923265788
361, 33230.68425130482, 24429.13753717447, 33230.68425130482, 33169.82778934532, 24667.272469562748, 33169.82778934532
362, 33230.68425130482, 24429.13753717447, 33230.68425130482, 33170.20685281562, 24658.610217227197, 33170.20685281562
363, 33230.68425130482, 24429.13753717447, 33230.68425130482, 33171.60683815342, 24635.810885112398, 33171.60683815342
364, 33230.68425130482, 24429.13753717447, 33230.68425130482, 33173.6486818884, 24607.536725553906, 33173.6486818884
365, 33230.68425130482, 24429.13753717447, 33230.68425130482, 33176.638779651235, 24572.531534483307, 33176.638779651235
366, 33230.68425130482, 24429.13753717447, 33230.68425130482, 33181.04532962778, 24522.74630385472, 33181.04532962778
367, 33230.68425130482, 24429.13753717447, 33230.68425130482, 33186.9371330419, 24431.773980980473, 33186.9371330419
368, 33230.68425130482, 24429.13753717447, 33230.68425130482, 33195.839073207266, 24403.363355553138, 33195.839073207266
369, 33273.264111568424, 24458.686138830242, 33273.264111568424, 33209.27490004743, 24414.249594176417, 33209.27490004743
370, 33273.264111568424, 24458.686138830242, 33273.264111568424, 33230.897150606055, 24429.285280182758, 33230.897150606055
371, 33273.264111568424, 24458.686138830242, 33273.264111568424, 33231.11004990737, 24429.43302319104, 33231.11004990737
372, 33273.264111568424, 24458.686138830242, 33273.264111568424, 33231.32294920869, 24429.580766199317, 33231.32294920869
373, 33273.264111568424, 24458.686138830242, 33273.264111568424, 33231.589763344455, 24429.06389869632, 33231.589763344455
374, 33273.264111568424, 24458.686138830242, 33273.264111568424, 33232.069476781544, 24428.694774201605, 33232.069476781544
375, 33273.264111568424, 24458.686138830242, 33273.264111568424, 33232.8160043544, 24427.80878220389, 33232.8160043544
376, 33273.264111568424, 24458.686138830242, 33273.264111568424, 33234.5731135994, 24428.326115758846, 33234.5731135994
377, 33273.264111568424, 24458.686138830242, 33273.264111568424, 33235.89621498298, 24428.30076680805, 33235.89621498298
378, 33273.264111568424, 24458.686138830242, 33273.264111568424, 33237.72546898832, 24426.565358071028, 33237.72546898832
379, 33273.264111568424, 24458.686138830242, 33273.264111568424, 33240.97183687741, 24426.099632612208, 33240.97183687741
380, 33330.361494987796, 24173.537149005137, 33330.361494987796, 33247.491184449274, 24419.36668373457, 33247.491184449274
381, 33330.361494987796, 24173.537149005137, 33330.361494987796, 33257.44912770042, 24412.697093878873, 33257.44912770042
382, 33330.361494987796, 24173.537149005137, 33330.361494987796, 33268.55077728334, 24442.888260519376, 33268.55077728334
383, 33330.361494987796, 24173.537149005137, 33330.361494987796, 33273.83508540248, 24455.83464893192, 33273.83508540248
384, 33330.361494987796, 24173.537149005137, 33330.361494987796, 33274.69154615378, 24451.557414084546, 33274.69154615378
385, 33330.361494987796, 24173.537149005137, 33330.361494987796, 33275.16341869749, 24448.89230636249, 33275.16341869749
386, 33330.361494987796, 24173.537149005137, 33330.361494987796, 33276.30536636588, 24443.18932656599, 33276.30536636588
387, 33330.361494987796, 24173.537149005137, 33330.361494987796, 33278.77564732926, 24430.544004200055, 33278.77564732926
388, 33330.361494987796, 24173.537149005137, 33330.361494987796, 33284.00169617314, 24403.827614519058, 33284.00169617314
389, 33330.361494987796, 24173.537149005137, 33330.361494987796, 33287.13023530685, 24387.277821658143, 33287.13023530685
390, 33330.361494987796, 24173.537149005137, 33330.361494987796, 33294.648476840426, 24349.930428602096, 33294.648476840426
391, 33330.361494987796, 24173.537149005137, 33330.361494987796, 33305.58526965498, 24294.46117833207, 33305.58526965498
392, 33330.361494987796, 24173.537149005137, 33330.361494987796, 33326.417014534934, 24188.801313805743, 33326.417014534934
393, 33384.88419483929, 24190.183557932927, 33384.88419483929, 33330.634108487175, 24173.620381049812, 33330.634108487175
394, 33384.88419483929, 24190.183557932927, 33384.88419483929, 33331.179335485685, 24173.78684513909, 33331.179335485685
395, 33386.668563301704, 24467.0744534266, 33386.668563301704, 33331.65996919591, 24174.126323327804, 33331.65996919591
396, 33386.668563301704, 24467.0744534266, 33386.668563301704, 33332.541765212794, 24174.750203807187, 33332.541765212794
397, 33386.668563301704, 24467.0744534266, 33386.668563301704, 33333.232573232686, 24174.62279307782, 33333.232573232686
398, 33406.95814296141, 23945.6227787328, 33406.95814296141, 33335.26015931041, 24175.367067971754, 33335.26015931041
399, 33406.95814296141, 23945.6227787328, 33406.95814296141, 33337.931434327664, 24181.02081101467, 33337.931434327664
400, 33406.95814296141, 23945.6227787328, 33406.95814296141, 33344.37775587653, 24179.815636049607, 33344.37775587653
401, 33406.95814296141, 23945.6227787328, 33406.95814296141, 33353.64994821153, 24182.917568063218, 33353.64994821153
402, 33406.95814296141, 23945.6227787328, 33406.95814296141, 33369.60150273335, 24197.448650774873, 33369.60150273335
403, 33406.95814296141, 23945.6227787328, 33406.95814296141, 33385.94955010056, 24227.718390392387, 33385.94955010056
404, 33414.6230968727, 24269.389329951766, 33414.6230968727, 33388.54818288483, 24240.631150249046, 33388.54818288483
405, 33414.6230968727, 24269.389329951766, 33414.6230968727, 33391.24330221501, 24269.18037133296, 33391.24330221501
406, 33414.6230968727, 24269.389329951766, 33414.6230968727, 33395.24534252382, 24259.802132011344, 33395.24534252382
407, 33414.6230968727, 24269.389329951766, 33414.6230968727, 33400.97827600846, 24122.87825249495, 33400.97827600846
408, 33414.6230968727, 24269.389329951766, 33414.6230968727, 33407.612968628986, 23975.797728144807, 33407.612968628986
409, 33414.6230968727, 24269.389329951766, 33414.6230968727, 33407.91956678544, 23988.748390193563, 33407.91956678544
410, 33414.6230968727, 24269.389329951766, 33414.6230968727, 33408.45611355922, 24011.41204877889, 33408.45611355922
411, 33456.798909395744, 23968.989730574136, 33456.798909395744, 33409.47181278252, 24043.905538659987, 33409.47181278252
412, 33456.798909395744, 23968.989730574136, 33456.798909395744, 33410.69820540831, 24095.70818685502, 33410.69820540831
413, 33456.798909395744, 23968.989730574136, 33456.798909395744, 33413.15429524511, 24201.968275803407, 33413.15429524511
414, 33456.798909395744, 23968.989730574136, 33456.798909395744, 33414.84727731679, 24268.614718757846, 33414.84727731679
415, 33456.798909395744, 23968.989730574136, 33456.798909395744, 33415.084759142206, 24268.56749436684, 33415.084759142206
416, 33456.798909395744, 23968.989730574136, 33456.798909395744, 33415.2026798975, 24271.254004906463, 33415.2026798975
417, 33473.22046592036, 24456.84809890944, 33473.22046592036, 33415.79392210537, 24275.70729896504, 33415.79392210537
418, 33473.22046592036, 24456.84809890944, 33473.22046592036, 33415.8660306619, 24277.892179457973, 33415.8660306619
419, 33473.22046592036, 24456.84809890944, 33473.22046592036, 33416.298837043636, 24281.492769418124, 33416.298837043636
420, 33473.22046592036, 24456.84809890944, 33473.22046592036, 33416.56066850696, 24288.77751778399, 33416.56066850696
421, 33473.22046592036, 24456.84809890944, 33473.22046592036, 33417.55356171464, 24303.178856323793, 33417.55356171464
422, 33473.22046592036, 24456.84809890944, 33473.22046592036, 33419.86661442288, 24321.566415074583, 33419.86661442288
423, 33473.22046592036, 24456.84809890944, 33473.22046592036, 33421.60174935149, 24351.21469267383, 33421.60174935149
424, 33473.22046592036, 24456.84809890944, 33473.22046592036, 33425.64481737358, 24322.467363973552, 33425.64481737358
425, 33473.22046592036, 24456.84809890944, 33473.22046592036, 33430.961784476654, 24276.02156485028, 33430.961784476654
426, 33473.22046592036, 24456.84809890944, 33473.22046592036, 33439.42427656515, 24236.39970304603, 33439.42427656515
427, 33503.19245845102, 24535.993312153983, 33503.19245845102, 33450.00571842673, 24213.87531358195, 33450.00571842673
428, 33503.19245845102, 24535.993312153983, 33503.19245845102, 33459.45710748604, 24255.68301930304, 33459.45710748604
429, 33503.19245845102, 24535.993312153983, 33503.19245845102, 33461.24686613805, 24453.137915257616, 33461.24686613805
430, 33503.19245845102, 24535.993312153983, 33503.19245845102, 33462.85249696281, 24521.90155458818, 33462.85249696281
431, 33503.19245845102, 24535.993312153983, 33503.19245845102, 33464.529046730706, 24514.24735212499, 33464.529046730706
432, 33503.19245845102, 24535.993312153983, 33503.19245845102, 33466.890176774294, 24503.83826871948, 33466.890176774294
433, 33503.19245845102, 24535.993312153983, 33503.19245845102, 33471.36892588048, 24482.84289052001, 33471.36892588048
434, 33503.19245845102, 24535.993312153983, 33503.19245845102, 33474.981435065085, 24466.156314879776, 33474.981435065085
435, 33503.19245845102, 24535.993312153983, 33503.19245845102, 33476.25529058112, 24471.38336031954, 33476.25529058112
436, 33503.19245845102, 24535.993312153983, 33503.19245845102, 33478.0537017999, 24479.858820867958, 33478.0537017999
437, 33503.19245845102, 24535.993312153983, 33503.19245845102, 33481.219619553, 24493.34281217832, 33481.219619553
438, 33503.19245845102, 24535.993312153983, 33503.19245845102, 33486.109064376986, 24516.96777488082, 33486.109064376986
439, 33503.19245845102, 24535.993312153983, 33503.19245845102, 33494.183193824814, 24555.52372505965, 33494.183193824814
440, 33503.19245845102, 24535.993312153983, 33503.19245845102, 33501.88134419485, 24539.052517643602, 33501.88134419485
441, 33503.19245845102, 24535.993312153983, 33503.19245845102, 33503.19245845087, 24535.99331215397, 33503.19245845087
442, 33526.59358710761, 24500.265545419206, 33526.59358710761, 33503.30946409415, 24535.814673320292, 33503.30946409415
443, 33526.59358710761, 24500.265545419206, 33526.59358710761, 33503.54347538072, 24535.457395652946, 33503.54347538072
444, 33526.59358710761, 24500.265545419206, 33526.59358710761, 33503.660481023995, 24535.278756819273, 33503.660481023995
445, 33526.59358710761, 24500.265545419206, 33526.59358710761, 33503.89449231057, 24534.921479151923, 33503.89449231057
446, 33526.59358710761, 24500.265545419206, 33526.59358710761, 33504.47952052698, 24534.028284983557, 33504.47952052698
447, 33526.59358710761, 24500.265545419206, 33526.59358710761, 33505.181554386676, 24532.956451981514, 33505.181554386676
448, 33526.59358710761, 24500.265545419206, 33526.59358710761, 33506.93663903592, 24530.276869476405, 33506.93663903592
449, 33526.59358710761, 24500.265545419206, 33526.59358710761, 33509.15974625829, 24526.8827316366, 33509.15974625829
450, 33598.01512112339, 24287.72885311658, 33598.01512112339, 33514.327000610465, 24518.382255979002, 33514.327000610465
451, 33598.01512112339, 24287.72885311658, 33598.01512112339, 33519.48133965518, 24509.995380336906, 33519.48133965518
452, 33598.01512112339, 24287.72885311658, 33598.01512112339, 33528.41178064033, 24495.138095025868, 33528.41178064033
453, 33598.01512112339, 24287.72885311658, 33598.01512112339, 33529.255916931266, 24492.720489253705, 33529.255916931266
454, 33598.01512112339, 24287.72885311658, 33598.01512112339, 33531.20751935247, 24487.79130794951, 33531.20751935247
455, 33598.01512112339, 24287.72885311658, 33598.01512112339, 33533.64615039454, 24481.507204334663, 33533.64615039454
456, 33598.01512112339, 24287.72885311658, 33598.01512112339, 33538.1663048086, 24470.001680566485, 33538.1663048086
457, 33598.01512112339, 24287.72885311658, 33598.01512112339, 33545.83930560488, 24450.086686260434, 33545.83930560488
458, 33598.01512112339, 24287.72885311658, 33598.01512112339, 33556.56788701483, 24422.24042717974, 33556.56788701483
459, 33598.01512112339, 24287.72885311658, 33598.01512112339, 33575.03644541215, 24373.8906616146, 33575.03644541215
460, 33598.01512112339, 24287.72885311658, 33598.01512112339, 33596.37913826959, 24292.185051496635, 33596.37913826959
461, 33598.01512112339, 24287.72885311658, 33598.01512112339, 33598.015121123484, 24287.72885311666, 33598.015121123484
462, 33598.01512112339, 24287.72885311658, 33598.01512112339, 33598.015121123484, 24287.72885311666, 33598.015121123484
463, 33682.657698584335, 24279.781946086765, 33682.657698584335, 33598.43833401079, 24287.68911858151, 33598.43833401079
464, 33682.657698584335, 24279.781946086765, 33682.657698584335, 33598.43833401079, 24287.68911858151, 33598.43833401079
465, 33682.657698584335, 24279.781946086765, 33682.657698584335, 33598.43833401079, 24287.68911858151, 33598.43833401079
466, 33682.657698584335, 24279.781946086765, 33682.657698584335, 33598.43833401079, 24287.68911858151, 33598.43833401079
467, 33682.657698584335, 24279.781946086765, 33682.657698584335, 33598.86154689809, 24287.649384046366, 33598.86154689809
468, 33682.657698584335, 24279.781946086765, 33682.657698584335, 33599.7079726727, 24287.569914976066, 33599.7079726727
469, 33682.657698584335, 24279.781946086765, 33682.657698584335, 33600.977611334616, 24287.450711370617, 33600.977611334616
470, 33682.657698584335, 24279.781946086765, 33682.657698584335, 33602.42376027316, 24287.04925189643, 33602.42376027316
471, 33682.657698584335, 24279.781946086765, 33682.657698584335, 33603.27018604776, 24286.96978282613, 33603.27018604776
472, 33682.657698584335, 24279.781946086765, 33682.657698584335, 33606.13864537803, 24286.982342824325, 33606.13864537803
473, 33682.657698584335, 24279.781946086765, 33682.657698584335, 33613.33326446221, 24286.30685572679, 33613.33326446221
474, 33682.657698584335, 24279.781946086765, 33682.657698584335, 33620.857065552824, 24285.88233583835, 33620.857065552824
475, 33682.657698584335, 24279.781946086765, 33682.657698584335, 33634.15317533591, 24284.368309380003, 33634.15317533591
476, 33682.657698584335, 24279.781946086765, 33682.657698584335, 33661.59182067665, 24281.260787392945, 33661.59182067665
477, 33682.657698584335, 24279.781946086765, 33682.657698584335, 33682.657698584444, 24279.781946086725, 33682.657698584444
478, 33682.657698584335, 24279.781946086765, 33682.657698584335, 33682.657698584444, 24279.781946086725, 33682.657698584444
479, 33682.657698584335, 24279.781946086765, 33682.657698584335, 33682.657698584444, 24279.781946086725, 33682.657698584444
480, 33682.657698584335, 24279.781946086765, 33682.657698584335, 33682.657698584444, 24279.781946086725, 33682.657698584444
481, 33682.657698584335, 24279.781946086765, 33682.657698584335, 33682.657698584444, 24279.781946086725, 33682.657698584444
482, 33682.657698584335, 24279.781946086765, 33682.657698584335, 33682.657698584444, 24279.781946086725, 33682.657698584444
483, 33707.82230853125, 24341.33595201247, 33707.82230853125, 33682.783521634185, 24280.089716116352, 33682.783521634185
484, 33707.82230853125, 24341.33595201247, 33707.82230853125, 33682.783521634185, 24280.089716116352, 33682.783521634185
485, 33707.82230853125, 24341.33595201247, 33707.82230853125, 33682.90934468391, 24280.39748614598, 33682.90934468391
486, 33707.82230853125, 24341.33595201247, 33707.82230853125, 33682.90934468391, 24280.39748614598, 33682.90934468391
487, 33707.82230853125, 24341.33595201247, 33707.82230853125, 33683.03516773365, 24280.70525617561, 33683.03516773365
488, 33707.82230853125, 24341.33595201247, 33707.82230853125, 33683.30893044953, 24281.950392797058, 33683.30893044953
489, 33753.7107369927, 24255.364842211864, 33753.7107369927, 33684.29331089024, 24283.36715742583, 33684.29331089024
490, 33753.7107369927, 24255.364842211864, 33753.7107369927, 33685.42571833786, 24286.137087692485, 33685.42571833786
491, 33753.7107369927, 24255.364842211864, 33753.7107369927, 33687.712562508736, 24291.89074574192, 33687.712562508736
492, 33753.7107369927, 24255.364842211864, 33753.7107369927, 33691.02810769391, 24300.73616059059, 33691.02810769391
493, 33753.7107369927, 24255.364842211864, 33753.7107369927, 33695.38390446486, 24312.660410027634, 33695.38390446486
494, 33753.7107369927, 24255.364842211864, 33753.7107369927, 33701.2938984061, 24329.952891990644, 33701.2938984061
495, 33753.7107369927, 24255.364842211864, 33753.7107369927, 33709.19896138495, 24338.75681871846, 33709.19896138495
496, 33753.7107369927, 24255.364842211864, 33753.7107369927, 33709.657845669564, 24337.897107620447, 33709.657845669564
497, 33753.7107369927, 24255.364842211864, 33753.7107369927, 33710.57561423879, 24336.177685424438, 33710.57561423879
498, 33753.7107369927, 24255.364842211864, 33753.7107369927, 33711.51447333288, 24335.293815528723, 33711.51447333288
499, 33753.7107369927, 24255.364842211864, 33753.7107369927, 33713.14165885388, 24333.120378986, 33713.14165885388
500, 33753.7107369927, 24255.364842211864, 33753.7107369927, 33717.105446847665, 24328.319491553833, 33717.105446847665
