1, 27299.872692213634, 24660.181998314805, 27299.872692213634, 25127.47131624723, 24655.524264770214, 25127.47131624723
2, 27299.872692213634, 24660.181998314805, 27299.872692213634, 25619.003750350155, 24638.505215742825, 25619.003750350155
3, 27299.872692213634, 24660.181998314805, 27299.872692213634, 25924.8674038524, 24629.07327246227, 25924.8674038524
4, 27336.96988870891, 24675.17966060286, 27336.96988870891, 26088.810676949313, 24616.165268645353, 26088.810676949313
5, 27437.2318563836, 24460.69843589162, 27437.2318563836, 26231.914683005434, 24626.5503107196, 26231.914683005434
6, 27493.783784245774, 24462.492082218843, 27493.783784245774, 26351.555293508205, 24625.88745850087, 26351.555293508205
7, 27493.783784245774, 24462.492082218843, 27493.783784245774, 26441.940107619255, 24610.695225772215, 26441.940107619255
8, 27609.494952083085, 24410.992617792792, 27609.494952083085, 26573.59433121075, 24598.36220367043, 26573.59433121075
9, 27773.164918891078, 24678.689836222446, 27773.164918891078, 26624.568004096487, 24590.04212861072, 26624.568004096487
10, 27773.164918891078, 24678.689836222446, 27773.164918891078, 26716.52624791376, 24594.558115718675, 26716.52624791376
11, 27829.20290498042, 24285.061327465548, 27829.20290498042, 26763.91175762156, 24566.37883040849, 26763.91175762156
12, 27867.606560904685, 24318.629819514535, 27867.606560904685, 26847.661720335112, 24528.74421288116, 26847.661720335112
13, 27867.606560904685, 24318.629819514535, 27867.606560904685, 26914.77295319718, 24532.705544049597, 26914.77295319718
14, 27950.01726886735, 24385.148510101695, 27950.01726886735, 26959.767832942227, 24523.7059457704, 26959.767832942227
15, 28091.767200632432, 24327.546775381794, 28091.767200632432, 26958.713825128536, 24526.247684392714, 26958.713825128536
16, 28091.767200632432, 24327.546775381794, 28091.767200632432, 27064.96393848808, 24508.854426450034, 27064.96393848808
17, 28091.767200632432, 24327.546775381794, 28091.767200632432, 27070.652998848353, 24511.469968410056, 27070.652998848353
18, 28153.08360950292, 24662.285472330106, 28153.08360950292, 27124.695117373434, 24531.61691196227, 27124.695117373434
19, 28291.40773637473, 24480.024176398063, 28291.40773637473, 27138.84231041304, 24534.975343698366, 27138.84231041304
20, 28316.541785258894, 24591.813853574946, 28316.541785258894, 27186.74428956653, 24517.271448737876, 27186.74428956653
21, 28362.579905389757, 24437.014914048563, 28362.579905389757, 27214.01057349919, 24523.604946408585, 27214.01057349919
22, 28446.360921131676, 24640.135266061363, 28446.360921131676, 27303.688858054247, 24511.490690180523, 27303.688858054247
23, 28558.304781910745, 24607.25089666093, 28558.304781910745, 27327.640351429087, 24516.229997908667, 27327.640351429087
24, 28588.9998549106, 24537.49709855657, 28588.9998549106, 27389.03890117853, 24533.919614870618, 27389.03890117853
25, 28588.9998549106, 24537.49709855657, 28588.9998549106, 27390.32176134569, 24545.507000257116, 27390.32176134569
26, 28588.9998549106, 24537.49709855657, 28588.9998549106, 27441.330786926428, 24544.18455319243, 27441.330786926428
27, 28633.490218198403, 24356.654092046087, 28633.490218198403, 27426.740068416308, 24543.69380806581, 27426.740068416308
28, 28819.251461648786, 24680.962699771415, 28819.251461648786, 27527.056331219686, 24560.183189781434, 27527.056331219686
29, 28819.251461648786, 24680.962699771415, 28819.251461648786, 27539.883340261465, 24561.68013922599, 27539.883340261465
30, 28821.206602851486, 24473.455418871, 28821.206602851486, 27554.647966398843, 24535.209949589615, 27554.647966398843
31, 28931.784024965673, 24662.441727991805, 28931.784024965673, 27566.838927616085, 24538.39031583853, 27566.838927616085
32, 29090.666496295613, 24403.672707243008, 29090.666496295613, 27637.884957774142, 24547.277736276956, 27637.884957774142
33, 29128.676643568644, 24583.212179964597, 29128.676643568644, 27661.004698266086, 24557.616183621987, 27661.004698266086
34, 29128.676643568644, 24583.212179964597, 29128.676643568644, 27736.876499654747, 24528.569984170914, 27736.876499654747
35, 29128.676643568644, 24583.212179964597, 29128.676643568644, 27752.998921507173, 24511.35865092623, 27752.998921507173
36, 29158.53369581915, 24552.16492589999, 29158.53369581915, 27828.851383755304, 24505.337250543627, 27828.851383755304
37, 29173.794562836014, 24487.898424315023, 29173.794562836014, 27864.35503729444, 24512.213255111506, 27864.35503729444
38, 29207.995622302817, 24650.334630978265, 29207.995622302817, 27846.782923200073, 24495.354783494477, 27846.782923200073
39, 29232.705538689916, 24431.195585811278, 29232.705538689916, 27921.514421066768, 24516.945766541925, 27921.514421066768
40, 29328.83061542996, 24582.876554041657, 29328.83061542996, 27894.546483520124, 24522.30338712133, 27894.546483520124
41, 29428.144681819365, 24455.619779303808, 29428.144681819365, 28019.16993965443, 24522.25898870021, 28019.16993965443
42, 29521.135247682654, 24407.649720365636, 29521.135247682654, 27989.27585231219, 24541.70205718644, 27989.27585231219
43, 29521.135247682654, 24407.649720365636, 29521.135247682654, 28020.1543750902, 24523.793305115112, 28020.1543750902
44, 29573.71495603411, 24372.74976716815, 29573.71495603411, 28001.63456643775, 24498.37656503167, 28001.63456643775
45, 29573.71495603411, 24372.74976716815, 29573.71495603411, 28101.259174947976, 24517.007575231135, 28101.259174947976
46, 29573.71495603411, 24372.74976716815, 29573.71495603411, 28105.561703321906, 24534.574090802995, 28105.561703321906
47, 29599.40144833544, 24309.798538260155, 29599.40144833544, 28088.519183619814, 24538.773652700278, 28088.519183619814
48, 29599.40144833544, 24309.798538260155, 29599.40144833544, 28147.59501052731, 24522.258538988714, 28147.59501052731
49, 29757.010916067768, 24586.594837495337, 29757.010916067768, 28181.604550940167, 24504.831953329416, 28181.604550940167
50, 29757.010916067768, 24586.594837495337, 29757.010916067768, 28214.62280410551, 24511.861557746393, 28214.62280410551
51, 29757.010916067768, 24586.594837495337, 29757.010916067768, 28230.16305437794, 24513.74277035598, 28230.16305437794
52, 29869.871684860373, 24540.64398794814, 29869.871684860373, 28279.750121726178, 24502.51509005934, 28279.750121726178
53, 29888.81614049509, 24417.869509932072, 29888.81614049509, 28329.91920210296, 24525.83535670774, 28329.91920210296
54, 29888.81614049509, 24417.869509932072, 29888.81614049509, 28319.69397056325, 24545.101444010037, 28319.69397056325
55, 29931.704967878897, 24504.06456042755, 29931.704967878897, 28377.748493733536, 24568.370446937348, 28377.748493733536
56, 29931.704967878897, 24504.06456042755, 29931.704967878897, 28404.549152242747, 24581.110088095935, 28404.549152242747
57, 29931.704967878897, 24504.06456042755, 29931.704967878897, 28397.286799605816, 24567.89253229136, 28397.286799605816
58, 29931.704967878897, 24504.06456042755, 29931.704967878897, 28424.60019099385, 24570.505008963504, 28424.60019099385
59, 30014.52454201064, 24397.89211038393, 30014.52454201064, 28451.992624397888, 24548.956058180942, 28451.992624397888
60, 30117.968584293005, 24453.586925659547, 30117.968584293005, 28478.027253923472, 24550.84468287145, 28478.027253923472
61, 30117.968584293005, 24453.586925659547, 30117.968584293005, 28472.426987257364, 24518.92801915513, 28472.426987257364
62, 30117.968584293005, 24453.586925659547, 30117.968584293005, 28496.917050538173, 24506.373789606332, 28496.917050538173
63, 30196.76897077617, 24263.43780996854, 30196.76897077617, 28489.970472926463, 24494.924843299268, 28489.970472926463
64, 30196.76897077617, 24263.43780996854, 30196.76897077617, 28573.09937816138, 24527.169943191264, 28573.09937816138
65, 30196.76897077617, 24263.43780996854, 30196.76897077617, 28543.991208537176, 24509.082581466035, 28543.991208537176
66, 30200.293174617582, 24516.615451535763, 30200.293174617582, 28590.920718119116, 24501.603646120388, 28590.920718119116
67, 30312.74404723457, 24646.67294460811, 30312.74404723457, 28558.048280578518, 24470.99943322886, 28558.048280578518
68, 30358.372866710473, 23954.488302929516, 30358.372866710473, 28595.471281952447, 24460.13584425625, 28595.471281952447
69, 30358.372866710473, 23954.488302929516, 30358.372866710473, 28664.82618400607, 24448.94395074843, 28664.82618400607
70, 30358.372866710473, 23954.488302929516, 30358.372866710473, 28708.339129512286, 24477.236877271036, 28708.339129512286
71, 30358.372866710473, 23954.488302929516, 30358.372866710473, 28709.789392017014, 24450.97993503799, 28709.789392017014
72, 30358.372866710473, 23954.488302929516, 30358.372866710473, 28739.874796433287, 24484.278194684015, 28739.874796433287
73, 30483.774923294448, 24479.72037480606, 30483.774923294448, 28781.61637894419, 24447.994602396502, 28781.61637894419
74, 30483.774923294448, 24479.72037480606, 30483.774923294448, 28763.009110421204, 24410.21057547482, 28763.009110421204
75, 30486.50187873794, 24441.964475991295, 30486.50187873794, 28759.577811188115, 24414.200630966836, 28759.577811188115
76, 30486.50187873794, 24441.964475991295, 30486.50187873794, 28812.786172271968, 24379.957313938245, 28812.786172271968
77, 30500.68633427033, 24061.49026310224, 30500.68633427033, 28787.927928035366, 24296.561245335037, 28787.927928035366
78, 30541.129725440587, 24191.76873524282, 30541.129725440587, 28825.173395904447, 24356.65416285178, 28825.173395904447
79, 30605.35222063221, 24660.946345508728, 30605.35222063221, 28817.093174684855, 24446.492505398848, 28817.093174684855
80, 30605.35222063221, 24660.946345508728, 30605.35222063221, 28802.097821424006, 24405.22065677441, 28802.097821424006
81, 30644.661495077875, 24248.908600991424, 30644.661495077875, 28907.475720750186, 24405.22407112586, 28907.475720750186
82, 30644.661495077875, 24248.908600991424, 30644.661495077875, 28911.01804441751, 24391.607435070295, 28911.01804441751
83, 30736.46035653389, 24105.369580830513, 30736.46035653389, 28924.223320667676, 24395.836860519372, 28924.223320667676
84, 30836.3354445778, 24547.48236142634, 30836.3354445778, 28926.52480673545, 24470.261376793966, 28926.52480673545
85, 30836.3354445778, 24547.48236142634, 30836.3354445778, 28964.847445378193, 24453.24895884616, 28964.847445378193
86, 30836.3354445778, 24547.48236142634, 30836.3354445778, 28978.236355375884, 24481.91742791502, 28978.236355375884
87, 30836.3354445778, 24547.48236142634, 30836.3354445778, 28999.87053017009, 24534.914924762943, 28999.87053017009
88, 30954.69574492544, 24458.50389588599, 30954.69574492544, 28968.60787540057, 24521.402479791497, 28968.60787540057
89, 30954.69574492544, 24458.50389588599, 30954.69574492544, 29008.61142344206, 24513.890157773778, 29008.61142344206
90, 30954.69574492544, 24458.50389588599, 30954.69574492544, 29069.407814791826, 24417.046199955865, 29069.407814791826
91, 30954.69574492544, 24458.50389588599, 30954.69574492544, 29098.134418837944, 24436.063459219844, 29098.134418837944
92, 30954.69574492544, 24458.50389588599, 30954.69574492544, 29122.776941131197, 24478.49525313997, 29122.776941131197
93, 30954.69574492544, 24458.50389588599, 30954.69574492544, 29130.682370121227, 24506.61235189686, 29130.682370121227
94, 30963.5936967061, 24611.961691565197, 30963.5936967061, 29154.117588890218, 24558.8303121014, 29154.117588890218
95, 30963.5936967061, 24611.961691565197, 30963.5936967061, 29123.20221995462, 24543.70601294836, 29123.20221995462
96, 31001.004197914997, 24563.86802997485, 31001.004197914997, 29161.27292662054, 24516.32228169031, 29161.27292662054
97, 31037.305455244325, 24526.18309806797, 31037.305455244325, 29209.860045165708, 24503.375446375805, 29209.860045165708
98, 31172.551804220268, 24086.195521722693, 31172.551804220268, 29241.0992763493, 24522.34565012923, 29241.0992763493
99, 31172.551804220268, 24086.195521722693, 31172.551804220268, 29216.569729622905, 24527.714205718206, 29216.569729622905
100, 31172.551804220268, 24086.195521722693, 31172.551804220268, 29215.24634297067, 24534.25686208781, 29215.24634297067
101, 31172.551804220268, 24086.195521722693, 31172.551804220268, 29266.9907940172, 24541.991919968477, 29266.9907940172
102, 31263.75391159594, 24355.911599963354, 31263.75391159594, 29223.280866527293, 24557.690440461072, 29223.280866527293
103, 31263.75391159594, 24355.911599963354, 31263.75391159594, 29227.521078972193, 24562.437611955247, 29227.521078972193
104, 31263.75391159594, 24355.911599963354, 31263.75391159594, 29332.456812448494, 24539.21177713929, 29332.456812448494
105, 31263.75391159594, 24355.911599963354, 31263.75391159594, 29301.54207541625, 24490.010785189526, 29301.54207541625
106, 31263.75391159594, 24355.911599963354, 31263.75391159594, 29316.383831747644, 24478.012330733378, 29316.383831747644
107, 31265.39479404285, 24206.761856172474, 31265.39479404285, 29362.459873766406, 24403.862344390644, 29362.459873766406
108, 31418.499749548624, 24347.64637228373, 31418.499749548624, 29404.63406701065, 24306.524129531565, 29404.63406701065
109, 31418.499749548624, 24347.64637228373, 31418.499749548624, 29393.279393249188, 24319.79664243357, 29393.279393249188
110, 31468.91006846958, 24201.255956687808, 31468.91006846958, 29407.05531980324, 24355.323335842797, 29407.05531980324
111, 31468.91006846958, 24201.255956687808, 31468.91006846958, 29414.39402210463, 24393.679360219747, 29414.39402210463
112, 31486.22027908152, 24058.493220793007, 31486.22027908152, 29462.741571080922, 24430.411844248032, 29462.741571080922
113, 31486.22027908152, 24058.493220793007, 31486.22027908152, 29402.766731647487, 24425.75924209181, 29402.766731647487
114, 31486.22027908152, 24058.493220793007, 31486.22027908152, 29524.499800678095, 24414.39672933359, 29524.499800678095
115, 31599.965742915032, 24307.775011191956, 31599.965742915032, 29459.233011096065, 24395.769652237286, 29459.233011096065
116, 31599.965742915032, 24307.775011191956, 31599.965742915032, 29551.0492982218, 24417.72540330093, 29551.0492982218
117, 31599.965742915032, 24307.775011191956, 31599.965742915032, 29576.737561809627, 24388.227832940418, 29576.737561809627
118, 31599.965742915032, 24307.775011191956, 31599.965742915032, 29565.944460319894, 24387.171279933966, 29565.944460319894
119, 31712.273787941722, 24401.5132562002, 31712.273787941722, 29551.508697393838, 24352.804803898114, 29551.508697393838
120, 31712.273787941722, 24401.5132562002, 31712.273787941722, 29589.460424485304, 24321.21080061974, 29589.460424485304
121, 31712.273787941722, 24401.5132562002, 31712.273787941722, 29580.448988555534, 24340.508217937346, 29580.448988555534
122, 31712.273787941722, 24401.5132562002, 31712.273787941722, 29631.510840776107, 24422.17428014413, 29631.510840776107
123, 31712.273787941722, 24401.5132562002, 31712.273787941722, 29627.99225527296, 24463.842806677985, 29627.99225527296
124, 31716.274804831068, 24529.083595113498, 31716.274804831068, 29682.539014404476, 24449.04770622391, 29682.539014404476
125, 31773.718432701804, 24489.680669614587, 31773.718432701804, 29682.03698625283, 24444.067901219336, 29682.03698625283
126, 31800.323318424063, 24241.589872874774, 31800.323318424063, 29690.300801930556, 24469.79228335231, 29690.300801930556
127, 31800.323318424063, 24241.589872874774, 31800.323318424063, 29689.338802527764, 24501.073418606728, 29689.338802527764
128, 31800.323318424063, 24241.589872874774, 31800.323318424063, 29788.906338238634, 24476.32514311549, 29788.906338238634
129, 31804.56615172921, 24417.4756557018, 31804.56615172921, 29772.071975608455, 24481.99538559982, 29772.071975608455
130, 31804.56615172921, 24417.4756557018, 31804.56615172921, 29739.694982785353, 24486.165193562872, 29739.694982785353
131, 31804.56615172921, 24417.4756557018, 31804.56615172921, 29772.05046178009, 24487.201806308512, 29772.05046178009
132, 31804.56615172921, 24417.4756557018, 31804.56615172921, 29742.086665356594, 24485.85309289366, 29742.086665356594
133, 31804.56615172921, 24417.4756557018, 31804.56615172921, 29855.146541838763, 24441.148393515592, 29855.146541838763
134, 31815.45566743708, 24317.23220684173, 31815.45566743708, 29795.639482174396, 24424.913840080008, 29795.639482174396
135, 31829.878239182333, 24332.955980770126, 31829.878239182333, 29843.690407297363, 24396.190573023636, 29843.690407297363
136, 31985.410705451148, 24426.634592799568, 31985.410705451148, 29778.48866762598, 24418.48026215239, 29778.48866762598
137, 31985.410705451148, 24426.634592799568, 31985.410705451148, 29776.66419323613, 24458.049915444273, 29776.66419323613
138, 31985.410705451148, 24426.634592799568, 31985.410705451148, 29803.88793291646, 24483.398796809517, 29803.88793291646
139, 31985.410705451148, 24426.634592799568, 31985.410705451148, 29783.669005233656, 24483.829384806217, 29783.669005233656
140, 31996.496498472232, 24594.268585070426, 31996.496498472232, 29808.046980939384, 24479.43588294272, 29808.046980939384
141, 31996.496498472232, 24594.268585070426, 31996.496498472232, 29852.673330128422, 24477.645604415895, 29852.673330128422
142, 31996.496498472232, 24594.268585070426, 31996.496498472232, 29851.531085346596, 24492.508485547034, 29851.531085346596
143, 32070.520034697613, 24161.55289724644, 32070.520034697613, 29871.671212355268, 24465.314426829602, 29871.671212355268
144, 32070.520034697613, 24161.55289724644, 32070.520034697613, 29868.56970020482, 24486.343451483586, 29868.56970020482
145, 32070.520034697613, 24161.55289724644, 32070.520034697613, 29947.675719361938, 24462.075019073225, 29947.675719361938
146, 32070.520034697613, 24161.55289724644, 32070.520034697613, 29945.715172527787, 24500.08365123188, 29945.715172527787
147, 32070.520034697613, 24161.55289724644, 32070.520034697613, 29935.1809568076, 24503.334566281166, 29935.1809568076
148, 32098.506753698526, 24494.28538483041, 32098.506753698526, 29967.317298375685, 24507.79748722071, 29967.317298375685
149, 32098.506753698526, 24494.28538483041, 32098.506753698526, 29953.701575959883, 24519.785825897372, 29953.701575959883
150, 32098.506753698526, 24494.28538483041, 32098.506753698526, 29967.070829465403, 24533.75255608733, 29967.070829465403
151, 32098.506753698526, 24494.28538483041, 32098.506753698526, 29965.007867928332, 24547.428605160516, 29965.007867928332
152, 32098.506753698526, 24494.28538483041, 32098.506753698526, 29956.89833142869, 24515.319227131004, 29956.89833142869
153, 32098.506753698526, 24494.28538483041, 32098.506753698526, 29935.83774467972, 24470.599428940677, 29935.83774467972
154, 32114.522065377467, 24237.247464224605, 32114.522065377467, 29960.700301507903, 24424.19530108721, 29960.700301507903
155, 32114.522065377467, 24237.247464224605, 32114.522065377467, 29993.152839349197, 24394.71233974499, 29993.152839349197
156, 32114.522065377467, 24237.247464224605, 32114.522065377467, 29982.77767094855, 24393.50627295176, 29982.77767094855
157, 32183.992197660493, 24563.551613806358, 32183.992197660493, 29986.753276603824, 24469.332381372486, 29986.753276603824
158, 32183.992197660493, 24563.551613806358, 32183.992197660493, 30021.98904056089, 24557.430679060202, 30021.98904056089
159, 32183.992197660493, 24563.551613806358, 32183.992197660493, 30054.616489369357, 24542.10482437367, 30054.616489369357
160, 32183.992197660493, 24563.551613806358, 32183.992197660493, 29958.82225357207, 24520.364191091856, 29958.82225357207
161, 32183.992197660493, 24563.551613806358, 32183.992197660493, 30052.852750057864, 24511.36024062706, 30052.852750057864
162, 32183.992197660493, 24563.551613806358, 32183.992197660493, 29975.606443901615, 24489.235690901354, 29975.606443901615
163, 32183.992197660493, 24563.551613806358, 32183.992197660493, 30093.89598057797, 24465.488832422554, 30093.89598057797
164, 32183.992197660493, 24563.551613806358, 32183.992197660493, 30051.201738417814, 24464.18384185076, 30051.201738417814
165, 32183.992197660493, 24563.551613806358, 32183.992197660493, 30056.61818583119, 24493.673215926472, 30056.61818583119
166, 32183.992197660493, 24563.551613806358, 32183.992197660493, 30030.085697260067, 24539.112450419216, 30030.085697260067
167, 32242.90358803335, 24602.08279003843, 32242.90358803335, 30105.89780905103, 24590.407069380268, 30105.89780905103
168, 32242.90358803335, 24602.08279003843, 32242.90358803335, 30032.721679352122, 24591.65685320477, 30032.721679352122
169, 32285.899536043813, 24513.330799889234, 32285.899536043813, 30018.004301392484, 24592.129701344067, 30018.004301392484
170, 32285.899536043813, 24513.330799889234, 32285.899536043813, 30070.682220149814, 24591.862340355223, 30070.682220149814
171, 32285.899536043813, 24513.330799889234, 32285.899536043813, 30075.7505219186, 24591.814077231866, 30075.7505219186
172, 32285.899536043813, 24513.330799889234, 32285.899536043813, 30063.694815001818, 24592.268186019537, 30063.694815001818
173, 32285.899536043813, 24513.330799889234, 32285.899536043813, 30076.151999297967, 24593.59788112505, 30076.151999297967
174, 32285.899536043813, 24513.330799889234, 32285.899536043813, 30078.149434640658, 24595.219529368802, 30078.149434640658
175, 32285.899536043813, 24513.330799889234, 32285.899536043813, 30122.76595887756, 24596.953154475807, 30122.76595887756
176, 32285.899536043813, 24513.330799889234, 32285.899536043813, 30079.53620395583, 24601.786132273315, 30079.53620395583
177, 32285.899536043813, 24513.330799889234, 32285.899536043813, 30125.9094112109, 24605.949964830183, 30125.9094112109
178, 32285.899536043813, 24513.330799889234, 32285.899536043813, 30162.02419962536, 24592.968216688918, 30162.02419962536
179, 32285.899536043813, 24513.330799889234, 32285.899536043813, 30114.031528782813, 24570.63536940906, 30114.031528782813
180, 32285.899536043813, 24513.330799889234, 32285.899536043813, 30149.8054522262, 24554.028988368595, 30149.8054522262
181, 32310.545493673075, 24544.289157817933, 32310.545493673075, 30159.524265746215, 24557.000728154093, 30159.524265746215
182, 32310.545493673075, 24544.289157817933, 32310.545493673075, 30179.238688613234, 24555.88152506326, 30179.238688613234
183, 32379.647094364223, 24565.187571645918, 32379.647094364223, 30119.56928417722, 24557.707568617436, 30119.56928417722
184, 32379.647094364223, 24565.187571645918, 32379.647094364223, 30119.14299566756, 24556.963967382722, 30119.14299566756
185, 32379.647094364223, 24565.187571645918, 32379.647094364223, 30150.22712577439, 24558.137830660868, 30150.22712577439
186, 32379.647094364223, 24565.187571645918, 32379.647094364223, 30116.473608006992, 24561.69657131113, 30116.473608006992
187, 32379.647094364223, 24565.187571645918, 32379.647094364223, 30147.68313908491, 24564.200613199286, 30147.68313908491
188, 32379.647094364223, 24565.187571645918, 32379.647094364223, 30185.028657175055, 24566.70832136777, 30185.028657175055
189, 32391.868797439514, 24626.98819387491, 32391.868797439514, 30193.559405104836, 24572.32228750899, 30193.559405104836
190, 32391.868797439514, 24626.98819387491, 32391.868797439514, 30224.62919926174, 24586.283275571557, 30224.62919926174
191, 32391.868797439514, 24626.98819387491, 32391.868797439514, 30210.710671679317, 24590.276819526818, 30210.710671679317
192, 32391.868797439514, 24626.98819387491, 32391.868797439514, 30206.539078807124, 24593.920714609652, 30206.539078807124
193, 32401.527771094847, 24611.087283147448, 32401.527771094847, 30257.886752194427, 24594.487829628637, 30257.886752194427
194, 32401.527771094847, 24611.087283147448, 32401.527771094847, 30233.67559346648, 24597.379138996, 30233.67559346648
195, 32401.527771094847, 24611.087283147448, 32401.527771094847, 30183.413276770585, 24601.001167432, 30183.413276770585
196, 32451.49964427192, 24647.09703091575, 32451.49964427192, 30163.89562748266, 24606.573843598686, 30163.89562748266
197, 32451.49964427192, 24647.09703091575, 32451.49964427192, 30233.564640428693, 24612.01544589796, 30233.564640428693
198, 32451.49964427192, 24647.09703091575, 32451.49964427192, 30235.35832188644, 24624.923039197794, 30235.35832188644
199, 32451.49964427192, 24647.09703091575, 32451.49964427192, 30227.694887589536, 24634.132070955508, 30227.694887589536
200, 32451.49964427192, 24647.09703091575, 32451.49964427192, 30282.931374307376, 24636.81927626359, 30282.931374307376
201, 32451.49964427192, 24647.09703091575, 32451.49964427192, 30252.32817756513, 24634.37598645361, 30252.32817756513
202, 32451.49964427192, 24647.09703091575, 32451.49964427192, 30229.51413466219, 24633.34309271678, 30229.51413466219
203, 32451.49964427192, 24647.09703091575, 32451.49964427192, 30205.54205580224, 24629.500737413036, 30205.54205580224
204, 32451.49964427192, 24647.09703091575, 32451.49964427192, 30196.49921967315, 24626.809788293565, 30196.49921967315
205, 32469.550444302262, 24661.132400613715, 32469.550444302262, 30263.392102554884, 24625.541770934342, 30263.392102554884
206, 32469.550444302262, 24661.132400613715, 32469.550444302262, 30256.569755917415, 24626.09087595832, 30256.569755917415
207, 32469.550444302262, 24661.132400613715, 32469.550444302262, 30228.84968752697, 24624.473696020446, 30228.84968752697
208, 32469.550444302262, 24661.132400613715, 32469.550444302262, 30290.44952768575, 24630.986263071813, 30290.44952768575
209, 32469.550444302262, 24661.132400613715, 32469.550444302262, 30232.501004591424, 24639.09527169336, 30232.501004591424
210, 32469.550444302262, 24661.132400613715, 32469.550444302262, 30216.185647662634, 24650.39751277771, 30216.185647662634
211, 32469.550444302262, 24661.132400613715, 32469.550444302262, 30327.490566944456, 24651.804380017813, 30327.490566944456
212, 32469.550444302262, 24661.132400613715, 32469.550444302262, 30234.334250164655, 24652.107151668453, 30234.334250164655
213, 32469.550444302262, 24661.132400613715, 32469.550444302262, 30262.976465334767, 24653.187533743167, 30262.976465334767
214, 32480.662784985983, 24506.794026298652, 32480.662784985983, 30248.823711516536, 24654.68765430563, 30248.823711516536
215, 32480.662784985983, 24506.794026298652, 32480.662784985983, 30244.0420330767, 24657.750633709344, 30244.0420330767
216, 32482.01099874769, 24684.667907008436, 32482.01099874769, 30255.54232825279, 24656.0660698036, 30255.54232825279
217, 32581.260747077784, 24568.964436627837, 32581.260747077784, 30314.600437694127, 24654.53979907732, 30314.600437694127
218, 32581.260747077784, 24568.964436627837, 32581.260747077784, 30256.683559237714, 24653.086840685257, 30256.683559237714
219, 32581.260747077784, 24568.964436627837, 32581.260747077784, 30264.547765696567, 24650.116368617764, 30264.547765696567
220, 32581.260747077784, 24568.964436627837, 32581.260747077784, 30266.78779965739, 24645.659534556027, 30266.78779965739
221, 32581.260747077784, 24568.964436627837, 32581.260747077784, 30229.046174948657, 24640.01147372246, 30229.046174948657
222, 32581.260747077784, 24568.964436627837, 32581.260747077784, 30286.018157691302, 24627.212335535394, 30286.018157691302
223, 32581.260747077784, 24568.964436627837, 32581.260747077784, 30291.751641495906, 24607.853064669456, 30291.751641495906
224, 32581.260747077784, 24568.964436627837, 32581.260747077784, 30287.41321862639, 24608.62137590819, 30287.41321862639
225, 32581.260747077784, 24568.964436627837, 32581.260747077784, 30337.171890147758, 24645.888186406806, 30337.171890147758
226, 32581.260747077784, 24568.964436627837, 32581.260747077784, 30289.00481201988, 24650.614598256434, 30289.00481201988
227, 32617.35016500252, 24557.404336261978, 32617.35016500252, 30339.2150360488, 24639.73986310379, 30339.2150360488
228, 32617.35016500252, 24557.404336261978, 32617.35016500252, 30299.489067679806, 24628.374296289167, 30299.489067679806
229, 32617.35016500252, 24557.404336261978, 32617.35016500252, 30377.057646840378, 24600.72713133154, 30377.057646840378
230, 32633.963489295496, 24236.714184765442, 32633.963489295496, 30338.441351672638, 24592.445969541644, 30338.441351672638
231, 32633.963489295496, 24236.714184765442, 32633.963489295496, 30355.125672401726, 24592.874043362568, 30355.125672401726
232, 32633.963489295496, 24236.714184765442, 32633.963489295496, 30347.354166616333, 24592.00763246956, 30347.354166616333
233, 32633.963489295496, 24236.714184765442, 32633.963489295496, 30375.361149333687, 24589.550998056504, 30375.361149333687
234, 32633.963489295496, 24236.714184765442, 32633.963489295496, 30391.552072344628, 24588.165952205538, 30391.552072344628
235, 32633.963489295496, 24236.714184765442, 32633.963489295496, 30356.361711332014, 24582.65997925131, 30356.361711332014
236, 32740.27336321141, 24477.766863373407, 32740.27336321141, 30397.898832290604, 24581.338470527775, 30397.898832290604
237, 32740.27336321141, 24477.766863373407, 32740.27336321141, 30372.654506179533, 24574.51412732552, 30372.654506179533
238, 32740.27336321141, 24477.766863373407, 32740.27336321141, 30414.688001170343, 24549.764926593416, 30414.688001170343
239, 32740.27336321141, 24477.766863373407, 32740.27336321141, 30371.457255117264, 24521.11958245419, 30371.457255117264
240, 32740.27336321141, 24477.766863373407, 32740.27336321141, 30395.94771183357, 24481.830120153587, 30395.94771183357
241, 32740.27336321141, 24477.766863373407, 32740.27336321141, 30419.55283478755, 24415.572684044982, 30419.55283478755
242, 32740.27336321141, 24477.766863373407, 32740.27336321141, 30413.199605814614, 24392.249294141824, 30413.199605814614
243, 32740.27336321141, 24477.766863373407, 32740.27336321141, 30402.152854692704, 24412.242748090786, 30402.152854692704
244, 32740.27336321141, 24477.766863373407, 32740.27336321141, 30441.807568259857, 24439.001329718834, 30441.807568259857
245, 32746.622342690993, 24295.095731153546, 32746.622342690993, 30467.118385138943, 24471.526728399986, 30467.118385138943
246, 32746.622342690993, 24295.095731153546, 32746.622342690993, 30432.798818390187, 24531.19960745738, 30432.798818390187
247, 32746.622342690993, 24295.095731153546, 32746.622342690993, 30479.193642098096, 24527.90325647153, 30479.193642098096
248, 32746.622342690993, 24295.095731153546, 32746.622342690993, 30467.791623630073, 24526.037655807726, 30467.791623630073
249, 32754.12333517697, 24662.678248266566, 32754.12333517697, 30504.702388868936, 24522.122670663583, 30504.702388868936
250, 32754.12333517697, 24662.678248266566, 32754.12333517697, 30477.160302161756, 24514.711359258392, 30477.160302161756
251, 32754.12333517697, 24662.678248266566, 32754.12333517697, 30430.400415683693, 24500.10541283976, 30430.400415683693
252, 32754.12333517697, 24662.678248266566, 32754.12333517697, 30502.43247396342, 24489.457153631512, 30502.43247396342
253, 32754.12333517697, 24662.678248266566, 32754.12333517697, 30503.902393897086, 24467.271722305977, 30503.902393897086
254, 32754.12333517697, 24662.678248266566, 32754.12333517697, 30504.94915885728, 24463.44040557466, 30504.94915885728
255, 32754.12333517697, 24662.678248266566, 32754.12333517697, 30488.077107677283, 24503.65273045977, 30488.077107677283
256, 32872.035544656625, 24486.823844799263, 32872.035544656625, 30520.967821852017, 24557.75831584162, 30520.967821852017
257, 32872.035544656625, 24486.823844799263, 32872.035544656625, 30470.785443055356, 24654.94886417391, 30470.785443055356
258, 32872.035544656625, 24486.823844799263, 32872.035544656625, 30491.294066450242, 24659.660423351015, 30491.294066450242
259, 32872.035544656625, 24486.823844799263, 32872.035544656625, 30456.406283402084, 24659.085463576354, 30456.406283402084
260, 32872.035544656625, 24486.823844799263, 32872.035544656625, 30440.692843491295, 24655.861400743328, 30440.692843491295
261, 32872.035544656625, 24486.823844799263, 32872.035544656625, 30468.86525604072, 24654.036921818013, 30468.86525604072
262, 32872.035544656625, 24486.823844799263, 32872.035544656625, 30455.873888145583, 24653.7251816831, 30455.873888145583
263, 32872.035544656625, 24486.823844799263, 32872.035544656625, 30439.54894105318, 24650.205923945505, 30439.54894105318
264, 32872.035544656625, 24486.823844799263, 32872.035544656625, 30460.240750194498, 24645.22220911998, 30460.240750194498
265, 32872.035544656625, 24486.823844799263, 32872.035544656625, 30504.287686601598, 24627.736978637815, 30504.287686601598
266, 32872.035544656625, 24486.823844799263, 32872.035544656625, 30523.887936424784, 24607.404282327065, 30523.887936424784
267, 32872.035544656625, 24486.823844799263, 32872.035544656625, 30528.060558212434, 24567.827707199, 30528.060558212434
268, 32889.67031267438, 24510.68193837982, 32889.67031267438, 30553.729422130535, 24538.41463989525, 30553.729422130535
269, 32889.67031267438, 24510.68193837982, 32889.67031267438, 30552.871382486148, 24536.414179662563, 30552.871382486148
270, 32889.67031267438, 24510.68193837982, 32889.67031267438, 30527.105528039647, 24537.107951735263, 30527.105528039647
271, 32901.420827329704, 24317.66364442138, 32901.420827329704, 30591.839028990245, 24536.90968603299, 30591.839028990245
272, 32901.420827329704, 24317.66364442138, 32901.420827329704, 30596.347959699924, 24536.229314972417, 30596.347959699924
273, 32901.420827329704, 24317.66364442138, 32901.420827329704, 30553.56531941641, 24538.356904077944, 30553.56531941641
274, 32905.77847256686, 24453.87501885565, 32905.77847256686, 30541.339371853446, 24539.679547941145, 30541.339371853446
275, 32933.682927991606, 24433.327840085974, 32933.682927991606, 30553.14976962733, 24539.915701592734, 30553.14976962733
276, 32933.682927991606, 24433.327840085974, 32933.682927991606, 30582.970048229705, 24544.410335150948, 30582.970048229705
277, 32933.682927991606, 24433.327840085974, 32933.682927991606, 30610.246813119695, 24546.49756312963, 30610.246813119695
278, 32933.682927991606, 24433.327840085974, 32933.682927991606, 30557.168289430592, 24551.66346147081, 30557.168289430592
279, 32941.20833531969, 24680.4622138817, 32941.20833531969, 30598.964640355854, 24553.144713096284, 30598.964640355854
280, 33036.61526282337, 24611.363333266636, 33036.61526282337, 30548.52041853759, 24548.73432880287, 30548.52041853759
281, 33036.61526282337, 24611.363333266636, 33036.61526282337, 30597.769934144235, 24546.837208016423, 30597.769934144235
282, 33044.69199659727, 24553.105774518725, 33044.69199659727, 30627.294662233297, 24538.62970801169, 30627.294662233297
283, 33044.69199659727, 24553.105774518725, 33044.69199659727, 30616.166110692247, 24533.04988422358, 30616.166110692247
284, 33044.69199659727, 24553.105774518725, 33044.69199659727, 30601.69996692237, 24524.517234798237, 30601.69996692237
285, 33044.69199659727, 24553.105774518725, 33044.69199659727, 30602.75712786588, 24554.887441517487, 30602.75712786588
286, 33044.69199659727, 24553.105774518725, 33044.69199659727, 30598.816475750995, 24582.61738452058, 30598.816475750995
287, 33044.69199659727, 24553.105774518725, 33044.69199659727, 30612.065803302758, 24562.47211891513, 30612.065803302758
288, 33044.69199659727, 24553.105774518725, 33044.69199659727, 30562.161909363545, 24593.338955644584, 30562.161909363545
289, 33044.69199659727, 24553.105774518725, 33044.69199659727, 30637.09167650344, 24600.778346044066, 30637.09167650344
290, 33044.69199659727, 24553.105774518725, 33044.69199659727, 30701.82168091314, 24565.956352067915, 30701.82168091314
291, 33044.69199659727, 24553.105774518725, 33044.69199659727, 30639.340927962465, 24573.77911765549, 30639.340927962465
292, 33044.69199659727, 24553.105774518725, 33044.69199659727, 30721.287843298793, 24598.2073969982, 30721.287843298793
293, 33166.05147507863, 24538.456315552514, 33166.05147507863, 30640.718321896104, 24581.584495262756, 30640.718321896104
294, 33166.05147507863, 24538.456315552514, 33166.05147507863, 30664.938524569134, 24583.38424390994, 30664.938524569134
295, 33166.05147507863, 24538.456315552514, 33166.05147507863, 30649.327234076973, 24582.084412262164, 30649.327234076973
296, 33166.05147507863, 24538.456315552514, 33166.05147507863, 30637.45746200539, 24582.238885193285, 30637.45746200539
297, 33166.05147507863, 24538.456315552514, 33166.05147507863, 30684.09357630837, 24581.374223241477, 30684.09357630837
298, 33166.05147507863, 24538.456315552514, 33166.05147507863, 30660.33852494108, 24582.646865202933, 30660.33852494108
299, 33166.05147507863, 24538.456315552514, 33166.05147507863, 30639.960436027395, 24581.26157359827, 30639.960436027395
300, 33166.05147507863, 24538.456315552514, 33166.05147507863, 30662.527835985875, 24579.41663394233, 30662.527835985875
301, 33313.590920202936, 24555.03714773054, 33313.590920202936, 30716.35491917984, 24574.282141411295, 30716.35491917984
302, 33313.590920202936, 24555.03714773054, 33313.590920202936, 30682.595336525887, 24571.30526533123, 30682.595336525887
303, 33313.590920202936, 24555.03714773054, 33313.590920202936, 30710.316266446804, 24564.18109467188, 30710.316266446804
304, 33313.590920202936, 24555.03714773054, 33313.590920202936, 30697.998144227065, 24553.73637085407, 30697.998144227065
305, 33351.71127688717, 24651.257389981463, 33351.71127688717, 30762.529349486394, 24565.40702810093, 30762.529349486394
306, 33351.71127688717, 24651.257389981463, 33351.71127688717, 30763.25769209386, 24568.44568265163, 30763.25769209386
307, 33351.71127688717, 24651.257389981463, 33351.71127688717, 30818.28539667237, 24579.041276101703, 30818.28539667237
308, 33351.71127688717, 24651.257389981463, 33351.71127688717, 30765.259145367087, 24579.92995348514, 30765.259145367087
309, 33351.71127688717, 24651.257389981463, 33351.71127688717, 30821.11221539155, 24583.738074243007, 30821.11221539155
310, 33351.71127688717, 24651.257389981463, 33351.71127688717, 30813.910879024304, 24592.582059922264, 30813.910879024304
311, 33351.71127688717, 24651.257389981463, 33351.71127688717, 30933.702414874624, 24601.698686564294, 30933.702414874624
312, 33351.71127688717, 24651.257389981463, 33351.71127688717, 30841.755463014484, 24615.480054377393, 30841.755463014484
313, 33351.71127688717, 24651.257389981463, 33351.71127688717, 30864.83707620694, 24632.581767918648, 30864.83707620694
314, 33351.71127688717, 24651.257389981463, 33351.71127688717, 30905.118593456667, 24652.657388124513, 30905.118593456667
315, 33351.71127688717, 24651.257389981463, 33351.71127688717, 30902.174005630663, 24654.038504867964, 30902.174005630663
316, 33351.71127688717, 24651.257389981463, 33351.71127688717, 30904.48066470502, 24654.136282289117, 30904.48066470502
317, 33351.71127688717, 24651.257389981463, 33351.71127688717, 30890.448985694038, 24653.14470615475, 30890.448985694038
318, 33351.71127688717, 24651.257389981463, 33351.71127688717, 30865.0699497715, 24651.739625169794, 30865.0699497715
319, 33379.03948612011, 24673.933121813814, 33379.03948612011, 30901.064091879492, 24653.4546549144, 30901.064091879492
320, 33379.03948612011, 24673.933121813814, 33379.03948612011, 30903.89182496842, 24654.387518648153, 30903.89182496842
321, 33379.03948612011, 24673.933121813814, 33379.03948612011, 30908.886207986852, 24653.943026840316, 30908.886207986852
322, 33379.03948612011, 24673.933121813814, 33379.03948612011, 30904.163906084174, 24653.171702087348, 30904.163906084174
323, 33379.03948612011, 24673.933121813814, 33379.03948612011, 30862.333823060402, 24652.760511503504, 30862.333823060402
324, 33379.03948612011, 24673.933121813814, 33379.03948612011, 30863.499535089803, 24653.621564806173, 30863.499535089803
325, 33379.03948612011, 24673.933121813814, 33379.03948612011, 30937.18904142632, 24653.89356469607, 30937.18904142632
326, 33379.03948612011, 24673.933121813814, 33379.03948612011, 30924.328546528326, 24653.952923897607, 30924.328546528326
327, 33454.22175334928, 24562.60906843816, 33454.22175334928, 30874.06942334184, 24657.574316134345, 30874.06942334184
328, 33454.22175334928, 24562.60906843816, 33454.22175334928, 30898.4838960365, 24658.665101629682, 30898.4838960365
329, 33454.22175334928, 24562.60906843816, 33454.22175334928, 30911.144725147304, 24663.987637120186, 30911.144725147304
330, 33454.22175334928, 24562.60906843816, 33454.22175334928, 30926.893259367218, 24666.214790969025, 30926.893259367218
331, 33454.22175334928, 24562.60906843816, 33454.22175334928, 30917.353213572806, 24665.231184646065, 30917.353213572806
332, 33454.22175334928, 24562.60906843816, 33454.22175334928, 30913.71395385871, 24663.529644875336, 30913.71395385871
333, 33454.22175334928, 24562.60906843816, 33454.22175334928, 30940.291880667224, 24657.384436904715, 30940.291880667224
334, 33454.22175334928, 24562.60906843816, 33454.22175334928, 30886.00275739084, 24651.398903719222, 30886.00275739084
335, 33461.77263995094, 24669.995423916345, 33461.77263995094, 30925.5473986606, 24642.294048980126, 30925.5473986606
336, 33461.77263995094, 24669.995423916345, 33461.77263995094, 30995.606153503642, 24623.393570383556, 30995.606153503642
337, 33461.77263995094, 24669.995423916345, 33461.77263995094, 30984.594857245716, 24614.092280380362, 30984.594857245716
338, 33461.77263995094, 24669.995423916345, 33461.77263995094, 30943.30415284509, 24593.87337230582, 30943.30415284509
339, 33461.77263995094, 24669.995423916345, 33461.77263995094, 30981.055897417307, 24595.086512650396, 30981.055897417307
340, 33461.77263995094, 24669.995423916345, 33461.77263995094, 30978.654778478827, 24597.805456979935, 30978.654778478827
341, 33461.77263995094, 24669.995423916345, 33461.77263995094, 30991.651831883457, 24601.170297972676, 30991.651831883457
342, 33461.77263995094, 24669.995423916345, 33461.77263995094, 30945.943598552076, 24605.647584028527, 30945.943598552076
343, 33461.77263995094, 24669.995423916345, 33461.77263995094, 30965.094334399622, 24615.092511429684, 30965.094334399622
344, 33520.27051454967, 24539.322967128388, 33520.27051454967, 30950.431135421615, 24631.667780331398, 30950.431135421615
345, 33520.27051454967, 24539.322967128388, 33520.27051454967, 30944.136392075085, 24657.57990918102, 30944.136392075085
346, 33520.27051454967, 24539.322967128388, 33520.27051454967, 30946.964800074682, 24662.34862937113, 30946.964800074682
347, 33520.27051454967, 24539.322967128388, 33520.27051454967, 30944.586449880007, 24660.209975843172, 30944.586449880007
348, 33520.27051454967, 24539.322967128388, 33520.27051454967, 30961.33018726475, 24657.73368834877, 30961.33018726475
349, 33520.27051454967, 24539.322967128388, 33520.27051454967, 31017.696659389636, 24652.82633838087, 31017.696659389636
350, 33520.27051454967, 24539.322967128388, 33520.27051454967, 31003.061645795773, 24647.07377891899, 31003.061645795773
351, 33525.168171913465, 24681.810143639614, 33525.168171913465, 30956.339771239298, 24635.62835199131, 30956.339771239298
352, 33525.168171913465, 24681.810143639614, 33525.168171913465, 31031.226430095583, 24615.501066233977, 31031.226430095583
353, 33525.168171913465, 24681.810143639614, 33525.168171913465, 31034.41948609342, 24593.883805371774, 31034.41948609342
354, 33525.168171913465, 24681.810143639614, 33525.168171913465, 30989.14286847891, 24577.27927636387, 30989.14286847891
355, 33525.168171913465, 24681.810143639614, 33525.168171913465, 30992.74976038307, 24578.986365821693, 30992.74976038307
356, 33525.168171913465, 24681.810143639614, 33525.168171913465, 31032.16053658844, 24578.39837377474, 31032.16053658844
357, 33525.168171913465, 24681.810143639614, 33525.168171913465, 31002.53659960999, 24584.261012289484, 31002.53659960999
358, 33525.168171913465, 24681.810143639614, 33525.168171913465, 31002.125957705583, 24588.57258879965, 31002.125957705583
359, 33525.168171913465, 24681.810143639614, 33525.168171913465, 31005.960388366777, 24595.54744794656, 31005.960388366777
360, 33525.168171913465, 24681.810143639614, 33525.168171913465, 30991.869364279308, 24612.521358575294, 30991.869364279308
361, 33525.168171913465, 24681.810143639614, 33525.168171913465, 30992.359551415844, 24631.972034536724, 30992.359551415844
362, 33525.168171913465, 24681.810143639614, 33525.168171913465, 30995.21393528156, 24669.721604592498, 30995.21393528156
363, 33525.168171913465, 24681.810143639614, 33525.168171913465, 31011.108000719876, 24672.4588094561, 31011.108000719876
364, 33525.168171913465, 24681.810143639614, 33525.168171913465, 31015.43056575866, 24675.068435359026, 31015.43056575866
365, 33525.168171913465, 24681.810143639614, 33525.168171913465, 31045.99634277907, 24674.26003618327, 31045.99634277907
366, 33525.168171913465, 24681.810143639614, 33525.168171913465, 31053.805410358553, 24674.327539804563, 31053.805410358553
367, 33525.168171913465, 24681.810143639614, 33525.168171913465, 31026.14687984297, 24673.48846867717, 31026.14687984297
368, 33525.168171913465, 24681.810143639614, 33525.168171913465, 31048.116787057457, 24674.592250919275, 31048.116787057457
369, 33525.168171913465, 24681.810143639614, 33525.168171913465, 31029.420356523795, 24674.738680562834, 31029.420356523795
370, 33525.168171913465, 24681.810143639614, 33525.168171913465, 31007.55936566952, 24673.210351507132, 31007.55936566952
371, 33525.168171913465, 24681.810143639614, 33525.168171913465, 30989.93657773712, 24674.723133297193, 30989.93657773712
372, 33525.168171913465, 24681.810143639614, 33525.168171913465, 31017.9143487518, 24674.051207180753, 31017.9143487518
373, 33525.168171913465, 24681.810143639614, 33525.168171913465, 31005.6787012409, 24674.837916342552, 31005.6787012409
374, 33525.168171913465, 24681.810143639614, 33525.168171913465, 31014.48014519569, 24674.07084507113, 31014.48014519569
375, 33525.168171913465, 24681.810143639614, 33525.168171913465, 30959.568333193427, 24673.73473661652, 30959.568333193427
376, 33525.168171913465, 24681.810143639614, 33525.168171913465, 31002.333526295475, 24672.488456284224, 31002.333526295475
377, 33525.168171913465, 24681.810143639614, 33525.168171913465, 30976.253830807123, 24674.62132033193, 30976.253830807123
378, 33527.494730861115, 24587.33072205907, 33527.494730861115, 31007.607355581484, 24673.909104684648, 31007.607355581484
379, 33527.494730861115, 24587.33072205907, 33527.494730861115, 31013.118741290313, 24673.320673632523, 31013.118741290313
380, 33527.494730861115, 24587.33072205907, 33527.494730861115, 31018.243157246387, 24672.47536143421, 31018.243157246387
381, 33527.494730861115, 24587.33072205907, 33527.494730861115, 31037.196216898185, 24671.23063046697, 31037.196216898185
382, 33527.494730861115, 24587.33072205907, 33527.494730861115, 30956.265319243426, 24668.9796778892, 30956.265319243426
383, 33527.494730861115, 24587.33072205907, 33527.494730861115, 31018.294780076063, 24666.390043828756, 31018.294780076063
384, 33527.494730861115, 24587.33072205907, 33527.494730861115, 31042.621915795742, 24659.32005477041, 31042.621915795742
385, 33527.494730861115, 24587.33072205907, 33527.494730861115, 31006.953242886535, 24654.019474720564, 31006.953242886535
386, 33527.494730861115, 24587.33072205907, 33527.494730861115, 30974.880767470986, 24643.21655306824, 30974.880767470986
387, 33527.494730861115, 24587.33072205907, 33527.494730861115, 31038.450886405084, 24627.79384137956, 31038.450886405084
388, 33527.494730861115, 24587.33072205907, 33527.494730861115, 30978.25602276334, 24608.6564406654, 30978.25602276334
389, 33527.494730861115, 24587.33072205907, 33527.494730861115, 31062.029690634605, 24608.53427534777, 31062.029690634605
390, 33527.494730861115, 24587.33072205907, 33527.494730861115, 30958.970841721162, 24605.753830240177, 30958.970841721162
391, 33527.494730861115, 24587.33072205907, 33527.494730861115, 31013.74359933862, 24608.852218942437, 31013.74359933862
392, 33527.494730861115, 24587.33072205907, 33527.494730861115, 31004.60343314586, 24608.590508247544, 31004.60343314586
393, 33527.494730861115, 24587.33072205907, 33527.494730861115, 31032.97197430521, 24607.207113216893, 31032.97197430521
394, 33527.494730861115, 24587.33072205907, 33527.494730861115, 30986.389376956733, 24609.113955855133, 30986.389376956733
395, 33527.494730861115, 24587.33072205907, 33527.494730861115, 31002.21866912584, 24606.75824957589, 31002.21866912584
396, 33527.494730861115, 24587.33072205907, 33527.494730861115, 31024.60997839803, 24606.91456436606, 31024.60997839803
397, 33527.494730861115, 24587.33072205907, 33527.494730861115, 30985.33692400529, 24607.985822563736, 30985.33692400529
398, 33527.494730861115, 24587.33072205907, 33527.494730861115, 30996.639663391783, 24607.39512752209, 30996.639663391783
399, 33527.494730861115, 24587.33072205907, 33527.494730861115, 31020.841555191324, 24608.178767004443, 31020.841555191324
400, 33527.494730861115, 24587.33072205907, 33527.494730861115, 31025.950156271694, 24606.290529773465, 31025.950156271694
401, 33527.494730861115, 24587.33072205907, 33527.494730861115, 31026.886446050852, 24608.63320869607, 31026.886446050852
402, 33527.494730861115, 24587.33072205907, 33527.494730861115, 31003.254633403816, 24608.046472812322, 31003.254633403816
403, 33527.494730861115, 24587.33072205907, 33527.494730861115, 31037.1129324932, 24607.553599541174, 31037.1129324932
404, 33527.494730861115, 24587.33072205907, 33527.494730861115, 31036.954248605573, 24609.070285984344, 31036.954248605573
405, 33527.494730861115, 24587.33072205907, 33527.494730861115, 31055.0140663166, 24608.82259328098, 31055.0140663166
406, 33527.494730861115, 24587.33072205907, 33527.494730861115, 31048.112531178613, 24607.689853879758, 31048.112531178613
407, 33527.494730861115, 24587.33072205907, 33527.494730861115, 31038.83671647385, 24609.01756516333, 31038.83671647385
408, 33527.494730861115, 24587.33072205907, 33527.494730861115, 31050.212654141247, 24608.61098276215, 31050.212654141247
409, 33527.494730861115, 24587.33072205907, 33527.494730861115, 30992.6680810472, 24608.42144234485, 30992.6680810472
410, 33527.494730861115, 24587.33072205907, 33527.494730861115, 31003.054186683992, 24608.983819653575, 31003.054186683992
411, 33527.494730861115, 24587.33072205907, 33527.494730861115, 31015.02013121818, 24606.789272405294, 31015.02013121818
412, 33527.494730861115, 24587.33072205907, 33527.494730861115, 31002.96059419539, 24608.190624626586, 31002.96059419539
413, 33527.494730861115, 24587.33072205907, 33527.494730861115, 30994.45521109891, 24608.68889762152, 30994.45521109891
414, 33527.494730861115, 24587.33072205907, 33527.494730861115, 31026.073491047482, 24607.6597061417, 31026.073491047482
415, 33527.494730861115, 24587.33072205907, 33527.494730861115, 30986.429263028243, 24608.07231948624, 30986.429263028243
416, 33527.494730861115, 24587.33072205907, 33527.494730861115, 31006.93142442084, 24605.744432711093, 31006.93142442084
417, 33527.494730861115, 24587.33072205907, 33527.494730861115, 31054.610277541982, 24608.28202849939, 31054.610277541982
418, 33527.494730861115, 24587.33072205907, 33527.494730861115, 31029.303806141466, 24606.97608107779, 31029.303806141466
419, 33527.494730861115, 24587.33072205907, 33527.494730861115, 30983.669319252596, 24609.189342070356, 30983.669319252596
420, 33527.494730861115, 24587.33072205907, 33527.494730861115, 30994.570775470398, 24609.443398406675, 30994.570775470398
421, 33527.494730861115, 24587.33072205907, 33527.494730861115, 31014.536319312883, 24606.817831689477, 31014.536319312883
422, 33527.494730861115, 24587.33072205907, 33527.494730861115, 31011.037111948728, 24608.47604738464, 31011.037111948728
423, 33552.435297165335, 24533.187522726974, 33552.435297165335, 30995.328261677212, 24607.78802040602, 30995.328261677212
424, 33552.435297165335, 24533.187522726974, 33552.435297165335, 31031.205253361346, 24607.192958955897, 31031.205253361346
425, 33552.435297165335, 24533.187522726974, 33552.435297165335, 30997.054948909485, 24607.34384711857, 30997.054948909485
426, 33552.435297165335, 24533.187522726974, 33552.435297165335, 31042.157894204498, 24607.55013196641, 31042.157894204498
427, 33552.435297165335, 24533.187522726974, 33552.435297165335, 30999.304099374196, 24607.47994854185, 30999.304099374196
428, 33552.435297165335, 24533.187522726974, 33552.435297165335, 30976.006036338775, 24608.54853525322, 30976.006036338775
429, 33552.435297165335, 24533.187522726974, 33552.435297165335, 31020.19821970729, 24607.47743971582, 31020.19821970729
430, 33552.435297165335, 24533.187522726974, 33552.435297165335, 30979.07290456496, 24605.272442504367, 30979.07290456496
431, 33552.435297165335, 24533.187522726974, 33552.435297165335, 30988.574402535305, 24603.227962508685, 30988.574402535305
432, 33552.435297165335, 24533.187522726974, 33552.435297165335, 31048.76047037871, 24598.955239685507, 31048.76047037871
433, 33552.435297165335, 24533.187522726974, 33552.435297165335, 31003.43121550546, 24594.58006528442, 31003.43121550546
434, 33552.435297165335, 24533.187522726974, 33552.435297165335, 30971.07642892404, 24585.665841700255, 30971.07642892404
435, 33552.435297165335, 24533.187522726974, 33552.435297165335, 31001.987780455638, 24571.266706920942, 31001.987780455638
436, 33552.435297165335, 24533.187522726974, 33552.435297165335, 31041.913205213823, 24570.57904389535, 31041.913205213823
437, 33552.435297165335, 24533.187522726974, 33552.435297165335, 31043.659389116805, 24570.351062095193, 31043.659389116805
438, 33552.435297165335, 24533.187522726974, 33552.435297165335, 31023.458036502107, 24569.342688186232, 31023.458036502107
439, 33552.435297165335, 24533.187522726974, 33552.435297165335, 31035.164897713566, 24568.9373200065, 31035.164897713566
440, 33552.435297165335, 24533.187522726974, 33552.435297165335, 31049.937746936404, 24570.30888404958, 31049.937746936404
441, 33552.435297165335, 24533.187522726974, 33552.435297165335, 31030.56121043826, 24568.617203727452, 31030.56121043826
442, 33552.435297165335, 24533.187522726974, 33552.435297165335, 31034.86782728531, 24571.2700142688, 31034.86782728531
443, 33552.435297165335, 24533.187522726974, 33552.435297165335, 31040.104897352354, 24570.245095610524, 31040.104897352354
444, 33552.435297165335, 24533.187522726974, 33552.435297165335, 31020.5284389759, 24570.831949041272, 31020.5284389759
445, 33552.435297165335, 24533.187522726974, 33552.435297165335, 31028.333630073896, 24571.77288541819, 31028.333630073896
446, 33552.435297165335, 24533.187522726974, 33552.435297165335, 31075.20711108628, 24571.308415793847, 31075.20711108628
447, 33552.435297165335, 24533.187522726974, 33552.435297165335, 31013.26811577744, 24572.20236343001, 31013.26811577744
448, 33552.435297165335, 24533.187522726974, 33552.435297165335, 31012.91387338773, 24569.30092935841, 31012.91387338773
449, 33552.435297165335, 24533.187522726974, 33552.435297165335, 31055.494013752774, 24569.08176309452, 31055.494013752774
450, 33578.842684201154, 24606.933691972943, 33578.842684201154, 31048.937598456534, 24570.48701211771, 31048.937598456534
451, 33578.842684201154, 24606.933691972943, 33578.842684201154, 31006.691319836238, 24572.538008185613, 31006.691319836238
452, 33578.842684201154, 24606.933691972943, 33578.842684201154, 30997.632677354108, 24575.221056946393, 30997.632677354108
453, 33578.842684201154, 24606.933691972943, 33578.842684201154, 31076.04179170217, 24576.386078026775, 31076.04179170217
454, 33652.42513626704, 24475.58943137275, 33652.42513626704, 31064.64073944982, 24582.14499875772, 31064.64073944982
455, 33652.42513626704, 24475.58943137275, 33652.42513626704, 31081.81811015097, 24590.69725689912, 31081.81811015097
456, 33652.42513626704, 24475.58943137275, 33652.42513626704, 31035.944551749642, 24604.502718516505, 31035.944551749642
457, 33652.42513626704, 24475.58943137275, 33652.42513626704, 31059.949222374307, 24619.106331992698, 31059.949222374307
458, 33652.42513626704, 24475.58943137275, 33652.42513626704, 31025.55305883659, 24617.00024314845, 31025.55305883659
459, 33652.42513626704, 24475.58943137275, 33652.42513626704, 31087.71086009153, 24614.13405068486, 31087.71086009153
460, 33652.42513626704, 24475.58943137275, 33652.42513626704, 31067.40241907138, 24608.97745949579, 31067.40241907138
461, 33652.42513626704, 24475.58943137275, 33652.42513626704, 31057.08380414348, 24601.606410437384, 31057.08380414348
462, 33652.42513626704, 24475.58943137275, 33652.42513626704, 31080.81467599256, 24585.766663206392, 31080.81467599256
463, 33652.42513626704, 24475.58943137275, 33652.42513626704, 31066.018171963748, 24563.705993406697, 31066.018171963748
464, 33652.42513626704, 24475.58943137275, 33652.42513626704, 31093.041147028023, 24533.45542352202, 31093.041147028023
465, 33652.42513626704, 24475.58943137275, 33652.42513626704, 31071.989877651562, 24529.18350531786, 31071.989877651562
466, 33652.42513626704, 24475.58943137275, 33652.42513626704, 31093.04203802249, 24530.31304718065, 31093.04203802249
467, 33652.42513626704, 24475.58943137275, 33652.42513626704, 31140.97467320233, 24529.991958918446, 31140.97467320233
468, 33652.42513626704, 24475.58943137275, 33652.42513626704, 31104.068131958735, 24529.348870978807, 31104.068131958735
469, 33669.82330743538, 24519.724962140153, 33669.82330743538, 31069.48171520082, 24529.094679878443, 31069.48171520082
470, 33669.82330743538, 24519.724962140153, 33669.82330743538, 31073.730067073386, 24530.541193338013, 31073.730067073386
471, 33669.82330743538, 24519.724962140153, 33669.82330743538, 31120.5603435349, 24529.64124645624, 31120.5603435349
472, 33669.82330743538, 24519.724962140153, 33669.82330743538, 31093.923742570983, 24529.540306012274, 31093.923742570983
473, 33669.82330743538, 24519.724962140153, 33669.82330743538, 31118.189010897848, 24530.05446125412, 31118.189010897848
474, 33669.82330743538, 24519.724962140153, 33669.82330743538, 31085.025537602618, 24529.476619471352, 31085.025537602618
475, 33669.82330743538, 24519.724962140153, 33669.82330743538, 31130.44202604511, 24531.52375602827, 31130.44202604511
476, 33669.82330743538, 24519.724962140153, 33669.82330743538, 31130.871576533675, 24530.221043548867, 31130.871576533675
477, 33669.82330743538, 24519.724962140153, 33669.82330743538, 31112.143597202245, 24532.245730508268, 31112.143597202245
478, 33669.82330743538, 24519.724962140153, 33669.82330743538, 31131.39554965674, 24536.062139055175, 31131.39554965674
479, 33669.82330743538, 24519.724962140153, 33669.82330743538, 31133.633876903783, 24541.517304448225, 31133.633876903783
480, 33669.82330743538, 24519.724962140153, 33669.82330743538, 31107.81464768562, 24550.393030239087, 31107.81464768562
481, 33669.82330743538, 24519.724962140153, 33669.82330743538, 31139.19827131131, 24561.30054900573, 31139.19827131131
482, 33669.82330743538, 24519.724962140153, 33669.82330743538, 31105.30834177536, 24562.07834340755, 31105.30834177536
483, 33669.82330743538, 24519.724962140153, 33669.82330743538, 31082.1694809968, 24561.319841202072, 31082.1694809968
484, 33669.82330743538, 24519.724962140153, 33669.82330743538, 31117.608703641825, 24559.78355229301, 31117.608703641825
485, 33669.82330743538, 24519.724962140153, 33669.82330743538, 31126.503304064423, 24560.542533279982, 31126.503304064423
486, 33669.82330743538, 24519.724962140153, 33669.82330743538, 31084.84727873706, 24561.78193605924, 31084.84727873706
487, 33669.82330743538, 24519.724962140153, 33669.82330743538, 31138.15317069373, 24562.42075714718, 31138.15317069373
488, 33678.30783169526, 24492.318802713296, 33678.30783169526, 31112.97865372477, 24560.80497915016, 31112.97865372477
489, 33678.30783169526, 24492.318802713296, 33678.30783169526, 31103.515825764513, 24560.501420368706, 31103.515825764513
490, 33678.30783169526, 24492.318802713296, 33678.30783169526, 31164.20942801931, 24559.46746279851, 31164.20942801931
491, 33678.30783169526, 24492.318802713296, 33678.30783169526, 31107.090492847627, 24559.953230259856, 31107.090492847627
492, 33678.30783169526, 24492.318802713296, 33678.30783169526, 31161.614401322775, 24559.10424020757, 31161.614401322775
493, 33678.30783169526, 24492.318802713296, 33678.30783169526, 31139.221796516213, 24560.22897617617, 31139.221796516213
494, 33678.30783169526, 24492.318802713296, 33678.30783169526, 31112.211795914704, 24556.61672364558, 31112.211795914704
495, 33678.30783169526, 24492.318802713296, 33678.30783169526, 31118.023590763296, 24558.17861940171, 31118.023590763296
496, 33678.30783169526, 24492.318802713296, 33678.30783169526, 31134.107666695738, 24555.01938233126, 31134.107666695738
497, 33678.30783169526, 24492.318802713296, 33678.30783169526, 31151.17562537235, 24552.77161473615, 31151.17562537235
498, 33678.30783169526, 24492.318802713296, 33678.30783169526, 31130.511778192445, 24547.12556925082, 31130.511778192445
499, 33701.399510569645, 24671.94635863633, 33701.399510569645, 31101.489252922474, 24542.188757702264, 31101.489252922474
500, 33701.399510569645, 24671.94635863633, 33701.399510569645, 31148.092242135157, 24542.74367290055, 31148.092242135157
