1, 27315.80010093868, 24665.886267095524, 27315.80010093868, 25239.990330615063, 24655.884439657675, 25239.990330615063
2, 27362.264083750037, 24552.631471627825, 27362.264083750037, 25711.673102005836, 24633.00050679056, 25711.673102005836
3, 27514.51493289805, 24430.56500850597, 27514.51493289805, 25949.41191583567, 24621.3135007486, 25949.41191583567
4, 27514.51493289805, 24430.56500850597, 27514.51493289805, 26181.860258431156, 24621.000255086958, 26181.860258431156
5, 27514.51493289805, 24430.56500850597, 27514.51493289805, 26329.184164090842, 24612.479005464225, 26329.184164090842
6, 27514.51493289805, 24430.56500850597, 27514.51493289805, 26584.887762749357, 24601.803239720295, 26584.887762749357
7, 27681.879300526358, 24371.83342739327, 27681.879300526358, 26637.977365724924, 24582.663583716258, 26637.977365724924
8, 27681.879300526358, 24371.83342739327, 27681.879300526358, 26709.29962941251, 24584.604739361665, 26709.29962941251
9, 27757.265352271334, 24501.451375857934, 27757.265352271334, 26787.744704039695, 24543.311572766852, 26787.744704039695
10, 27884.486684064486, 23967.682007497355, 27884.486684064486, 26834.574664934327, 24513.503232408886, 26834.574664934327
11, 27924.92542972712, 24114.849700586587, 27924.92542972712, 26899.595159294506, 24506.118536618316, 26899.595159294506
12, 27988.646832190283, 24494.286554784234, 27988.646832190283, 26928.12034872094, 24484.79314228415, 26928.12034872094
13, 28091.930896977137, 24420.918083395973, 28091.930896977137, 27015.125560352113, 24477.920569548915, 27015.125560352113
14, 28161.061664591525, 24049.95396315323, 28161.061664591525, 27040.75083657918, 24448.966520364975, 27040.75083657918
15, 28161.061664591525, 24049.95396315323, 28161.061664591525, 27066.8036067726, 24390.947981310095, 27066.8036067726
16, 28161.061664591525, 24049.95396315323, 28161.061664591525, 27143.34352499847, 24408.573100650196, 27143.34352499847
17, 28210.577399765385, 24437.42242091746, 28210.577399765385, 27153.50834877929, 24393.265543433085, 27153.50834877929
18, 28262.613938906736, 24146.75092438072, 28262.613938906736, 27186.207243778263, 24350.13530429285, 27186.207243778263
19, 28394.312255228964, 24043.515031599705, 28394.312255228964, 27282.084182295803, 24350.116199292843, 27282.084182295803
20, 28581.698346260167, 24154.514994785357, 28581.698346260167, 27328.263213954095, 24359.386577478926, 27328.263213954095
21, 28581.698346260167, 24154.514994785357, 28581.698346260167, 27303.571016152346, 24389.62873737998, 27303.571016152346
22, 28581.698346260167, 24154.514994785357, 28581.698346260167, 27311.13600379218, 24385.389874990284, 27311.13600379218
23, 28581.698346260167, 24154.514994785357, 28581.698346260167, 27384.212669116514, 24348.957034027044, 27384.212669116514
24, 28614.394776747304, 24072.044365390822, 28614.394776747304, 27458.72141093778, 24345.53493278069, 27458.72141093778
25, 28669.81073319369, 24626.680538870616, 28669.81073319369, 27475.584627105316, 24397.865660100888, 27475.584627105316
26, 28762.134721958737, 24482.284684516835, 28762.134721958737, 27545.05455617919, 24380.453306315514, 27545.05455617919
27, 28814.455177553664, 24384.501382288614, 28814.455177553664, 27545.789425499723, 24385.402129020204, 27545.789425499723
28, 28917.344860557438, 24571.41177186966, 28917.344860557438, 27580.980004276033, 24364.57110860327, 27580.980004276033
29, 28917.344860557438, 24571.41177186966, 28917.344860557438, 27607.967741614553, 24413.132708458645, 27607.967741614553
30, 28934.73543636811, 24415.173462773582, 28934.73543636811, 27628.223407805897, 24446.853173244894, 27628.223407805897
31, 28934.73543636811, 24415.173462773582, 28934.73543636811, 27689.983805015017, 24417.0820738123, 27689.983805015017
32, 29109.308259894147, 24140.733191647563, 29109.308259894147, 27739.55399236644, 24476.892900364637, 27739.55399236644
33, 29109.308259894147, 24140.733191647563, 29109.308259894147, 27775.180082158964, 24446.898089862938, 27775.180082158964
34, 29193.18921033662, 24381.100702137064, 29193.18921033662, 27789.823329293937, 24455.794058221225, 27789.823329293937
35, 29193.18921033662, 24381.100702137064, 29193.18921033662, 27801.752384688505, 24412.799734073702, 27801.752384688505
36, 29325.159930057387, 24258.962655539493, 29325.159930057387, 27841.150183841863, 24411.34425669754, 27841.150183841863
37, 29325.159930057387, 24258.962655539493, 29325.159930057387, 27875.369911551097, 24386.548640408266, 27875.369911551097
38, 29336.091232406572, 24579.747442638207, 29336.091232406572, 27899.220183911613, 24436.32273414333, 27899.220183911613
39, 29336.091232406572, 24579.747442638207, 29336.091232406572, 27947.336956599815, 24418.83564645398, 27947.336956599815
40, 29336.091232406572, 24579.747442638207, 29336.091232406572, 27952.53912517758, 24394.3967307869, 27952.53912517758
41, 29478.746086982137, 24078.339375594456, 29478.746086982137, 28025.530485209365, 24459.28339764541, 28025.530485209365
42, 29490.086805242765, 24498.99523551625, 29490.086805242765, 28008.459123337103, 24446.77443297671, 28008.459123337103
43, 29490.086805242765, 24498.99523551625, 29490.086805242765, 28016.089934100128, 24436.3143310036, 28016.089934100128
44, 29490.086805242765, 24498.99523551625, 29490.086805242765, 28092.690694049044, 24449.09764789775, 28092.690694049044
45, 29490.086805242765, 24498.99523551625, 29490.086805242765, 28105.09998623899, 24456.357466421385, 28105.09998623899
46, 29607.37727041084, 24137.37253544746, 29607.37727041084, 28116.16260894711, 24441.75215876044, 28116.16260894711
47, 29607.37727041084, 24137.37253544746, 29607.37727041084, 28107.78399626586, 24418.18527361034, 28107.78399626586
48, 29631.122484717558, 24486.193402687604, 29631.122484717558, 28164.363332458972, 24396.14064137388, 28164.363332458972
49, 29648.138297410722, 24683.248151887314, 29648.138297410722, 28217.34732920612, 24381.03266943702, 28217.34732920612
50, 29665.05249359671, 24268.676214691204, 29665.05249359671, 28221.49081648628, 24414.661456339563, 28221.49081648628
51, 29778.016454096105, 24517.448351872798, 29778.016454096105, 28234.034955580315, 24400.91398958423, 28234.034955580315
52, 29778.016454096105, 24517.448351872798, 29778.016454096105, 28264.52286269717, 24406.11851174235, 28264.52286269717
53, 29778.016454096105, 24517.448351872798, 29778.016454096105, 28289.427710490963, 24384.99790522129, 28289.427710490963
54, 29813.985668526024, 24489.767186360776, 29813.985668526024, 28318.030618773446, 24388.37067365487, 28318.030618773446
55, 29871.45191809101, 24231.292762061323, 29871.45191809101, 28327.09407269828, 24441.46505624461, 28327.09407269828
56, 29871.45191809101, 24231.292762061323, 29871.45191809101, 28331.948195381276, 24487.21155941982, 28331.948195381276
57, 29871.45191809101, 24231.292762061323, 29871.45191809101, 28355.32196116206, 24475.54523571971, 28355.32196116206
58, 29871.45191809101, 24231.292762061323, 29871.45191809101, 28376.192370804863, 24535.864184237504, 28376.192370804863
59, 29871.45191809101, 24231.292762061323, 29871.45191809101, 28393.177416531882, 24554.129820175585, 28393.177416531882
60, 29983.843241948063, 24590.29299236728, 29983.843241948063, 28416.863678539918, 24554.029724098826, 28416.863678539918
61, 29983.843241948063, 24590.29299236728, 29983.843241948063, 28427.86322788196, 24545.948254633826, 28427.86322788196
62, 29983.843241948063, 24590.29299236728, 29983.843241948063, 28439.85826131916, 24528.368341499074, 28439.85826131916
63, 29983.843241948063, 24590.29299236728, 29983.843241948063, 28433.58646326894, 24516.242300300582, 28433.58646326894
64, 30000.28084878281, 24264.71206577191, 30000.28084878281, 28499.476856972968, 24458.879940209255, 28499.476856972968
65, 30012.40426596307, 24446.9967695418, 30012.40426596307, 28429.293320351982, 24449.437542815456, 28429.293320351982
66, 30022.930048874226, 24671.883279927395, 30022.930048874226, 28473.59986827957, 24452.264603547523, 28473.59986827957
67, 30022.930048874226, 24671.883279927395, 30022.930048874226, 28479.060956466506, 24525.491930082804, 28479.060956466506
68, 30053.080354551716, 24644.054377225355, 30053.080354551716, 28531.031231985664, 24556.38676026467, 28531.031231985664
69, 30180.16828434494, 24687.823446231065, 30180.16828434494, 28532.25582383985, 24566.407099774467, 28532.25582383985
70, 30180.16828434494, 24687.823446231065, 30180.16828434494, 28589.36960330296, 24543.859565443097, 28589.36960330296
71, 30206.09668540783, 24205.34973160632, 30206.09668540783, 28527.004464108908, 24539.563330170648, 28527.004464108908
72, 30292.41301148291, 24365.76985721993, 30292.41301148291, 28596.427584404424, 24588.661149527798, 28596.427584404424
73, 30292.41301148291, 24365.76985721993, 30292.41301148291, 28582.321412918704, 24541.28651478507, 28582.321412918704
74, 30292.41301148291, 24365.76985721993, 30292.41301148291, 28616.967920642684, 24533.847106188605, 28616.967920642684
75, 30292.41301148291, 24365.76985721993, 30292.41301148291, 28635.716830428406, 24524.399177552314, 28635.716830428406
76, 30345.398696153665, 24355.970223886125, 30345.398696153665, 28643.798798687807, 24518.686945133875, 28643.798798687807
77, 30345.398696153665, 24355.970223886125, 30345.398696153665, 28665.194021316816, 24466.561714671014, 28665.194021316816
78, 30469.320414775913, 24186.34707076427, 30469.320414775913, 28695.7575026773, 24492.582901296642, 28695.7575026773
79, 30469.320414775913, 24186.34707076427, 30469.320414775913, 28706.237263709325, 24449.322703692276, 28706.237263709325
80, 30469.320414775913, 24186.34707076427, 30469.320414775913, 28717.725753681698, 24423.237981188377, 28717.725753681698
81, 30469.320414775913, 24186.34707076427, 30469.320414775913, 28752.875412279343, 24459.033690488934, 28752.875412279343
82, 30469.320414775913, 24186.34707076427, 30469.320414775913, 28762.002530973852, 24440.001248043864, 28762.002530973852
83, 30469.320414775913, 24186.34707076427, 30469.320414775913, 28770.45204653897, 24429.739743616352, 28770.45204653897
84, 30469.320414775913, 24186.34707076427, 30469.320414775913, 28776.74928967979, 24409.899017044936, 28776.74928967979
85, 30499.000748631064, 24541.905100200245, 30499.000748631064, 28817.234243173036, 24381.817912127295, 28817.234243173036
86, 30499.000748631064, 24541.905100200245, 30499.000748631064, 28860.89840817565, 24355.174117380026, 28860.89840817565
87, 30532.69495448314, 24129.875432807774, 30532.69495448314, 28870.041908222716, 24369.898883145604, 28870.041908222716
88, 30579.003763472207, 24266.07060407967, 30579.003763472207, 28912.583559156858, 24353.68972463325, 28912.583559156858
89, 30579.003763472207, 24266.07060407967, 30579.003763472207, 28882.34294399587, 24345.514839737632, 28882.34294399587
90, 30599.452096852037, 24286.250891658066, 30599.452096852037, 28889.302683120626, 24359.159925708296, 28889.302683120626
91, 30619.823373134408, 24282.235892831402, 30619.823373134408, 28907.36403425191, 24369.265844253336, 28907.36403425191
92, 30619.823373134408, 24282.235892831402, 30619.823373134408, 28911.115747751068, 24389.54767498863, 28911.115747751068
93, 30674.73780013321, 24342.46773799043, 30674.73780013321, 28927.651726792035, 24423.050948961252, 28927.651726792035
94, 30674.73780013321, 24342.46773799043, 30674.73780013321, 28879.490988828977, 24394.59612128864, 28879.490988828977
95, 30674.73780013321, 24342.46773799043, 30674.73780013321, 28933.18501612723, 24341.227015529454, 28933.18501612723
96, 30674.73780013321, 24342.46773799043, 30674.73780013321, 28972.46143222565, 24376.183272306047, 28972.46143222565
97, 30674.73780013321, 24342.46773799043, 30674.73780013321, 28992.711811407502, 24404.112944896926, 28992.711811407502
98, 30759.531758795627, 24154.155159887883, 30759.531758795627, 29009.785488196925, 24408.37210747955, 29009.785488196925
99, 30759.531758795627, 24154.155159887883, 30759.531758795627, 29002.12435163188, 24418.816599484253, 29002.12435163188
100, 30766.831835962446, 24380.83014627449, 30766.831835962446, 28979.123501449852, 24401.812810641415, 28979.123501449852
101, 30766.831835962446, 24380.83014627449, 30766.831835962446, 29009.017260421628, 24394.531066943255, 29009.017260421628
102, 30766.831835962446, 24380.83014627449, 30766.831835962446, 29031.52319076519, 24385.904681411335, 29031.52319076519
103, 30788.028811533546, 24228.6602550291, 30788.028811533546, 29076.311861329934, 24394.722053489546, 29076.311861329934
104, 30876.803296004608, 24439.98953575891, 30876.803296004608, 29026.457540890264, 24368.030251352448, 29026.457540890264
105, 30876.803296004608, 24439.98953575891, 30876.803296004608, 29047.064003471452, 24326.903158867928, 29047.064003471452
106, 30876.803296004608, 24439.98953575891, 30876.803296004608, 29082.10632469061, 24329.610000883116, 29082.10632469061
107, 30937.988018618835, 24027.935567753244, 30937.988018618835, 29067.189823975816, 24346.401692517196, 29067.189823975816
108, 30937.988018618835, 24027.935567753244, 30937.988018618835, 29095.570962995436, 24362.435294526476, 29095.570962995436
109, 30937.988018618835, 24027.935567753244, 30937.988018618835, 29123.733291973225, 24420.477197923596, 29123.733291973225
110, 30937.988018618835, 24027.935567753244, 30937.988018618835, 29124.80997431731, 24397.194936612694, 29124.80997431731
111, 31040.012630950347, 24514.442677989533, 31040.012630950347, 29160.27630531973, 24390.772960933115, 29160.27630531973
112, 31040.012630950347, 24514.442677989533, 31040.012630950347, 29134.414539539128, 24414.087143823057, 29134.414539539128
113, 31040.012630950347, 24514.442677989533, 31040.012630950347, 29159.706806099526, 24396.07339434824, 29159.706806099526
114, 31087.769191663327, 24497.787621714364, 31087.769191663327, 29158.75064065465, 24341.31903911469, 29158.75064065465
115, 31087.769191663327, 24497.787621714364, 31087.769191663327, 29180.493776863157, 24298.74173956323, 29180.493776863157
116, 31087.769191663327, 24497.787621714364, 31087.769191663327, 29249.529522872694, 24295.989629021984, 29249.529522872694
117, 31087.769191663327, 24497.787621714364, 31087.769191663327, 29220.344399549987, 24350.652299493006, 29220.344399549987
118, 31093.67473128573, 24039.48988412024, 31093.67473128573, 29240.89659466443, 24441.616281064376, 29240.89659466443
119, 31093.67473128573, 24039.48988412024, 31093.67473128573, 29309.74299211333, 24520.38732696054, 29309.74299211333
120, 31163.895650655017, 24598.297410215622, 31163.895650655017, 29300.78268090539, 24562.6957198492, 29300.78268090539
121, 31163.895650655017, 24598.297410215622, 31163.895650655017, 29273.032608031364, 24565.670339284763, 29273.032608031364
122, 31163.895650655017, 24598.297410215622, 31163.895650655017, 29324.427813754926, 24559.15492962086, 29324.427813754926
123, 31163.895650655017, 24598.297410215622, 31163.895650655017, 29280.615884211966, 24532.150433465704, 29280.615884211966
124, 31163.895650655017, 24598.297410215622, 31163.895650655017, 29285.513105604914, 24511.75747691927, 29285.513105604914
125, 31163.895650655017, 24598.297410215622, 31163.895650655017, 29349.09068153079, 24482.62333813524, 29349.09068153079
126, 31210.290869053097, 24215.3773562855, 31210.290869053097, 29339.02816415906, 24445.838356635762, 29339.02816415906
127, 31210.290869053097, 24215.3773562855, 31210.290869053097, 29350.08112249904, 24386.32703417137, 29350.08112249904
128, 31262.96893683508, 24672.177076312324, 31262.96893683508, 29320.832703191998, 24445.68766491338, 29320.832703191998
129, 31262.96893683508, 24672.177076312324, 31262.96893683508, 29353.02296602895, 24513.080428649017, 29353.02296602895
130, 31262.96893683508, 24672.177076312324, 31262.96893683508, 29358.708389349613, 24529.40356157789, 29358.708389349613
131, 31262.96893683508, 24672.177076312324, 31262.96893683508, 29360.164386798817, 24557.034089094777, 29360.164386798817
132, 31262.96893683508, 24672.177076312324, 31262.96893683508, 29373.977305543107, 24526.25786888279, 29373.977305543107
133, 31262.96893683508, 24672.177076312324, 31262.96893683508, 29383.452786241658, 24471.029095445647, 29383.452786241658
134, 31343.772679134436, 24258.689592918665, 31343.772679134436, 29415.021216521254, 24438.33265796866, 29415.021216521254
135, 31343.772679134436, 24258.689592918665, 31343.772679134436, 29393.158368754965, 24416.862496688453, 29393.158368754965
136, 31343.772679134436, 24258.689592918665, 31343.772679134436, 29404.164761954085, 24470.22726919454, 29404.164761954085
137, 31346.52304201205, 24561.06248337442, 31346.52304201205, 29426.564116008874, 24573.51531194006, 29426.564116008874
138, 31346.52304201205, 24561.06248337442, 31346.52304201205, 29393.977464349293, 24587.401698315884, 29393.977464349293
139, 31346.52304201205, 24561.06248337442, 31346.52304201205, 29445.955397153357, 24567.96239735674, 29445.955397153357
140, 31346.52304201205, 24561.06248337442, 31346.52304201205, 29452.195185961653, 24567.619850706913, 29452.195185961653
141, 31346.52304201205, 24561.06248337442, 31346.52304201205, 29455.14210414057, 24560.67193720101, 29455.14210414057
142, 31381.910917719255, 24296.99037057736, 31381.910917719255, 29466.75263314432, 24481.654287549798, 29466.75263314432
143, 31438.793981881143, 24356.889051317943, 31438.793981881143, 29442.977413361106, 24477.157595939407, 29442.977413361106
144, 31438.793981881143, 24356.889051317943, 31438.793981881143, 29486.018091480513, 24403.353665216157, 29486.018091480513
145, 31438.793981881143, 24356.889051317943, 31438.793981881143, 29513.778072276546, 24397.717351706684, 29513.778072276546
146, 31438.793981881143, 24356.889051317943, 31438.793981881143, 29508.962547666877, 24421.871695762988, 29508.962547666877
147, 31438.793981881143, 24356.889051317943, 31438.793981881143, 29519.14369034894, 24478.93059725122, 29519.14369034894
148, 31438.793981881143, 24356.889051317943, 31438.793981881143, 29500.88515003957, 24461.72366413729, 29500.88515003957
149, 31438.793981881143, 24356.889051317943, 31438.793981881143, 29556.108064506436, 24392.378871371788, 29556.108064506436
150, 31493.050187799996, 24374.84066837018, 31493.050187799996, 29467.54908661612, 24350.435152514325, 29467.54908661612
151, 31528.843068966355, 24226.335419680334, 31528.843068966355, 29523.27506579855, 24437.479898582562, 29523.27506579855
152, 31537.73032477039, 24339.30656223761, 31537.73032477039, 29545.709657252006, 24455.908134723428, 29545.709657252006
153, 31537.73032477039, 24339.30656223761, 31537.73032477039, 29599.551846038245, 24445.55546090536, 29599.551846038245
154, 31537.73032477039, 24339.30656223761, 31537.73032477039, 29550.19195673628, 24431.562877630084, 29550.19195673628
155, 31537.73032477039, 24339.30656223761, 31537.73032477039, 29527.14137406636, 24447.020536326254, 29527.14137406636
156, 31537.73032477039, 24339.30656223761, 31537.73032477039, 29566.80714373189, 24445.460209539026, 29566.80714373189
157, 31584.552525306248, 24330.72386984634, 31584.552525306248, 29599.37225979026, 24439.942904112446, 29599.37225979026
158, 31584.552525306248, 24330.72386984634, 31584.552525306248, 29623.71311287649, 24435.619920194702, 29623.71311287649
159, 31584.552525306248, 24330.72386984634, 31584.552525306248, 29591.60245649801, 24439.73449196607, 29591.60245649801
160, 31601.89382101692, 24531.82111798817, 31601.89382101692, 29655.115419635804, 24431.465680092457, 29655.115419635804
161, 31601.89382101692, 24531.82111798817, 31601.89382101692, 29654.291954380482, 24408.303529263412, 29654.291954380482
162, 31652.507421845286, 24272.366146877324, 31652.507421845286, 29630.445956023763, 24434.305759342617, 29630.445956023763
163, 31652.507421845286, 24272.366146877324, 31652.507421845286, 29589.95119351993, 24434.00217588104, 29589.95119351993
164, 31652.507421845286, 24272.366146877324, 31652.507421845286, 29642.084395620554, 24430.38155939071, 29642.084395620554
165, 31653.07058583609, 24493.439262560634, 31653.07058583609, 29628.424199136585, 24427.57392537895, 29628.424199136585
166, 31653.07058583609, 24493.439262560634, 31653.07058583609, 29639.016006917038, 24437.394083916228, 29639.016006917038
167, 31653.07058583609, 24493.439262560634, 31653.07058583609, 29644.374317232407, 24439.068664651735, 29644.374317232407
168, 31733.051084501854, 24473.065670082044, 31733.051084501854, 29657.780436077792, 24447.103635345436, 29657.780436077792
169, 31733.051084501854, 24473.065670082044, 31733.051084501854, 29661.100751941864, 24459.13208660871, 29661.100751941864
170, 31733.051084501854, 24473.065670082044, 31733.051084501854, 29704.5620447335, 24480.011628899192, 29704.5620447335
171, 31733.051084501854, 24473.065670082044, 31733.051084501854, 29686.224309679652, 24485.78674777992, 29686.224309679652
172, 31733.051084501854, 24473.065670082044, 31733.051084501854, 29669.304062695453, 24440.53900049604, 29669.304062695453
173, 31733.051084501854, 24473.065670082044, 31733.051084501854, 29708.658936028954, 24429.570736212474, 29708.658936028954
174, 31733.051084501854, 24473.065670082044, 31733.051084501854, 29753.176872406675, 24448.24860653264, 29753.176872406675
175, 31796.412442047167, 24489.047737858764, 31796.412442047167, 29746.50545670855, 24475.93701501886, 29746.50545670855
176, 31796.790588425363, 24426.229968963205, 31796.790588425363, 29686.534096883715, 24532.985774274777, 29686.534096883715
177, 31796.790588425363, 24426.229968963205, 31796.790588425363, 29720.957735462285, 24535.60970273211, 29720.957735462285
178, 31796.790588425363, 24426.229968963205, 31796.790588425363, 29696.545635461956, 24535.87609263623, 29696.545635461956
179, 31834.021227352783, 24679.961785114217, 31834.021227352783, 29786.374952523576, 24537.93727837944, 29786.374952523576
180, 31834.021227352783, 24679.961785114217, 31834.021227352783, 29752.164098247802, 24538.318781154045, 29752.164098247802
181, 31834.021227352783, 24679.961785114217, 31834.021227352783, 29772.664296437288, 24537.026877889686, 29772.664296437288
182, 31834.021227352783, 24679.961785114217, 31834.021227352783, 29777.25650795532, 24537.122200582347, 29777.25650795532
183, 31834.021227352783, 24679.961785114217, 31834.021227352783, 29755.12855088742, 24532.356929381494, 29755.12855088742
184, 31856.332789487686, 24173.541476492977, 31856.332789487686, 29772.838529237826, 24527.955943730005, 29772.838529237826
185, 31856.332789487686, 24173.541476492977, 31856.332789487686, 29769.102520745568, 24529.76344841085, 29769.102520745568
186, 31856.332789487686, 24173.541476492977, 31856.332789487686, 29775.986747772862, 24541.289096010238, 29775.986747772862
187, 31911.566087134055, 24508.17373287878, 31911.566087134055, 29794.764948414842, 24535.989141364447, 29794.764948414842
188, 31911.566087134055, 24508.17373287878, 31911.566087134055, 29847.000458616818, 24532.33198464226, 29847.000458616818
189, 31911.566087134055, 24508.17373287878, 31911.566087134055, 29841.236350764, 24532.624290797456, 29841.236350764
190, 31911.566087134055, 24508.17373287878, 31911.566087134055, 29819.436130087503, 24555.761493887858, 29819.436130087503
191, 32007.73315144507, 24640.12448458729, 32007.73315144507, 29794.873327651, 24602.665925497877, 29794.873327651
192, 32007.73315144507, 24640.12448458729, 32007.73315144507, 29855.590240957543, 24586.642629741786, 29855.590240957543
193, 32007.73315144507, 24640.12448458729, 32007.73315144507, 29837.225896198597, 24539.370028522484, 29837.225896198597
194, 32007.73315144507, 24640.12448458729, 32007.73315144507, 29887.974394471337, 24440.388482592185, 29887.974394471337
195, 32007.73315144507, 24640.12448458729, 32007.73315144507, 29853.881013944894, 24378.84164929822, 29853.881013944894
196, 32007.73315144507, 24640.12448458729, 32007.73315144507, 29817.686707407862, 24416.00267963093, 29817.686707407862
197, 32007.73315144507, 24640.12448458729, 32007.73315144507, 29839.214557756215, 24470.963946563414, 29839.214557756215
198, 32007.73315144507, 24640.12448458729, 32007.73315144507, 29868.318248508393, 24525.876148630086, 29868.318248508393
199, 32007.73315144507, 24640.12448458729, 32007.73315144507, 29871.199899240142, 24530.234341921714, 29871.199899240142
200, 32007.73315144507, 24640.12448458729, 32007.73315144507, 29875.57010805253, 24533.164132989677, 29875.57010805253
201, 32009.81918187009, 24590.581555001725, 32009.81918187009, 29887.3713199024, 24562.085785620377, 29887.3713199024
202, 32009.81918187009, 24590.581555001725, 32009.81918187009, 29874.27225818412, 24610.247975497652, 29874.27225818412
203, 32054.691219157867, 24409.79196128376, 32054.691219157867, 29985.072380733905, 24638.828032562098, 29985.072380733905
204, 32054.691219157867, 24409.79196128376, 32054.691219157867, 29926.33030101765, 24637.848328814296, 29926.33030101765
205, 32054.691219157867, 24409.79196128376, 32054.691219157867, 29939.42313543161, 24635.508547434394, 29939.42313543161
206, 32054.691219157867, 24409.79196128376, 32054.691219157867, 29951.562268058715, 24631.481281219116, 29951.562268058715
207, 32054.691219157867, 24409.79196128376, 32054.691219157867, 29926.580166424254, 24621.691124267258, 29926.580166424254
208, 32054.691219157867, 24409.79196128376, 32054.691219157867, 29951.079327411902, 24604.873721039792, 29951.079327411902
209, 32054.691219157867, 24409.79196128376, 32054.691219157867, 29943.601995398625, 24583.85180705048, 29943.601995398625
210, 32055.919460076664, 24665.39852184354, 32055.919460076664, 29951.712825476887, 24560.692351376285, 29951.712825476887
211, 32075.774962793905, 24238.305907616832, 32075.774962793905, 29993.355553302044, 24541.39086564145, 29993.355553302044
212, 32075.774962793905, 24238.305907616832, 32075.774962793905, 29939.944599861716, 24490.003802472922, 29939.944599861716
213, 32075.774962793905, 24238.305907616832, 32075.774962793905, 30013.978113223417, 24494.282234309743, 30013.978113223417
214, 32076.86884034362, 24467.704970441613, 32076.86884034362, 29993.006802583343, 24497.882736636224, 29993.006802583343
215, 32145.43227144237, 24683.745389293505, 32145.43227144237, 29968.939916407904, 24513.399464461207, 29968.939916407904
216, 32145.43227144237, 24683.745389293505, 32145.43227144237, 30006.45025121702, 24531.213615306202, 30006.45025121702
217, 32145.43227144237, 24683.745389293505, 32145.43227144237, 30016.925115171405, 24553.938309062043, 30016.925115171405
218, 32145.43227144237, 24683.745389293505, 32145.43227144237, 29974.742082229564, 24595.46544868225, 29974.742082229564
219, 32145.43227144237, 24683.745389293505, 32145.43227144237, 30045.228098031686, 24541.124894363686, 30045.228098031686
220, 32145.43227144237, 24683.745389293505, 32145.43227144237, 30050.919686621408, 24485.106756273024, 30050.919686621408
221, 32145.43227144237, 24683.745389293505, 32145.43227144237, 30035.48657261143, 24544.06578904427, 30035.48657261143
222, 32145.43227144237, 24683.745389293505, 32145.43227144237, 30058.337820897923, 24596.25882217185, 30058.337820897923
223, 32145.43227144237, 24683.745389293505, 32145.43227144237, 30092.142104082406, 24662.1693506318, 30092.142104082406
224, 32145.43227144237, 24683.745389293505, 32145.43227144237, 30047.931648861082, 24674.029162666826, 30047.931648861082
225, 32165.423667687057, 24340.008762238725, 32165.423667687057, 30051.28994365979, 24672.94764330281, 30051.28994365979
226, 32165.423667687057, 24340.008762238725, 32165.423667687057, 30085.316702618475, 24674.086234991857, 30085.316702618475
227, 32165.423667687057, 24340.008762238725, 32165.423667687057, 30026.86169639855, 24675.168103462252, 30026.86169639855
228, 32165.423667687057, 24340.008762238725, 32165.423667687057, 30082.119570451356, 24670.048152468848, 30082.119570451356
229, 32165.423667687057, 24340.008762238725, 32165.423667687057, 30033.610530785434, 24666.493669676445, 30033.610530785434
230, 32165.423667687057, 24340.008762238725, 32165.423667687057, 30078.74536958769, 24665.76228996573, 30078.74536958769
231, 32196.984423128142, 24283.227769635654, 32196.984423128142, 30046.4830495303, 24655.24856504293, 30046.4830495303
232, 32196.984423128142, 24283.227769635654, 32196.984423128142, 30058.641130379532, 24647.177428035036, 30058.641130379532
233, 32196.984423128142, 24283.227769635654, 32196.984423128142, 30093.788275808416, 24636.482448072107, 30093.788275808416
234, 32196.984423128142, 24283.227769635654, 32196.984423128142, 30049.196848366664, 24605.177932620143, 30049.196848366664
235, 32276.056232478964, 24591.300667176387, 32276.056232478964, 30061.12068177789, 24553.66953538995, 30061.12068177789
236, 32276.056232478964, 24591.300667176387, 32276.056232478964, 30029.55515008243, 24506.71139250016, 30029.55515008243
237, 32276.056232478964, 24591.300667176387, 32276.056232478964, 30082.70739776541, 24455.49242874375, 30082.70739776541
238, 32276.056232478964, 24591.300667176387, 32276.056232478964, 30080.864327978197, 24432.643657229393, 30080.864327978197
239, 32276.056232478964, 24591.300667176387, 32276.056232478964, 30062.61987748689, 24430.60361198078, 30062.61987748689
240, 32276.056232478964, 24591.300667176387, 32276.056232478964, 30052.029818094503, 24422.859696721676, 30052.029818094503
241, 32276.056232478964, 24591.300667176387, 32276.056232478964, 30102.070748905586, 24406.739347293842, 30102.070748905586
242, 32276.056232478964, 24591.300667176387, 32276.056232478964, 30135.936609217264, 24411.483264428483, 30135.936609217264
243, 32276.056232478964, 24591.300667176387, 32276.056232478964, 30062.616656622653, 24421.496827511153, 30062.616656622653
244, 32276.056232478964, 24591.300667176387, 32276.056232478964, 30119.802826807638, 24437.457713390082, 30119.802826807638
245, 32276.056232478964, 24591.300667176387, 32276.056232478964, 30120.324575463164, 24463.24215940554, 30120.324575463164
246, 32276.056232478964, 24591.300667176387, 32276.056232478964, 30111.456000092854, 24508.954203275403, 30111.456000092854
247, 32276.056232478964, 24591.300667176387, 32276.056232478964, 30156.16906302543, 24582.868519626056, 30156.16906302543
248, 32309.721905259918, 24477.22276659903, 32309.721905259918, 30131.768531190763, 24609.130225954676, 30131.768531190763
249, 32309.721905259918, 24477.22276659903, 32309.721905259918, 30102.40777909644, 24609.12781395156, 30102.40777909644
250, 32309.721905259918, 24477.22276659903, 32309.721905259918, 30126.57648615714, 24609.24121133473, 30126.57648615714
251, 32309.721905259918, 24477.22276659903, 32309.721905259918, 30119.418117727448, 24609.089795350046, 30119.418117727448
252, 32309.721905259918, 24477.22276659903, 32309.721905259918, 30115.956544140972, 24607.11131011808, 30115.956544140972
253, 32309.721905259918, 24477.22276659903, 32309.721905259918, 30136.194590215644, 24604.18390916897, 30136.194590215644
254, 32309.721905259918, 24477.22276659903, 32309.721905259918, 30143.537992909467, 24603.22671493154, 30143.537992909467
255, 32353.56769030052, 24445.366231022115, 32353.56769030052, 30127.715689560202, 24593.7412923443, 30127.715689560202
256, 32353.56769030052, 24445.366231022115, 32353.56769030052, 30138.377286462775, 24586.505850869176, 30138.377286462775
257, 32353.56769030052, 24445.366231022115, 32353.56769030052, 30178.397069434523, 24576.446239693225, 30178.397069434523
258, 32353.56769030052, 24445.366231022115, 32353.56769030052, 30134.295352116478, 24554.120979202427, 30134.295352116478
259, 32353.56769030052, 24445.366231022115, 32353.56769030052, 30166.551770386905, 24531.36222013533, 30166.551770386905
260, 32381.14312991507, 24680.36266634396, 32381.14312991507, 30168.171997292993, 24525.857468402734, 30168.171997292993
261, 32381.14312991507, 24680.36266634396, 32381.14312991507, 30232.19854417304, 24526.883365571593, 30232.19854417304
262, 32382.655097256487, 24461.42252501087, 32382.655097256487, 30204.665484822377, 24521.675056809763, 30204.665484822377
263, 32495.150825977373, 24389.26343544577, 32495.150825977373, 30194.196315328485, 24512.785636147884, 30194.196315328485
264, 32495.150825977373, 24389.26343544577, 32495.150825977373, 30223.090110538265, 24521.502099988236, 30223.090110538265
265, 32495.150825977373, 24389.26343544577, 32495.150825977373, 30210.317261117372, 24515.823796692373, 30210.317261117372
266, 32495.150825977373, 24389.26343544577, 32495.150825977373, 30213.766038301474, 24561.673777705088, 30213.766038301474
267, 32495.150825977373, 24389.26343544577, 32495.150825977373, 30169.60014553588, 24585.81266231132, 30169.60014553588
268, 32495.150825977373, 24389.26343544577, 32495.150825977373, 30221.384922604026, 24631.74405233361, 30221.384922604026
269, 32495.150825977373, 24389.26343544577, 32495.150825977373, 30210.017000583837, 24607.38796650048, 30210.017000583837
270, 32495.150825977373, 24389.26343544577, 32495.150825977373, 30274.0903680604, 24566.781575453948, 30274.0903680604
271, 32495.150825977373, 24389.26343544577, 32495.150825977373, 30218.237441870057, 24533.703161060348, 30218.237441870057
272, 32495.150825977373, 24389.26343544577, 32495.150825977373, 30309.405881412877, 24543.532115391226, 30309.405881412877
273, 32495.150825977373, 24389.26343544577, 32495.150825977373, 30304.666721375637, 24516.446487777706, 30304.666721375637
274, 32495.150825977373, 24389.26343544577, 32495.150825977373, 30284.450397339962, 24469.763090665136, 30284.450397339962
275, 32519.183497932267, 24685.855978664295, 32519.183497932267, 30283.94920946942, 24470.74781080709, 30283.94920946942
276, 32536.764443777367, 24450.784200529208, 32536.764443777367, 30293.269437803487, 24472.383971641528, 30293.269437803487
277, 32536.764443777367, 24450.784200529208, 32536.764443777367, 30290.65548012375, 24472.05823937599, 30290.65548012375
278, 32536.764443777367, 24450.784200529208, 32536.764443777367, 30279.82331887591, 24475.163611855176, 30279.82331887591
279, 32536.764443777367, 24450.784200529208, 32536.764443777367, 30326.205478839787, 24477.965226927932, 30326.205478839787
280, 32536.764443777367, 24450.784200529208, 32536.764443777367, 30310.666439995, 24483.51244747789, 30310.666439995
281, 32536.764443777367, 24450.784200529208, 32536.764443777367, 30294.999959428085, 24486.043907917738, 30294.999959428085
282, 32536.764443777367, 24450.784200529208, 32536.764443777367, 30325.26093765377, 24497.984741030177, 30325.26093765377
283, 32572.007251997857, 24508.850840134673, 32572.007251997857, 30308.246204710216, 24516.99805808925, 30308.246204710216
284, 32572.007251997857, 24508.850840134673, 32572.007251997857, 30354.524137360408, 24555.347842792136, 30354.524137360408
285, 32572.007251997857, 24508.850840134673, 32572.007251997857, 30304.627188188544, 24594.36666358327, 30304.627188188544
286, 32572.007251997857, 24508.850840134673, 32572.007251997857, 30328.633801727017, 24551.009700397673, 30328.633801727017
287, 32572.007251997857, 24508.850840134673, 32572.007251997857, 30324.89401764676, 24513.659772355222, 30324.89401764676
288, 32572.007251997857, 24508.850840134673, 32572.007251997857, 30322.291704488263, 24516.770148391184, 30322.291704488263
289, 32621.145650488015, 24469.95472139537, 32621.145650488015, 30368.630198202547, 24515.95257139168, 30368.630198202547
290, 32621.145650488015, 24469.95472139537, 32621.145650488015, 30353.90031139637, 24518.745467389952, 30353.90031139637
291, 32621.145650488015, 24469.95472139537, 32621.145650488015, 30364.06124460029, 24521.30203459856, 30364.06124460029
292, 32621.145650488015, 24469.95472139537, 32621.145650488015, 30322.437279410424, 24525.864465851104, 30322.437279410424
293, 32621.145650488015, 24469.95472139537, 32621.145650488015, 30345.331915115104, 24539.967894502628, 30345.331915115104
294, 32621.145650488015, 24469.95472139537, 32621.145650488015, 30377.11924022746, 24551.583286040142, 30377.11924022746
295, 32621.145650488015, 24469.95472139537, 32621.145650488015, 30321.80931490785, 24552.325569807595, 30321.80931490785
296, 32621.145650488015, 24469.95472139537, 32621.145650488015, 30353.26007426741, 24552.108391827252, 30353.26007426741
297, 32621.145650488015, 24469.95472139537, 32621.145650488015, 30360.84918940284, 24550.476252738164, 30360.84918940284
298, 32627.394308711813, 24543.802099293025, 32627.394308711813, 30373.024082530206, 24548.298022406772, 30373.024082530206
299, 32628.383530035706, 24619.058192053548, 32628.383530035706, 30372.656895028158, 24548.099001316034, 30372.656895028158
300, 32628.383530035706, 24619.058192053548, 32628.383530035706, 30426.41691542782, 24541.4375641404, 30426.41691542782
301, 32628.383530035706, 24619.058192053548, 32628.383530035706, 30385.3163825277, 24538.90100247954, 30385.3163825277
302, 32628.383530035706, 24619.058192053548, 32628.383530035706, 30387.831633032885, 24536.865722913695, 30387.831633032885
303, 32679.10910426433, 24471.427789953774, 32679.10910426433, 30369.697778649796, 24542.170899307577, 30369.697778649796
304, 32679.10910426433, 24471.427789953774, 32679.10910426433, 30400.45013956687, 24556.102175938617, 30400.45013956687
305, 32679.10910426433, 24471.427789953774, 32679.10910426433, 30405.682524845226, 24570.903427034562, 30405.682524845226
306, 32679.10910426433, 24471.427789953774, 32679.10910426433, 30371.234734422073, 24596.364923238267, 30371.234734422073
307, 32679.10910426433, 24471.427789953774, 32679.10910426433, 30401.421540536267, 24604.021315995127, 30401.421540536267
308, 32679.10910426433, 24471.427789953774, 32679.10910426433, 30424.944867036516, 24617.999108181633, 30424.944867036516
309, 32679.10910426433, 24471.427789953774, 32679.10910426433, 30411.06148198966, 24604.888651913734, 30411.06148198966
310, 32679.10910426433, 24471.427789953774, 32679.10910426433, 30372.8691366864, 24589.500187583024, 30372.8691366864
311, 32719.576207495174, 24677.354390858283, 32719.576207495174, 30390.337089188313, 24565.638580840994, 30390.337089188313
312, 32719.576207495174, 24677.354390858283, 32719.576207495174, 30366.266643477287, 24531.49727886858, 30366.266643477287
313, 32719.576207495174, 24677.354390858283, 32719.576207495174, 30399.89561751205, 24525.651408247213, 30399.89561751205
314, 32719.576207495174, 24677.354390858283, 32719.576207495174, 30472.19808569647, 24533.745221351342, 30472.19808569647
315, 32719.576207495174, 24677.354390858283, 32719.576207495174, 30392.297326949636, 24539.386475848398, 30392.297326949636
316, 32719.576207495174, 24677.354390858283, 32719.576207495174, 30427.3412061952, 24546.67565144783, 30427.3412061952
317, 32740.608217004177, 24473.732391868918, 32740.608217004177, 30413.4916951787, 24562.235558916953, 30413.4916951787
318, 32740.608217004177, 24473.732391868918, 32740.608217004177, 30407.377467086844, 24590.743065947165, 30407.377467086844
319, 32740.608217004177, 24473.732391868918, 32740.608217004177, 30462.169426969514, 24634.40039067897, 30462.169426969514
320, 32740.608217004177, 24473.732391868918, 32740.608217004177, 30406.691963776353, 24670.068918189347, 30406.691963776353
321, 32740.608217004177, 24473.732391868918, 32740.608217004177, 30490.18245279904, 24664.341640815815, 30490.18245279904
322, 32753.041578881923, 24509.46399321046, 32753.041578881923, 30447.2609605398, 24660.96079215909, 30447.2609605398
323, 32753.041578881923, 24509.46399321046, 32753.041578881923, 30444.514771298218, 24653.328793077293, 30444.514771298218
324, 32753.041578881923, 24509.46399321046, 32753.041578881923, 30500.59283497679, 24645.918654715613, 30500.59283497679
325, 32753.041578881923, 24509.46399321046, 32753.041578881923, 30443.672898448556, 24628.213685258208, 30443.672898448556
326, 32753.041578881923, 24509.46399321046, 32753.041578881923, 30472.28156539936, 24599.154108602506, 30472.28156539936
327, 32754.030918315795, 24602.3104411284, 32754.030918315795, 30496.649653845023, 24543.70609263445, 30496.649653845023
328, 32754.030918315795, 24602.3104411284, 32754.030918315795, 30461.85600003512, 24532.591664527943, 30461.85600003512
329, 32754.030918315795, 24602.3104411284, 32754.030918315795, 30486.397078680657, 24536.45541747323, 30486.397078680657
330, 32754.030918315795, 24602.3104411284, 32754.030918315795, 30455.397146975403, 24539.75032526226, 30455.397146975403
331, 32788.940458046905, 24218.64810405643, 32788.940458046905, 30464.418169734083, 24548.587069544625, 30464.418169734083
332, 32788.940458046905, 24218.64810405643, 32788.940458046905, 30488.240327493655, 24559.091641895386, 30488.240327493655
333, 32788.940458046905, 24218.64810405643, 32788.940458046905, 30461.64811129012, 24562.6871890018, 30461.64811129012
334, 32788.940458046905, 24218.64810405643, 32788.940458046905, 30473.885954339956, 24567.22489700762, 30473.885954339956
335, 32788.940458046905, 24218.64810405643, 32788.940458046905, 30490.64772778172, 24579.419867492536, 30490.64772778172
336, 32788.940458046905, 24218.64810405643, 32788.940458046905, 30505.87972976881, 24596.308290239234, 30505.87972976881
337, 32788.940458046905, 24218.64810405643, 32788.940458046905, 30469.827136656124, 24576.119043571296, 30469.827136656124
338, 32788.940458046905, 24218.64810405643, 32788.940458046905, 30462.225586341377, 24539.210516826133, 30462.225586341377
339, 32788.940458046905, 24218.64810405643, 32788.940458046905, 30531.161880472315, 24490.304639123082, 30531.161880472315
340, 32788.940458046905, 24218.64810405643, 32788.940458046905, 30538.876972548445, 24423.020552628295, 30538.876972548445
341, 32806.154264718665, 24245.75150440598, 32806.154264718665, 30509.54581330061, 24349.425781294936, 30509.54581330061
342, 32838.01870190315, 24260.01236258013, 32838.01870190315, 30474.725470858644, 24350.443088909407, 30474.725470858644
343, 32838.01870190315, 24260.01236258013, 32838.01870190315, 30507.999498521556, 24350.806103491785, 30507.999498521556
344, 32838.01870190315, 24260.01236258013, 32838.01870190315, 30503.420531126267, 24348.18411771453, 30503.420531126267
345, 32838.01870190315, 24260.01236258013, 32838.01870190315, 30532.5793850716, 24352.546143608284, 30532.5793850716
346, 32838.01870190315, 24260.01236258013, 32838.01870190315, 30520.205893924758, 24353.448497283953, 30520.205893924758
347, 32838.01870190315, 24260.01236258013, 32838.01870190315, 30493.79898887645, 24354.401852306175, 30493.79898887645
348, 32838.01870190315, 24260.01236258013, 32838.01870190315, 30489.611766855116, 24359.031650023433, 30489.611766855116
349, 32838.01870190315, 24260.01236258013, 32838.01870190315, 30528.704887549397, 24362.12813626196, 30528.704887549397
350, 32838.01870190315, 24260.01236258013, 32838.01870190315, 30526.411951046623, 24370.667122200462, 30526.411951046623
351, 32866.878478973515, 24240.79131513967, 32866.878478973515, 30532.15766787048, 24376.453465618826, 30532.15766787048
352, 32866.878478973515, 24240.79131513967, 32866.878478973515, 30535.184571430946, 24379.56080091238, 30535.184571430946
353, 32923.41495514159, 24096.224119258757, 32923.41495514159, 30485.13652920288, 24378.376902888893, 30485.13652920288
354, 32929.61809786041, 24578.858434896865, 32929.61809786041, 30572.81621279177, 24378.709213512888, 30572.81621279177
355, 32929.61809786041, 24578.858434896865, 32929.61809786041, 30610.40026529583, 24379.944271220265, 30610.40026529583
356, 32929.61809786041, 24578.858434896865, 32929.61809786041, 30547.433687527082, 24378.827626463535, 30547.433687527082
357, 32929.61809786041, 24578.858434896865, 32929.61809786041, 30553.20861610923, 24376.378251905393, 30553.20861610923
358, 32929.61809786041, 24578.858434896865, 32929.61809786041, 30556.17766796955, 24377.5998962058, 30556.17766796955
359, 32929.61809786041, 24578.858434896865, 32929.61809786041, 30570.262695836147, 24376.652240724616, 30570.262695836147
360, 32929.61809786041, 24578.858434896865, 32929.61809786041, 30542.062975357556, 24381.59332004521, 30542.062975357556
361, 32929.61809786041, 24578.858434896865, 32929.61809786041, 30582.5889643371, 24379.749917078178, 30582.5889643371
362, 32929.61809786041, 24578.858434896865, 32929.61809786041, 30619.169887129505, 24386.082965951726, 30619.169887129505
363, 32929.61809786041, 24578.858434896865, 32929.61809786041, 30638.95201361319, 24388.37029569509, 30638.95201361319
364, 32929.61809786041, 24578.858434896865, 32929.61809786041, 30596.31153701244, 24399.919224371315, 30596.31153701244
365, 32929.61809786041, 24578.858434896865, 32929.61809786041, 30572.48718348555, 24479.194590261744, 30572.48718348555
366, 32929.61809786041, 24578.858434896865, 32929.61809786041, 30620.74137633677, 24601.467054518853, 30620.74137633677
367, 32947.8860225965, 24601.036333163313, 32947.8860225965, 30589.739659846808, 24601.515967739317, 30589.739659846808
368, 32947.8860225965, 24601.036333163313, 32947.8860225965, 30600.063514352438, 24601.41030614988, 30600.063514352438
369, 32947.8860225965, 24601.036333163313, 32947.8860225965, 30613.42346527577, 24604.04938926372, 30613.42346527577
370, 32947.8860225965, 24601.036333163313, 32947.8860225965, 30581.18684690225, 24603.621029530732, 30581.18684690225
371, 32947.8860225965, 24601.036333163313, 32947.8860225965, 30571.000595707475, 24602.678108995344, 30571.000595707475
372, 32990.41180531277, 24393.41331291663, 32990.41180531277, 30584.71256358607, 24603.864459078675, 30584.71256358607
373, 32990.41180531277, 24393.41331291663, 32990.41180531277, 30589.424756088298, 24600.938192785048, 30589.424756088298
374, 32990.41180531277, 24393.41331291663, 32990.41180531277, 30600.44812454913, 24604.159966768053, 30600.44812454913
375, 32990.41180531277, 24393.41331291663, 32990.41180531277, 30584.15427288915, 24603.721988296347, 30584.15427288915
376, 32990.41180531277, 24393.41331291663, 32990.41180531277, 30636.725785188595, 24605.996652538255, 30636.725785188595
377, 32990.41180531277, 24393.41331291663, 32990.41180531277, 30625.720764858295, 24605.446028376646, 30625.720764858295
378, 32990.41180531277, 24393.41331291663, 32990.41180531277, 30590.6274701609, 24608.835606164565, 30590.6274701609
379, 32990.41180531277, 24393.41331291663, 32990.41180531277, 30637.106470503775, 24608.591448294268, 30637.106470503775
380, 32990.41180531277, 24393.41331291663, 32990.41180531277, 30634.817047116165, 24598.004634482637, 30634.817047116165
381, 32990.41180531277, 24393.41331291663, 32990.41180531277, 30617.22273007412, 24589.415345147554, 30617.22273007412
382, 32990.41180531277, 24393.41331291663, 32990.41180531277, 30622.132506690665, 24577.083049199508, 30622.132506690665
383, 32990.41180531277, 24393.41331291663, 32990.41180531277, 30637.117575415676, 24541.67447374196, 30637.117575415676
384, 32990.41180531277, 24393.41331291663, 32990.41180531277, 30629.95932039529, 24508.847830350882, 30629.95932039529
385, 32990.41180531277, 24393.41331291663, 32990.41180531277, 30608.48500843328, 24472.45171973798, 30608.48500843328
386, 32990.41180531277, 24393.41331291663, 32990.41180531277, 30641.860637041093, 24469.879415615982, 30641.860637041093
387, 32990.41180531277, 24393.41331291663, 32990.41180531277, 30651.761664306476, 24470.73071039238, 30651.761664306476
388, 33008.7413287423, 24468.41930713453, 33008.7413287423, 30599.78594352958, 24473.751766738962, 30599.78594352958
389, 33008.7413287423, 24468.41930713453, 33008.7413287423, 30639.622668126594, 24473.34235479399, 30639.622668126594
390, 33008.7413287423, 24468.41930713453, 33008.7413287423, 30687.336892173465, 24473.16733474015, 30687.336892173465
391, 33085.7331060538, 24481.533851026576, 33085.7331060538, 30670.549925223888, 24472.814412101656, 30670.549925223888
392, 33085.7331060538, 24481.533851026576, 33085.7331060538, 30629.2828380553, 24471.518732181008, 30629.2828380553
393, 33085.7331060538, 24481.533851026576, 33085.7331060538, 30620.65719111905, 24474.06762301766, 30620.65719111905
394, 33085.7331060538, 24481.533851026576, 33085.7331060538, 30640.96933422366, 24475.100459829373, 30640.96933422366
395, 33085.7331060538, 24481.533851026576, 33085.7331060538, 30625.60760483164, 24477.558834843127, 30625.60760483164
396, 33085.7331060538, 24481.533851026576, 33085.7331060538, 30597.8761845895, 24482.071448438084, 30597.8761845895
397, 33089.9046520455, 24387.017503296105, 33089.9046520455, 30645.692819723583, 24486.975011488295, 30645.692819723583
398, 33089.9046520455, 24387.017503296105, 33089.9046520455, 30667.148052419347, 24492.871722291646, 30667.148052419347
399, 33089.9046520455, 24387.017503296105, 33089.9046520455, 30651.26163948046, 24508.31963761809, 30651.26163948046
400, 33089.9046520455, 24387.017503296105, 33089.9046520455, 30667.587242111065, 24526.4023053245, 30667.587242111065
401, 33089.9046520455, 24387.017503296105, 33089.9046520455, 30678.28404657944, 24527.880413459898, 30678.28404657944
402, 33148.296177241595, 24591.369543195906, 33148.296177241595, 30708.51410890186, 24533.006502044635, 30708.51410890186
403, 33179.30699350988, 24570.026857435383, 33179.30699350988, 30685.057598082964, 24534.833087118237, 30685.057598082964
404, 33179.30699350988, 24570.026857435383, 33179.30699350988, 30650.244423793632, 24533.494112333563, 30650.244423793632
405, 33179.30699350988, 24570.026857435383, 33179.30699350988, 30705.285253984024, 24531.570298915412, 30705.285253984024
406, 33179.30699350988, 24570.026857435383, 33179.30699350988, 30705.092132074806, 24530.65800685171, 30705.092132074806
407, 33179.30699350988, 24570.026857435383, 33179.30699350988, 30734.263588409183, 24526.89473117387, 30734.263588409183
408, 33179.30699350988, 24570.026857435383, 33179.30699350988, 30722.449832388695, 24521.469066965557, 30722.449832388695
409, 33179.30699350988, 24570.026857435383, 33179.30699350988, 30752.20846215632, 24555.85890202805, 30752.20846215632
410, 33179.30699350988, 24570.026857435383, 33179.30699350988, 30774.164438992517, 24601.093495353813, 30774.164438992517
411, 33179.30699350988, 24570.026857435383, 33179.30699350988, 30769.30934974626, 24595.741431145445, 30769.30934974626
412, 33186.652477463285, 24463.06671533898, 33186.652477463285, 30766.83136556939, 24595.022491696007, 30766.83136556939
413, 33199.427058572146, 24526.272564544557, 33199.427058572146, 30803.888399856907, 24594.49323062545, 30803.888399856907
414, 33199.427058572146, 24526.272564544557, 33199.427058572146, 30771.67537776545, 24594.598229524312, 30771.67537776545
415, 33199.427058572146, 24526.272564544557, 33199.427058572146, 30796.224314632465, 24592.866886085034, 30796.224314632465
416, 33199.427058572146, 24526.272564544557, 33199.427058572146, 30808.7793326442, 24589.873544126716, 30808.7793326442
417, 33199.427058572146, 24526.272564544557, 33199.427058572146, 30806.474568905905, 24586.015310372477, 30806.474568905905
418, 33199.427058572146, 24526.272564544557, 33199.427058572146, 30765.43509087835, 24578.16191555121, 30765.43509087835
419, 33199.427058572146, 24526.272564544557, 33199.427058572146, 30815.92219681757, 24569.682158041323, 30815.92219681757
420, 33199.427058572146, 24526.272564544557, 33199.427058572146, 30794.250981559526, 24549.51013097721, 30794.250981559526
421, 33199.427058572146, 24526.272564544557, 33199.427058572146, 30778.24269818031, 24564.275006914948, 30778.24269818031
422, 33243.72694808154, 24606.122526476527, 33243.72694808154, 30803.022978540288, 24566.942589931983, 30803.022978540288
423, 33243.72694808154, 24606.122526476527, 33243.72694808154, 30768.108409167595, 24566.560104559256, 30768.108409167595
424, 33243.72694808154, 24606.122526476527, 33243.72694808154, 30792.780013324915, 24566.64065209176, 30792.780013324915
425, 33243.72694808154, 24606.122526476527, 33243.72694808154, 30768.06034137676, 24567.84234045493, 30768.06034137676
426, 33243.72694808154, 24606.122526476527, 33243.72694808154, 30756.678886427428, 24570.157655388604, 30756.678886427428
427, 33243.72694808154, 24606.122526476527, 33243.72694808154, 30774.096906625422, 24572.201174237598, 30774.096906625422
428, 33243.72694808154, 24606.122526476527, 33243.72694808154, 30703.280802316516, 24578.211338582933, 30703.280802316516
429, 33243.72694808154, 24606.122526476527, 33243.72694808154, 30767.210860629988, 24582.47424469855, 30767.210860629988
430, 33243.72694808154, 24606.122526476527, 33243.72694808154, 30793.790221488456, 24596.113196765793, 30793.790221488456
431, 33243.72694808154, 24606.122526476527, 33243.72694808154, 30836.68752927307, 24615.556889355186, 30836.68752927307
432, 33243.72694808154, 24606.122526476527, 33243.72694808154, 30816.832482242513, 24619.701888837706, 30816.832482242513
433, 33243.72694808154, 24606.122526476527, 33243.72694808154, 30837.89682889772, 24620.574269947927, 30837.89682889772
434, 33243.72694808154, 24606.122526476527, 33243.72694808154, 30855.81819051788, 24621.187914223454, 30855.81819051788
435, 33264.476310163685, 24586.625131040706, 33264.476310163685, 30808.161321976786, 24622.396348017224, 30808.161321976786
436, 33264.476310163685, 24586.625131040706, 33264.476310163685, 30798.02516176172, 24620.5040323472, 30798.02516176172
437, 33264.476310163685, 24586.625131040706, 33264.476310163685, 30818.36042008004, 24621.687372582794, 30818.36042008004
438, 33264.476310163685, 24586.625131040706, 33264.476310163685, 30805.72938902908, 24620.596627691135, 30805.72938902908
439, 33264.476310163685, 24586.625131040706, 33264.476310163685, 30792.781711322055, 24619.535231432477, 30792.781711322055
440, 33264.476310163685, 24586.625131040706, 33264.476310163685, 30860.18934781931, 24618.507554529904, 30860.18934781931
441, 33264.476310163685, 24586.625131040706, 33264.476310163685, 30798.41813945359, 24616.90376751419, 30798.41813945359
442, 33264.476310163685, 24586.625131040706, 33264.476310163685, 30814.16498847959, 24617.130620112323, 30814.16498847959
443, 33264.476310163685, 24586.625131040706, 33264.476310163685, 30829.68533490463, 24617.824701437716, 30829.68533490463
444, 33264.476310163685, 24586.625131040706, 33264.476310163685, 30831.77879898973, 24615.588172778673, 30831.77879898973
445, 33264.476310163685, 24586.625131040706, 33264.476310163685, 30824.054428587453, 24610.030255795235, 30824.054428587453
446, 33264.476310163685, 24586.625131040706, 33264.476310163685, 30824.008528894217, 24606.771787449004, 30824.008528894217
447, 33302.91549520792, 24612.07435050468, 33302.91549520792, 30804.55798462026, 24609.452805573015, 30804.55798462026
448, 33302.91549520792, 24612.07435050468, 33302.91549520792, 30894.118801972523, 24607.98735645799, 30894.118801972523
449, 33302.91549520792, 24612.07435050468, 33302.91549520792, 30792.716047978356, 24607.951545934175, 30792.716047978356
450, 33302.91549520792, 24612.07435050468, 33302.91549520792, 30829.462802462498, 24607.800960642322, 30829.462802462498
451, 33302.91549520792, 24612.07435050468, 33302.91549520792, 30847.201262899835, 24608.638079442306, 30847.201262899835
452, 33302.91549520792, 24612.07435050468, 33302.91549520792, 30844.705747800002, 24609.85636166159, 30844.705747800002
453, 33302.91549520792, 24612.07435050468, 33302.91549520792, 30752.507897423064, 24608.564979624007, 30752.507897423064
454, 33302.91549520792, 24612.07435050468, 33302.91549520792, 30854.90088082314, 24612.25310979218, 30854.90088082314
455, 33302.91549520792, 24612.07435050468, 33302.91549520792, 30847.192702360302, 24615.65379379573, 30847.192702360302
456, 33302.91549520792, 24612.07435050468, 33302.91549520792, 30862.42750974164, 24619.50860564903, 30862.42750974164
457, 33302.91549520792, 24612.07435050468, 33302.91549520792, 30820.76367542853, 24625.386553812932, 30820.76367542853
458, 33302.91549520792, 24612.07435050468, 33302.91549520792, 30865.23191712393, 24624.655838945226, 30865.23191712393
459, 33302.91549520792, 24612.07435050468, 33302.91549520792, 30875.341827048058, 24625.435783532317, 30875.341827048058
460, 33302.91549520792, 24612.07435050468, 33302.91549520792, 30831.88441594544, 24624.445561942375, 30831.88441594544
461, 33309.02876432694, 24533.709650872428, 33309.02876432694, 30889.687499509655, 24624.762608625355, 30889.687499509655
462, 33309.02876432694, 24533.709650872428, 33309.02876432694, 30845.777639348595, 24625.433074904162, 30845.777639348595
463, 33309.02876432694, 24533.709650872428, 33309.02876432694, 30811.847405616347, 24625.189372109555, 30811.847405616347
464, 33309.02876432694, 24533.709650872428, 33309.02876432694, 30880.58662689397, 24624.49191259136, 30880.58662689397
465, 33309.02876432694, 24533.709650872428, 33309.02876432694, 30897.699271520985, 24621.488006456966, 30897.699271520985
466, 33309.02876432694, 24533.709650872428, 33309.02876432694, 30917.722195192484, 24621.8613399106, 30917.722195192484
467, 33309.02876432694, 24533.709650872428, 33309.02876432694, 30870.252709428478, 24618.125892923235, 30870.252709428478
468, 33441.796678608356, 24517.182892238674, 33441.796678608356, 30871.142191141334, 24612.215772622327, 30871.142191141334
469, 33441.796678608356, 24517.182892238674, 33441.796678608356, 30879.91504212563, 24602.09563968502, 30879.91504212563
470, 33441.796678608356, 24517.182892238674, 33441.796678608356, 30826.96310475015, 24591.70513788166, 30826.96310475015
471, 33441.796678608356, 24517.182892238674, 33441.796678608356, 30840.317473258518, 24569.61996349069, 30840.317473258518
472, 33441.796678608356, 24517.182892238674, 33441.796678608356, 30821.76719075978, 24568.97680749529, 30821.76719075978
473, 33441.796678608356, 24517.182892238674, 33441.796678608356, 30840.207678211344, 24570.66481385565, 30840.207678211344
474, 33441.796678608356, 24517.182892238674, 33441.796678608356, 30882.534234793828, 24568.81554610881, 30882.534234793828
475, 33441.796678608356, 24517.182892238674, 33441.796678608356, 30867.760841943196, 24570.12442860893, 30867.760841943196
476, 33441.796678608356, 24517.182892238674, 33441.796678608356, 30837.70387263001, 24570.434545253353, 30837.70387263001
477, 33441.796678608356, 24517.182892238674, 33441.796678608356, 30856.791991347807, 24569.967879390166, 30856.791991347807
478, 33441.796678608356, 24517.182892238674, 33441.796678608356, 30853.179592725734, 24569.280932983762, 30853.179592725734
479, 33441.796678608356, 24517.182892238674, 33441.796678608356, 30901.221300815643, 24569.466816130356, 30901.221300815643
480, 33441.796678608356, 24517.182892238674, 33441.796678608356, 30915.448513575713, 24567.174151505977, 30915.448513575713
481, 33441.796678608356, 24517.182892238674, 33441.796678608356, 30910.52920519872, 24566.570100038734, 30910.52920519872
482, 33441.796678608356, 24517.182892238674, 33441.796678608356, 30964.045912179, 24564.591203464995, 30964.045912179
483, 33441.796678608356, 24517.182892238674, 33441.796678608356, 30944.61991935405, 24559.589577032373, 30944.61991935405
484, 33441.796678608356, 24517.182892238674, 33441.796678608356, 30969.552145908652, 24559.962746111178, 30969.552145908652
485, 33526.008416985125, 24593.64920021874, 33526.008416985125, 30966.39277592149, 24557.05000823337, 30966.39277592149
486, 33526.008416985125, 24593.64920021874, 33526.008416985125, 30978.66666879291, 24558.679021543223, 30978.66666879291
487, 33526.008416985125, 24593.64920021874, 33526.008416985125, 30952.579134387426, 24558.40349280292, 30952.579134387426
488, 33526.008416985125, 24593.64920021874, 33526.008416985125, 30977.367406068064, 24560.130723831164, 30977.367406068064
489, 33526.008416985125, 24593.64920021874, 33526.008416985125, 30955.320269906748, 24561.729102625643, 30955.320269906748
490, 33526.008416985125, 24593.64920021874, 33526.008416985125, 31009.650182501497, 24565.85279700827, 31009.650182501497
491, 33526.008416985125, 24593.64920021874, 33526.008416985125, 30975.30036026878, 24570.967196990634, 30975.30036026878
492, 33526.008416985125, 24593.64920021874, 33526.008416985125, 30988.21055255814, 24580.009511200693, 30988.21055255814
493, 33526.008416985125, 24593.64920021874, 33526.008416985125, 31017.277861874165, 24597.79041112859, 31017.277861874165
494, 33526.008416985125, 24593.64920021874, 33526.008416985125, 31022.40533530864, 24611.7414468904, 31022.40533530864
495, 33535.33325478299, 24644.70170216689, 33535.33325478299, 31031.225385513553, 24613.78466327699, 31031.225385513553
496, 33535.33325478299, 24644.70170216689, 33535.33325478299, 31031.91906162834, 24613.462780817066, 31031.91906162834
497, 33535.33325478299, 24644.70170216689, 33535.33325478299, 31003.856235832096, 24613.222243233795, 31003.856235832096
498, 33535.33325478299, 24644.70170216689, 33535.33325478299, 30994.08902039888, 24613.455395337165, 30994.08902039888
499, 33535.33325478299, 24644.70170216689, 33535.33325478299, 31010.194689414264, 24614.58933116302, 31010.194689414264
500, 33535.33325478299, 24644.70170216689, 33535.33325478299, 31066.713665293202, 24615.517734573703, 31066.713665293202
