1, 27128.910155983533, 24644.203342409688, 27128.910155983533, 25251.423147446625, 24656.257970715422, 25251.423147446625
2, 27128.910155983533, 24644.203342409688, 27128.910155983533, 25793.596818574442, 24634.386387028702, 25793.596818574442
3, 27376.565985291127, 24599.331540362888, 27376.565985291127, 26159.665124813804, 24605.949089332447, 26159.665124813804
4, 27376.565985291127, 24599.331540362888, 27376.565985291127, 26413.025985428045, 24597.905779292247, 26413.025985428045
5, 27376.565985291127, 24599.331540362888, 27376.565985291127, 26641.42535748654, 24576.650103085685, 26641.42535748654
6, 27376.565985291127, 24599.331540362888, 27376.565985291127, 26820.97659454447, 24586.836313235934, 26820.97659454447
7, 27523.45117858545, 24601.216221350493, 27523.45117858545, 26947.46927006241, 24615.106912019994, 26947.46927006241
8, 27523.45117858545, 24601.216221350493, 27523.45117858545, 27079.68309858115, 24579.729373196737, 27079.68309858115
9, 27632.970934872497, 24309.40904175737, 27632.970934872497, 27195.286614996014, 24577.01322108591, 27195.286614996014
10, 27647.830550020957, 24483.531691009703, 27647.830550020957, 27309.064894247123, 24561.838139043866, 27309.064894247123
11, 27647.830550020957, 24483.531691009703, 27647.830550020957, 27398.66619942028, 24551.107870815937, 27398.66619942028
12, 27860.07044543709, 24503.395562810976, 27860.07044543709, 27474.628726480947, 24564.819645607677, 27474.628726480947
13, 27909.920499065294, 24684.95755763671, 27909.920499065294, 27558.783549234704, 24524.987361383224, 27558.783549234704
14, 27909.920499065294, 24684.95755763671, 27909.920499065294, 27630.713381282334, 24514.09699884922, 27630.713381282334
15, 28082.369881457893, 24495.435951485593, 28082.369881457893, 27709.633248314643, 24498.976427365193, 27709.633248314643
16, 28150.384918514657, 24682.273094872162, 28150.384918514657, 27791.125381519032, 24490.278828066304, 27791.125381519032
17, 28150.384918514657, 24682.273094872162, 28150.384918514657, 27856.660973103557, 24495.551084192404, 27856.660973103557
18, 28280.967699373763, 24404.488070292227, 28280.967699373763, 27932.116357018025, 24522.02628347739, 27932.116357018025
19, 28280.967699373763, 24404.488070292227, 28280.967699373763, 28005.208162126553, 24519.869043948318, 28005.208162126553
20, 28397.674103806447, 24542.635512447185, 28397.674103806447, 28081.222995990353, 24536.811530829207, 28081.222995990353
21, 28397.674103806447, 24542.635512447185, 28397.674103806447, 28143.927502863502, 24539.944098910346, 28143.927502863502
22, 28520.45281688989, 24313.414105905977, 28520.45281688989, 28204.386652710768, 24521.679371296428, 28204.386652710768
23, 28622.81539947294, 24610.477445989076, 28622.81539947294, 28276.221732668873, 24499.48962910723, 28276.221732668873
24, 28688.192826057744, 24197.475625794552, 28688.192826057744, 28355.181629017297, 24484.817402892266, 28355.181629017297
25, 28688.192826057744, 24197.475625794552, 28688.192826057744, 28424.79223393406, 24487.751741136708, 28424.79223393406
26, 28800.4546419843, 24456.409808678713, 28800.4546419843, 28483.68680451186, 24476.9330097759, 28483.68680451186
27, 28923.28615141045, 24569.240625831713, 28923.28615141045, 28549.634017731318, 24500.16991997661, 28549.634017731318
28, 28923.28615141045, 24569.240625831713, 28923.28615141045, 28617.74941549374, 24508.4749394486, 28617.74941549374
29, 28923.28615141045, 24569.240625831713, 28923.28615141045, 28672.56970495311, 24522.215289498617, 28672.56970495311
30, 28958.494103649344, 24365.203711079197, 28958.494103649344, 28734.65308758031, 24517.77156679742, 28734.65308758031
31, 28990.509817459173, 24555.21534274409, 28990.509817459173, 28797.782066236945, 24550.863425672524, 28797.782066236945
32, 29121.815993662156, 24682.163149500382, 29121.815993662156, 28854.9119961433, 24537.202077685495, 28854.9119961433
33, 29135.22695379262, 24680.26706906773, 29135.22695379262, 28911.07192804305, 24513.952245503675, 28911.07192804305
34, 29249.11022709477, 24339.15297202605, 29249.11022709477, 28945.93021207542, 24503.945536481013, 28945.93021207542
35, 29371.65196697619, 24179.097711841652, 29371.65196697619, 28978.851980903233, 24531.444049358124, 28978.851980903233
36, 29371.65196697619, 24179.097711841652, 29371.65196697619, 29030.987261014947, 24523.61012256342, 29030.987261014947
37, 29371.65196697619, 24179.097711841652, 29371.65196697619, 29087.4753735809, 24512.857584057438, 29087.4753735809
38, 29381.564743752977, 24366.94732728447, 29381.564743752977, 29155.868420835985, 24495.460005405672, 29155.868420835985
39, 29393.057077821744, 24213.928523668637, 29393.057077821744, 29210.06479327445, 24478.408358794786, 29210.06479327445
40, 29435.972937484024, 23959.458616234617, 29435.972937484024, 29267.037608470197, 24394.22271612036, 29267.037608470197
41, 29619.778706006848, 24056.18737908433, 29619.778706006848, 29315.72624171279, 24392.097393918295, 29315.72624171279
42, 29619.778706006848, 24056.18737908433, 29619.778706006848, 29362.0093431361, 24362.261228043324, 29362.0093431361
43, 29736.934585559924, 24073.753108436107, 29736.934585559924, 29400.58437793512, 24298.918579431418, 29400.58437793512
44, 29736.934585559924, 24073.753108436107, 29736.934585559924, 29438.495224568996, 24333.265330537808, 29438.495224568996
45, 29736.934585559924, 24073.753108436107, 29736.934585559924, 29479.878202612766, 24357.182553495782, 29479.878202612766
46, 29756.620242780627, 24378.77072758295, 29756.620242780627, 29526.603353457238, 24377.104574732206, 29526.603353457238
47, 29850.146610238862, 24446.950894461257, 29850.146610238862, 29563.848119347516, 24344.049585421635, 29563.848119347516
48, 29850.146610238862, 24446.950894461257, 29850.146610238862, 29618.543221721586, 24264.981014966877, 29618.543221721586
49, 29850.146610238862, 24446.950894461257, 29850.146610238862, 29657.295865836542, 24164.975247496124, 29657.295865836542
50, 29920.461281908574, 24283.915707413016, 29920.461281908574, 29702.101914713603, 24265.494160070753, 29702.101914713603
51, 29982.065884424024, 24426.831009506775, 29982.065884424024, 29755.56202762674, 24260.293788884752, 29755.56202762674
52, 30025.35902941077, 24081.366848713526, 30025.35902941077, 29795.121981463817, 24278.709600044545, 29795.121981463817
53, 30025.35902941077, 24081.366848713526, 30025.35902941077, 29831.92809392871, 24312.147104444248, 29831.92809392871
54, 30030.786109112243, 24398.77535439818, 30030.786109112243, 29867.999483219133, 24348.630971246213, 29867.999483219133
55, 30143.67590086734, 24565.359664843447, 30143.67590086734, 29891.839245085393, 24371.623925609318, 29891.839245085393
56, 30276.114668281658, 24330.834999996845, 30276.114668281658, 29920.162978990604, 24411.254098899484, 29920.162978990604
57, 30276.114668281658, 24330.834999996845, 30276.114668281658, 29955.667801132488, 24391.235615849364, 29955.667801132488
58, 30276.114668281658, 24330.834999996845, 30276.114668281658, 29980.530726613433, 24391.869966614104, 29980.530726613433
59, 30276.114668281658, 24330.834999996845, 30276.114668281658, 30015.226561630996, 24346.832364654852, 30015.226561630996
60, 30325.628262797396, 24477.99208700246, 30325.628262797396, 30050.204765519895, 24331.58775955178, 30050.204765519895
61, 30325.628262797396, 24477.99208700246, 30325.628262797396, 30087.664661622097, 24427.948769611205, 30087.664661622097
62, 30325.628262797396, 24477.99208700246, 30325.628262797396, 30130.229263536618, 24428.04752607673, 30130.229263536618
63, 30347.23906366881, 24503.395258818295, 30347.23906366881, 30170.003707814907, 24463.90248729871, 30170.003707814907
64, 30472.861594510992, 24460.46884757437, 30472.861594510992, 30210.212095284016, 24438.787837767406, 30210.212095284016
65, 30472.861594510992, 24460.46884757437, 30472.861594510992, 30250.04000984987, 24435.471539161274, 30250.04000984987
66, 30472.861594510992, 24460.46884757437, 30472.861594510992, 30288.995931340094, 24382.778743133982, 30288.995931340094
67, 30519.81974408509, 24276.673219099448, 30519.81974408509, 30308.650877065742, 24393.81614124534, 30308.650877065742
68, 30533.91137462293, 24270.498091803867, 30533.91137462293, 30334.605843637375, 24431.1368117498, 30334.605843637375
69, 30533.91137462293, 24270.498091803867, 30533.91137462293, 30371.0317282607, 24482.992465946154, 30371.0317282607
70, 30570.68463583973, 24477.922237464994, 30570.68463583973, 30409.119896999546, 24502.217086649733, 30409.119896999546
71, 30570.68463583973, 24477.922237464994, 30570.68463583973, 30452.588382826336, 24483.46817157486, 30452.588382826336
72, 30647.889265843307, 24373.300560384672, 30647.889265843307, 30483.07729030961, 24492.997106319588, 30483.07729030961
73, 30647.889265843307, 24373.300560384672, 30647.889265843307, 30497.732562440546, 24418.024759874508, 30497.732562440546
74, 30716.874166688114, 24495.997948725453, 30716.874166688114, 30515.113938619303, 24426.827791932537, 30515.113938619303
75, 30716.874166688114, 24495.997948725453, 30716.874166688114, 30538.234579155756, 24413.18037881406, 30538.234579155756
76, 30716.874166688114, 24495.997948725453, 30716.874166688114, 30563.299624283976, 24375.295039835804, 30563.299624283976
77, 30796.469334780144, 24346.077500122694, 30796.469334780144, 30584.8929988623, 24434.667756246705, 30584.8929988623
78, 30834.261189582263, 24545.416607104537, 30834.261189582263, 30614.326166174724, 24468.902748471763, 30614.326166174724
79, 30839.571110873243, 24194.610293435428, 30839.571110873243, 30646.86717640817, 24465.338792347397, 30646.86717640817
80, 30839.571110873243, 24194.610293435428, 30839.571110873243, 30679.673508527056, 24478.43996429733, 30679.673508527056
81, 30839.571110873243, 24194.610293435428, 30839.571110873243, 30702.408142908374, 24510.637719349597, 30702.408142908374
82, 30986.062018525226, 24563.940719787577, 30986.062018525226, 30726.671219344345, 24540.76764543089, 30726.671219344345
83, 30986.062018525226, 24563.940719787577, 30986.062018525226, 30754.50426865994, 24516.84055216059, 30754.50426865994
84, 30986.062018525226, 24563.940719787577, 30986.062018525226, 30788.258459329256, 24459.23645385406, 30788.258459329256
85, 30986.062018525226, 24563.940719787577, 30986.062018525226, 30816.79911088299, 24444.61542501713, 30816.79911088299
86, 30986.062018525226, 24563.940719787577, 30986.062018525226, 30835.4238918124, 24476.392697207906, 30835.4238918124
87, 30986.062018525226, 24563.940719787577, 30986.062018525226, 30847.994897245728, 24479.171789001095, 30847.994897245728
88, 31050.65261060115, 24657.698877554823, 31050.65261060115, 30866.093802986496, 24393.058468828545, 30866.093802986496
89, 31050.65261060115, 24657.698877554823, 31050.65261060115, 30882.62331811713, 24358.87317218954, 30882.62331811713
90, 31050.65261060115, 24657.698877554823, 31050.65261060115, 30915.230976311523, 24478.68530603358, 30915.230976311523
91, 31186.682791123494, 24572.2289989069, 31186.682791123494, 30960.53612538849, 24508.793587575896, 30960.53612538849
92, 31186.682791123494, 24572.2289989069, 31186.682791123494, 30987.31694248961, 24540.445621533847, 30987.31694248961
93, 31186.682791123494, 24572.2289989069, 31186.682791123494, 30996.825951806786, 24557.977367103595, 30996.825951806786
94, 31221.67874873694, 24655.36797623776, 31221.67874873694, 31003.680379958718, 24559.773271055812, 31003.680379958718
95, 31221.67874873694, 24655.36797623776, 31221.67874873694, 31015.46487845061, 24563.299036293236, 31015.46487845061
96, 31283.190683774294, 24676.51671151451, 31283.190683774294, 31040.111714251223, 24563.790654914083, 31040.111714251223
97, 31283.190683774294, 24676.51671151451, 31283.190683774294, 31075.816607820158, 24610.869379469605, 31075.816607820158
98, 31283.190683774294, 24676.51671151451, 31283.190683774294, 31092.22202553079, 24589.359499395978, 31092.22202553079
99, 31292.553708395004, 24620.406396461072, 31292.553708395004, 31123.917417273624, 24599.725965664325, 31123.917417273624
100, 31292.553708395004, 24620.406396461072, 31292.553708395004, 31163.31877721525, 24598.563914428098, 31163.31877721525
101, 31317.36606011144, 24600.851311391147, 31317.36606011144, 31205.36635376212, 24597.323970807203, 31205.36635376212
102, 31317.36606011144, 24600.851311391147, 31317.36606011144, 31228.642307431033, 24612.647521216568, 31228.642307431033
103, 31317.36606011144, 24600.851311391147, 31317.36606011144, 31239.20342195691, 24604.272173459645, 31239.20342195691
104, 31389.858458848394, 24663.201404812306, 31389.858458848394, 31250.104563186345, 24581.881812031814, 31250.104563186345
105, 31415.785082570124, 24666.145812213133, 31415.785082570124, 31262.66080464273, 24585.54048700981, 31262.66080464273
106, 31445.8855938089, 24537.055312608965, 31445.8855938089, 31283.831383015797, 24606.183544761458, 31283.831383015797
107, 31543.058513713702, 24577.757356030736, 31543.058513713702, 31291.84078648994, 24640.055543142647, 31291.84078648994
108, 31543.058513713702, 24577.757356030736, 31543.058513713702, 31300.059382117917, 24644.8994670007, 31300.059382117917
109, 31543.058513713702, 24577.757356030736, 31543.058513713702, 31316.67175143267, 24620.646728637843, 31316.67175143267
110, 31543.058513713702, 24577.757356030736, 31543.058513713702, 31337.434893881287, 24608.875515799373, 31337.434893881287
111, 31622.537018492098, 24469.28789947021, 31622.537018492098, 31366.170492304034, 24608.057417626645, 31366.170492304034
112, 31622.537018492098, 24469.28789947021, 31622.537018492098, 31395.945053948053, 24604.993226452287, 31395.945053948053
113, 31622.537018492098, 24469.28789947021, 31622.537018492098, 31428.544038118656, 24617.406941876354, 31428.544038118656
114, 31622.537018492098, 24469.28789947021, 31622.537018492098, 31456.89244259694, 24584.19991403708, 31456.89244259694
115, 31622.537018492098, 24469.28789947021, 31622.537018492098, 31481.95763559319, 24541.965014323298, 31481.95763559319
116, 31622.537018492098, 24469.28789947021, 31622.537018492098, 31513.791938424543, 24541.02788011754, 31513.791938424543
117, 31622.537018492098, 24469.28789947021, 31622.537018492098, 31546.58906034334, 24571.38542614672, 31546.58906034334
118, 31622.537018492098, 24469.28789947021, 31622.537018492098, 31549.18185354676, 24567.3384173504, 31549.18185354676
119, 31636.334221387537, 24459.30833129151, 31636.334221387537, 31554.055304701113, 24559.542177580526, 31554.055304701113
120, 31660.50922069377, 24615.05040503583, 31660.50922069377, 31559.64909755281, 24551.623599765007, 31559.64909755281
121, 31694.054785911252, 24630.05207772904, 31694.054785911252, 31568.96034399804, 24535.77551487749, 31568.96034399804
122, 31694.054785911252, 24630.05207772904, 31694.054785911252, 31585.318534595986, 24507.481438379105, 31585.318534595986
123, 31694.054785911252, 24630.05207772904, 31694.054785911252, 31605.07104286039, 24472.5991932643, 31605.07104286039
124, 31804.35774841616, 24678.903734161097, 31804.35774841616, 31627.521959277008, 24475.257864949705, 31627.521959277008
125, 31922.25135245807, 24597.330874170944, 31922.25135245807, 31632.717685363776, 24483.682556643733, 31632.717685363776
126, 31922.25135245807, 24597.330874170944, 31922.25135245807, 31636.056445093913, 24488.083649412012, 31636.056445093913
127, 31922.25135245807, 24597.330874170944, 31922.25135245807, 31643.049131109474, 24498.995836321636, 31643.049131109474
128, 31922.25135245807, 24597.330874170944, 31922.25135245807, 31655.895577360025, 24516.213683805614, 31655.895577360025
129, 31922.25135245807, 24597.330874170944, 31922.25135245807, 31672.460880024337, 24548.467847861815, 31672.460880024337
130, 31922.25135245807, 24597.330874170944, 31922.25135245807, 31688.58215565429, 24568.412741476724, 31688.58215565429
131, 31922.25135245807, 24597.330874170944, 31922.25135245807, 31706.079069098854, 24582.534468221256, 31706.079069098854
132, 31922.25135245807, 24597.330874170944, 31922.25135245807, 31722.740928906296, 24594.842312517045, 31722.740928906296
133, 31922.25135245807, 24597.330874170944, 31922.25135245807, 31743.156383484453, 24565.731376246433, 31743.156383484453
134, 31922.25135245807, 24597.330874170944, 31922.25135245807, 31770.59838903339, 24580.54589052941, 31770.59838903339
135, 31922.25135245807, 24597.330874170944, 31922.25135245807, 31805.84889608244, 24613.01592843619, 31805.84889608244
136, 31977.093522588166, 24487.337555486796, 31977.093522588166, 31847.265581425796, 24633.408212572198, 31847.265581425796
137, 31977.093522588166, 24487.337555486796, 31977.093522588166, 31879.339119729575, 24624.743460866986, 31879.339119729575
138, 31977.093522588166, 24487.337555486796, 31977.093522588166, 31922.117020023405, 24596.50523816906, 31922.117020023405
139, 31977.093522588166, 24487.337555486796, 31977.093522588166, 31923.103255646234, 24595.506632905435, 31923.103255646234
140, 31977.093522588166, 24487.337555486796, 31977.093522588166, 31923.377466496884, 24594.956666312013, 31923.377466496884
141, 32072.977721760555, 24386.853691335848, 32072.977721760555, 31925.353390023916, 24591.800440268176, 31925.353390023916
142, 32072.977721760555, 24386.853691335848, 32072.977721760555, 31927.98652963393, 24587.82707555646, 31927.98652963393
143, 32072.977721760555, 24386.853691335848, 32072.977721760555, 31932.49171185593, 24580.05777444774, 31932.49171185593
144, 32072.977721760555, 24386.853691335848, 32072.977721760555, 31937.6586555348, 24569.10343338972, 31937.6586555348
145, 32072.977721760555, 24386.853691335848, 32072.977721760555, 31946.598881443486, 24556.23922950211, 31946.598881443486
146, 32072.977721760555, 24386.853691335848, 32072.977721760555, 31957.671194122657, 24537.65457949287, 31957.671194122657
147, 32072.977721760555, 24386.853691335848, 32072.977721760555, 31978.286640758182, 24511.549546272032, 31978.286640758182
148, 32079.70704287594, 24580.388035456883, 32079.70704287594, 31986.52792368595, 24484.002199941733, 31986.52792368595
149, 32187.785792425286, 24477.97914164026, 32187.785792425286, 31994.317620020138, 24483.399875048948, 31994.317620020138
150, 32187.785792425286, 24477.97914164026, 32187.785792425286, 32002.004649052367, 24489.021401904756, 32002.004649052367
151, 32187.785792425286, 24477.97914164026, 32187.785792425286, 32015.448875628485, 24490.986848846464, 32015.448875628485
152, 32187.785792425286, 24477.97914164026, 32187.785792425286, 32040.759637872117, 24494.61380450334, 32040.759637872117
153, 32187.785792425286, 24477.97914164026, 32187.785792425286, 32071.937549353595, 24486.51994350938, 32071.937549353595
154, 32187.785792425286, 24477.97914164026, 32187.785792425286, 32081.20051593811, 24422.68469695039, 32081.20051593811
155, 32219.940247903844, 24585.401567067613, 32219.940247903844, 32087.16405978578, 24446.097266822133, 32087.16405978578
156, 32228.16832146918, 24597.230870397747, 32228.16832146918, 32099.997925599586, 24487.940219721015, 32099.997925599586
157, 32228.16832146918, 24597.230870397747, 32228.16832146918, 32116.611664317163, 24536.108096212552, 32116.611664317163
158, 32240.36629264542, 24638.840200396524, 32240.36629264542, 32141.463653426883, 24519.618638975535, 32141.463653426883
159, 32240.36629264542, 24638.840200396524, 32240.36629264542, 32181.20741825815, 24480.414825569627, 32181.20741825815
160, 32240.36629264542, 24638.840200396524, 32240.36629264542, 32193.60715928341, 24496.500627858546, 32193.60715928341
161, 32240.36629264542, 24638.840200396524, 32240.36629264542, 32197.246896379947, 24506.160009339666, 32197.246896379947
162, 32250.320270828317, 24583.61259812495, 32250.320270828317, 32203.148746277293, 24523.150320485245, 32203.148746277293
163, 32250.320270828317, 24583.61259812495, 32250.320270828317, 32212.08559148607, 24548.405983565008, 32212.08559148607
164, 32309.563512228306, 24653.02043015786, 32309.563512228306, 32225.456904947714, 24581.912898159808, 32225.456904947714
165, 32309.563512228306, 24653.02043015786, 32309.563512228306, 32228.432713487302, 24572.46171607944, 32228.432713487302
166, 32309.563512228306, 24653.02043015786, 32309.563512228306, 32231.0475670314, 24581.9320180548, 32231.0475670314
167, 32309.563512228306, 24653.02043015786, 32309.563512228306, 32233.681553649363, 24571.180222213585, 32233.681553649363
168, 32309.563512228306, 24653.02043015786, 32309.563512228306, 32237.147885605846, 24561.862980371225, 32237.147885605846
169, 32309.563512228306, 24653.02043015786, 32309.563512228306, 32243.728381818346, 24571.184035629434, 32243.728381818346
170, 32309.563512228306, 24653.02043015786, 32309.563512228306, 32249.289738414078, 24614.008891451107, 32249.289738414078
171, 32309.563512228306, 24653.02043015786, 32309.563512228306, 32255.198472955133, 24601.979580447995, 32255.198472955133
172, 32309.563512228306, 24653.02043015786, 32309.563512228306, 32265.2265036384, 24576.923781596688, 32265.2265036384
173, 32361.506646251084, 24636.917528191443, 32361.506646251084, 32275.500210490212, 24583.72681180893, 32275.500210490212
174, 32361.506646251084, 24636.917528191443, 32361.506646251084, 32292.080393387343, 24579.00131424192, 32292.080393387343
175, 32361.506646251084, 24636.917528191443, 32361.506646251084, 32303.762153031632, 24579.830817026766, 32303.762153031632
176, 32361.506646251084, 24636.917528191443, 32361.506646251084, 32312.63022515832, 24648.153348171807, 32312.63022515832
177, 32361.506646251084, 24636.917528191443, 32361.506646251084, 32313.96159491601, 24650.624448743893, 32313.96159491601
178, 32361.506646251084, 24636.917528191443, 32361.506646251084, 32316.535786333112, 24647.65317505585, 32316.535786333112
179, 32361.506646251084, 24636.917528191443, 32361.506646251084, 32321.255901946224, 24644.17459171201, 32321.255901946224
180, 32361.506646251084, 24636.917528191443, 32361.506646251084, 32330.095966129178, 24639.666448826658, 32330.095966129178
181, 32361.506646251084, 24636.917528191443, 32361.506646251084, 32342.640276304883, 24631.18722376558, 32342.640276304883
182, 32364.927039989296, 24671.63314405015, 32364.927039989296, 32354.796504867252, 24629.248527636155, 32354.796504867252
183, 32394.824988408214, 24631.55224989309, 32394.824988408214, 32361.730386933406, 24636.522765488626, 32361.730386933406
184, 32394.824988408214, 24631.55224989309, 32394.824988408214, 32362.10106212, 24635.74099249251, 32362.10106212
185, 32394.824988408214, 24631.55224989309, 32394.824988408214, 32362.324802802177, 24635.346229789626, 32362.324802802177
186, 32437.604760380174, 24506.784103754253, 32437.604760380174, 32363.16446086781, 24632.128696163138, 32363.16446086781
187, 32470.921428495556, 24521.80566339407, 32470.921428495556, 32364.60108166967, 24628.02316684981, 32364.60108166967
188, 32470.921428495556, 24521.80566339407, 32470.921428495556, 32366.738575712432, 24623.41432197911, 32366.738575712432
189, 32470.921428495556, 24521.80566339407, 32470.921428495556, 32369.43832953757, 24613.413920964198, 32369.43832953757
190, 32470.921428495556, 24521.80566339407, 32470.921428495556, 32374.018695013066, 24652.401887805085, 32374.018695013066
191, 32470.921428495556, 24521.80566339407, 32470.921428495556, 32379.588898930444, 24644.51689078808, 32379.588898930444
192, 32480.88760410618, 24529.724975433106, 32480.88760410618, 32390.494534380712, 24624.785039566385, 32390.494534380712
193, 32480.88760410618, 24529.724975433106, 32480.88760410618, 32406.50801841558, 24607.61495132857, 32406.50801841558
194, 32480.88760410618, 24529.724975433106, 32480.88760410618, 32414.386220943717, 24598.3493348597, 32414.386220943717
195, 32480.88760410618, 24529.724975433106, 32480.88760410618, 32427.172299664075, 24576.94359968138, 32427.172299664075
196, 32507.534374199142, 24638.358358947946, 32507.534374199142, 32444.318227551583, 24550.386731484552, 32444.318227551583
197, 32507.534374199142, 24638.358358947946, 32507.534374199142, 32456.632733249673, 24521.748777041892, 32456.632733249673
198, 32507.534374199142, 24638.358358947946, 32507.534374199142, 32469.18147304979, 24526.348297605287, 32469.18147304979
199, 32507.534374199142, 24638.358358947946, 32507.534374199142, 32472.38383726992, 24523.842314673948, 32472.38383726992
200, 32507.534374199142, 24638.358358947946, 32507.534374199142, 32473.517350113252, 24525.96471324656, 32473.517350113252
201, 32585.54004147765, 24673.37878314369, 32585.54004147765, 32475.636254924786, 24529.26280048253, 32475.636254924786
202, 32585.54004147765, 24673.37878314369, 32585.54004147765, 32478.312972609903, 24534.450848512388, 32478.312972609903
203, 32585.54004147765, 24673.37878314369, 32585.54004147765, 32482.95406928149, 24542.858813875126, 32482.95406928149
204, 32585.54004147765, 24673.37878314369, 32585.54004147765, 32488.04835598628, 24557.20488692013, 32488.04835598628
205, 32585.54004147765, 24673.37878314369, 32585.54004147765, 32493.82464181539, 24576.17533230549, 32493.82464181539
206, 32585.54004147765, 24673.37878314369, 32585.54004147765, 32501.01747941336, 24599.993922971295, 32501.01747941336
207, 32585.54004147765, 24673.37878314369, 32585.54004147765, 32512.330072893194, 24638.265097436815, 32512.330072893194
208, 32585.54004147765, 24673.37878314369, 32585.54004147765, 32516.11204487029, 24638.36734488034, 32516.11204487029
209, 32585.54004147765, 24673.37878314369, 32585.54004147765, 32524.117185885167, 24639.213989503518, 32524.117185885167
210, 32585.54004147765, 24673.37878314369, 32585.54004147765, 32534.546215733117, 24635.574251888207, 32534.546215733117
211, 32585.54004147765, 24673.37878314369, 32585.54004147765, 32552.80670707129, 24632.152699341914, 32552.80670707129
212, 32585.54004147765, 24673.37878314369, 32585.54004147765, 32582.17647532581, 24669.077974404834, 32582.17647532581
213, 32680.778815988284, 24582.129716884803, 32680.778815988284, 32586.01623535005, 24672.922537812392, 32586.01623535005
214, 32680.778815988284, 24582.129716884803, 32680.778815988284, 32586.4924292226, 24672.4662924811, 32586.4924292226
215, 32680.778815988284, 24582.129716884803, 32680.778815988284, 32586.968623095156, 24672.0100471498, 32586.968623095156
216, 32680.778815988284, 24582.129716884803, 32680.778815988284, 32588.045542470478, 24671.100327162792, 32588.045542470478
217, 32680.778815988284, 24582.129716884803, 32680.778815988284, 32588.292764259746, 24670.9127073676, 32588.292764259746
218, 32680.778815988284, 24582.129716884803, 32680.778815988284, 32590.091257825723, 24669.16596110775, 32590.091257825723
219, 32680.778815988284, 24582.129716884803, 32680.778815988284, 32593.474915099647, 24666.074930074028, 32593.474915099647
220, 32680.778815988284, 24582.129716884803, 32680.778815988284, 32598.085576856447, 24662.18315387291, 32598.085576856447
221, 32680.778815988284, 24582.129716884803, 32680.778815988284, 32606.725616434436, 24654.15442993587, 32606.725616434436
222, 32680.778815988284, 24582.129716884803, 32680.778815988284, 32615.56250601315, 24646.020870222193, 32615.56250601315
223, 32680.778815988284, 24582.129716884803, 32680.778815988284, 32637.01199983254, 24624.565851299605, 32637.01199983254
224, 32752.86065839161, 24667.792811178617, 32752.86065839161, 32668.930441010616, 24598.089362215553, 32668.930441010616
225, 32752.86065839161, 24667.792811178617, 32752.86065839161, 32681.65540172649, 24582.67419355913, 32681.65540172649
226, 32794.44196776143, 24664.83208038101, 32794.44196776143, 32682.40929850575, 24583.072269173732, 32682.40929850575
227, 32794.44196776143, 24664.83208038101, 32794.44196776143, 32684.370505039013, 24584.53341511818, 32684.370505039013
228, 32794.44196776143, 24664.83208038101, 32794.44196776143, 32686.992810520092, 24585.88661445258, 32686.992810520092
229, 32794.44196776143, 24664.83208038101, 32794.44196776143, 32688.875161503005, 24586.341768805352, 32688.875161503005
230, 32794.44196776143, 24664.83208038101, 32794.44196776143, 32692.496722603137, 24587.16569007242, 32692.496722603137
231, 32794.44196776143, 24664.83208038101, 32794.44196776143, 32700.195996435905, 24591.430492235253, 32700.195996435905
232, 32794.44196776143, 24664.83208038101, 32794.44196776143, 32711.05630727277, 24596.0674466297, 32711.05630727277
233, 32794.44196776143, 24664.83208038101, 32794.44196776143, 32726.047972358952, 24601.161978489257, 32726.047972358952
234, 32794.44196776143, 24664.83208038101, 32794.44196776143, 32746.129369392016, 24631.577199653424, 32746.129369392016
235, 32794.44196776143, 24664.83208038101, 32794.44196776143, 32769.19480419286, 24639.48601708159, 32769.19480419286
236, 32799.452221887856, 24646.99134455472, 32799.452221887856, 32792.02157110114, 24659.182804426928, 32792.02157110114
237, 32800.16037520256, 24470.825121678023, 32800.16037520256, 32794.495611069215, 24663.77284190835, 32794.495611069215
238, 32822.506253592765, 24645.861273504383, 32822.506253592765, 32794.78537010146, 24663.158847395614, 32794.78537010146
239, 32822.506253592765, 24645.861273504383, 32822.506253592765, 32795.036355870856, 24661.419868136658, 32795.036355870856
240, 32822.506253592765, 24645.861273504383, 32822.506253592765, 32795.5041445434, 24659.31669835206, 32795.5041445434
241, 32822.506253592765, 24645.861273504383, 32822.506253592765, 32796.00545392094, 24655.23293626293, 32796.00545392094
242, 32822.506253592765, 24645.861273504383, 32822.506253592765, 32797.055943351545, 24649.840741593445, 32797.055943351545
243, 32822.506253592765, 24645.861273504383, 32822.506253592765, 32798.61395367207, 24638.61920420252, 32798.61395367207
244, 32846.391100180146, 24535.053710725402, 32846.391100180146, 32801.88946528817, 24619.681280715824, 32801.88946528817
245, 32968.23302362216, 24556.128203924472, 32968.23302362216, 32806.59349672075, 24591.077677811943, 32806.59349672075
246, 32968.23302362216, 24556.128203924472, 32968.23302362216, 32811.766723464985, 24568.43374388562, 32811.766723464985
247, 32968.23302362216, 24556.128203924472, 32968.23302362216, 32816.72517900042, 24595.38984334447, 32816.72517900042
248, 32968.23302362216, 24556.128203924472, 32968.23302362216, 32819.50885887836, 24594.198821629732, 32819.50885887836
249, 32968.23302362216, 24556.128203924472, 32968.23302362216, 32822.7498013722, 24595.370656601306, 32822.7498013722
250, 32968.23302362216, 24556.128203924472, 32968.23302362216, 32831.69558782136, 24593.64902256556, 32831.69558782136
251, 32968.23302362216, 24556.128203924472, 32968.23302362216, 32842.60699427194, 24593.87162719866, 32842.60699427194
252, 32968.23302362216, 24556.128203924472, 32968.23302362216, 32852.39808726883, 24583.952965417913, 32852.39808726883
253, 32973.27199950748, 24474.8021149346, 32973.27199950748, 32869.601614277395, 24555.079904799186, 32869.601614277395
254, 32973.27199950748, 24474.8021149346, 32973.27199950748, 32889.04467845688, 24522.022569177305, 32889.04467845688
255, 32973.27199950748, 24474.8021149346, 32973.27199950748, 32922.337795329724, 24511.257499855063, 32922.337795329724
256, 32973.27199950748, 24474.8021149346, 32973.27199950748, 32963.770313496745, 24554.97780890351, 32963.770313496745
257, 32996.17974596221, 24491.56813582507, 32996.17974596221, 32968.44834187207, 24554.585512249098, 32968.44834187207
258, 32997.32794621421, 24422.433941650223, 32997.32794621421, 32968.695981101606, 24553.50884435604, 32968.695981101606
259, 33000.902936662154, 24493.16972177633, 33000.902936662154, 32969.30278465884, 24551.289870521017, 32969.30278465884
260, 33000.902936662154, 24493.16972177633, 33000.902936662154, 32969.88305784709, 24547.604983262783, 32969.88305784709
261, 33000.902936662154, 24493.16972177633, 33000.902936662154, 32970.39283337813, 24544.438512044064, 32970.39283337813
262, 33000.902936662154, 24493.16972177633, 33000.902936662154, 32971.983336460995, 24534.150455226954, 32971.983336460995
263, 33171.061630669996, 24484.955564965923, 33171.061630669996, 32976.17376980794, 24516.741019974565, 32976.17376980794
264, 33171.061630669996, 24484.955564965923, 33171.061630669996, 32979.74412083775, 24496.147915562, 32979.74412083775
265, 33171.061630669996, 24484.955564965923, 33171.061630669996, 32987.7473767862, 24482.409919878162, 32987.7473767862
266, 33171.061630669996, 24484.955564965923, 33171.061630669996, 32996.89522653962, 24487.523285244886, 32996.89522653962
267, 33171.061630669996, 24484.955564965923, 33171.061630669996, 33006.401083738754, 24435.727393754918, 33006.401083738754
268, 33171.061630669996, 24484.955564965923, 33171.061630669996, 33011.92862008642, 24442.118834232413, 33011.92862008642
269, 33175.243538644805, 24555.454994206128, 33175.243538644805, 33019.03764172206, 24455.23703383196, 33019.03764172206
270, 33175.243538644805, 24555.454994206128, 33175.243538644805, 33031.91593968465, 24477.428587351198, 33031.91593968465
271, 33175.243538644805, 24555.454994206128, 33175.243538644805, 33044.179568493346, 24503.305523344476, 33044.179568493346
272, 33189.46401920327, 24645.627616689388, 33189.46401920327, 33077.06148750163, 24513.594047136958, 33077.06148750163
273, 33189.46401920327, 24645.627616689388, 33189.46401920327, 33133.36932259451, 24519.252512906838, 33133.36932259451
274, 33252.88875700891, 24403.791865382653, 33252.88875700891, 33171.83712936315, 24488.068910730388, 33171.83712936315
275, 33252.88875700891, 24403.791865382653, 33252.88875700891, 33171.97096038556, 24489.57726528141, 33171.97096038556
276, 33300.12835249467, 24405.688156216384, 33300.12835249467, 33172.982657056156, 24492.700092500076, 33172.982657056156
277, 33300.12835249467, 24405.688156216384, 33300.12835249467, 33174.50219037508, 24495.919556381195, 33174.50219037508
278, 33300.12835249467, 24405.688156216384, 33300.12835249467, 33176.75257968701, 24504.803912432562, 33176.75257968701
279, 33300.12835249467, 24405.688156216384, 33300.12835249467, 33181.812944334575, 24517.10349124123, 33181.812944334575
280, 33300.12835249467, 24405.688156216384, 33300.12835249467, 33187.19248489467, 24539.14626960352, 33187.19248489467
281, 33300.12835249467, 24405.688156216384, 33300.12835249467, 33195.39715297134, 24568.555601268425, 33195.39715297134
282, 33300.12835249467, 24405.688156216384, 33300.12835249467, 33207.39024470614, 24574.49333281393, 33207.39024470614
283, 33300.12835249467, 24405.688156216384, 33300.12835249467, 33218.26395832198, 24558.39380559946, 33218.26395832198
284, 33300.12835249467, 24405.688156216384, 33300.12835249467, 33233.19042115773, 24515.66283653119, 33233.19042115773
285, 33368.0641171961, 24507.523817253103, 33368.0641171961, 33262.37110923746, 24429.435346093826, 33262.37110923746
286, 33368.0641171961, 24507.523817253103, 33368.0641171961, 33281.00368700339, 24406.335504544, 33281.00368700339
287, 33368.0641171961, 24507.523817253103, 33368.0641171961, 33299.05821413407, 24407.555791911833, 33299.05821413407
288, 33368.0641171961, 24507.523817253103, 33368.0641171961, 33302.50610425924, 24409.252404352686, 33302.50610425924
289, 33368.0641171961, 24507.523817253103, 33368.0641171961, 33302.93931119091, 24409.15944907658, 33302.93931119091
290, 33368.0641171961, 24507.523817253103, 33368.0641171961, 33304.727315538374, 24410.90993667035, 33304.727315538374
291, 33368.0641171961, 24507.523817253103, 33368.0641171961, 33307.962981694465, 24414.09573186283, 33307.962981694465
292, 33368.0641171961, 24507.523817253103, 33368.0641171961, 33312.34521891404, 24420.132130938586, 33312.34521891404
293, 33368.0641171961, 24507.523817253103, 33368.0641171961, 33320.66806703368, 24430.930100636724, 33320.66806703368
294, 33368.0641171961, 24507.523817253103, 33368.0641171961, 33332.966220527174, 24450.209768757693, 33332.966220527174
295, 33368.0641171961, 24507.523817253103, 33368.0641171961, 33357.14104783811, 24471.250458565104, 33357.14104783811
296, 33368.0641171961, 24507.523817253103, 33368.0641171961, 33368.06411719604, 24507.5238172532, 33368.06411719604
297, 33368.0641171961, 24507.523817253103, 33368.0641171961, 33368.06411719604, 24507.5238172532, 33368.06411719604
298, 33368.0641171961, 24507.523817253103, 33368.0641171961, 33368.06411719604, 24507.5238172532, 33368.06411719604
299, 33368.0641171961, 24507.523817253103, 33368.0641171961, 33368.06411719604, 24507.5238172532, 33368.06411719604
300, 33386.1694645865, 24491.048150325158, 33386.1694645865, 33368.15464393298, 24507.441438918566, 33368.15464393298
301, 33386.1694645865, 24491.048150325158, 33386.1694645865, 33368.15464393298, 24507.441438918566, 33368.15464393298
302, 33397.11178183191, 24514.68528814269, 33397.11178183191, 33368.39040899312, 24507.394867938372, 33368.39040899312
303, 33397.11178183191, 24514.68528814269, 33397.11178183191, 33368.509877258824, 24506.708652959693, 33368.509877258824
304, 33417.35252256254, 24578.997199268935, 33417.35252256254, 33368.901557608835, 24507.101827224218, 33368.901557608835
305, 33429.186554744985, 24622.445816211606, 33429.186554744985, 33369.84529217342, 24508.42697839362, 33369.84529217342
306, 33429.186554744985, 24622.445816211606, 33429.186554744985, 33371.48122882763, 24509.294332179586, 33371.48122882763
307, 33429.186554744985, 24622.445816211606, 33429.186554744985, 33373.51138542968, 24507.902477005795, 33373.51138542968
308, 33429.186554744985, 24622.445816211606, 33429.186554744985, 33376.140045913126, 24507.461061760372, 33376.140045913126
309, 33441.660523665894, 24471.681331800755, 33441.660523665894, 33381.79186049688, 24507.318767656277, 33381.79186049688
310, 33441.660523665894, 24471.681331800755, 33441.660523665894, 33389.3146057361, 24498.77512953395, 33389.3146057361
311, 33441.660523665894, 24471.681331800755, 33441.660523665894, 33401.48907971666, 24501.95249675422, 33401.48907971666
312, 33441.660523665894, 24471.681331800755, 33441.660523665894, 33409.59363584888, 24533.283599133327, 33409.59363584888
313, 33441.660523665894, 24471.681331800755, 33441.660523665894, 33418.25079466716, 24580.384555076045, 33418.25079466716
314, 33441.660523665894, 24471.681331800755, 33441.660523665894, 33423.706365661405, 24596.197994494723, 33423.706365661405
315, 33441.660523665894, 24471.681331800755, 33441.660523665894, 33428.2000159931, 24606.387054826584, 33428.2000159931
316, 33441.660523665894, 24471.681331800755, 33441.660523665894, 33430.68343101541, 24604.354078082197, 33430.68343101541
317, 33441.660523665894, 24471.681331800755, 33441.660523665894, 33431.68134852907, 24592.292919329324, 33431.68134852907
318, 33441.660523665894, 24471.681331800755, 33441.660523665894, 33433.05348511036, 24575.70882604413, 33433.05348511036
319, 33441.660523665894, 24471.681331800755, 33441.660523665894, 33435.5482788946, 24545.555929161976, 33435.5482788946
320, 33441.660523665894, 24471.681331800755, 33441.660523665894, 33438.47966159109, 24510.126275325474, 33438.47966159109
321, 33441.660523665894, 24471.681331800755, 33441.660523665894, 33441.660523665996, 24471.681331800693, 33441.660523665996
322, 33441.660523665894, 24471.681331800755, 33441.660523665894, 33441.660523665996, 24471.681331800693, 33441.660523665996
323, 33452.957211826986, 24444.366217287366, 33452.957211826986, 33441.7170071068, 24471.544756228126, 33441.7170071068
324, 33577.53574689884, 24621.25360658647, 33577.53574689884, 33442.45286666378, 24472.156042029488, 33442.45286666378
325, 33577.53574689884, 24621.25360658647, 33577.53574689884, 33442.62231698619, 24471.74631531179, 33442.62231698619
326, 33577.53574689884, 24621.25360658647, 33577.53574689884, 33443.803839396925, 24472.273896677732, 33443.803839396925
327, 33577.53574689884, 24621.25360658647, 33577.53574689884, 33446.1668842184, 24473.329059409625, 33446.1668842184
328, 33577.53574689884, 24621.25360658647, 33577.53574689884, 33447.89964475846, 24473.115503829722, 33447.89964475846
329, 33577.53574689884, 24621.25360658647, 33577.53574689884, 33449.672417555164, 24471.945597072416, 33449.672417555164
330, 33577.53574689884, 24621.25360658647, 33577.53574689884, 33454.04053717961, 24470.164080834144, 33454.04053717961
331, 33577.53574689884, 24621.25360658647, 33577.53574689884, 33463.17454307376, 24468.3400426641, 33463.17454307376
332, 33577.53574689884, 24621.25360658647, 33577.53574689884, 33478.329715692205, 24466.630800403305, 33478.329715692205
333, 33577.53574689884, 24621.25360658647, 33577.53574689884, 33503.59707496241, 24470.640467165103, 33503.59707496241
334, 33577.53574689884, 24621.25360658647, 33577.53574689884, 33534.01043658939, 24474.724861541414, 33534.01043658939
335, 33587.81313380667, 24453.08073149388, 33587.81313380667, 33541.88705335604, 24492.205368696177, 33541.88705335604
336, 33587.81313380667, 24453.08073149388, 33587.81313380667, 33547.86591359597, 24512.050167731122, 33547.86591359597
337, 33587.81313380667, 24453.08073149388, 33587.81313380667, 33557.88899080323, 24546.933174671045, 33557.88899080323
338, 33587.81313380667, 24453.08073149388, 33587.81313380667, 33574.696953110586, 24602.893451526998, 33574.696953110586
339, 33587.81313380667, 24453.08073149388, 33587.81313380667, 33577.79268157143, 24617.049284709105, 33577.79268157143
340, 33587.81313380667, 24453.08073149388, 33587.81313380667, 33577.99822930959, 24613.685827207253, 33577.99822930959
341, 33587.81313380667, 24453.08073149388, 33587.81313380667, 33578.30655091682, 24608.640640954472, 33578.30655091682
342, 33587.81313380667, 24453.08073149388, 33587.81313380667, 33578.71764639314, 24601.91372595077, 33578.71764639314
343, 33592.908823010956, 24589.099181682566, 33592.908823010956, 33579.25699418455, 24594.185174447084, 33579.25699418455
344, 33592.908823010956, 24589.099181682566, 33592.908823010956, 33580.875467601305, 24568.79847105867, 33580.875467601305
345, 33592.908823010956, 24589.099181682566, 33592.908823010956, 33582.46803252947, 24544.93272429668, 33582.46803252947
346, 33592.908823010956, 24589.099181682566, 33592.908823010956, 33585.44761464777, 24500.56468827459, 33585.44761464777
347, 33592.908823010956, 24589.099181682566, 33592.908823010956, 33588.11887515896, 24461.24183850514, 33588.11887515896
348, 33592.908823010956, 24589.099181682566, 33592.908823010956, 33588.29722428111, 24466.002484261742, 33588.29722428111
349, 33592.908823010956, 24589.099181682566, 33592.908823010956, 33588.526530295305, 24472.12331452023, 33588.526530295305
350, 33592.908823010956, 24589.099181682566, 33592.908823010956, 33588.95966387767, 24483.684882786274, 33588.95966387767
351, 33592.908823010956, 24589.099181682566, 33592.908823010956, 33589.67306036628, 24502.727465812688, 33589.67306036628
352, 33592.908823010956, 24589.099181682566, 33592.908823010956, 33590.64124131514, 24528.570971348505, 33590.64124131514
353, 33592.908823010956, 24589.099181682566, 33592.908823010956, 33592.603081658584, 24580.938074671143, 33592.603081658584
354, 33610.72150921989, 24510.79958006478, 33610.72150921989, 33592.997886441844, 24588.707683674413, 33592.997886441844
355, 33610.72150921989, 24510.79958006478, 33610.72150921989, 33592.997886441844, 24588.707683674413, 33592.997886441844
356, 33610.72150921989, 24510.79958006478, 33610.72150921989, 33592.997886441844, 24588.707683674413, 33592.997886441844
357, 33610.72150921989, 24510.79958006478, 33610.72150921989, 33592.997886441844, 24588.707683674413, 33592.997886441844
358, 33691.81781760018, 24592.168305999006, 33691.81781760018, 33593.581494845836, 24588.331531287913, 33593.581494845836
359, 33691.81781760018, 24592.168305999006, 33691.81781760018, 33594.254166680876, 24587.563880893314, 33594.254166680876
360, 33691.81781760018, 24592.168305999006, 33691.81781760018, 33595.15092727379, 24587.331395998095, 33595.15092727379
361, 33691.81781760018, 24592.168305999006, 33691.81781760018, 33596.00172597091, 24585.78074958732, 33596.00172597091
362, 33691.81781760018, 24592.168305999006, 33691.81781760018, 33597.84161461393, 24584.26079441971, 33597.84161461393
363, 33691.81781760018, 24592.168305999006, 33691.81781760018, 33600.35417509198, 24581.973188857504, 33600.35417509198
364, 33691.81781760018, 24592.168305999006, 33691.81781760018, 33606.85966504499, 24576.789340451378, 33606.85966504499
365, 33691.81781760018, 24592.168305999006, 33691.81781760018, 33615.15908174525, 24568.767375362084, 33615.15908174525
366, 33691.81781760018, 24592.168305999006, 33691.81781760018, 33626.36714826114, 24554.527479008117, 33626.36714826114
367, 33691.81781760018, 24592.168305999006, 33691.81781760018, 33647.929810238624, 24549.684490602267, 33647.929810238624
368, 33694.97185524556, 24535.359907753114, 33694.97185524556, 33669.969671611085, 24573.360466720587, 33669.969671611085
369, 33694.97185524556, 24535.359907753114, 33694.97185524556, 33691.83358778845, 24591.88426400776, 33691.83358778845
370, 33694.97185524556, 24535.359907753114, 33694.97185524556, 33691.83358778845, 24591.88426400776, 33691.83358778845
371, 33694.97185524556, 24535.359907753114, 33694.97185524556, 33691.83358778845, 24591.88426400776, 33691.83358778845
372, 33694.97185524556, 24535.359907753114, 33694.97185524556, 33691.83358778845, 24591.88426400776, 33691.83358778845
373, 33737.09498330342, 24644.620767862605, 33737.09498330342, 33692.05997361697, 24592.14652631708, 33692.05997361697
374, 33737.09498330342, 24644.620767862605, 33737.09498330342, 33692.05997361697, 24592.14652631708, 33692.05997361697
375, 33737.09498330342, 24644.620767862605, 33737.09498330342, 33692.05997361697, 24592.14652631708, 33692.05997361697
376, 33737.09498330342, 24644.620767862605, 33737.09498330342, 33692.09151399342, 24591.57844233462, 33692.09151399342
377, 33737.09498330342, 24644.620767862605, 33737.09498330342, 33692.17523155529, 24590.912653604755, 33692.17523155529
378, 33737.09498330342, 24644.620767862605, 33737.09498330342, 33692.20677193174, 24590.344569622295, 33692.20677193174
379, 33737.09498330342, 24644.620767862605, 33737.09498330342, 33692.23831230819, 24589.77648563984, 33692.23831230819
380, 33737.09498330342, 24644.620767862605, 33737.09498330342, 33692.317163249325, 24588.35627568369, 33692.317163249325
381, 33737.09498330342, 24644.620767862605, 33737.09498330342, 33692.77406495447, 24586.15079256837, 33692.77406495447
382, 33737.09498330342, 24644.620767862605, 33737.09498330342, 33693.47312267636, 24583.923529771128, 33693.47312267636
383, 33737.09498330342, 24644.620767862605, 33737.09498330342, 33694.29760533146, 24575.939502083816, 33694.29760533146
384, 33737.09498330342, 24644.620767862605, 33737.09498330342, 33695.72652457912, 24567.43246354665, 33695.72652457912
385, 33737.09498330342, 24644.620767862605, 33737.09498330342, 33699.369781829366, 24551.94688719563, 33699.369781829366
386, 33737.09498330342, 24644.620767862605, 33737.09498330342, 33704.11742695961, 24551.158596860598, 33704.11742695961
387, 33737.09498330342, 24644.620767862605, 33737.09498330342, 33710.73734626799, 24563.661745480822, 33710.73734626799
388, 33737.09498330342, 24644.620767862605, 33737.09498330342, 33720.56867736627, 24584.261753861814, 33720.56867736627
389, 33737.09498330342, 24644.620767862605, 33737.09498330342, 33730.104107439765, 24613.882100338633, 33730.104107439765
390, 33737.09498330342, 24644.620767862605, 33737.09498330342, 33737.09498330327, 24644.620767862554, 33737.09498330327
391, 33737.09498330342, 24644.620767862605, 33737.09498330342, 33737.09498330327, 24644.620767862554, 33737.09498330327
392, 33737.09498330342, 24644.620767862605, 33737.09498330342, 33737.09498330327, 24644.620767862554, 33737.09498330327
393, 33737.09498330342, 24644.620767862605, 33737.09498330342, 33737.09498330327, 24644.620767862554, 33737.09498330327
394, 33737.09498330342, 24644.620767862605, 33737.09498330342, 33737.09498330327, 24644.620767862554, 33737.09498330327
395, 33737.09498330342, 24644.620767862605, 33737.09498330342, 33737.09498330327, 24644.620767862554, 33737.09498330327
396, 33737.09498330342, 24644.620767862605, 33737.09498330342, 33737.09498330327, 24644.620767862554, 33737.09498330327
397, 33737.09498330342, 24644.620767862605, 33737.09498330342, 33737.09498330327, 24644.620767862554, 33737.09498330327
398, 33737.09498330342, 24644.620767862605, 33737.09498330342, 33737.09498330327, 24644.620767862554, 33737.09498330327
399, 33737.09498330342, 24644.620767862605, 33737.09498330342, 33737.09498330327, 24644.620767862554, 33737.09498330327
400, 33737.09498330342, 24644.620767862605, 33737.09498330342, 33737.09498330327, 24644.620767862554, 33737.09498330327
401, 33737.09498330342, 24644.620767862605, 33737.09498330342, 33737.09498330327, 24644.620767862554, 33737.09498330327
402, 33737.09498330342, 24644.620767862605, 33737.09498330342, 33737.09498330327, 24644.620767862554, 33737.09498330327
403, 33768.306411432524, 24672.56424689617, 33768.306411432524, 33737.251040443916, 24644.760485257724, 33737.251040443916
404, 33768.306411432524, 24672.56424689617, 33768.306411432524, 33737.56315472521, 24645.03992004806, 33737.56315472521
405, 33768.306411432524, 24672.56424689617, 33768.306411432524, 33737.8752690065, 24645.319354838393, 33737.8752690065
406, 33768.306411432524, 24672.56424689617, 33768.306411432524, 33738.031326147146, 24645.459072233563, 33738.031326147146
407, 33768.306411432524, 24672.56424689617, 33768.306411432524, 33738.811611850375, 24646.157659209402, 33738.811611850375
408, 33768.306411432524, 24672.56424689617, 33768.306411432524, 33740.52824039748, 24647.69455055625, 33740.52824039748
409, 33768.306411432524, 24672.56424689617, 33768.306411432524, 33742.40092608522, 24649.37115929826, 33742.40092608522
410, 33768.306411432524, 24672.56424689617, 33768.306411432524, 33745.834183179424, 24652.44494199196, 33745.834183179424
411, 33768.306411432524, 24672.56424689617, 33768.306411432524, 33750.67195453944, 24656.776181242174, 33750.67195453944
412, 33790.11890108292, 24668.834663836245, 33790.11890108292, 33760.37532256227, 24664.989019939763, 33760.37532256227
413, 33790.11890108292, 24668.834663836245, 33790.11890108292, 33768.52453632889, 24672.526951065516, 33768.52453632889
414, 33790.11890108292, 24668.834663836245, 33790.11890108292, 33768.633598777145, 24672.508303150218, 33768.633598777145
415, 33790.11890108292, 24668.834663836245, 33790.11890108292, 33768.7426612254, 24672.489655234916, 33768.7426612254
416, 33790.11890108292, 24668.834663836245, 33790.11890108292, 33769.06984857015, 24672.43371148902, 33769.06984857015
417, 33790.11890108292, 24668.834663836245, 33790.11890108292, 33769.1789110184, 24672.415063573717, 33769.1789110184
418, 33790.11890108292, 24668.834663836245, 33790.11890108292, 33769.506098363156, 24672.359119827823, 33769.506098363156
419, 33790.11890108292, 24668.834663836245, 33790.11890108292, 33770.26953550093, 24672.22858442072, 33770.26953550093
420, 33790.11890108292, 24668.834663836245, 33790.11890108292, 33771.14203508694, 24672.079401098326, 33771.14203508694
421, 33790.11890108292, 24668.834663836245, 33790.11890108292, 33773.32328405198, 24671.706442792336, 33773.32328405198
422, 33790.11890108292, 24668.834663836245, 33790.11890108292, 33776.37703260303, 24671.18430116395, 33776.37703260303
423, 33790.11890108292, 24668.834663836245, 33790.11890108292, 33780.39756943179, 24670.31833712017, 33780.39756943179
424, 33790.11890108292, 24668.834663836245, 33790.11890108292, 33788.34435439787, 24668.781048125642, 33788.34435439787
425, 33800.31789474511, 24525.897161749814, 33800.31789474511, 33790.19955612214, 24668.07336024148, 33790.19955612214
426, 33800.31789474511, 24525.897161749814, 33800.31789474511, 33790.22921619296, 24668.02674415711, 33790.22921619296
427, 33842.04055583891, 24620.389894483305, 33842.04055583891, 33790.54814460838, 24667.691288141606, 33790.54814460838
428, 33842.04055583891, 24620.389894483305, 33842.04055583891, 33790.83741295298, 24667.402448210472, 33790.83741295298
429, 33842.04055583891, 24620.389894483305, 33842.04055583891, 33791.95650108723, 24665.672249228614, 33791.95650108723
430, 33842.04055583891, 24620.389894483305, 33842.04055583891, 33793.99438922359, 24662.360842942922, 33793.99438922359
431, 33842.04055583891, 24620.389894483305, 33842.04055583891, 33796.36421549952, 24657.424453873966, 33796.36421549952
432, 33842.04055583891, 24620.389894483305, 33842.04055583891, 33799.601846809244, 24651.621545011592, 33799.601846809244
433, 33842.04055583891, 24620.389894483305, 33842.04055583891, 33804.90702632622, 24642.46061377919, 33804.90702632622
434, 33842.04055583891, 24620.389894483305, 33842.04055583891, 33814.14602131557, 24625.933853230443, 33814.14602131557
435, 33842.04055583891, 24620.389894483305, 33842.04055583891, 33824.79204839711, 24607.11583639176, 33824.79204839711
436, 33842.04055583891, 24620.389894483305, 33842.04055583891, 33841.83194253331, 24619.917430819627, 33841.83194253331
437, 33842.04055583891, 24620.389894483305, 33842.04055583891, 33842.04055583878, 24620.389894483294, 33842.04055583878
438, 33893.90115586959, 24569.961792505143, 33893.90115586959, 33842.29985883893, 24620.137753973402, 33842.29985883893
439, 33893.90115586959, 24569.961792505143, 33893.90115586959, 33842.29985883893, 24620.137753973402, 33842.29985883893
440, 33893.90115586959, 24569.961792505143, 33893.90115586959, 33842.81846483924, 24619.63347295362, 33842.81846483924
441, 33893.90115586959, 24569.961792505143, 33893.90115586959, 33843.85567683985, 24618.62491091406, 33843.85567683985
442, 33893.90115586959, 24569.961792505143, 33893.90115586959, 33844.89288884046, 24617.616348874493, 33844.89288884046
443, 33893.90115586959, 24569.961792505143, 33893.90115586959, 33846.189403841236, 24616.355646325042, 33846.189403841236
444, 33893.90115586959, 24569.961792505143, 33893.90115586959, 33848.004524842305, 24614.590662755803, 33848.004524842305
445, 33893.90115586959, 24569.961792505143, 33893.90115586959, 33850.85685784399, 24611.817117147002, 33850.85685784399
446, 33893.90115586959, 24569.961792505143, 33893.90115586959, 33856.56152384735, 24606.270025929403, 33856.56152384735
447, 33893.90115586959, 24569.961792505143, 33893.90115586959, 33863.82200785162, 24599.210091652447, 33863.82200785162
448, 33893.90115586959, 24569.961792505143, 33893.90115586959, 33877.04646085943, 24586.3509256481, 33877.04646085943
449, 33893.90115586959, 24569.961792505143, 33893.90115586959, 33893.9011558695, 24569.961792505248, 33893.9011558695
450, 33893.90115586959, 24569.961792505143, 33893.90115586959, 33893.9011558695, 24569.961792505248, 33893.9011558695
451, 33893.90115586959, 24569.961792505143, 33893.90115586959, 33893.9011558695, 24569.961792505248, 33893.9011558695
452, 33893.90115586959, 24569.961792505143, 33893.90115586959, 33893.9011558695, 24569.961792505248, 33893.9011558695
453, 33893.90115586959, 24569.961792505143, 33893.90115586959, 33893.9011558695, 24569.961792505248, 33893.9011558695
454, 33893.90115586959, 24569.961792505143, 33893.90115586959, 33893.9011558695, 24569.961792505248, 33893.9011558695
455, 33893.90115586959, 24569.961792505143, 33893.90115586959, 33893.9011558695, 24569.961792505248, 33893.9011558695
456, 33893.90115586959, 24569.961792505143, 33893.90115586959, 33893.9011558695, 24569.961792505248, 33893.9011558695
457, 33893.90115586959, 24569.961792505143, 33893.90115586959, 33893.9011558695, 24569.961792505248, 33893.9011558695
458, 33996.844124221636, 24672.21522501257, 33996.844124221636, 33894.55507116769, 24570.375369213318, 33894.55507116769
459, 33996.844124221636, 24672.21522501257, 33996.844124221636, 33895.72370130764, 24571.300213083923, 33895.72370130764
460, 33996.844124221636, 24672.21522501257, 33996.844124221636, 33897.031531904024, 24572.127366500063, 33897.031531904024
461, 33996.844124221636, 24672.21522501257, 33996.844124221636, 33900.440308851415, 24574.097559585945, 33900.440308851415
462, 33996.844124221636, 24672.21522501257, 33996.844124221636, 33903.709885342374, 24576.165443126294, 33903.709885342374
463, 33996.844124221636, 24672.21522501257, 33996.844124221636, 33908.802007271486, 24579.571747245314, 33908.802007271486
464, 33996.844124221636, 24672.21522501257, 33996.844124221636, 33919.083364602186, 24587.18869400931, 33919.083364602186
465, 33996.844124221636, 24672.21522501257, 33996.844124221636, 33933.462580136445, 24596.68025540988, 33933.462580136445
466, 33996.844124221636, 24672.21522501257, 33996.844124221636, 33950.95923220058, 24605.728994318495, 33950.95923220058
467, 33996.844124221636, 24672.21522501257, 33996.844124221636, 33974.47484573236, 24635.20877233778, 33974.47484573236
468, 33996.844124221636, 24672.21522501257, 33996.844124221636, 33996.84412422152, 24672.215225012595, 33996.84412422152
469, 33996.844124221636, 24672.21522501257, 33996.844124221636, 33996.84412422152, 24672.215225012595, 33996.84412422152
470, 33999.51433397373, 24549.596558395773, 33999.51433397373, 33996.85747527028, 24671.60213167951, 33996.85747527028
471, 33999.51433397373, 24549.596558395773, 33999.51433397373, 33996.85747527028, 24671.60213167951, 33996.85747527028
472, 33999.51433397373, 24549.596558395773, 33999.51433397373, 33996.870826319035, 24670.98903834643, 33996.870826319035
473, 33999.51433397373, 24549.596558395773, 33999.51433397373, 33996.8841773678, 24670.375945013344, 33996.8841773678
474, 34019.52126761732, 24616.644737341212, 34019.52126761732, 33997.0242651823, 24668.871905908818, 33997.0242651823
475, 34019.52126761732, 24616.644737341212, 34019.52126761732, 33997.03761623106, 24668.258812575736, 33997.03761623106
476, 34019.52126761732, 24616.644737341212, 34019.52126761732, 33997.0910204261, 24665.806439243395, 33997.0910204261
477, 34019.52126761732, 24616.644737341212, 34019.52126761732, 33997.14442462114, 24663.354065911062, 33997.14442462114
478, 34019.52126761732, 24616.644737341212, 34019.52126761732, 33997.4379512989, 24659.73289436893, 33997.4379512989
479, 34019.52126761732, 24616.644737341212, 34019.52126761732, 33997.57146178651, 24653.601961038086, 33997.57146178651
480, 34019.52126761732, 24616.644737341212, 34019.52126761732, 33997.88511323489, 24644.127708603468, 33997.88511323489
481, 34019.52126761732, 24616.644737341212, 34019.52126761732, 33998.560021828016, 24625.62465431268, 33998.560021828016
482, 34019.52126761732, 24616.644737341212, 34019.52126761732, 33999.56095769508, 24599.376417902826, 33999.56095769508
483, 34019.52126761732, 24616.644737341212, 34019.52126761732, 34001.39181380745, 24556.24666308091, 34001.39181380745
484, 34019.52126761732, 24616.644737341212, 34019.52126761732, 34001.898058395695, 24558.373713241486, 34001.898058395695
485, 34019.52126761732, 24616.644737341212, 34019.52126761732, 34003.229007163725, 24563.908668823635, 34003.229007163725
486, 34019.52126761732, 24616.644737341212, 34019.52126761732, 34005.81887216937, 24573.80715114573, 34005.81887216937
487, 34019.52126761732, 24616.644737341212, 34019.52126761732, 34008.767341398634, 24585.051992155266, 34008.767341398634
488, 34019.52126761732, 24616.644737341212, 34019.52126761732, 34013.78107545836, 24603.79313274955, 34013.78107545836
489, 34019.52126761732, 24616.644737341212, 34019.52126761732, 34019.521267617194, 24616.644737341343, 34019.521267617194
490, 34019.52126761732, 24616.644737341212, 34019.52126761732, 34019.521267617194, 24616.644737341343, 34019.521267617194
491, 34019.52126761732, 24616.644737341212, 34019.52126761732, 34019.521267617194, 24616.644737341343, 34019.521267617194
492, 34019.52126761732, 24616.644737341212, 34019.52126761732, 34019.521267617194, 24616.644737341343, 34019.521267617194
493, 34019.52126761732, 24616.644737341212, 34019.52126761732, 34019.521267617194, 24616.644737341343, 34019.521267617194
494, 34019.52126761732, 24616.644737341212, 34019.52126761732, 34019.521267617194, 24616.644737341343, 34019.521267617194
495, 34022.45977877286, 24522.12032222851, 34022.45977877286, 34019.53596017297, 24616.172115265777, 34019.53596017297
496, 34022.45977877286, 24522.12032222851, 34022.45977877286, 34019.55065272874, 24615.69949319021, 34019.55065272874
497, 34023.69184829537, 24622.322026310405, 34023.69184829537, 34019.58619818791, 24615.255257559496, 34019.58619818791
498, 34023.69184829537, 24622.322026310405, 34023.69184829537, 34019.64496841103, 24613.36476925724, 34019.64496841103
499, 34023.69184829537, 24622.322026310405, 34023.69184829537, 34019.724591537524, 24611.502667399836, 34019.724591537524
500, 34023.69184829537, 24622.322026310405, 34023.69184829537, 34019.798054316416, 24609.13955702202, 34019.798054316416
