1, 26909.820783302715, 24615.583015156328, 26909.820783302715, 25115.858114148883, 24656.300425610953, 25115.858114148883
2, 27336.809237215588, 24527.935021751535, 27336.809237215588, 22653.400780742002, 24653.851470713344, 26045.51088703406
3, 27517.690545547328, 24573.106634925705, 27517.690545547328, 23628.14582236885, 24603.4067400577, 26636.56388885246
4, 27885.849244057863, 24459.101651218898, 27885.849244057863, 24641.9979035458, 24556.857326322726, 27213.590910155028
5, 28329.697053832064, 24609.440860205694, 28329.697053832064, 24648.693388528216, 24554.224377786402, 27567.94281228708
6, 28483.003540174544, 24606.960566703063, 28483.003540174544, 24906.897084480075, 24557.165037552684, 27850.687933135185
7, 28663.07164179567, 24524.946480588158, 28663.07164179567, 24996.22101151062, 24579.374690886474, 28118.85004717616
8, 29169.97991691751, 24554.63717071451, 29169.97991691751, 23994.878815318676, 24602.509766883406, 28424.507907626758
9, 29345.053458432365, 24623.157781400172, 29345.053458432365, 25951.25305820756, 24571.968738194922, 28666.0835452734
10, 29431.929919351987, 24657.396067908117, 29431.929919351987, 24946.356208028326, 24590.784158224946, 28961.0208660506
11, 29636.45413946927, 24663.3871396434, 29636.45413946927, 24337.830822957527, 24605.559593734863, 29166.685026045285
12, 29655.354718273244, 24650.649302846443, 29655.354718273244, 24611.851438411322, 24635.421813418343, 29308.78730148838
13, 29702.768907479596, 24657.09183725022, 29702.768907479596, 24865.081905294886, 24631.361753479163, 29395.118994808883
14, 29702.768907479596, 24657.09183725022, 29702.768907479596, 24939.739907666528, 24631.735277277723, 29479.672628226024
15, 29928.97706666258, 24623.291753139594, 29928.97706666258, 26459.973725820906, 24604.403986995712, 29546.692512699356
16, 30156.11817718063, 24593.9366244577, 30156.11817718063, 26056.148947073452, 24602.554855797065, 29657.709700833733
17, 30203.18573104245, 24442.704771971883, 30203.18573104245, 25813.82981368746, 24618.31633283033, 29760.031833328434
18, 30353.985185700054, 24469.421697069385, 30353.985185700054, 28544.05665296691, 24538.730524133032, 29861.39843324865
19, 30509.463896857473, 24535.97604606525, 30509.463896857473, 28689.83739381451, 24535.581554415356, 30015.347877590702
20, 30657.77307246039, 24570.242204343696, 30657.77307246039, 26847.783802672468, 24537.397333640554, 30184.53066905608
21, 30716.562364112775, 24462.280779875233, 30716.562364112775, 26125.428427035942, 24557.04054678297, 30305.795677648905
22, 30776.27997826413, 24384.991368227864, 30776.27997826413, 28916.524586146734, 24524.187264907563, 30420.706378389972
23, 30940.286130446348, 24384.17704059855, 30940.286130446348, 29198.222245504032, 24527.9777872379, 30539.73476020584
24, 31130.802794092393, 24178.991158198965, 31130.802794092393, 29149.29248790498, 24536.878851793215, 30666.093808637463
25, 31327.59965058335, 24345.460703144614, 31327.59965058335, 30784.987354884583, 24474.381595456707, 30784.987354884583
26, 31395.698955586806, 24471.79958493273, 31395.698955586806, 29927.565516614057, 24446.154143469543, 30947.492115384077
27, 31395.698955586806, 24471.79958493273, 31395.698955586806, 27502.84879457114, 24493.420663748046, 31101.762384534133
28, 31637.082434102314, 24682.61510250078, 31637.082434102314, 28802.018084862422, 24478.256833333424, 31201.964592396467
29, 31637.082434102314, 24682.61510250078, 31637.082434102314, 25795.759606116466, 24559.721900856188, 31311.195932696974
30, 31673.30300742099, 24606.888613977066, 31673.30300742099, 25844.702570204627, 24577.880846894586, 31360.424221338802
31, 31673.30300742099, 24606.888613977066, 31673.30300742099, 26578.50386316729, 24563.06645405003, 31411.40419815751
32, 31792.3312643153, 24686.93929371769, 31792.3312643153, 26620.755846733187, 24595.218343170527, 31448.706248091832
33, 31792.3312643153, 24686.93929371769, 31792.3312643153, 25113.788249584206, 24624.047373628655, 31524.36308649376
34, 31805.15331550172, 24526.185231917687, 31805.15331550172, 26529.694318172347, 24631.96969006543, 31546.329290374248
35, 31837.18122991174, 24660.19832987225, 31837.18122991174, 28635.287424062568, 24599.297939927113, 31582.01412152528
36, 31887.686117695142, 24606.366081476852, 31887.686117695142, 26430.048623082414, 24652.394130207584, 31631.07476301177
37, 32046.30286021132, 24589.72297768608, 32046.30286021132, 26809.302753924207, 24663.96795027353, 31673.097730721714
38, 32046.30286021132, 24589.72297768608, 32046.30286021132, 26496.782979381424, 24651.01976794624, 31739.641668405646
39, 32049.964706701725, 24517.704801698022, 32049.964706701725, 27416.143213627016, 24648.285595719026, 31782.63126004345
40, 32055.36105267741, 24525.974113566495, 32055.36105267741, 28861.677974370345, 24624.022026191327, 31832.670075728824
41, 32055.36105267741, 24525.974113566495, 32055.36105267741, 27846.80065143271, 24623.220834580214, 31862.02308247313
42, 32097.156827686074, 24482.983311823275, 32097.156827686074, 27711.14515631443, 24619.282747223315, 31900.852163245992
43, 32100.31158033736, 24255.724501613255, 32100.31158033736, 27402.17894618289, 24620.053614316028, 31932.743909688368
44, 32105.267160329673, 24469.55884604942, 32105.267160329673, 30910.764294263525, 24561.00735492865, 31956.84567856471
45, 32215.33374354205, 24412.76976600469, 32215.33374354205, 30407.716243603834, 24533.079578939156, 31982.71766172701
46, 32215.33374354205, 24412.76976600469, 32215.33374354205, 30090.330996033976, 24531.283146864535, 32019.64246720409
47, 32237.72445443834, 24377.719035577582, 32237.72445443834, 30280.79908939748, 24537.207874864216, 32034.25940702236
48, 32237.72445443834, 24377.719035577582, 32237.72445443834, 29949.45486214387, 24520.435618847707, 32055.211967481806
49, 32296.56374910139, 24685.55494660952, 32296.56374910139, 27353.871047982997, 24541.75370527587, 32091.645571361594
50, 32296.56374910139, 24685.55494660952, 32296.56374910139, 26847.431053622666, 24596.078884366052, 32119.884773294532
51, 32296.56374910139, 24685.55494660952, 32296.56374910139, 25110.544153943843, 24603.2299597935, 32144.619244227237
52, 32305.270268739634, 24568.18293880885, 32305.270268739634, 27761.84007697364, 24551.25788549964, 32161.203686994486
53, 32371.83203649669, 24582.999725489964, 32371.83203649669, 27773.684168862037, 24522.210298352726, 32169.003798944486
54, 32371.83203649669, 24582.999725489964, 32371.83203649669, 26906.627557953358, 24553.414284671617, 32193.107158890183
55, 32424.308986887532, 24621.816895208118, 32424.308986887532, 27436.748203350446, 24576.758551859097, 32191.529780353718
56, 32475.832478997956, 24639.01098480956, 32475.832478997956, 26753.302272595363, 24554.514164545082, 32233.43516571569
57, 32475.832478997956, 24639.01098480956, 32475.832478997956, 27305.298889179576, 24583.665231507173, 32251.546557069025
58, 32475.832478997956, 24639.01098480956, 32475.832478997956, 26795.031175408814, 24628.57307995638, 32276.14423697469
59, 32475.832478997956, 24639.01098480956, 32475.832478997956, 26632.24778331633, 24633.26129192951, 32288.53794665467
60, 32475.832478997956, 24639.01098480956, 32475.832478997956, 26851.15566296016, 24640.444048534886, 32319.065438509806
61, 32475.832478997956, 24639.01098480956, 32475.832478997956, 26514.748811281203, 24639.301684404658, 32344.509854251824
62, 32601.461794097333, 24643.546669430296, 32601.461794097333, 26719.184788589777, 24653.343230780618, 32388.760498356663
63, 32601.461794097333, 24643.546669430296, 32601.461794097333, 26563.801088268236, 24654.32356949894, 32421.18254545988
64, 32601.461794097333, 24643.546669430296, 32601.461794097333, 26397.69662591466, 24673.919579996233, 32425.834924246432
65, 32601.461794097333, 24643.546669430296, 32601.461794097333, 26760.513183156498, 24673.56230227693, 32438.292565760585
66, 32601.461794097333, 24643.546669430296, 32601.461794097333, 26403.598343093323, 24683.393354733736, 32434.32008140986
67, 32601.461794097333, 24643.546669430296, 32601.461794097333, 26595.05123242706, 24668.714583161654, 32452.081357324296
68, 32601.461794097333, 24643.546669430296, 32601.461794097333, 26969.081817294267, 24666.796389207422, 32469.48995963946
69, 32639.836845143822, 24640.784369078137, 32639.836845143822, 27348.775258149042, 24673.298537305658, 32500.949500424937
70, 32652.57481914355, 24652.960668508073, 32652.57481914355, 27018.4915751287, 24671.77297479547, 32509.288913265136
71, 32652.57481914355, 24652.960668508073, 32652.57481914355, 26853.06425015514, 24679.099085867292, 32536.711923225495
72, 32652.57481914355, 24652.960668508073, 32652.57481914355, 27034.549609493424, 24684.22411076426, 32542.738411002276
73, 32761.080080722688, 24548.255089917926, 32761.080080722688, 28289.809772575787, 24657.324274279577, 32563.887518847096
74, 32761.080080722688, 24548.255089917926, 32761.080080722688, 28832.1624961274, 24647.454641906857, 32574.672320937312
75, 32823.11805758348, 24541.458181627953, 32823.11805758348, 28489.531937590433, 24647.647093008873, 32585.61624940186
76, 32825.23980895083, 24621.62955135298, 32825.23980895083, 28150.627150278146, 24632.75592493389, 32608.726750337533
77, 32847.193757149835, 24633.199658025183, 32847.193757149835, 26218.0409764322, 24655.192016413497, 32643.576998862252
78, 32847.193757149835, 24633.199658025183, 32847.193757149835, 27324.73842192741, 24636.622749118855, 32682.527583078736
79, 32847.193757149835, 24633.199658025183, 32847.193757149835, 27339.84306998759, 24622.212277558494, 32706.08702338627
80, 32847.56889766582, 24535.830046393636, 32847.56889766582, 29679.602509972963, 24576.413167397022, 32715.965477322483
81, 32847.56889766582, 24535.830046393636, 32847.56889766582, 28081.972049552944, 24594.276755445364, 32734.650274259795
82, 32847.56889766582, 24535.830046393636, 32847.56889766582, 28634.90269159105, 24601.3802161328, 32743.686467231077
83, 32865.138651119625, 24668.95557439773, 32865.138651119625, 28461.377021191664, 24604.206555223707, 32746.186021653106
84, 32865.138651119625, 24668.95557439773, 32865.138651119625, 26152.856415195252, 24658.15819039188, 32767.961101087814
85, 32908.89776106324, 24413.58826162265, 32908.89776106324, 30100.94915755437, 24621.812258004527, 32786.41587849801
86, 32950.21239463584, 24366.438626873885, 32950.21239463584, 31349.510120781793, 24613.216209457445, 32777.334510066925
87, 33044.01399955535, 24486.94685849758, 33044.01399955535, 31374.56393541081, 24589.481809987938, 32809.79125147609
88, 33044.01399955535, 24486.94685849758, 33044.01399955535, 29588.315827201804, 24598.368188729582, 32816.534237177984
89, 33044.01399955535, 24486.94685849758, 33044.01399955535, 29591.80640885669, 24575.653696260662, 32826.94096634136
90, 33044.01399955535, 24486.94685849758, 33044.01399955535, 30152.42140061814, 24576.921124450055, 32852.53786328736
91, 33056.90140503185, 24476.800957996278, 33056.90140503185, 29810.553054378466, 24567.584923522758, 32866.80113579262
92, 33056.90140503185, 24476.800957996278, 33056.90140503185, 30548.83742182572, 24496.708561343054, 32885.42163137038
93, 33056.90140503185, 24476.800957996278, 33056.90140503185, 29862.01622426102, 24490.86964887094, 32914.588306957005
94, 33091.2105442436, 24311.530637256958, 33091.2105442436, 30786.465000530854, 24492.483925387034, 32941.76275733852
95, 33110.21728384078, 24560.755520520357, 33110.21728384078, 31516.296262976914, 24500.847165408955, 32952.3662685682
96, 33110.21728384078, 24560.755520520357, 33110.21728384078, 27580.922598308847, 24551.53946362939, 32984.13238145843
97, 33157.28971278949, 24618.254534164647, 33157.28971278949, 26867.972991933602, 24551.01572958882, 32999.951561927555
98, 33157.28971278949, 24618.254534164647, 33157.28971278949, 28311.773179880824, 24545.38326104777, 32996.57167037691
99, 33157.28971278949, 24618.254534164647, 33157.28971278949, 28313.943785327905, 24544.943832671383, 33006.86729897171
100, 33157.28971278949, 24618.254534164647, 33157.28971278949, 27240.625340348903, 24549.045118870214, 32991.49226940901
101, 33157.28971278949, 24618.254534164647, 33157.28971278949, 27423.91854909781, 24537.136427297384, 33004.63164489038
102, 33157.28971278949, 24618.254534164647, 33157.28971278949, 28702.618883030726, 24509.526457228345, 33032.4691134882
103, 33174.1233370887, 24297.21826309817, 33174.1233370887, 32670.2234651438, 24429.67395530733, 33031.822320661915
104, 33225.58657277019, 24549.44581550102, 33225.58657277019, 32135.679189378832, 24495.403985206805, 33032.533551767636
105, 33225.58657277019, 24549.44581550102, 33225.58657277019, 28731.492985642053, 24589.720701861184, 33072.35876319162
106, 33371.31380225971, 24610.38737473673, 33371.31380225971, 27300.552358658188, 24616.59493221429, 33103.15759333071
107, 33371.31380225971, 24610.38737473673, 33371.31380225971, 27493.45742189468, 24612.957654409085, 33102.07372621784
108, 33441.6807887221, 24626.430329160175, 33441.6807887221, 27702.530931736568, 24614.192817945586, 33132.60952241899
109, 33441.6807887221, 24626.430329160175, 33441.6807887221, 27356.5314071723, 24607.5330033867, 33170.88725434186
110, 33441.6807887221, 24626.430329160175, 33441.6807887221, 27749.01036502536, 24567.735806997636, 33197.87661899008
111, 33441.6807887221, 24626.430329160175, 33441.6807887221, 27777.944521903, 24645.780099425254, 33223.62598670691
112, 33453.114099094106, 24471.55876490902, 33453.114099094106, 29804.110116037977, 24633.42263060285, 33251.38634852685
113, 33453.114099094106, 24471.55876490902, 33453.114099094106, 29457.057840975693, 24648.961039232898, 33272.87894356393
114, 33453.114099094106, 24471.55876490902, 33453.114099094106, 30022.75837402744, 24628.628425195086, 33287.54244072762
115, 33453.114099094106, 24471.55876490902, 33453.114099094106, 29679.181060056482, 24624.84911127255, 33305.27752300231
116, 33453.114099094106, 24471.55876490902, 33453.114099094106, 29859.07596388387, 24618.692216768355, 33316.11700592706
117, 33453.114099094106, 24471.55876490902, 33453.114099094106, 30419.073681867547, 24623.640194920004, 33320.342548195746
118, 33453.114099094106, 24471.55876490902, 33453.114099094106, 30242.062803884895, 24614.723230503667, 33330.14973571856
119, 33453.114099094106, 24471.55876490902, 33453.114099094106, 29716.43833587658, 24623.88910464014, 33341.11129755288
120, 33495.966414245944, 24683.49638352795, 33495.966414245944, 30096.520036990176, 24627.45708490454, 33369.24100870859
121, 33495.966414245944, 24683.49638352795, 33495.966414245944, 26817.276244611578, 24662.09929615842, 33371.39882374074
122, 33495.966414245944, 24683.49638352795, 33495.966414245944, 26996.17052576355, 24650.444486165296, 33364.35425534566
123, 33495.966414245944, 24683.49638352795, 33495.966414245944, 26822.56606881254, 24628.454851382114, 33382.05377524625
124, 33495.966414245944, 24683.49638352795, 33495.966414245944, 27003.972896146526, 24593.001802206378, 33372.20069449554
125, 33495.966414245944, 24683.49638352795, 33495.966414245944, 26646.915056943537, 24563.565939384374, 33378.2337448367
126, 33495.966414245944, 24683.49638352795, 33495.966414245944, 27183.581100545605, 24570.925734503733, 33365.42037234949
127, 33495.966414245944, 24683.49638352795, 33495.966414245944, 27735.81146512874, 24554.484540829024, 33381.5643466845
128, 33495.966414245944, 24683.49638352795, 33495.966414245944, 27737.44236393084, 24559.570542136204, 33377.17837066528
129, 33495.966414245944, 24683.49638352795, 33495.966414245944, 27377.53802393718, 24558.8830915025, 33379.06676015309
130, 33495.966414245944, 24683.49638352795, 33495.966414245944, 26646.39188518235, 24580.963109957924, 33383.51643745018
131, 33521.31065141662, 24668.785269795673, 33521.31065141662, 26650.601804331385, 24580.07527701272, 33381.81483518581
132, 33521.31065141662, 24668.785269795673, 33521.31065141662, 26474.671504159644, 24596.93815017908, 33400.57722653741
133, 33521.31065141662, 24668.785269795673, 33521.31065141662, 26843.573340239567, 24608.54804970997, 33403.5833829025
134, 33521.31065141662, 24668.785269795673, 33521.31065141662, 27039.009616877556, 24660.795269139326, 33417.98736130519
135, 33554.17022558349, 24617.364173951097, 33554.17022558349, 27404.29604360203, 24698.714621572377, 33416.72415387119
136, 33554.17022558349, 24617.364173951097, 33554.17022558349, 27596.04708502542, 24694.663715026752, 33430.68655480414
137, 33554.17022558349, 24617.364173951097, 33554.17022558349, 27776.876235979027, 24683.201037841547, 33425.97093687513
138, 33554.17022558349, 24617.364173951097, 33554.17022558349, 27599.33325755361, 24658.7251739859, 33427.90543019108
139, 33554.17022558349, 24617.364173951097, 33554.17022558349, 27779.67128322066, 24617.079420284303, 33429.36693625601
140, 33638.59479018843, 24317.65484699958, 33638.59479018843, 31082.515082506612, 24516.834616379823, 33445.18565187356
141, 33638.59479018843, 24317.65484699958, 33638.59479018843, 32554.499573386653, 24571.773492208, 33468.29537165167
142, 33638.59479018843, 24317.65484699958, 33638.59479018843, 32377.256921723205, 24600.96816269973, 33472.73091030815
143, 33645.19352231212, 24391.686370307503, 33645.19352231212, 32219.691612665414, 24560.102878026995, 33491.29387097809
144, 33718.35480045402, 24629.656638236273, 33718.35480045402, 26552.066475231757, 24644.19690414653, 33501.51477389948
145, 33718.35480045402, 24629.656638236273, 33718.35480045402, 26922.70415135795, 24615.704583534138, 33516.7946491183
146, 33718.35480045402, 24629.656638236273, 33718.35480045402, 28409.08792619431, 24553.515770501686, 33540.42818802205
147, 33718.35480045402, 24629.656638236273, 33718.35480045402, 26773.751642880456, 24534.14303381482, 33542.77085675057
148, 33831.70668913037, 24420.109354839347, 33831.70668913037, 31935.94065219305, 24464.146828557103, 33588.43561307608
149, 33839.850252400836, 24592.583967426086, 33839.850252400836, 30864.008271520077, 24464.234701466285, 33614.23748210906
150, 33839.850252400836, 24592.583967426086, 33839.850252400836, 28109.535108265845, 24525.393191559644, 33620.833510961944
151, 33918.62049858404, 24573.418981060724, 33918.62049858404, 27389.84277404777, 24605.389585360692, 33634.066796294646
152, 33918.62049858404, 24573.418981060724, 33918.62049858404, 28526.395179729792, 24644.311808100352, 33684.75683681354
153, 33918.62049858404, 24573.418981060724, 33918.62049858404, 27434.52534639521, 24652.937959049083, 33683.36178722443
154, 33918.62049858404, 24573.418981060724, 33918.62049858404, 28374.441995730045, 24633.89696309649, 33722.47297054396
155, 33918.62049858404, 24573.418981060724, 33918.62049858404, 28395.51673424508, 24612.25491983835, 33730.674895661956
156, 33918.62049858404, 24573.418981060724, 33918.62049858404, 28443.015590820232, 24585.152283911666, 33787.361317489565
157, 33918.62049858404, 24573.418981060724, 33918.62049858404, 29190.732541711648, 24613.70461077632, 33799.64047522087
158, 33918.62049858404, 24573.418981060724, 33918.62049858404, 28661.533949563418, 24618.123226450305, 33819.55351624387
159, 33918.62049858404, 24573.418981060724, 33918.62049858404, 27563.95456539944, 24627.113182475914, 33816.5002151007
160, 33967.81085737257, 24659.95744713715, 33967.81085737257, 28297.284468546535, 24618.338149232768, 33816.58726951415
161, 33967.81085737257, 24659.95744713715, 33967.81085737257, 27750.62748760277, 24635.464861548924, 33833.09875989166
162, 33967.81085737257, 24659.95744713715, 33967.81085737257, 27199.95870988531, 24635.62191274493, 33843.473070401094
163, 33977.495552679626, 24654.906976936738, 33977.495552679626, 27015.510041406105, 24640.142656086668, 33837.34869389732
164, 33977.495552679626, 24654.906976936738, 33977.495552679626, 27385.806951854, 24636.32194678128, 33839.763183964926
165, 33977.495552679626, 24654.906976936738, 33977.495552679626, 27013.461976424514, 24638.012842613763, 33849.498046719724
166, 33977.495552679626, 24654.906976936738, 33977.495552679626, 27198.36464181675, 24643.050046102155, 33836.49311227716
167, 33977.495552679626, 24654.906976936738, 33977.495552679626, 27570.714518436347, 24644.599055924038, 33849.96219473659
168, 33977.495552679626, 24654.906976936738, 33977.495552679626, 27205.15502309227, 24639.79975699677, 33841.66694723574
169, 33977.495552679626, 24654.906976936738, 33977.495552679626, 27756.76252398904, 24648.577804488054, 33846.07309154879
170, 33977.495552679626, 24654.906976936738, 33977.495552679626, 27949.910058302627, 24655.962777453085, 33855.8148778325
171, 33977.495552679626, 24654.906976936738, 33977.495552679626, 27035.5356829765, 24675.116189074568, 33863.25716285815
172, 33977.495552679626, 24654.906976936738, 33977.495552679626, 28152.64518351475, 24697.1403396009, 33871.73120326042
173, 33977.495552679626, 24654.906976936738, 33977.495552679626, 27607.05533884003, 24697.303376983422, 33875.877412590875
174, 33988.64857076667, 24526.538195152072, 33988.64857076667, 28897.105313735276, 24676.789609922474, 33871.84870426625
175, 33988.64857076667, 24526.538195152072, 33988.64857076667, 29639.929268150674, 24660.61243779163, 33883.49421811422
176, 33988.64857076667, 24526.538195152072, 33988.64857076667, 29640.01779019262, 24666.5325629327, 33888.89711806427
177, 33988.64857076667, 24526.538195152072, 33988.64857076667, 29832.324841302503, 24659.183020224038, 33894.130226738336
178, 34006.62331414544, 24502.65446294321, 34006.62331414544, 29458.094555228676, 24647.48566322353, 33893.59708149086
179, 34086.90224560788, 24670.136060315708, 34086.90224560788, 30021.446871165474, 24646.029573247946, 33895.91561223076
180, 34086.90224560788, 24670.136060315708, 34086.90224560788, 27069.36155846611, 24674.677479034905, 33919.432892217235
181, 34086.90224560788, 24670.136060315708, 34086.90224560788, 27805.97867024821, 24647.901046155563, 33906.345899747226
182, 34086.90224560788, 24670.136060315708, 34086.90224560788, 27814.783858239032, 24620.199618577633, 33919.59767416147
183, 34086.90224560788, 24670.136060315708, 34086.90224560788, 27262.635848122198, 24611.69527676961, 33914.21457361218
184, 34086.90224560788, 24670.136060315708, 34086.90224560788, 28382.38029072533, 24603.714522628165, 33933.90127465043
185, 34086.90224560788, 24670.136060315708, 34086.90224560788, 27090.55993176038, 24628.011565599954, 33934.324547543234
186, 34086.90224560788, 24670.136060315708, 34086.90224560788, 27658.972865886757, 24635.683531723804, 33956.45810923205
187, 34086.90224560788, 24670.136060315708, 34086.90224560788, 27492.837569823965, 24661.63066190705, 33971.439243131535
188, 34086.90224560788, 24670.136060315708, 34086.90224560788, 27882.348261179075, 24700.750275186612, 33992.23339382039
189, 34086.90224560788, 24670.136060315708, 34086.90224560788, 27518.28553303424, 24704.33633777546, 33989.588675897925
190, 34086.90224560788, 24670.136060315708, 34086.90224560788, 27521.462002591685, 24702.85551093696, 33999.43031008769
191, 34161.35478742383, 24661.842211450556, 34161.35478742383, 26961.987123433828, 24714.13995434924, 33999.752198209026
192, 34161.35478742383, 24661.842211450556, 34161.35478742383, 28077.689493854614, 24702.72347208927, 34018.5188989083
193, 34161.35478742383, 24661.842211450556, 34161.35478742383, 28451.998808131237, 24700.056308751373, 34015.72089223671
194, 34161.35478742383, 24661.842211450556, 34161.35478742383, 27150.743537126356, 24713.60599089059, 34008.823692247395
195, 34161.35478742383, 24661.842211450556, 34161.35478742383, 27523.67742505292, 24712.083810114713, 34018.053110475834
196, 34161.35478742383, 24661.842211450556, 34161.35478742383, 27709.940592946325, 24712.88139043051, 34016.63204643455
197, 34161.35478742383, 24661.842211450556, 34161.35478742383, 27901.61715777266, 24712.338120040342, 34029.59741177335
198, 34161.35478742383, 24661.842211450556, 34161.35478742383, 27342.316842694465, 24703.137973284112, 34018.71765812342
199, 34161.35478742383, 24661.842211450556, 34161.35478742383, 27730.997351317223, 24711.796528345487, 34034.61020653359
200, 34161.35478742383, 24661.842211450556, 34161.35478742383, 28101.426061980328, 24702.832937353043, 34045.32432003802
201, 34161.35478742383, 24661.842211450556, 34161.35478742383, 27189.934517947415, 24713.295635752565, 34037.62922568029
202, 34161.35478742383, 24661.842211450556, 34161.35478742383, 28126.42611032774, 24694.33107761526, 34054.840771214935
203, 34161.35478742383, 24661.842211450556, 34161.35478742383, 27387.11314706791, 24718.908313634995, 34065.48086943941
204, 34161.35478742383, 24661.842211450556, 34161.35478742383, 27391.26395202928, 24704.636077113144, 34069.345190207365
205, 34161.35478742383, 24661.842211450556, 34161.35478742383, 28318.295258929473, 24698.704429256264, 34063.247840070224
206, 34161.35478742383, 24661.842211450556, 34161.35478742383, 27023.387070572007, 24712.516732025146, 34076.15594403865
207, 34161.35478742383, 24661.842211450556, 34161.35478742383, 27019.006877699914, 24708.223852875668, 34065.88252359345
208, 34161.35478742383, 24661.842211450556, 34161.35478742383, 27019.302958148157, 24718.25977815702, 34056.684292834674
209, 34161.35478742383, 24661.842211450556, 34161.35478742383, 27947.992565660345, 24705.365883445407, 34061.97271124815
210, 34161.35478742383, 24661.842211450556, 34161.35478742383, 27570.720192784494, 24702.150147092954, 34065.909788442164
211, 34161.35478742383, 24661.842211450556, 34161.35478742383, 28316.465673870756, 24700.813044173516, 34065.88686850596
212, 34161.35478742383, 24661.842211450556, 34161.35478742383, 27388.355719500298, 24701.374850531396, 34070.52848931695
213, 34161.35478742383, 24661.842211450556, 34161.35478742383, 27578.982948543868, 24703.250400213754, 34073.15399691398
214, 34161.35478742383, 24661.842211450556, 34161.35478742383, 27387.96684374007, 24702.519316005306, 34070.41389774939
215, 34175.61358745966, 24611.03229436772, 34175.61358745966, 28131.632783297177, 24695.477233807895, 34061.308559561156
216, 34175.61358745966, 24611.03229436772, 34175.61358745966, 27577.862025436407, 24699.86630968148, 34075.68592385743
217, 34175.61358745966, 24611.03229436772, 34175.61358745966, 28127.915328119405, 24691.6049994714, 34057.35511563086
218, 34175.61358745966, 24611.03229436772, 34175.61358745966, 27577.30891935005, 24694.41558524562, 34067.785737666025
219, 34175.61358745966, 24611.03229436772, 34175.61358745966, 28500.989932196993, 24689.392134645106, 34067.958010652386
220, 34175.61358745966, 24611.03229436772, 34175.61358745966, 28507.65824624787, 24687.367076417482, 34063.09685245472
221, 34175.61358745966, 24611.03229436772, 34175.61358745966, 28502.193966217783, 24693.618873221923, 34069.48493753417
222, 34175.61358745966, 24611.03229436772, 34175.61358745966, 28132.39873199819, 24687.71798828863, 34067.68270691433
223, 34175.61358745966, 24611.03229436772, 34175.61358745966, 28138.132225045734, 24679.253406632215, 34083.7148595584
224, 34175.61358745966, 24611.03229436772, 34175.61358745966, 27397.856393571998, 24685.946313010594, 34068.859229225345
225, 34195.013151489264, 24524.261087091396, 34195.013151489264, 28884.872653184273, 24649.624902153635, 34094.0434706899
226, 34234.71073314412, 24613.87065858746, 34234.71073314412, 29999.937334924874, 24626.632239180846, 34081.46434803242
227, 34234.71073314412, 24613.87065858746, 34234.71073314412, 28146.56672101278, 24653.645294008704, 34094.473463886374
228, 34234.71073314412, 24613.87065858746, 34234.71073314412, 28522.660061859537, 24649.57010258343, 34091.1222067804
229, 34234.71073314412, 24613.87065858746, 34234.71073314412, 28521.803378380435, 24646.93707846792, 34091.94265244548
230, 34234.71073314412, 24613.87065858746, 34234.71073314412, 28334.56510373854, 24644.65563023923, 34086.44258018575
231, 34234.71073314412, 24613.87065858746, 34234.71073314412, 28708.82499766663, 24635.53651005502, 34091.767946261316
232, 34234.71073314412, 24613.87065858746, 34234.71073314412, 27601.168835361852, 24636.176868293438, 34103.656836124435
233, 34234.71073314412, 24613.87065858746, 34234.71073314412, 27609.67924548229, 24621.76353553782, 34112.047760423884
234, 34234.71073314412, 24613.87065858746, 34234.71073314412, 27799.05491541252, 24610.422883255964, 34121.51181720509
235, 34234.71073314412, 24613.87065858746, 34234.71073314412, 28542.691381573484, 24606.41433498589, 34117.10255508977
236, 34234.71073314412, 24613.87065858746, 34234.71073314412, 28368.720006928084, 24632.871838430852, 34127.959797743846
237, 34234.71073314412, 24613.87065858746, 34234.71073314412, 29310.217030485295, 24646.8640701843, 34143.5624640839
238, 34234.71073314412, 24613.87065858746, 34234.71073314412, 27634.470995583386, 24656.294024094437, 34146.62146118931
239, 34234.71073314412, 24613.87065858746, 34234.71073314412, 27820.918903323378, 24656.89644887773, 34140.24226876568
240, 34234.71073314412, 24613.87065858746, 34234.71073314412, 27453.307982967875, 24663.2832468052, 34149.31217753776
241, 34234.71073314412, 24613.87065858746, 34234.71073314412, 28005.64016679584, 24655.330556103327, 34137.46283751758
242, 34234.71073314412, 24613.87065858746, 34234.71073314412, 27822.410897583835, 24668.84351031403, 34148.37435754597
243, 34234.71073314412, 24613.87065858746, 34234.71073314412, 27823.11107769649, 24658.186673738637, 34147.032798728826
244, 34234.71073314412, 24613.87065858746, 34234.71073314412, 27820.238833600368, 24655.85410292493, 34136.29333572465
245, 34234.71073314412, 24613.87065858746, 34234.71073314412, 29122.23529341858, 24652.96802384488, 34131.56731552081
246, 34234.71073314412, 24613.87065858746, 34234.71073314412, 28746.853469251462, 24656.238197045666, 34132.00253511001
247, 34234.71073314412, 24613.87065858746, 34234.71073314412, 28377.989374251847, 24659.075542017403, 34143.90942756163
248, 34234.71073314412, 24613.87065858746, 34234.71073314412, 27819.724294783027, 24658.599780684966, 34136.52478244325
249, 34234.71073314412, 24613.87065858746, 34234.71073314412, 27449.08841600937, 24661.857177199585, 34135.221006987245
250, 34234.71073314412, 24613.87065858746, 34234.71073314412, 27820.354933258008, 24661.186647246966, 34132.10437734291
251, 34234.71073314412, 24613.87065858746, 34234.71073314412, 27447.449122047496, 24671.12222821014, 34148.39586894297
252, 34234.71073314412, 24613.87065858746, 34234.71073314412, 28753.348983450745, 24659.000609647548, 34137.22668081801
253, 34234.71073314412, 24613.87065858746, 34234.71073314412, 27824.482943885923, 24661.26071789108, 34148.720903705056
254, 34248.639548467625, 24605.409476097684, 34248.639548467625, 29120.257991471593, 24657.32298330094, 34137.648230628
255, 34248.639548467625, 24605.409476097684, 34248.639548467625, 28929.537184379933, 24656.67421821823, 34135.23284217406
256, 34248.639548467625, 24605.409476097684, 34248.639548467625, 27639.496113187168, 24659.7069903883, 34145.94104289925
257, 34248.639548467625, 24605.409476097684, 34248.639548467625, 28563.817226868032, 24658.073873509555, 34143.687077213166
258, 34248.639548467625, 24605.409476097684, 34248.639548467625, 27448.520436840972, 24660.741940950444, 34147.10941935833
259, 34248.639548467625, 24605.409476097684, 34248.639548467625, 27822.830877357075, 24663.740096736023, 34134.6581844449
260, 34248.639548467625, 24605.409476097684, 34248.639548467625, 28383.73934039467, 24655.92672213333, 34141.8800031177
261, 34248.639548467625, 24605.409476097684, 34248.639548467625, 28195.9866534981, 24670.958509558117, 34134.09669551795
262, 34248.639548467625, 24605.409476097684, 34248.639548467625, 28201.209668058847, 24665.929545269628, 34148.82260144082
263, 34248.639548467625, 24605.409476097684, 34248.639548467625, 29134.142424900172, 24654.3479638955, 34155.15408789693
264, 34248.639548467625, 24605.409476097684, 34248.639548467625, 29312.75772178855, 24652.353139149753, 34144.283504515915
265, 34248.639548467625, 24605.409476097684, 34248.639548467625, 27641.172240100692, 24652.38591917366, 34154.5272309432
266, 34248.639548467625, 24605.409476097684, 34248.639548467625, 28396.86226945885, 24648.48457850781, 34166.904861676114
267, 34465.935695483735, 24581.76313776886, 34465.935695483735, 27659.314593556137, 24650.917059569838, 34208.120589034465
268, 34465.935695483735, 24581.76313776886, 34465.935695483735, 28772.3132315601, 24645.287639907583, 34193.58096123302
269, 34465.935695483735, 24581.76313776886, 34465.935695483735, 28217.528755484185, 24643.15933155165, 34199.783391723024
270, 34465.935695483735, 24581.76313776886, 34465.935695483735, 28969.613436689793, 24637.902546438756, 34205.639683198584
271, 34465.935695483735, 24581.76313776886, 34465.935695483735, 28041.070264191363, 24655.421726402357, 34208.51061073475
272, 34465.935695483735, 24581.76313776886, 34465.935695483735, 28986.237220742503, 24639.213174255703, 34218.141357465654
273, 34465.935695483735, 24581.76313776886, 34465.935695483735, 28627.871422905184, 24634.94091642915, 34246.62960723193
274, 34465.935695483735, 24581.76313776886, 34465.935695483735, 28286.461915312775, 24641.663345973055, 34273.68450710142
275, 34478.169535850546, 24579.154586059416, 34478.169535850546, 28699.653483250793, 24627.02999878326, 34317.81521785293
276, 34478.169535850546, 24579.154586059416, 34478.169535850546, 29104.106402696296, 24614.25186609299, 34343.26029042385
277, 34478.169535850546, 24579.154586059416, 34478.169535850546, 29319.03288877334, 24621.487717363016, 34371.27990643889
278, 34478.169535850546, 24579.154586059416, 34478.169535850546, 28944.679328300608, 24625.80271954977, 34368.08263903531
279, 34478.169535850546, 24579.154586059416, 34478.169535850546, 29510.4846958536, 24621.23149564372, 34368.60848180672
280, 34478.169535850546, 24579.154586059416, 34478.169535850546, 28940.167687715282, 24625.43724535743, 34366.04109339446
281, 34478.169535850546, 24579.154586059416, 34478.169535850546, 28757.187563744534, 24626.28372007036, 34372.55124952452
282, 34478.169535850546, 24579.154586059416, 34478.169535850546, 29138.765120849268, 24624.2720627515, 34373.44182375309
283, 34478.169535850546, 24579.154586059416, 34478.169535850546, 28759.58357570633, 24627.93002520541, 34369.811546002566
284, 34478.169535850546, 24579.154586059416, 34478.169535850546, 29502.521512795895, 24622.15776290577, 34374.145008752115
285, 34478.169535850546, 24579.154586059416, 34478.169535850546, 28767.72217421152, 24626.28623937233, 34382.39559683906
286, 34478.169535850546, 24579.154586059416, 34478.169535850546, 29705.91843451187, 24625.231699752927, 34373.87225527634
287, 34478.169535850546, 24579.154586059416, 34478.169535850546, 29141.81520701828, 24619.871858434475, 34379.000302256354
288, 34478.169535850546, 24579.154586059416, 34478.169535850546, 29322.921361534274, 24618.863906745937, 34375.09530737287
289, 34478.169535850546, 24579.154586059416, 34478.169535850546, 28572.37704615124, 24630.874200058523, 34374.99797836988
290, 34478.169535850546, 24579.154586059416, 34478.169535850546, 28951.929837074833, 24627.879079770937, 34376.69251186268
291, 34478.169535850546, 24579.154586059416, 34478.169535850546, 28770.958986985763, 24628.38808891564, 34373.89533590673
292, 34478.169535850546, 24579.154586059416, 34478.169535850546, 29896.466448713054, 24618.437947968916, 34386.691513457874
293, 34478.169535850546, 24579.154586059416, 34478.169535850546, 28583.787326708985, 24632.230760212078, 34373.723622066114
294, 34478.169535850546, 24579.154586059416, 34478.169535850546, 28019.06508907877, 24625.220811977557, 34379.77853952577
295, 34478.169535850546, 24579.154586059416, 34478.169535850546, 29329.942908915076, 24625.575917237402, 34387.0086340034
296, 34478.169535850546, 24579.154586059416, 34478.169535850546, 28766.167489759533, 24628.540503050015, 34374.12666129739
297, 34478.169535850546, 24579.154586059416, 34478.169535850546, 28955.619781973146, 24626.24625941436, 34372.53534251553
298, 34536.2574135542, 24648.956008030207, 34536.2574135542, 28018.54156378669, 24634.23714662985, 34400.89593980933
299, 34536.2574135542, 24648.956008030207, 34536.2574135542, 27269.45518584805, 24646.628807877856, 34391.1877821482
300, 34536.2574135542, 24648.956008030207, 34536.2574135542, 27270.17134269209, 24647.524591652378, 34387.68335850341
301, 34536.2574135542, 24648.956008030207, 34536.2574135542, 28772.244729937378, 24630.944227138178, 34400.57366884213
302, 34536.2574135542, 24648.956008030207, 34536.2574135542, 28021.85761490157, 24641.59559349076, 34388.41269575559
303, 34536.2574135542, 24648.956008030207, 34536.2574135542, 29151.489011008456, 24628.62096531193, 34388.45773752543
304, 34536.2574135542, 24648.956008030207, 34536.2574135542, 28401.376177108756, 24640.38360695548, 34396.66039880435
305, 34536.2574135542, 24648.956008030207, 34536.2574135542, 28405.17683677862, 24643.896530287017, 34404.21701604282
306, 34536.2574135542, 24648.956008030207, 34536.2574135542, 27846.038741420743, 24655.869907128537, 34408.112386067645
307, 34536.2574135542, 24648.956008030207, 34536.2574135542, 28410.789128926066, 24654.748029107206, 34410.600773085054
308, 34536.2574135542, 24648.956008030207, 34536.2574135542, 28049.575298847943, 24672.893581040767, 34414.06213713476
309, 34536.2574135542, 24648.956008030207, 34536.2574135542, 28434.773687690413, 24691.26922554744, 34432.76933471402
310, 34536.2574135542, 24648.956008030207, 34536.2574135542, 27878.199539831385, 24689.59792768768, 34435.50309263385
311, 34536.2574135542, 24648.956008030207, 34536.2574135542, 27883.566364510534, 24698.995783479495, 34450.45190778594
312, 34536.2574135542, 24648.956008030207, 34536.2574135542, 28065.613919439373, 24690.58275107786, 34438.863983894254
313, 34536.2574135542, 24648.956008030207, 34536.2574135542, 28814.288736162405, 24689.87277091551, 34440.48587093387
314, 34536.2574135542, 24648.956008030207, 34536.2574135542, 27693.170778244126, 24695.920692859985, 34451.46100687628
315, 34536.2574135542, 24648.956008030207, 34536.2574135542, 28061.75012515897, 24697.18383406894, 34431.58781449329
316, 34536.2574135542, 24648.956008030207, 34536.2574135542, 28063.7629846327, 24689.643259438722, 34436.96791018909
317, 34536.2574135542, 24648.956008030207, 34536.2574135542, 27498.498539110216, 24699.601469532798, 34443.32090852745
318, 34536.2574135542, 24648.956008030207, 34536.2574135542, 28068.53205675424, 24695.048625804673, 34434.32106219815
319, 34536.2574135542, 24648.956008030207, 34536.2574135542, 28626.06284096335, 24689.27421599803, 34416.90741330128
320, 34536.2574135542, 24648.956008030207, 34536.2574135542, 28806.52003558524, 24691.157301038205, 34416.16333061587
321, 34536.2574135542, 24648.956008030207, 34536.2574135542, 27504.137704626533, 24694.65320722087, 34444.669978280115
322, 34536.2574135542, 24648.956008030207, 34536.2574135542, 28252.47944106645, 24687.64648404052, 34432.19619449215
323, 34536.2574135542, 24648.956008030207, 34536.2574135542, 27885.491277941866, 24694.068850174608, 34440.58354815322
324, 34536.2574135542, 24648.956008030207, 34536.2574135542, 28249.655973988898, 24694.920705421664, 34439.853944845934
325, 34536.2574135542, 24648.956008030207, 34536.2574135542, 28064.655821572207, 24687.68158330717, 34446.28931294555
326, 34536.2574135542, 24648.956008030207, 34536.2574135542, 27693.03641072861, 24689.800434158362, 34452.53276504746
327, 34536.2574135542, 24648.956008030207, 34536.2574135542, 28248.760290321465, 24692.53857977311, 34430.54774549635
328, 34536.2574135542, 24648.956008030207, 34536.2574135542, 27876.08936200918, 24688.325376061897, 34431.634443433046
329, 34536.2574135542, 24648.956008030207, 34536.2574135542, 27502.57049606744, 24693.41382428997, 34439.92515121784
330, 34536.2574135542, 24648.956008030207, 34536.2574135542, 28634.063271973115, 24692.929362067007, 34434.58913868417
331, 34536.2574135542, 24648.956008030207, 34536.2574135542, 27877.353277467333, 24695.909520455105, 34437.073317751594
332, 34536.2574135542, 24648.956008030207, 34536.2574135542, 27689.348183388454, 24707.062642592435, 34437.95592018181
333, 34536.2574135542, 24648.956008030207, 34536.2574135542, 28438.629045114918, 24691.45010382652, 34439.93021244584
334, 34536.2574135542, 24648.956008030207, 34536.2574135542, 28065.361045010362, 24693.44588711251, 34431.51647804163
335, 34536.2574135542, 24648.956008030207, 34536.2574135542, 28252.957093759753, 24691.82816234187, 34445.69597755087
336, 34536.2574135542, 24648.956008030207, 34536.2574135542, 27313.032559140574, 24693.990911098088, 34432.386174791245
337, 34536.2574135542, 24648.956008030207, 34536.2574135542, 27127.808054106557, 24698.569309489994, 34436.874064903786
338, 34536.2574135542, 24648.956008030207, 34536.2574135542, 28624.788348626273, 24687.652793254616, 34444.016549684064
339, 34536.2574135542, 24648.956008030207, 34536.2574135542, 27874.288610518957, 24691.46154936558, 34429.51037751975
340, 34536.2574135542, 24648.956008030207, 34536.2574135542, 27689.787696540723, 24701.22842067883, 34437.551060355676
341, 34536.2574135542, 24648.956008030207, 34536.2574135542, 27317.530818723044, 24700.272155119786, 34434.010769806584
342, 34536.2574135542, 24648.956008030207, 34536.2574135542, 27130.45892191079, 24700.110746494698, 34437.70067387155
343, 34536.2574135542, 24648.956008030207, 34536.2574135542, 28064.07428877081, 24691.037175647703, 34430.76444314886
344, 34536.2574135542, 24648.956008030207, 34536.2574135542, 27878.08454285659, 24693.581679457762, 34429.94536565945
345, 34551.625999113625, 24655.929842861085, 34551.625999113625, 28065.10950222881, 24694.473845719243, 34451.47108149289
346, 34551.625999113625, 24655.929842861085, 34551.625999113625, 27128.942075026887, 24698.189955700444, 34436.922148763486
347, 34551.625999113625, 24655.929842861085, 34551.625999113625, 28060.550166343422, 24686.314245885304, 34438.21286869041
348, 34551.625999113625, 24655.929842861085, 34551.625999113625, 27314.571967759675, 24698.937427266825, 34442.15686882917
349, 34551.625999113625, 24655.929842861085, 34551.625999113625, 27316.328102353, 24692.848548596474, 34432.52260798186
350, 34581.080771467496, 24684.254573938466, 34581.080771467496, 28067.24525405691, 24696.062388377915, 34442.06561377475
351, 34581.080771467496, 24684.254573938466, 34581.080771467496, 27131.173746351968, 24714.095434932817, 34446.25867892906
352, 34581.080771467496, 24684.254573938466, 34581.080771467496, 27130.900975959376, 24704.916840927388, 34446.356148251376
353, 34581.080771467496, 24684.254573938466, 34581.080771467496, 27512.06013331637, 24710.224737317614, 34448.21734762668
354, 34581.080771467496, 24684.254573938466, 34581.080771467496, 27506.91262080286, 24707.114307595493, 34442.63872355672
355, 34581.080771467496, 24684.254573938466, 34581.080771467496, 28449.410937739878, 24693.795780953016, 34457.70262254827
356, 34581.080771467496, 24684.254573938466, 34581.080771467496, 28080.106621436007, 24704.242814230252, 34463.20462582395
357, 34581.080771467496, 24684.254573938466, 34581.080771467496, 27336.008939524043, 24710.752170829845, 34464.66421304203
358, 34581.080771467496, 24684.254573938466, 34581.080771467496, 27715.379642452317, 24711.30331623364, 34467.55340469608
359, 34581.080771467496, 24684.254573938466, 34581.080771467496, 27155.208579477174, 24724.361260817088, 34475.57856408519
360, 34581.080771467496, 24684.254573938466, 34581.080771467496, 27725.0883618777, 24729.54852132621, 34482.201251632825
361, 34581.080771467496, 24684.254573938466, 34581.080771467496, 26975.814177664186, 24732.24807350125, 34474.67605401456
362, 34581.080771467496, 24684.254573938466, 34581.080771467496, 27916.129944659413, 24720.572349713402, 34481.984046109756
363, 34581.080771467496, 24684.254573938466, 34581.080771467496, 27540.674894964595, 24722.766342381397, 34482.86055068662
364, 34581.080771467496, 24684.254573938466, 34581.080771467496, 27538.706038237262, 24726.083965941525, 34478.11544813165
365, 34581.080771467496, 24684.254573938466, 34581.080771467496, 27727.16612264257, 24726.87275422319, 34479.95068572937
366, 34581.080771467496, 24684.254573938466, 34581.080771467496, 27537.68889505626, 24725.90651886014, 34494.498305314715
367, 34581.080771467496, 24684.254573938466, 34581.080771467496, 27912.887796549476, 24721.768290498545, 34480.66238708802
368, 34581.080771467496, 24684.254573938466, 34581.080771467496, 26977.65149362189, 24736.142460208623, 34486.53775893365
369, 34581.080771467496, 24684.254573938466, 34581.080771467496, 27727.818885299715, 24725.387372110567, 34486.03862308668
370, 34581.080771467496, 24684.254573938466, 34581.080771467496, 27538.826978991026, 24737.387416830057, 34468.8737843224
371, 34581.080771467496, 24684.254573938466, 34581.080771467496, 28478.687352201017, 24722.817276817448, 34481.883035864776
372, 34581.080771467496, 24684.254573938466, 34581.080771467496, 27727.965829303932, 24726.139677754643, 34482.79031979053
373, 34581.080771467496, 24684.254573938466, 34581.080771467496, 28859.19120889686, 24717.057836270717, 34489.029660829765
374, 34581.080771467496, 24684.254573938466, 34581.080771467496, 26788.47119377319, 24734.35844086254, 34481.10682703512
375, 34581.080771467496, 24684.254573938466, 34581.080771467496, 27538.324229302132, 24728.07017072488, 34479.697111544105
376, 34581.080771467496, 24684.254573938466, 34581.080771467496, 27537.776754194856, 24730.32189054544, 34485.2294082501
377, 34581.080771467496, 24684.254573938466, 34581.080771467496, 27726.438007878325, 24724.32364550682, 34481.2015431041
378, 34581.080771467496, 24684.254573938466, 34581.080771467496, 28478.179760252657, 24724.39429282294, 34485.61737775472
379, 34581.080771467496, 24684.254573938466, 34581.080771467496, 27539.379934894936, 24726.747881834184, 34478.96166022977
380, 34581.080771467496, 24684.254573938466, 34581.080771467496, 27539.121993354594, 24726.68540924399, 34485.13592026108
381, 34581.080771467496, 24684.254573938466, 34581.080771467496, 27537.436702265873, 24738.512610468824, 34468.20126418713
382, 34581.080771467496, 24684.254573938466, 34581.080771467496, 27918.358520583177, 24725.12700748017, 34486.39406018878
383, 34581.080771467496, 24684.254573938466, 34581.080771467496, 27727.735488072965, 24729.15626745268, 34488.81143191142
384, 34581.080771467496, 24684.254573938466, 34581.080771467496, 28099.90020972673, 24721.250034201665, 34481.728090234086
385, 34581.080771467496, 24684.254573938466, 34581.080771467496, 26976.66777011881, 24739.119864903998, 34484.86902982046
386, 34581.080771467496, 24684.254573938466, 34581.080771467496, 27537.119948752337, 24736.49410765251, 34481.2690916736
387, 34581.080771467496, 24684.254573938466, 34581.080771467496, 28104.69743550422, 24714.520698597986, 34488.41958908936
388, 34581.080771467496, 24684.254573938466, 34581.080771467496, 27539.02968790268, 24730.192003963013, 34482.14197649787
389, 34581.080771467496, 24684.254573938466, 34581.080771467496, 27164.04904787599, 24739.39757490394, 34487.46595895685
390, 34581.080771467496, 24684.254573938466, 34581.080771467496, 27726.670695711848, 24721.346827399368, 34469.781698105035
391, 34581.080771467496, 24684.254573938466, 34581.080771467496, 26975.136786892366, 24729.90059131644, 34484.10142806531
392, 34581.080771467496, 24684.254573938466, 34581.080771467496, 28853.018694482784, 24720.15459895068, 34475.83798397812
393, 34581.080771467496, 24684.254573938466, 34581.080771467496, 27912.913945728917, 24737.37831472204, 34479.72176259055
394, 34581.080771467496, 24684.254573938466, 34581.080771467496, 27731.46685840615, 24738.34899501159, 34495.02427692033
395, 34581.080771467496, 24684.254573938466, 34581.080771467496, 28100.595228189228, 24730.469632821685, 34473.20796114031
396, 34581.080771467496, 24684.254573938466, 34581.080771467496, 27909.856584245335, 24718.71611212223, 34477.001915910376
397, 34581.080771467496, 24684.254573938466, 34581.080771467496, 27725.083368389038, 24725.181169799478, 34477.97756831935
398, 34581.080771467496, 24684.254573938466, 34581.080771467496, 27912.142499999947, 24726.647128821354, 34475.44450648392
399, 34581.080771467496, 24684.254573938466, 34581.080771467496, 27348.07610426579, 24731.081241121563, 34470.86831021998
400, 34581.080771467496, 24684.254573938466, 34581.080771467496, 27165.890444208053, 24729.955422381303, 34470.61338610972
401, 34581.080771467496, 24684.254573938466, 34581.080771467496, 27349.67035188934, 24728.03596469657, 34478.89977928442
402, 34581.080771467496, 24684.254573938466, 34581.080771467496, 27915.731126924147, 24727.321316802423, 34479.64038876368
403, 34581.080771467496, 24684.254573938466, 34581.080771467496, 27164.674972679, 24725.437230291074, 34476.68346857146
404, 34581.080771467496, 24684.254573938466, 34581.080771467496, 27914.595153430593, 24724.94295956422, 34480.87280375349
405, 34609.19177586201, 24638.338399514138, 34609.19177586201, 28863.02871666112, 24714.85449722739, 34501.29851426912
406, 34609.19177586201, 24638.338399514138, 34609.19177586201, 28108.802503583513, 24720.16768659376, 34485.53611383419
407, 34609.19177586201, 24638.338399514138, 34609.19177586201, 27166.526276998615, 24725.8990038332, 34490.17071333142
408, 34609.19177586201, 24638.338399514138, 34609.19177586201, 28483.991439089885, 24707.26361900565, 34501.93274898961
409, 34609.19177586201, 24638.338399514138, 34609.19177586201, 28292.343448639684, 24714.50351430268, 34489.50489426787
410, 34609.19177586201, 24638.338399514138, 34609.19177586201, 28296.521386322638, 24721.935969166243, 34492.93503994159
411, 34609.19177586201, 24638.338399514138, 34609.19177586201, 27733.066517167314, 24716.517764275406, 34489.35166694863
412, 34609.19177586201, 24638.338399514138, 34609.19177586201, 28111.17592419412, 24705.832804011858, 34495.22827174418
413, 34609.19177586201, 24638.338399514138, 34609.19177586201, 28487.99183196618, 24699.5801633037, 34491.767897866484
414, 34609.19177586201, 24638.338399514138, 34609.19177586201, 27932.986572772985, 24685.101248179628, 34501.8725241912
415, 34609.19177586201, 24638.338399514138, 34609.19177586201, 28120.70713315466, 24678.96789509719, 34498.20212114557
416, 34676.69171613411, 24681.929431421227, 34676.69171613411, 27938.793606510248, 24690.706826210433, 34511.84868525729
417, 34676.69171613411, 24681.929431421227, 34676.69171613411, 26812.64590303999, 24695.82998064489, 34524.14942922407
418, 34676.69171613411, 24681.929431421227, 34676.69171613411, 27379.010790801596, 24702.93848772566, 34519.035885086065
419, 34676.69171613411, 24681.929431421227, 34676.69171613411, 27561.533970006927, 24699.213505267657, 34523.0547899679
420, 34676.69171613411, 24681.929431421227, 34676.69171613411, 27374.957748528846, 24697.98198115582, 34515.992841458145
421, 34676.69171613411, 24681.929431421227, 34676.69171613411, 28505.612111790095, 24688.334702524597, 34530.43158653565
422, 34676.69171613411, 24681.929431421227, 34676.69171613411, 27943.551061520364, 24680.1413765873, 34537.61834510086
423, 34676.69171613411, 24681.929431421227, 34676.69171613411, 27757.329961528238, 24694.135601775546, 34518.42807171732
424, 34676.69171613411, 24681.929431421227, 34676.69171613411, 27762.19191497938, 24689.27934126459, 34532.215680744644
425, 34676.69171613411, 24681.929431421227, 34676.69171613411, 27576.773073239965, 24708.427749963368, 34530.99196185095
426, 34676.69171613411, 24681.929431421227, 34676.69171613411, 27770.877560263776, 24700.652419610884, 34540.91098668483
427, 34676.69171613411, 24681.929431421227, 34676.69171613411, 27221.576355029316, 24709.415142020705, 34558.45491298041
428, 34676.69171613411, 24681.929431421227, 34676.69171613411, 27989.833052244947, 24720.829180751993, 34579.446343638134
429, 34676.69171613411, 24681.929431421227, 34676.69171613411, 28180.949922064356, 24721.62682527504, 34582.35349755581
430, 34676.69171613411, 24681.929431421227, 34676.69171613411, 27050.675370812747, 24721.16893053784, 34583.24712156154
431, 34676.69171613411, 24681.929431421227, 34676.69171613411, 27994.317190236416, 24723.29751407647, 34576.2458602227
432, 34676.69171613411, 24681.929431421227, 34676.69171613411, 27805.279613066745, 24718.051262465975, 34566.35130500533
433, 34676.69171613411, 24681.929431421227, 34676.69171613411, 27801.301333866093, 24724.848576342665, 34569.29098527025
434, 34676.69171613411, 24681.929431421227, 34676.69171613411, 27613.617458911187, 24726.219849899968, 34565.65721701121
435, 34676.69171613411, 24681.929431421227, 34676.69171613411, 28559.004916911483, 24721.29250530652, 34583.5004332577
436, 34676.69171613411, 24681.929431421227, 34676.69171613411, 27995.496179686612, 24721.337576026086, 34576.220210530715
437, 34676.69171613411, 24681.929431421227, 34676.69171613411, 27806.141748500762, 24726.00267123546, 34575.26029260102
438, 34676.69171613411, 24681.929431421227, 34676.69171613411, 28554.299800116125, 24718.568811074998, 34574.291741818124
439, 34676.69171613411, 24681.929431421227, 34676.69171613411, 27991.810919413947, 24726.351218699972, 34579.72065207678
440, 34676.69171613411, 24681.929431421227, 34676.69171613411, 28174.168152079852, 24727.57244922922, 34566.87619932162
441, 34676.69171613411, 24681.929431421227, 34676.69171613411, 27422.955788115698, 24732.292676885747, 34577.7827858618
442, 34676.69171613411, 24681.929431421227, 34676.69171613411, 28179.67319262323, 24726.316808759362, 34572.51561801335
443, 34676.69171613411, 24681.929431421227, 34676.69171613411, 27615.43270810789, 24722.651002913088, 34574.784487958925
444, 34676.69171613411, 24681.929431421227, 34676.69171613411, 27239.298377252635, 24727.05460091786, 34564.787247131986
445, 34676.69171613411, 24681.929431421227, 34676.69171613411, 28180.137950144774, 24724.345795437992, 34575.64291937505
446, 34676.69171613411, 24681.929431421227, 34676.69171613411, 27991.54323782231, 24719.856249089742, 34584.17391083735
447, 34676.69171613411, 24681.929431421227, 34676.69171613411, 27805.27153554804, 24722.51123652972, 34580.6387409829
448, 34676.69171613411, 24681.929431421227, 34676.69171613411, 27240.06577681686, 24730.831701317653, 34582.34986229809
449, 34676.69171613411, 24681.929431421227, 34676.69171613411, 27425.027688773058, 24730.608280357676, 34575.856800910675
450, 34676.69171613411, 24681.929431421227, 34676.69171613411, 27992.74095799018, 24726.517219274505, 34574.54056882775
451, 34676.69171613411, 24681.929431421227, 34676.69171613411, 28371.703157791628, 24728.64058818834, 34578.03937158379
452, 34676.69171613411, 24681.929431421227, 34676.69171613411, 27241.32148223075, 24727.33054440627, 34577.73013549861
453, 34676.69171613411, 24681.929431421227, 34676.69171613411, 28743.233878829815, 24715.623876109818, 34570.6155754071
454, 34676.69171613411, 24681.929431421227, 34676.69171613411, 27050.373159873434, 24735.465527109904, 34574.66678206308
455, 34676.69171613411, 24681.929431421227, 34676.69171613411, 27618.000325784564, 24733.737383346896, 34568.444773361574
456, 34676.69171613411, 24681.929431421227, 34676.69171613411, 27237.834820999477, 24734.42832145605, 34569.95552583632
457, 34676.69171613411, 24681.929431421227, 34676.69171613411, 28179.292453765418, 24722.838455842837, 34579.79376145463
458, 34676.69171613411, 24681.929431421227, 34676.69171613411, 28554.36625026455, 24709.12401632841, 34575.88240636341
459, 34676.69171613411, 24681.929431421227, 34676.69171613411, 27615.783529136203, 24723.305428066957, 34563.35255245269
460, 34676.69171613411, 24681.929431421227, 34676.69171613411, 27615.065975633945, 24715.86712691591, 34582.79493144782
461, 34676.69171613411, 24681.929431421227, 34676.69171613411, 27239.785975349037, 24734.459030275244, 34579.64886652822
462, 34676.69171613411, 24681.929431421227, 34676.69171613411, 27805.246515731716, 24731.34233379417, 34579.332314639985
463, 34676.69171613411, 24681.929431421227, 34676.69171613411, 27426.64037236318, 24726.557421516576, 34577.64284221551
464, 34676.69171613411, 24681.929431421227, 34676.69171613411, 27428.3723663293, 24729.18809109307, 34578.278739133806
465, 34676.69171613411, 24681.929431421227, 34676.69171613411, 28181.80392201177, 24723.72970634989, 34583.88398042462
466, 34676.69171613411, 24681.929431421227, 34676.69171613411, 28177.248220622052, 24719.575764726233, 34559.51123382295
467, 34676.69171613411, 24681.929431421227, 34676.69171613411, 27050.55572945836, 24729.763028925892, 34584.62298162345
468, 34676.69171613411, 24681.929431421227, 34676.69171613411, 27804.743962327317, 24724.260622892732, 34572.7851317936
469, 34676.69171613411, 24681.929431421227, 34676.69171613411, 27239.97361588405, 24735.636775705512, 34576.911045679364
470, 34676.69171613411, 24681.929431421227, 34676.69171613411, 27237.3592759515, 24731.92272106939, 34573.26873263533
471, 34676.69171613411, 24681.929431421227, 34676.69171613411, 27425.305373843807, 24735.763567392296, 34585.059707666915
472, 34676.69171613411, 24681.929431421227, 34676.69171613411, 27989.589286772512, 24717.40948437338, 34572.98932568537
473, 34676.69171613411, 24681.929431421227, 34676.69171613411, 27610.094266205942, 24734.700327798208, 34567.90217562065
474, 34676.69171613411, 24681.929431421227, 34676.69171613411, 27991.13207811753, 24718.354706052567, 34574.60059887548
475, 34676.69171613411, 24681.929431421227, 34676.69171613411, 27989.74626038709, 24725.74346445313, 34582.58943640399
476, 34676.69171613411, 24681.929431421227, 34676.69171613411, 27989.42037427475, 24727.39042643685, 34570.58260308826
477, 34676.69171613411, 24681.929431421227, 34676.69171613411, 27238.688269176833, 24727.21360348417, 34568.39712966773
478, 34676.69171613411, 24681.929431421227, 34676.69171613411, 27803.98583369874, 24715.701880619235, 34573.78707636854
479, 34676.69171613411, 24681.929431421227, 34676.69171613411, 27806.02576663666, 24718.33515102602, 34575.79236570013
480, 34676.69171613411, 24681.929431421227, 34676.69171613411, 28182.831532922773, 24717.72318281251, 34578.02474691504
481, 34698.82418329559, 24664.149119354217, 34698.82418329559, 28368.182746596525, 24714.97561934812, 34579.37744712015
482, 34698.82418329559, 24664.149119354217, 34698.82418329559, 27801.91767190647, 24720.637439735536, 34575.55894638916
483, 34698.82418329559, 24664.149119354217, 34698.82418329559, 28179.79573363538, 24730.99507041118, 34576.7317859845
484, 34698.82418329559, 24664.149119354217, 34698.82418329559, 27616.829470092467, 24724.38394073987, 34577.39854203439
485, 34698.82418329559, 24664.149119354217, 34698.82418329559, 27990.86686510716, 24723.967709458346, 34572.86905866889
486, 34794.65155843967, 24678.196745032114, 34794.65155843967, 27241.33383915327, 24731.007618792635, 34604.51840557173
487, 34794.65155843967, 24678.196745032114, 34794.65155843967, 27621.4825500474, 24719.928972436748, 34599.73046518113
488, 34794.65155843967, 24678.196745032114, 34794.65155843967, 27626.26286353954, 24720.779403266282, 34612.35208095684
489, 34794.65155843967, 24678.196745032114, 34794.65155843967, 27626.61270409972, 24729.179403214264, 34607.76014422909
490, 34794.65155843967, 24678.196745032114, 34794.65155843967, 27631.06326262178, 24711.250017785016, 34610.36525411544
491, 34794.65155843967, 24678.196745032114, 34794.65155843967, 27827.041329462707, 24725.426663194907, 34616.59439910776
492, 34794.65155843967, 24678.196745032114, 34794.65155843967, 27828.854498394474, 24712.04224503111, 34622.03390559381
493, 34794.65155843967, 24678.196745032114, 34794.65155843967, 27455.27229016337, 24715.1191765608, 34621.79852474373
494, 34794.65155843967, 24678.196745032114, 34794.65155843967, 28783.599001342696, 24710.411845842693, 34636.679188000206
495, 34794.65155843967, 24678.196745032114, 34794.65155843967, 27839.504193718873, 24709.422269866325, 34635.554810913876
496, 34794.65155843967, 24678.196745032114, 34794.65155843967, 28226.88198467207, 24716.028651022873, 34628.94371208651
497, 34794.65155843967, 24678.196745032114, 34794.65155843967, 28241.237074872726, 24699.440477546166, 34657.27679298538
498, 34794.65155843967, 24678.196745032114, 34794.65155843967, 27132.60901747017, 24726.38128345511, 34677.75323405173
499, 34794.65155843967, 24678.196745032114, 34794.65155843967, 27519.324630007075, 24726.55680665018, 34700.642601645246
500, 34794.65155843967, 24678.196745032114, 34794.65155843967, 27899.4242431996, 24729.42799740104, 34699.77438462504
