1, 26998.014679231463, 24656.347218264582, 26998.014679231463, 25229.619932502614, 24655.791170431086, 25229.619932502614
2, 26998.014679231463, 24656.347218264582, 26998.014679231463, 25722.850100744967, 24627.73389097371, 25722.850100744967
3, 26998.014679231463, 24656.347218264582, 26998.014679231463, 26058.66843523295, 24599.09156730942, 26058.66843523295
4, 26998.014679231463, 24656.347218264582, 26998.014679231463, 26328.386754049814, 24551.219533507683, 26328.386754049814
5, 27103.794270033148, 24563.16244912288, 27103.794270033148, 26541.803173480333, 24562.60118276016, 26541.803173480333
6, 27228.98875993556, 24361.011163620416, 27228.98875993556, 26714.444296457623, 24525.29980804417, 26714.444296457623
7, 27266.5635661299, 24595.896439736156, 27266.5635661299, 26887.1045761029, 24588.283447133108, 26887.1045761029
8, 27491.495352518392, 24531.78094921641, 27491.495352518392, 27009.754431990772, 24575.7419401831, 27009.754431990772
9, 27491.495352518392, 24531.78094921641, 27491.495352518392, 27080.459800737954, 24569.81137096374, 27080.459800737954
10, 27491.495352518392, 24531.78094921641, 27491.495352518392, 27164.184034532645, 24542.820635210257, 27164.184034532645
11, 27491.495352518392, 24531.78094921641, 27491.495352518392, 27227.529391942706, 24521.416954384906, 27227.529391942706
12, 27521.38215725028, 24555.22109263692, 27521.38215725028, 27289.673021110873, 24514.007543162057, 27289.673021110873
13, 27591.698058272807, 24651.293941679072, 27591.698058272807, 27340.694175200973, 24504.006673635646, 27340.694175200973
14, 27815.24730336304, 24164.43588545797, 27815.24730336304, 27416.662549037064, 24486.867995066164, 27416.662549037064
15, 27894.46159500571, 24418.278636967556, 27894.46159500571, 27497.780776403994, 24465.510604336738, 27497.780776403994
16, 27898.62255656012, 24087.98515266645, 27898.62255656012, 27564.795248282127, 24455.62819241699, 27564.795248282127
17, 28127.060458416676, 24209.040589067718, 28127.060458416676, 27638.441347484208, 24430.42904010571, 27638.441347484208
18, 28127.060458416676, 24209.040589067718, 28127.060458416676, 27704.31731946919, 24406.003660401362, 27704.31731946919
19, 28127.060458416676, 24209.040589067718, 28127.060458416676, 27788.699778947783, 24395.875276293944, 27788.699778947783
20, 28227.44291175031, 24332.786111289282, 28227.44291175031, 27876.88486810019, 24353.91502707422, 27876.88486810019
21, 28249.356258185886, 24281.399690466962, 28249.356258185886, 27936.58302931205, 24301.773748055413, 27936.58302931205
22, 28249.356258185886, 24281.399690466962, 28249.356258185886, 28007.04538182775, 24327.35605197327, 28007.04538182775
23, 28363.43677709573, 24263.79769560824, 28363.43677709573, 28074.794560064947, 24345.221799282186, 28074.794560064947
24, 28383.155938152897, 24352.527473911334, 28383.155938152897, 28132.55852388344, 24318.55197376201, 28132.55852388344
25, 28671.61666585815, 24091.685423646057, 28671.61666585815, 28193.585849188436, 24313.266560707536, 28193.585849188436
26, 28671.61666585815, 24091.685423646057, 28671.61666585815, 28252.523774228397, 24362.5148572981, 28252.523774228397
27, 28671.61666585815, 24091.685423646057, 28671.61666585815, 28304.21045473479, 24351.340182274544, 28304.21045473479
28, 28679.04337251367, 24172.656406309747, 28679.04337251367, 28375.089489575377, 24341.255644909932, 28375.089489575377
29, 28725.59640050644, 24035.56611759824, 28725.59640050644, 28444.89795359858, 24347.422861664807, 28444.89795359858
30, 28725.59640050644, 24035.56611759824, 28725.59640050644, 28511.944341281458, 24347.346533204418, 28511.944341281458
31, 28831.11144014972, 24506.28449732151, 28831.11144014972, 28585.597479139153, 24294.877498515732, 28585.597479139153
32, 28843.37399346395, 24192.05734799676, 28843.37399346395, 28632.996452008945, 24284.017801128262, 28632.996452008945
33, 28870.92136955274, 24156.659276161176, 28870.92136955274, 28675.85139904863, 24215.04542960225, 28675.85139904863
34, 28923.791071178537, 24440.727127562743, 28923.791071178537, 28714.738980553815, 24200.624914912572, 28714.738980553815
35, 28971.440340478493, 23911.908906588997, 28971.440340478493, 28755.450025740018, 24236.59552761348, 28755.450025740018
36, 28971.440340478493, 23911.908906588997, 28971.440340478493, 28791.16775709108, 24225.594773391993, 28791.16775709108
37, 29026.386777244632, 24255.521103479878, 29026.386777244632, 28835.028123935364, 24275.713131562723, 28835.028123935364
38, 29106.10350352312, 24451.875623430933, 29106.10350352312, 28870.26268834318, 24250.484325317262, 28870.26268834318
39, 29132.3690289389, 23990.251977595814, 29132.3690289389, 28897.00633960856, 24269.771016462095, 28897.00633960856
40, 29132.3690289389, 23990.251977595814, 29132.3690289389, 28935.203757883286, 24342.625060926628, 28935.203757883286
41, 29144.29975288691, 23977.76699753563, 29144.29975288691, 28978.6467020577, 24309.97206657811, 28978.6467020577
42, 29232.191887555986, 24191.156700985794, 29232.191887555986, 29030.23301531216, 24263.483958196375, 29030.23301531216
43, 29239.387594556916, 24341.322939110778, 29239.387594556916, 29061.386171742775, 24262.898598062722, 29061.386171742775
44, 29239.387594556916, 24341.322939110778, 29239.387594556916, 29097.61737075239, 24249.863535205535, 29097.61737075239
45, 29302.62982354447, 24041.555325102287, 29302.62982354447, 29129.61868489702, 24220.654134988774, 29129.61868489702
46, 29321.66621641625, 23897.237659137467, 29321.66621641625, 29155.775392825646, 24141.95566949814, 29155.775392825646
47, 29321.66621641625, 23897.237659137467, 29321.66621641625, 29181.17633036171, 24194.96622559714, 29181.17633036171
48, 29355.139987223723, 24118.295660167558, 29355.139987223723, 29211.79695805328, 24220.86196319703, 29211.79695805328
49, 29386.624443883917, 24684.695426753013, 29386.624443883917, 29242.772608315572, 24200.834183946863, 29242.772608315572
50, 29478.237617257597, 24504.043615669972, 29478.237617257597, 29266.715622379426, 24225.086574428464, 29266.715622379426
51, 29478.237617257597, 24504.043615669972, 29478.237617257597, 29297.598992928775, 24314.53415027987, 29297.598992928775
52, 29484.146713406866, 24524.130590809782, 29484.146713406866, 29324.03142043283, 24253.06910715475, 29324.03142043283
53, 29502.09713891282, 24687.01311132987, 29502.09713891282, 29347.829761389097, 24164.262911025366, 29347.829761389097
54, 29524.37069621887, 24515.034386001553, 29524.37069621887, 29373.609656340122, 24239.30293043089, 29373.609656340122
55, 29524.431177060153, 24601.516572894485, 29524.431177060153, 29405.30427920444, 24299.761001526367, 29405.30427920444
56, 29572.761003549906, 24042.437436737866, 29572.761003549906, 29436.953115362252, 24350.561682836822, 29436.953115362252
57, 29672.400525422738, 23980.153276922232, 29672.400525422738, 29464.291719716057, 24418.259944232796, 29464.291719716057
58, 29672.400525422738, 23980.153276922232, 29672.400525422738, 29490.101855922592, 24449.96471200067, 29490.101855922592
59, 29720.410889061826, 24323.932378267386, 29720.410889061826, 29512.79522976519, 24470.008370937885, 29512.79522976519
60, 29727.606380427267, 24650.781583733722, 29727.606380427267, 29536.129447233598, 24440.04335341671, 29536.129447233598
61, 29805.20086541575, 24078.77320345667, 29805.20086541575, 29565.845538374255, 24377.74801769099, 29565.845538374255
62, 29805.20086541575, 24078.77320345667, 29805.20086541575, 29598.6170178816, 24291.829416498127, 29598.6170178816
63, 29805.20086541575, 24078.77320345667, 29805.20086541575, 29629.98500016806, 24209.06691835676, 29629.98500016806
64, 29805.20086541575, 24078.77320345667, 29805.20086541575, 29664.945768977675, 24217.684301770452, 29664.945768977675
65, 29805.20086541575, 24078.77320345667, 29805.20086541575, 29691.63622993256, 24175.42138846267, 29691.63622993256
66, 29876.030775964842, 24112.65592091288, 29876.030775964842, 29713.22019827315, 24160.89802001932, 29713.22019827315
67, 29975.48046199511, 24422.82474986113, 29975.48046199511, 29745.580293759598, 24245.606228972025, 29745.580293759598
68, 29975.48046199511, 24422.82474986113, 29975.48046199511, 29772.127763414708, 24291.625105239928, 29772.127763414708
69, 29975.48046199511, 24422.82474986113, 29975.48046199511, 29801.651988462792, 24202.097610396006, 29801.651988462792
70, 29975.48046199511, 24422.82474986113, 29975.48046199511, 29826.35388076173, 24188.121180692437, 29826.35388076173
71, 29975.48046199511, 24422.82474986113, 29975.48046199511, 29846.62647196284, 24156.446683275142, 29846.62647196284
72, 30077.741447026532, 24527.813219436186, 30077.741447026532, 29871.416689317804, 24191.44347266691, 29871.416689317804
73, 30077.741447026532, 24527.813219436186, 30077.741447026532, 29888.320626976423, 24178.30840205587, 29888.320626976423
74, 30084.536751302978, 24170.33684567009, 30084.536751302978, 29913.339416810493, 24213.929319821378, 29913.339416810493
75, 30084.536751302978, 24170.33684567009, 30084.536751302978, 29936.793169143664, 24226.053095540712, 29936.793169143664
76, 30191.876999014672, 24567.519735729184, 30191.876999014672, 29959.00062310148, 24170.297529315605, 29959.00062310148
77, 30191.876999014672, 24567.519735729184, 30191.876999014672, 29978.78273685686, 24278.958335858486, 29978.78273685686
78, 30191.876999014672, 24567.519735729184, 30191.876999014672, 30003.23601240443, 24292.429275897495, 30003.23601240443
79, 30215.734488840353, 24212.13320735581, 30215.734488840353, 30031.483167413506, 24292.53612112054, 30031.483167413506
80, 30215.734488840353, 24212.13320735581, 30215.734488840353, 30063.2109950434, 24340.810453119422, 30063.2109950434
81, 30275.257029411874, 24517.06627646485, 30275.257029411874, 30097.611193794473, 24394.56163476985, 30097.611193794473
82, 30275.257029411874, 24517.06627646485, 30275.257029411874, 30120.027754538165, 24306.075857800068, 30120.027754538165
83, 30357.750535721225, 24434.30846712169, 30357.750535721225, 30144.526469231183, 24251.558387979137, 30144.526469231183
84, 30510.19295644561, 23830.248851346943, 30510.19295644561, 30172.865439095967, 24360.995176624238, 30172.865439095967
85, 30510.19295644561, 23830.248851346943, 30510.19295644561, 30196.03967575651, 24439.78473747044, 30196.03967575651
86, 30510.19295644561, 23830.248851346943, 30510.19295644561, 30216.271687251105, 24437.400154809504, 30216.271687251105
87, 30510.19295644561, 23830.248851346943, 30510.19295644561, 30240.150865430118, 24331.860906487433, 30240.150865430118
88, 30510.19295644561, 23830.248851346943, 30510.19295644561, 30264.885183020793, 24310.234599389638, 30264.885183020793
89, 30611.541005700816, 23793.138496842814, 30611.541005700816, 30305.15587579302, 24350.802164529916, 30305.15587579302
90, 30611.541005700816, 23793.138496842814, 30611.541005700816, 30334.61669384974, 24381.404399647694, 30334.61669384974
91, 30611.541005700816, 23793.138496842814, 30611.541005700816, 30374.256876739146, 24338.7830738239, 30374.256876739146
92, 30611.541005700816, 23793.138496842814, 30611.541005700816, 30414.399017757572, 24260.72271753791, 30414.399017757572
93, 30664.179250635567, 23899.650795186473, 30664.179250635567, 30455.3748437363, 24147.326180573647, 30455.3748437363
94, 30664.179250635567, 23899.650795186473, 30664.179250635567, 30501.383225483405, 24024.25788811734, 30501.383225483405
95, 30664.179250635567, 23899.650795186473, 30664.179250635567, 30529.279258053288, 23890.417607743926, 30529.279258053288
96, 30676.854994325728, 24246.113774409543, 30676.854994325728, 30542.8663386169, 23904.902307059245, 30542.8663386169
97, 30676.854994325728, 24246.113774409543, 30676.854994325728, 30560.603780364785, 23954.715042151296, 30560.603780364785
98, 30722.57480246839, 24323.439780954643, 30722.57480246839, 30590.08454615925, 23988.41742142011, 30590.08454615925
99, 30722.57480246839, 24323.439780954643, 30722.57480246839, 30616.62453809474, 23917.576014103186, 30616.62453809474
100, 30722.57480246839, 24323.439780954643, 30722.57480246839, 30631.756818112597, 23915.73388937726, 30631.756818112597
101, 30797.206376503957, 23827.344287898464, 30797.206376503957, 30648.469022636506, 24008.5091260557, 30648.469022636506
102, 30806.209335760574, 24213.277636162646, 30806.209335760574, 30670.63235617652, 24074.588243191236, 30670.63235617652
103, 30806.209335760574, 24213.277636162646, 30806.209335760574, 30680.505067565406, 24014.324482089578, 30680.505067565406
104, 30827.315112239212, 24299.17666011441, 30827.315112239212, 30690.75263079985, 24090.51040154749, 30690.75263079985
105, 30867.32720196157, 24249.524492256904, 30867.32720196157, 30708.820111843444, 24178.69954478417, 30708.820111843444
106, 30867.32720196157, 24249.524492256904, 30867.32720196157, 30730.58616306297, 24171.072510273447, 30730.58616306297
107, 30952.888915163312, 23849.66640437665, 30952.888915163312, 30745.026264734697, 24218.074475575635, 30745.026264734697
108, 30952.888915163312, 23849.66640437665, 30952.888915163312, 30762.125826918138, 24133.550243719237, 30762.125826918138
109, 30952.888915163312, 23849.66640437665, 30952.888915163312, 30792.82980173712, 24040.053233898077, 30792.82980173712
110, 30952.888915163312, 23849.66640437665, 30952.888915163312, 30815.750894426237, 24071.887284791464, 30815.750894426237
111, 30952.888915163312, 23849.66640437665, 30952.888915163312, 30838.727493921848, 24194.14426358904, 30838.727493921848
112, 30952.888915163312, 23849.66640437665, 30952.888915163312, 30856.74533750837, 24187.741033562976, 30856.74533750837
113, 30952.888915163312, 23849.66640437665, 30952.888915163312, 30875.693870841736, 24168.612850544072, 30875.693870841736
114, 30952.888915163312, 23849.66640437665, 30952.888915163312, 30887.76665734313, 24219.861871244804, 30887.76665734313
115, 30952.888915163312, 23849.66640437665, 30952.888915163312, 30901.401786467995, 24195.7792419301, 30901.401786467995
116, 30993.552315474142, 24397.789528005942, 30993.552315474142, 30921.284947165186, 24182.462557049796, 30921.284947165186
117, 31080.43413645021, 23863.06239631581, 31080.43413645021, 30934.616085994938, 24107.531648635766, 30934.616085994938
118, 31164.20738419309, 24088.333760347075, 31164.20738419309, 30953.266116749084, 23985.460573817454, 30953.266116749084
119, 31164.20738419309, 24088.333760347075, 31164.20738419309, 30961.828351366814, 23900.688742112994, 30961.828351366814
120, 31164.20738419309, 24088.333760347075, 31164.20738419309, 30965.313234809633, 23926.887334342013, 30965.313234809633
121, 31164.20738419309, 24088.333760347075, 31164.20738419309, 30969.191522167064, 23960.576342627388, 30969.191522167064
122, 31164.20738419309, 24088.333760347075, 31164.20738419309, 30980.634413668, 24035.059631307962, 30980.634413668
123, 31164.20738419309, 24088.333760347075, 31164.20738419309, 30999.414012058103, 24165.036247657146, 30999.414012058103
124, 31164.20738419309, 24088.333760347075, 31164.20738419309, 31021.38780910356, 24112.88785987543, 31021.38780910356
125, 31207.422004193166, 24086.901473584407, 31207.422004193166, 31049.75257011313, 24150.221410894606, 31049.75257011313
126, 31214.909343647465, 24076.93065470962, 31214.909343647465, 31088.878866308714, 24104.774471759796, 31088.878866308714
127, 31214.909343647465, 24076.93065470962, 31214.909343647465, 31107.009941412372, 23974.193714990484, 31107.009941412372
128, 31214.909343647465, 24076.93065470962, 31214.909343647465, 31123.735358116868, 24041.998860315998, 31123.735358116868
129, 31290.186831106188, 24058.7247642507, 31290.186831106188, 31149.174481738704, 24122.515521862228, 31149.174481738704
130, 31290.186831106188, 24058.7247642507, 31290.186831106188, 31169.921889541154, 24089.438501734, 31169.921889541154
131, 31290.186831106188, 24058.7247642507, 31290.186831106188, 31174.429166229587, 24092.55018527367, 31174.429166229587
132, 31290.186831106188, 24058.7247642507, 31290.186831106188, 31181.159162196927, 24091.26769763763, 31181.159162196927
133, 31290.186831106188, 24058.7247642507, 31290.186831106188, 31192.004905664962, 24096.230788843928, 31192.004905664962
134, 31316.93595131274, 24053.888495723848, 31316.93595131274, 31212.852666300605, 24099.997790560345, 31212.852666300605
135, 31316.93595131274, 24053.888495723848, 31316.93595131274, 31229.322739049545, 24099.448056480916, 31229.322739049545
136, 31316.93595131274, 24053.888495723848, 31316.93595131274, 31243.976225991744, 24115.187646937844, 31243.976225991744
137, 31316.93595131274, 24053.888495723848, 31316.93595131274, 31264.8860975457, 24137.718022875702, 31264.8860975457
138, 31359.870626280088, 24199.79244653306, 31359.870626280088, 31286.055346645513, 24123.786063591182, 31286.055346645513
139, 31372.821466884317, 24155.46509609303, 31372.821466884317, 31297.358639811417, 24115.786340726147, 31297.358639811417
140, 31451.83115648005, 24171.129467521037, 31451.83115648005, 31306.416045858223, 24088.01776640347, 31306.416045858223
141, 31451.83115648005, 24171.129467521037, 31451.83115648005, 31317.09761335449, 24106.644485964538, 31317.09761335449
142, 31451.83115648005, 24171.129467521037, 31451.83115648005, 31324.813852832176, 24104.384011107977, 31324.813852832176
143, 31451.83115648005, 24171.129467521037, 31451.83115648005, 31333.295533573255, 24092.85447265464, 31333.295533573255
144, 31451.83115648005, 24171.129467521037, 31451.83115648005, 31344.1401817172, 24112.66834368825, 31344.1401817172
145, 31500.16155997802, 24253.211975073347, 31500.16155997802, 31360.724862791034, 24147.29015107626, 31360.724862791034
146, 31500.16155997802, 24253.211975073347, 31500.16155997802, 31377.177774427524, 24165.884860308743, 31377.177774427524
147, 31500.16155997802, 24253.211975073347, 31500.16155997802, 31388.32311528716, 24132.25359307162, 31388.32311528716
148, 31500.16155997802, 24253.211975073347, 31500.16155997802, 31399.865482581325, 24114.396316943377, 31399.865482581325
149, 31500.16155997802, 24253.211975073347, 31500.16155997802, 31414.957095631813, 24114.783535905925, 31414.957095631813
150, 31500.16155997802, 24253.211975073347, 31500.16155997802, 31431.922643468006, 24156.700170023832, 31431.922643468006
151, 31500.16155997802, 24253.211975073347, 31500.16155997802, 31451.680021385197, 24185.7319046973, 31451.680021385197
152, 31500.16155997802, 24253.211975073347, 31500.16155997802, 31466.474442831895, 24219.7230117968, 31466.474442831895
153, 31566.23483434673, 24272.86011600813, 31566.23483434673, 31481.556968632452, 24214.97750511937, 31481.556968632452
154, 31566.23483434673, 24272.86011600813, 31566.23483434673, 31496.492993841166, 24239.044550569946, 31496.492993841166
155, 31566.23483434673, 24272.86011600813, 31566.23483434673, 31501.00295498891, 24253.7685952289, 31501.00295498891
156, 31566.23483434673, 24272.86011600813, 31566.23483434673, 31501.183617256254, 24254.128733975034, 31501.183617256254
157, 31581.287580643337, 24270.734775528097, 31581.287580643337, 31501.76990962693, 24254.576486723443, 31501.76990962693
158, 31581.287580643337, 24270.734775528097, 31581.287580643337, 31502.687830982486, 24255.23542739686, 31502.687830982486
159, 31581.287580643337, 24270.734775528097, 31581.287580643337, 31503.96581425969, 24256.501698342214, 31503.96581425969
160, 31584.431002573947, 24379.674182554576, 31584.431002573947, 31505.563394198703, 24258.544847218316, 31505.563394198703
161, 31584.431002573947, 24379.674182554576, 31584.431002573947, 31509.680836319545, 24259.858395379484, 31509.680836319545
162, 31584.431002573947, 24379.674182554576, 31584.431002573947, 31515.066562296488, 24264.208247105464, 31515.066562296488
163, 31637.142761265946, 24148.913559426295, 31637.142761265946, 31527.144484109598, 24272.03299756781, 31527.144484109598
164, 31637.142761265946, 24148.913559426295, 31637.142761265946, 31542.65744288907, 24287.375853669233, 31542.65744288907
165, 31637.142761265946, 24148.913559426295, 31637.142761265946, 31557.42284902816, 24305.892559192594, 31557.42284902816
166, 31637.142761265946, 24148.913559426295, 31637.142761265946, 31569.263952928774, 24297.834265943187, 31569.263952928774
167, 31637.142761265946, 24148.913559426295, 31637.142761265946, 31576.273871984667, 24280.88496154005, 31576.273871984667
168, 31686.396600284643, 24302.365111247003, 31686.396600284643, 31581.907045774962, 24287.115142433257, 31581.907045774962
169, 31698.624322688873, 24271.826610489883, 31698.624322688873, 31594.964747092698, 24304.212765289692, 31594.964747092698
170, 31698.624322688873, 24271.826610489883, 31698.624322688873, 31607.542352518616, 24318.43924350007, 31607.542352518616
171, 31698.624322688873, 24271.826610489883, 31698.624322688873, 31620.39964010173, 24291.917925839814, 31620.39964010173
172, 31781.044108092952, 24118.63998519239, 31781.044108092952, 31630.97737687693, 24276.26944165979, 31630.97737687693
173, 31781.044108092952, 24118.63998519239, 31781.044108092952, 31640.006005688454, 24239.666143788192, 31640.006005688454
174, 31781.044108092952, 24118.63998519239, 31781.044108092952, 31652.31646793836, 24183.281154236684, 31652.31646793836
175, 31781.044108092952, 24118.63998519239, 31781.044108092952, 31659.66811302715, 24203.91472315495, 31659.66811302715
176, 31781.044108092952, 24118.63998519239, 31781.044108092952, 31669.57125067858, 24233.110088348803, 31669.57125067858
177, 31781.044108092952, 24118.63998519239, 31781.044108092952, 31686.64270838969, 24277.718271972593, 31686.64270838969
178, 31781.044108092952, 24118.63998519239, 31781.044108092952, 31700.684279089815, 24290.586240320223, 31700.684279089815
179, 31781.044108092952, 24118.63998519239, 31781.044108092952, 31709.965297881692, 24293.013640743466, 31709.965297881692
180, 31781.044108092952, 24118.63998519239, 31781.044108092952, 31724.762050453945, 24238.25342414121, 31724.762050453945
181, 31792.500230094083, 24187.51683737381, 31792.500230094083, 31743.133773040874, 24219.132623156434, 31743.133773040874
182, 31792.500230094083, 24187.51683737381, 31792.500230094083, 31771.517264697373, 24160.16929244144, 31771.517264697373
183, 31792.500230094083, 24187.51683737381, 31792.500230094083, 31781.158669312856, 24119.328753714286, 31781.158669312856
184, 31792.500230094083, 24187.51683737381, 31792.500230094083, 31781.158669312856, 24119.328753714286, 31781.158669312856
185, 31883.161205855507, 24110.750940647486, 31883.161205855507, 31782.409212281167, 24122.5242553626, 31782.409212281167
186, 31883.161205855507, 24110.750940647486, 31883.161205855507, 31783.21552011976, 24124.31118773985, 31783.21552011976
187, 31883.161205855507, 24110.750940647486, 31883.161205855507, 31785.406796994484, 24124.004746650342, 31785.406796994484
188, 31883.161205855507, 24110.750940647486, 31883.161205855507, 31789.294016818185, 24127.022619801523, 31789.294016818185
189, 31883.161205855507, 24110.750940647486, 31883.161205855507, 31798.477897727127, 24138.362011099754, 31798.477897727127
190, 31964.349562758536, 24258.170711280938, 31964.349562758536, 31806.527275404715, 24149.15627217812, 31806.527275404715
191, 31964.349562758536, 24258.170711280938, 31964.349562758536, 31822.177880799234, 24171.311134334526, 31822.177880799234
192, 31966.671174462357, 24193.10141450174, 31966.671174462357, 31845.965635611257, 24173.104940435533, 31845.965635611257
193, 31966.671174462357, 24193.10141450174, 31966.671174462357, 31869.27577265779, 24221.370720075523, 31869.27577265779
194, 31966.671174462357, 24193.10141450174, 31966.671174462357, 31883.82113449753, 24163.10935137398, 31883.82113449753
195, 31966.671174462357, 24193.10141450174, 31966.671174462357, 31886.894027434504, 24111.061388630398, 31886.894027434504
196, 31966.671174462357, 24193.10141450174, 31966.671174462357, 31889.68604420473, 24114.980911953637, 31889.68604420473
197, 31966.671174462357, 24193.10141450174, 31966.671174462357, 31892.50163196037, 24117.17428077008, 31892.50163196037
198, 32012.135080059248, 24059.919150514186, 32012.135080059248, 31899.267924678774, 24125.03597497662, 31899.267924678774
199, 32012.135080059248, 24059.919150514186, 32012.135080059248, 31907.076688675144, 24133.540254577976, 31907.076688675144
200, 32012.135080059248, 24059.919150514186, 32012.135080059248, 31921.62829723662, 24149.794010517122, 31921.62829723662
201, 32012.135080059248, 24059.919150514186, 32012.135080059248, 31942.8875350525, 24167.53766796392, 31942.8875350525
202, 32012.135080059248, 24059.919150514186, 32012.135080059248, 31964.63213716627, 24204.9186788952, 31964.63213716627
203, 32012.135080059248, 24059.919150514186, 32012.135080059248, 31969.964729052084, 24212.57566419336, 31969.964729052084
204, 32017.973127914414, 24500.459204119543, 32017.973127914414, 31973.72408297894, 24183.856849528016, 31973.72408297894
205, 32017.973127914414, 24500.459204119543, 32017.973127914414, 31978.431757691462, 24172.40735841178, 31978.431757691462
206, 32033.814430450577, 24251.096643424506, 32033.814430450577, 31983.937224390265, 24165.996335744745, 31983.937224390265
207, 32034.30148512218, 24211.601052788606, 32034.30148512218, 31994.144849162934, 24157.763637875745, 31994.144849162934
208, 32107.690123737735, 23998.89803274363, 32107.690123737735, 32012.260055410305, 24127.400663271776, 32012.260055410305
209, 32107.690123737735, 23998.89803274363, 32107.690123737735, 32014.66477031096, 24077.402000147897, 32014.66477031096
210, 32107.690123737735, 23998.89803274363, 32107.690123737735, 32016.49834702908, 24085.551844577054, 32016.49834702908
211, 32107.690123737735, 23998.89803274363, 32107.690123737735, 32018.734333549837, 24096.76468173004, 32018.734333549837
212, 32119.772956476456, 23940.057768951843, 32119.772956476456, 32023.239128005247, 24121.820057127046, 32023.239128005247
213, 32119.772956476456, 23940.057768951843, 32119.772956476456, 32028.41017404393, 24157.216084537395, 32028.41017404393
214, 32154.538025031765, 24121.967267342487, 32154.538025031765, 32040.497296187194, 24201.806231483915, 32040.497296187194
215, 32154.538025031765, 24121.967267342487, 32154.538025031765, 32049.65470256651, 24163.422916664127, 32049.65470256651
216, 32154.538025031765, 24121.967267342487, 32154.538025031765, 32061.67063771671, 24129.239278117828, 32061.67063771671
217, 32154.538025031765, 24121.967267342487, 32154.538025031765, 32077.651940159467, 24079.595712719933, 32077.651940159467
218, 32154.538025031765, 24121.967267342487, 32154.538025031765, 32103.110990426383, 23994.53864026817, 32103.110990426383
219, 32154.538025031765, 24121.967267342487, 32154.538025031765, 32111.015083948187, 24006.65861143928, 32111.015083948187
220, 32154.538025031765, 24121.967267342487, 32154.538025031765, 32112.901519151623, 24009.19467544203, 32112.901519151623
221, 32154.538025031765, 24121.967267342487, 32154.538025031765, 32115.925393806105, 24010.225539186253, 32115.925393806105
222, 32154.538025031765, 24121.967267342487, 32154.538025031765, 32120.79864204982, 24013.127075394983, 32120.79864204982
223, 32186.02470206632, 24164.180098734123, 32186.02470206632, 32126.29024783655, 24024.41814984325, 32126.29024783655
224, 32193.367525144848, 24007.095920945187, 32193.367525144848, 32137.910613285316, 24049.518192581207, 32137.910613285316
225, 32209.96339138572, 24079.730266215458, 32209.96339138572, 32147.530058975877, 24112.21128396121, 32147.530058975877
226, 32209.96339138572, 24079.730266215458, 32209.96339138572, 32156.09714955126, 24094.71737340875, 32156.09714955126
227, 32209.96339138572, 24079.730266215458, 32209.96339138572, 32157.456521455195, 24121.94086527532, 32157.456521455195
228, 32209.96339138572, 24079.730266215458, 32209.96339138572, 32160.259378043804, 24119.511883958043, 32160.259378043804
229, 32209.96339138572, 24079.730266215458, 32209.96339138572, 32163.782161152005, 24118.860444293176, 32163.782161152005
230, 32209.96339138572, 24079.730266215458, 32209.96339138572, 32170.203491316355, 24121.472150252597, 32170.203491316355
231, 32246.030732204028, 24021.57023240641, 32246.030732204028, 32181.36877380139, 24120.80980175825, 32181.36877380139
232, 32246.030732204028, 24021.57023240641, 32246.030732204028, 32190.42232008915, 24113.107039164708, 32190.42232008915
233, 32322.526359134506, 23970.192387243933, 32322.526359134506, 32194.29703858576, 24080.082511245353, 32194.29703858576
234, 32322.526359134506, 23970.192387243933, 32322.526359134506, 32200.39109065809, 24029.660990360848, 32200.39109065809
235, 32322.526359134506, 23970.192387243933, 32322.526359134506, 32203.5954140902, 24041.517685840776, 32203.5954140902
236, 32322.526359134506, 23970.192387243933, 32322.526359134506, 32210.677413326044, 24070.352995337114, 32210.677413326044
237, 32322.526359134506, 23970.192387243933, 32322.526359134506, 32213.09452953471, 24075.76079667844, 32213.09452953471
238, 32322.526359134506, 23970.192387243933, 32322.526359134506, 32214.94150602856, 24073.502217212546, 32214.94150602856
239, 32322.526359134506, 23970.192387243933, 32322.526359134506, 32219.144457285125, 24069.576513584205, 32219.144457285125
240, 32417.01198467218, 23938.09084620462, 32417.01198467218, 32226.747693424026, 24063.844210022507, 32226.747693424026
241, 32417.01198467218, 23938.09084620462, 32417.01198467218, 32234.164951932296, 24057.749442097636, 32234.164951932296
242, 32417.01198467218, 23938.09084620462, 32417.01198467218, 32249.23379049535, 24043.733666669064, 32249.23379049535
243, 32417.01198467218, 23938.09084620462, 32417.01198467218, 32275.919476024752, 24022.497319450296, 32275.919476024752
244, 32417.01198467218, 23938.09084620462, 32417.01198467218, 32293.0450458365, 23991.96063988622, 32293.0450458365
245, 32449.767025477227, 24047.846666192127, 32449.767025477227, 32321.026568352987, 23974.4734313413, 32321.026568352987
246, 32449.767025477227, 24047.846666192127, 32449.767025477227, 32328.491663036824, 23967.685771639444, 32328.491663036824
247, 32449.767025477227, 24047.846666192127, 32449.767025477227, 32332.403479224457, 23965.272407755907, 32332.403479224457
248, 32449.767025477227, 24047.846666192127, 32449.767025477227, 32338.545044884406, 23963.18580758835, 32338.545044884406
249, 32449.767025477227, 24047.846666192127, 32449.767025477227, 32352.245460587354, 23958.531084137652, 32352.245460587354
250, 32449.767025477227, 24047.846666192127, 32449.767025477227, 32370.489038997635, 23951.57924359869, 32370.489038997635
251, 32491.645135977687, 24069.095581507678, 32491.645135977687, 32396.777336604864, 23944.22344778467, 32396.777336604864
252, 32491.645135977687, 24069.095581507678, 32491.645135977687, 32417.756076070385, 23938.99660539576, 32417.756076070385
253, 32491.645135977687, 24069.095581507678, 32491.645135977687, 32417.965229355184, 23939.3665374288, 32417.965229355184
254, 32491.645135977687, 24069.095581507678, 32491.645135977687, 32418.3815330775, 23939.43842587655, 32418.3815330775
255, 32491.645135977687, 24069.095581507678, 32491.645135977687, 32419.903437060482, 23938.700942107895, 32419.903437060482
256, 32491.645135977687, 24069.095581507678, 32491.645135977687, 32421.224436415523, 23940.001741323056, 32421.224436415523
257, 32491.645135977687, 24069.095581507678, 32491.645135977687, 32423.16062593292, 23942.906273526176, 32423.16062593292
258, 32491.645135977687, 24069.095581507678, 32491.645135977687, 32426.42988862289, 23946.95148334706, 32426.42988862289
259, 32491.645135977687, 24069.095581507678, 32491.645135977687, 32431.304992827532, 23950.49695100268, 32431.304992827532
260, 32491.645135977687, 24069.095581507678, 32491.645135977687, 32441.08349537189, 23958.248962770238, 32441.08349537189
261, 32541.84881797999, 23889.721170497778, 32541.84881797999, 32456.229393018777, 23940.466811858263, 32456.229393018777
262, 32541.84881797999, 23889.721170497778, 32541.84881797999, 32467.635584999043, 23927.84022622401, 32467.635584999043
263, 32541.84881797999, 23889.721170497778, 32541.84881797999, 32473.836891879728, 23963.793419127524, 32473.836891879728
264, 32541.84881797999, 23889.721170497778, 32541.84881797999, 32484.779213344318, 24024.55074459678, 32484.779213344318
265, 32541.84881797999, 23889.721170497778, 32541.84881797999, 32492.398191207623, 24066.404965342543, 32492.398191207623
266, 32577.793456013595, 24008.049968778858, 32577.793456013595, 32493.84484216915, 24062.627086539924, 32493.84484216915
267, 32577.793456013595, 24008.049968778858, 32577.793456013595, 32495.36278835052, 24057.360691690854, 32495.36278835052
268, 32577.793456013595, 24008.049968778858, 32577.793456013595, 32497.574330263385, 24051.00703420432, 32497.574330263385
269, 32577.793456013595, 24008.049968778858, 32577.793456013595, 32502.558910407664, 24034.90262159346, 32502.558910407664
270, 32577.793456013595, 24008.049968778858, 32577.793456013595, 32508.583071355886, 24015.55523320607, 32508.583071355886
271, 32577.793456013595, 24008.049968778858, 32577.793456013595, 32517.15292356811, 23987.583636711868, 32517.15292356811
272, 32588.43744896432, 23888.320745598456, 32588.43744896432, 32535.23669907595, 23929.12222966334, 32535.23669907595
273, 32644.580907235417, 24336.529269361545, 32644.580907235417, 32545.199159805576, 23904.995642717895, 32545.199159805576
274, 32644.580907235417, 24336.529269361545, 32644.580907235417, 32547.80509974631, 23918.362647492522, 32547.80509974631
275, 32644.580907235417, 24336.529269361545, 32644.580907235417, 32551.18855721417, 23939.816014169788, 32551.18855721417
276, 32644.580907235417, 24336.529269361545, 32644.580907235417, 32556.26568175436, 23962.7003756495, 32556.26568175436
277, 32644.580907235417, 24336.529269361545, 32644.580907235417, 32565.275342076853, 24002.838604348875, 32565.275342076853
278, 32644.580907235417, 24336.529269361545, 32644.580907235417, 32580.12261890934, 24044.05955836872, 32580.12261890934
279, 32644.580907235417, 24336.529269361545, 32644.580907235417, 32589.71071003166, 24061.00167836193, 32589.71071003166
280, 32644.580907235417, 24336.529269361545, 32644.580907235417, 32596.88305230421, 24093.696066575412, 32596.88305230421
281, 32644.580907235417, 24336.529269361545, 32644.580907235417, 32608.932427315853, 24145.771860189798, 32608.932427315853
282, 32757.590636080527, 24173.4536587095, 32757.590636080527, 32627.616887324635, 24228.947771050134, 32627.616887324635
283, 32757.590636080527, 24173.4536587095, 32757.590636080527, 32646.582275254885, 24332.13667602483, 32646.582275254885
284, 32757.590636080527, 24173.4536587095, 32757.590636080527, 32647.839812704897, 24329.914536937784, 32647.839812704897
285, 32757.590636080527, 24173.4536587095, 32757.590636080527, 32650.30083702445, 24324.01514082386, 32650.30083702445
286, 32757.590636080527, 24173.4536587095, 32757.590636080527, 32653.29036622205, 24317.836516597286, 32653.29036622205
287, 32757.590636080527, 24173.4536587095, 32757.590636080527, 32657.75757103136, 24310.151771621, 32657.75757103136
288, 32792.98308975862, 24102.952277893357, 32792.98308975862, 32661.77782641394, 24298.86753537972, 32661.77782641394
289, 32792.98308975862, 24102.952277893357, 32792.98308975862, 32670.729471379702, 24279.60799324831, 32670.729471379702
290, 32792.98308975862, 24102.952277893357, 32792.98308975862, 32689.67251535043, 24241.105186880315, 32689.67251535043
291, 32792.98308975862, 24102.952277893357, 32792.98308975862, 32720.174596937788, 24177.86267984628, 32720.174596937788
292, 32792.98308975862, 24102.952277893357, 32792.98308975862, 32752.693127364266, 24174.15751782447, 32752.693127364266
293, 32874.56723144323, 24084.455654104953, 32874.56723144323, 32759.545710826507, 24171.79748321213, 32759.545710826507
294, 32874.56723144323, 24084.455654104953, 32874.56723144323, 32760.43052216846, 24170.034948691726, 32760.43052216846
295, 32874.56723144323, 24084.455654104953, 32874.56723144323, 32762.236686466476, 24167.73012413469, 32762.236686466476
296, 32874.56723144323, 24084.455654104953, 32874.56723144323, 32764.927662106442, 24163.66276505724, 32764.927662106442
297, 32874.56723144323, 24084.455654104953, 32874.56723144323, 32768.539990702455, 24159.053115943167, 32768.539990702455
298, 32874.56723144323, 24084.455654104953, 32874.56723144323, 32774.880583127226, 24150.301264618636, 32774.880583127226
299, 32874.56723144323, 24084.455654104953, 32874.56723144323, 32786.6128037768, 24137.80725319418, 32786.6128037768
300, 32874.56723144323, 24084.455654104953, 32874.56723144323, 32798.038712729474, 24126.357993587713, 32798.038712729474
301, 32874.56723144323, 24084.455654104953, 32874.56723144323, 32801.754135131676, 24138.55694116705, 32801.754135131676
302, 32874.56723144323, 24084.455654104953, 32874.56723144323, 32807.072525284646, 24155.038352075644, 32807.072525284646
303, 32874.56723144323, 24084.455654104953, 32874.56723144323, 32816.96573229464, 24186.628897968974, 32816.96573229464
304, 32881.444648419434, 24072.97297783009, 32881.444648419434, 32828.63576958515, 24222.503135419705, 32828.63576958515
305, 32881.444648419434, 24072.97297783009, 32881.444648419434, 32845.660750295225, 24151.322379287383, 32845.660750295225
306, 32886.09190599854, 24191.26010140731, 32886.09190599854, 32867.10491538155, 24077.676856947543, 32867.10491538155
307, 32886.09190599854, 24191.26010140731, 32886.09190599854, 32874.80488953409, 24084.674737545363, 32874.80488953409
308, 32886.09190599854, 24191.26010140731, 32886.09190599854, 32874.9004822917, 24084.192843647626, 32874.9004822917
309, 32907.1456835172, 23954.608247572185, 32907.1456835172, 32875.20902218542, 24083.28608120012, 32875.20902218542
310, 32907.1456835172, 23954.608247572185, 32907.1456835172, 32875.561523124874, 24082.346549854075, 32875.561523124874
311, 32907.1456835172, 23954.608247572185, 32907.1456835172, 32876.10373491254, 24080.390714340374, 32876.10373491254
312, 32992.04689374986, 24147.74949979081, 32992.04689374986, 32877.53390514093, 24077.436894835984, 32877.53390514093
313, 32992.04689374986, 24147.74949979081, 32992.04689374986, 32879.14362973432, 24072.492586977867, 32879.14362973432
314, 32992.04689374986, 24147.74949979081, 32992.04689374986, 32881.494779413726, 24066.139364797684, 32881.494779413726
315, 32992.04689374986, 24147.74949979081, 32992.04689374986, 32883.765330156755, 24079.466162421922, 32883.765330156755
316, 32992.04689374986, 24147.74949979081, 32992.04689374986, 32885.07569104055, 24105.643464400127, 32885.07569104055
317, 32992.04689374986, 24147.74949979081, 32992.04689374986, 32887.887063853566, 24124.537380732483, 32887.887063853566
318, 32992.04689374986, 24147.74949979081, 32992.04689374986, 32890.72254474126, 24151.183614677597, 32890.72254474126
319, 32992.04689374986, 24147.74949979081, 32992.04689374986, 32893.70875372824, 24143.75782731498, 32893.70875372824
320, 32992.04689374986, 24147.74949979081, 32992.04689374986, 32898.900440068566, 24104.726025920314, 32898.900440068566
321, 32992.04689374986, 24147.74949979081, 32992.04689374986, 32905.242907643995, 24059.01731948922, 32905.242907643995
322, 32992.04689374986, 24147.74949979081, 32992.04689374986, 32917.54651413661, 23994.54044615542, 32917.54651413661
323, 32992.04689374986, 24147.74949979081, 32992.04689374986, 32924.09897807567, 24018.739908947806, 32924.09897807567
324, 32992.04689374986, 24147.74949979081, 32992.04689374986, 32934.050065938325, 24046.920083951158, 32934.050065938325
325, 32992.04689374986, 24147.74949979081, 32992.04689374986, 32950.852600430175, 24079.48974992907, 32950.852600430175
326, 32992.04689374986, 24147.74949979081, 32992.04689374986, 32974.77384610425, 24122.09014284097, 32974.77384610425
327, 32992.4380948227, 23953.981646631884, 32992.4380948227, 32992.04884975539, 24146.78066052498, 32992.04884975539
328, 32992.4380948227, 23953.981646631884, 32992.4380948227, 32992.04884975539, 24146.78066052498, 32992.04884975539
329, 33130.42616300191, 24298.694344026495, 33130.42616300191, 32992.74074610164, 24147.535384746156, 32992.74074610164
330, 33130.42616300191, 24298.694344026495, 33130.42616300191, 32993.43655445863, 24146.352430435745, 32993.43655445863
331, 33130.42616300191, 24298.694344026495, 33130.42616300191, 32994.13040681026, 24146.13831539113, 32994.13040681026
332, 33130.42616300191, 24298.694344026495, 33130.42616300191, 32994.13823083172, 24142.262958327952, 32994.13823083172
333, 33130.42616300191, 24298.694344026495, 33130.42616300191, 32994.15583487999, 24133.543404935797, 32994.15583487999
334, 33130.42616300191, 24298.694344026495, 33130.42616300191, 32996.946892329404, 24124.936230630974, 32996.946892329404
335, 33130.42616300191, 24298.694344026495, 33130.42616300191, 32999.05583345937, 24110.73013577599, 32999.05583345937
336, 33130.42616300191, 24298.694344026495, 33130.42616300191, 33003.25611167104, 24091.03749945819, 33003.25611167104
337, 33130.42616300191, 24298.694344026495, 33130.42616300191, 33010.69948380682, 24054.19562343095, 33010.69948380682
338, 33130.42616300191, 24298.694344026495, 33130.42616300191, 33021.69969309095, 24030.278900040234, 33021.69969309095
339, 33130.42616300191, 24298.694344026495, 33130.42616300191, 33049.894053582626, 24107.856031711894, 33049.894053582626
340, 33130.42616300191, 24298.694344026495, 33130.42616300191, 33097.3393657845, 24236.390774176452, 33097.3393657845
341, 33130.42616300191, 24298.694344026495, 33130.42616300191, 33130.42616300191, 24298.694344026437, 33130.42616300191
342, 33133.97278150088, 24391.71288573844, 33133.97278150088, 33130.44389609441, 24299.159436734997, 33130.44389609441
343, 33133.97278150088, 24391.71288573844, 33133.97278150088, 33130.44389609441, 24299.159436734997, 33130.44389609441
344, 33155.18900517163, 24594.003806805038, 33155.18900517163, 33130.56771030526, 24300.63598404889, 33130.56771030526
345, 33197.64455219333, 24087.680209011858, 33197.64455219333, 33131.04534955456, 24301.522553396266, 33131.04534955456
346, 33197.64455219333, 24087.680209011858, 33197.64455219333, 33131.82381650304, 24306.75749549711, 33131.82381650304
347, 33197.64455219333, 24087.680209011858, 33197.64455219333, 33133.401294877374, 24311.161237309574, 33133.401294877374
348, 33197.64455219333, 24087.680209011858, 33197.64455219333, 33134.65740107515, 24317.282748757796, 33134.65740107515
349, 33197.64455219333, 24087.680209011858, 33197.64455219333, 33137.739484640995, 24329.345299485252, 33137.739484640995
350, 33197.64455219333, 24087.680209011858, 33197.64455219333, 33144.077254643795, 24355.187701100695, 33144.077254643795
351, 33202.20536729398, 24087.36947233171, 33202.20536729398, 33149.48830552995, 24387.961755371554, 33149.48830552995
352, 33202.20536729398, 24087.36947233171, 33202.20536729398, 33159.66020748288, 24421.649358092913, 33159.66020748288
353, 33202.20536729398, 24087.36947233171, 33202.20536729398, 33172.1968069052, 24404.17853946031, 33172.1968069052
354, 33202.20536729398, 24087.36947233171, 33202.20536729398, 33185.29260697734, 24258.80339847602, 33185.29260697734
355, 33202.20536729398, 24087.36947233171, 33202.20536729398, 33197.51859778971, 24095.447991336958, 33197.51859778971
356, 33227.71646171732, 24104.241133251406, 33227.71646171732, 33198.00014842051, 24087.749030482388, 33198.00014842051
357, 33227.71646171732, 24104.241133251406, 33227.71646171732, 33198.091364722524, 24087.742815748785, 33198.091364722524
358, 33227.71646171732, 24104.241133251406, 33227.71646171732, 33198.44696094967, 24087.811637219373, 33198.44696094967
359, 33227.71646171732, 24104.241133251406, 33227.71646171732, 33198.76621800671, 24087.789885651764, 33198.76621800671
360, 33227.71646171732, 24104.241133251406, 33227.71646171732, 33199.34985498889, 24087.843170288346, 33199.34985498889
361, 33227.71646171732, 24104.241133251406, 33227.71646171732, 33200.380304500286, 24087.959061661917, 33200.380304500286
362, 33227.71646171732, 24104.241133251406, 33227.71646171732, 33202.2680398999, 24088.10959347133, 33202.2680398999
363, 33227.71646171732, 24104.241133251406, 33227.71646171732, 33203.60847748737, 24088.29741368228, 33203.60847748737
364, 33227.71646171732, 24104.241133251406, 33227.71646171732, 33204.246254847945, 24088.719205205274, 33204.246254847945
365, 33227.71646171732, 24104.241133251406, 33227.71646171732, 33205.64936504122, 24089.647146555857, 33205.64936504122
366, 33227.71646171732, 24104.241133251406, 33227.71646171732, 33206.542253346044, 24090.237654688048, 33206.542253346044
367, 33261.33840801378, 24207.63841247678, 33261.33840801378, 33208.7512506314, 24092.104373957758, 33208.7512506314
368, 33261.33840801378, 24207.63841247678, 33261.33840801378, 33211.302360073736, 24093.791540049744, 33211.302360073736
369, 33261.33840801378, 24207.63841247678, 33261.33840801378, 33217.169911791025, 24097.672022061244, 33217.169911791025
370, 33261.33840801378, 24207.63841247678, 33261.33840801378, 33226.77712645903, 24104.431522997584, 33226.77712645903
371, 33261.33840801378, 24207.63841247678, 33261.33840801378, 33228.38890064314, 24106.30907883583, 33228.38890064314
372, 33272.69619097833, 24107.696285763857, 33272.69619097833, 33228.78190902093, 24106.84334099452, 33228.78190902093
373, 33272.69619097833, 24107.696285763857, 33272.69619097833, 33229.847356324644, 24109.445548737716, 33229.847356324644
374, 33272.69619097833, 24107.696285763857, 33272.69619097833, 33231.1922341765, 24113.58143990673, 33231.1922341765
375, 33272.69619097833, 24107.696285763857, 33272.69619097833, 33234.22046635617, 24120.871076740186, 33234.22046635617
376, 33272.69619097833, 24107.696285763857, 33272.69619097833, 33238.03245827843, 24131.24535618784, 33238.03245827843
377, 33272.69619097833, 24107.696285763857, 33272.69619097833, 33243.75044616184, 24146.80677535933, 33243.75044616184
378, 33272.69619097833, 24107.696285763857, 33272.69619097833, 33252.1524726077, 24171.14591919098, 33252.1524726077
379, 33272.69619097833, 24107.696285763857, 33272.69619097833, 33262.36060848061, 24198.64362107266, 33262.36060848061
380, 33272.69619097833, 24107.696285763857, 33272.69619097833, 33262.758130884366, 24195.14564663771, 33262.758130884366
381, 33272.69619097833, 24107.696285763857, 33272.69619097833, 33263.269231117774, 24190.648250935632, 33263.269231117774
382, 33310.18107808087, 24387.64289085168, 33310.18107808087, 33264.649222764565, 24181.55406065621, 33264.649222764565
383, 33310.18107808087, 24387.64289085168, 33310.18107808087, 33266.69362369819, 24163.564477847867, 33266.69362369819
384, 33310.18107808087, 24387.64289085168, 33310.18107808087, 33269.47628052452, 24139.07865680313, 33269.47628052452
385, 33310.18107808087, 24387.64289085168, 33310.18107808087, 33272.88361541389, 24109.09601878922, 33272.88361541389
386, 33310.18107808087, 24387.64289085168, 33310.18107808087, 33273.25846428492, 24111.895484840097, 33273.25846428492
387, 33310.18107808087, 24387.64289085168, 33310.18107808087, 33273.25846428492, 24111.895484840097, 33273.25846428492
388, 33310.18107808087, 24387.64289085168, 33310.18107808087, 33273.44588872043, 24113.29521786554, 33273.44588872043
389, 33310.18107808087, 24387.64289085168, 33310.18107808087, 33274.19558646248, 24118.89414996729, 33274.19558646248
390, 33310.18107808087, 24387.64289085168, 33310.18107808087, 33275.507557511075, 24128.69228114537, 33275.507557511075
391, 33310.18107808087, 24387.64289085168, 33310.18107808087, 33277.381801866206, 24142.689611399757, 33277.381801866206
392, 33310.18107808087, 24387.64289085168, 33310.18107808087, 33280.38059283441, 24165.085339806785, 33280.38059283441
393, 33310.18107808087, 24387.64289085168, 33310.18107808087, 33283.5668082381, 24188.880801239262, 33283.5668082381
394, 33310.18107808087, 24387.64289085168, 33310.18107808087, 33292.75947765206, 24257.902447980327, 33292.75947765206
395, 33310.18107808087, 24387.64289085168, 33310.18107808087, 33307.424215166204, 24368.69714493788, 33307.424215166204
396, 33310.18107808087, 24387.64289085168, 33310.18107808087, 33310.18107808096, 24387.642890851643, 33310.18107808096
397, 33310.18107808087, 24387.64289085168, 33310.18107808087, 33310.18107808096, 24387.642890851643, 33310.18107808096
398, 33319.91555633868, 24653.73042032154, 33319.91555633868, 33310.22975047225, 24388.97332849899, 33310.22975047225
399, 33319.91555633868, 24653.73042032154, 33319.91555633868, 33310.22975047225, 24388.97332849899, 33310.22975047225
400, 33361.84320629037, 24441.090458366994, 33361.84320629037, 33310.58540589587, 24391.901441631268, 33310.58540589587
401, 33361.84320629037, 24441.090458366994, 33361.84320629037, 33310.63407828716, 24393.231879278614, 33310.63407828716
402, 33361.84320629037, 24441.090458366994, 33361.84320629037, 33310.98973371079, 24396.15999241089, 33310.98973371079
403, 33361.84320629037, 24441.090458366994, 33361.84320629037, 33311.95935519909, 24402.283456513014, 33311.95935519909
404, 33361.84320629037, 24441.090458366994, 33361.84320629037, 33312.865355611495, 24413.461433366967, 33312.865355611495
405, 33362.02181885612, 24469.67530725585, 33362.02181885612, 33314.94174530143, 24432.92368012485, 33314.94174530143
406, 33362.02181885612, 24469.67530725585, 33362.02181885612, 33317.8057637125, 24470.448923628726, 33317.8057637125
407, 33367.79643965355, 24661.44157993929, 33367.79643965355, 33322.83917554289, 24527.586846448652, 33322.83917554289
408, 33367.79643965355, 24661.44157993929, 33367.79643965355, 33329.300424474335, 24602.872181958504, 33329.300424474335
409, 33367.79643965355, 24661.44157993929, 33367.79643965355, 33336.10002773538, 24563.447783494856, 33336.10002773538
410, 33367.79643965355, 24661.44157993929, 33367.79643965355, 33346.50684524388, 24505.31456890753, 33346.50684524388
411, 33374.451641977896, 24579.06818107188, 33374.451641977896, 33361.996440031944, 24445.22853804857, 33361.996440031944
412, 33374.451641977896, 24579.06818107188, 33374.451641977896, 33362.13723797274, 24448.129664843236, 33362.13723797274
413, 33374.451641977896, 24579.06818107188, 33374.451641977896, 33362.36822747681, 24454.47898270593, 33362.36822747681
414, 33374.451641977896, 24579.06818107188, 33374.451641977896, 33362.48907826973, 24459.171853626263, 33362.48907826973
415, 33445.7713788397, 24515.632340973258, 33445.7713788397, 33363.356877619524, 24470.86477344151, 33363.356877619524
416, 33445.7713788397, 24515.632340973258, 33445.7713788397, 33364.147950447456, 24490.476597137684, 33364.147950447456
417, 33445.7713788397, 24515.632340973258, 33445.7713788397, 33365.07424865333, 24518.24358484916, 33365.07424865333
418, 33445.7713788397, 24515.632340973258, 33445.7713788397, 33367.344013456546, 24571.209613205647, 33367.344013456546
419, 33445.7713788397, 24515.632340973258, 33445.7713788397, 33369.82590304003, 24639.877544401108, 33369.82590304003
420, 33445.7713788397, 24515.632340973258, 33445.7713788397, 33371.546444878404, 24626.233669549205, 33371.546444878404
421, 33445.7713788397, 24515.632340973258, 33445.7713788397, 33373.76650021349, 24602.851938665823, 33373.76650021349
422, 33445.7713788397, 24515.632340973258, 33445.7713788397, 33376.94783276798, 24576.847926668375, 33376.94783276798
423, 33445.7713788397, 24515.632340973258, 33445.7713788397, 33378.37422750522, 24575.579209866402, 33378.37422750522
424, 33445.7713788397, 24515.632340973258, 33445.7713788397, 33379.80062224246, 24574.31049306443, 33379.80062224246
425, 33445.7713788397, 24515.632340973258, 33445.7713788397, 33381.583615664, 24572.724597061962, 33381.583615664
426, 33445.7713788397, 24515.632340973258, 33445.7713788397, 33386.219398560024, 24568.60126745555, 33386.219398560024
427, 33445.7713788397, 24515.632340973258, 33445.7713788397, 33391.21178014034, 24564.160758648646, 33391.21178014034
428, 33445.7713788397, 24515.632340973258, 33445.7713788397, 33399.41354987944, 24556.8656370373, 33399.41354987944
429, 33445.7713788397, 24515.632340973258, 33445.7713788397, 33414.39069462048, 24543.544110616585, 33414.39069462048
430, 33445.7713788397, 24515.632340973258, 33445.7713788397, 33434.06228377554, 24526.38441298115, 33434.06228377554
431, 33445.7713788397, 24515.632340973258, 33445.7713788397, 33445.77137883962, 24515.632340973247, 33445.77137883962
432, 33445.7713788397, 24515.632340973258, 33445.7713788397, 33445.77137883962, 24515.632340973247, 33445.77137883962
433, 33445.7713788397, 24515.632340973258, 33445.7713788397, 33445.77137883962, 24515.632340973247, 33445.77137883962
434, 33475.48461106939, 24468.227737799945, 33475.48461106939, 33445.91994500077, 24515.395317957376, 33445.91994500077
435, 33475.48461106939, 24468.227737799945, 33475.48461106939, 33445.91994500077, 24515.395317957376, 33445.91994500077
436, 33484.211458168655, 24474.216630673454, 33484.211458168655, 33446.11214539742, 24515.18823940588, 33446.11214539742
437, 33484.211458168655, 24474.216630673454, 33484.211458168655, 33446.60147811636, 24514.50711482265, 33446.60147811636
438, 33484.211458168655, 24474.216630673454, 33484.211458168655, 33446.84247477438, 24513.863283626255, 33446.84247477438
439, 33484.211458168655, 24474.216630673454, 33484.211458168655, 33447.22687556767, 24513.449126523257, 33447.22687556767
440, 33484.211458168655, 24474.216630673454, 33484.211458168655, 33448.00083918013, 24512.154115208003, 33448.00083918013
441, 33484.211458168655, 24474.216630673454, 33484.211458168655, 33450.043261149876, 24508.416270884987, 33450.043261149876
442, 33484.211458168655, 24474.216630673454, 33484.211458168655, 33452.61131067117, 24503.420708633566, 33452.61131067117
443, 33484.211458168655, 24474.216630673454, 33484.211458168655, 33457.02610994868, 24496.11800655801, 33457.02610994868
444, 33484.211458168655, 24474.216630673454, 33484.211458168655, 33464.23963135372, 24484.109305253107, 33464.23963135372
445, 33484.211458168655, 24474.216630673454, 33484.211458168655, 33475.365149965604, 24465.26206628286, 33475.365149965604
446, 33493.91894200907, 24532.98487582943, 33493.91894200907, 33480.02747474482, 24471.605858855575, 33480.02747474482
447, 33493.91894200907, 24532.98487582943, 33493.91894200907, 33482.60189463906, 24473.37258225333, 33482.60189463906
448, 33493.91894200907, 24532.98487582943, 33493.91894200907, 33484.2599955879, 24474.510471899208, 33484.2599955879
449, 33493.91894200907, 24532.98487582943, 33493.91894200907, 33484.308533007104, 24474.804313124987, 33484.308533007104
450, 33518.57611317351, 24310.817450552084, 33518.57611317351, 33484.52889370133, 24474.28115845016, 33484.52889370133
451, 33518.57611317351, 24310.817450552084, 33518.57611317351, 33484.846329233966, 24474.345686226894, 33484.846329233966
452, 33518.57611317351, 24310.817450552084, 33518.57611317351, 33485.260839605, 24474.997896455185, 33485.260839605
453, 33518.57611317351, 24310.817450552084, 33518.57611317351, 33486.041322927864, 24476.00847568599, 33486.041322927864
454, 33518.57611317351, 24310.817450552084, 33518.57611317351, 33487.06449334674, 24478.48826104569, 33487.06449334674
455, 33518.57611317351, 24310.817450552084, 33518.57611317351, 33488.62545999247, 24480.509419507296, 33488.62545999247
456, 33518.57611317351, 24310.817450552084, 33518.57611317351, 33490.9406989437, 24485.23967677765, 33490.9406989437
457, 33518.57611317351, 24310.817450552084, 33518.57611317351, 33494.32764573296, 24492.743560633484, 33494.32764573296
458, 33605.95202542204, 24571.393820502315, 33605.95202542204, 33498.42425481247, 24497.630132508482, 33498.42425481247
459, 33605.95202542204, 24571.393820502315, 33605.95202542204, 33500.88997192891, 24475.413389980746, 33500.88997192891
460, 33605.95202542204, 24571.393820502315, 33605.95202542204, 33504.21869003613, 24445.4207875683, 33504.21869003613
461, 33605.95202542204, 24571.393820502315, 33605.95202542204, 33510.259696971465, 24390.989768375377, 33510.259696971465
462, 33605.95202542204, 24571.393820502315, 33605.95202542204, 33519.01299273491, 24312.120332401915, 33519.01299273491
463, 33605.95202542204, 24571.393820502315, 33605.95202542204, 33519.88675185739, 24314.726096101418, 33519.88675185739
464, 33605.95202542204, 24571.393820502315, 33605.95202542204, 33521.19739054112, 24318.634741650672, 33521.19739054112
465, 33605.95202542204, 24571.393820502315, 33605.95202542204, 33522.73756166056, 24321.550644255145, 33522.73756166056
466, 33605.95202542204, 24571.393820502315, 33605.95202542204, 33524.04820034429, 24325.4592898044, 33524.04820034429
467, 33605.95202542204, 24571.393820502315, 33605.95202542204, 33527.5654221444, 24332.593976863092, 33527.5654221444
468, 33605.95202542204, 24571.393820502315, 33605.95202542204, 33534.57768043446, 24350.151718719797, 33534.57768043446
469, 33605.95202542204, 24571.393820502315, 33605.95202542204, 33544.41055231127, 24376.970366807367, 33544.41055231127
470, 33605.95202542204, 24571.393820502315, 33605.95202542204, 33556.872712461714, 24412.458315655633, 33556.872712461714
471, 33605.95202542204, 24571.393820502315, 33605.95202542204, 33584.639831659544, 24489.406751843635, 33584.639831659544
472, 33605.95202542204, 24571.393820502315, 33605.95202542204, 33605.95202542195, 24571.39382050226, 33605.95202542195
473, 33605.95202542204, 24571.393820502315, 33605.95202542204, 33605.95202542195, 24571.39382050226, 33605.95202542195
474, 33605.95202542204, 24571.393820502315, 33605.95202542204, 33605.95202542195, 24571.39382050226, 33605.95202542195
475, 33605.95202542204, 24571.393820502315, 33605.95202542204, 33605.95202542195, 24571.39382050226, 33605.95202542195
476, 33605.95202542204, 24571.393820502315, 33605.95202542204, 33605.95202542195, 24571.39382050226, 33605.95202542195
477, 33605.95202542204, 24571.393820502315, 33605.95202542204, 33605.95202542195, 24571.39382050226, 33605.95202542195
478, 33605.95202542204, 24571.393820502315, 33605.95202542204, 33605.95202542195, 24571.39382050226, 33605.95202542195
479, 33605.95202542204, 24571.393820502315, 33605.95202542204, 33605.95202542195, 24571.39382050226, 33605.95202542195
480, 33605.95202542204, 24571.393820502315, 33605.95202542204, 33605.95202542195, 24571.39382050226, 33605.95202542195
481, 33605.95202542204, 24571.393820502315, 33605.95202542204, 33605.95202542195, 24571.39382050226, 33605.95202542195
482, 33605.95202542204, 24571.393820502315, 33605.95202542204, 33605.95202542195, 24571.39382050226, 33605.95202542195
483, 33605.95202542204, 24571.393820502315, 33605.95202542204, 33605.95202542195, 24571.39382050226, 33605.95202542195
484, 33605.95202542204, 24571.393820502315, 33605.95202542204, 33605.95202542195, 24571.39382050226, 33605.95202542195
485, 33605.95202542204, 24571.393820502315, 33605.95202542204, 33605.95202542195, 24571.39382050226, 33605.95202542195
486, 33605.95202542204, 24571.393820502315, 33605.95202542204, 33605.95202542195, 24571.39382050226, 33605.95202542195
487, 33605.95202542204, 24571.393820502315, 33605.95202542204, 33605.95202542195, 24571.39382050226, 33605.95202542195
488, 33605.95202542204, 24571.393820502315, 33605.95202542204, 33605.95202542195, 24571.39382050226, 33605.95202542195
489, 33605.95202542204, 24571.393820502315, 33605.95202542204, 33605.95202542195, 24571.39382050226, 33605.95202542195
490, 33605.95202542204, 24571.393820502315, 33605.95202542204, 33605.95202542195, 24571.39382050226, 33605.95202542195
491, 33605.95202542204, 24571.393820502315, 33605.95202542204, 33605.95202542195, 24571.39382050226, 33605.95202542195
492, 33605.95202542204, 24571.393820502315, 33605.95202542204, 33605.95202542195, 24571.39382050226, 33605.95202542195
493, 33605.95202542204, 24571.393820502315, 33605.95202542204, 33605.95202542195, 24571.39382050226, 33605.95202542195
494, 33605.95202542204, 24571.393820502315, 33605.95202542204, 33605.95202542195, 24571.39382050226, 33605.95202542195
495, 33632.92694338271, 24648.986036529397, 33632.92694338271, 33606.10421732864, 24571.43571815811, 33606.10421732864
496, 33632.92694338271, 24648.986036529397, 33632.92694338271, 33606.23909191845, 24571.823679238245, 33606.23909191845
497, 33632.92694338271, 24648.986036529397, 33632.92694338271, 33606.256409235335, 24571.47761581396, 33606.256409235335
498, 33632.92694338271, 24648.986036529397, 33632.92694338271, 33606.678350321636, 24572.295435630083, 33606.678350321636
499, 33632.92694338271, 24648.986036529397, 33632.92694338271, 33606.96541681813, 24572.725294366068, 33606.96541681813
500, 33632.92694338271, 24648.986036529397, 33632.92694338271, 33607.40467522132, 24573.197050757903, 33607.40467522132
