1, 1.5611019428496413, 0.8450776061926838
1, 1.5611019428496413, 1.0692291605479598
2, 1.5611019428496413, 1.0692291605479598
2, 1.7219011798846726, 1.2868999308711992
3, 1.7219011798846726, 1.2868999308711992
3, 1.747405540678884, 1.479462655817527
4, 1.747405540678884, 1.479462655817527
4, 1.7684990036770263, 1.6179103008719857
5, 1.7684990036770263, 1.6179103008719857
5, 1.8381503595531234, 1.7072499402989565
6, 1.8381503595531234, 1.7072499402989565
6, 1.8580089836492437, 1.7632573514982106
7, 1.8580089836492437, 1.7632573514982106
7, 2.0315493671198466, 1.822414653495585
8, 2.0315493671198466, 1.822414653495585
8, 2.1119427890043614, 1.8855666703447895
9, 2.1119427890043614, 1.8855666703447895
9, 2.1119427890043614, 1.963246894181455
10, 2.1119427890043614, 1.963246894181455
10, 2.1614400327384438, 2.036234088442141
11, 2.1614400327384438, 2.036234088442141
11, 2.283266798959305, 2.0988921868727832
12, 2.283266798959305, 2.0988921868727832
12, 2.392048941517002, 2.175527498030158
13, 2.392048941517002, 2.175527498030158
13, 2.4854791023580027, 2.2661723109991088
14, 2.4854791023580027, 2.2661723109991088
14, 2.571841926244035, 2.3622113874393698
15, 2.571841926244035, 2.3622113874393698
15, 2.571841926244035, 2.434921773602629
16, 2.571841926244035, 2.434921773602629
16, 2.7209026244208387, 2.5153363069922703
17, 2.7209026244208387, 2.5153363069922703
17, 2.755219289913989, 2.5882953982154926
18, 2.755219289913989, 2.5882953982154926
18, 2.8059559055724557, 2.6767225259570813
19, 2.8059559055724557, 2.6767225259570813
19, 2.923848734967844, 2.7717769521029116
20, 2.923848734967844, 2.7717769521029116
20, 3.032011281722105, 2.860174229238432
21, 3.032011281722105, 2.860174229238432
21, 3.1109964895818254, 2.949233598721256
22, 3.1109964895818254, 2.949233598721256
22, 3.2441510937765825, 3.0379342106519407
23, 3.2441510937765825, 3.0379342106519407
23, 3.3651119559392564, 3.1272176451949787
24, 3.3651119559392564, 3.1272176451949787
24, 3.4297274890210776, 3.212889859256222
25, 3.4297274890210776, 3.212889859256222
25, 3.63433682646229, 3.325740429296184
26, 3.63433682646229, 3.325740429296184
26, 3.6697951010946555, 3.45379362352646
27, 3.6697951010946555, 3.45379362352646
27, 3.713657963766368, 3.5768420231528006
28, 3.713657963766368, 3.5768420231528006
28, 3.813779205204218, 3.674918766344386
29, 3.813779205204218, 3.674918766344386
29, 3.8823413214218054, 3.7614733574336627
30, 3.8823413214218054, 3.7614733574336627
30, 4.014070319789645, 3.844288163011187
31, 4.014070319789645, 3.844288163011187
31, 4.091680427727565, 3.9160297633403385
32, 4.091680427727565, 3.9160297633403385
32, 4.234501683433673, 4.003385970767016
33, 4.234501683433673, 4.003385970767016
33, 4.4718488835232195, 4.112686702135989
34, 4.4718488835232195, 4.112686702135989
34, 4.509795646081222, 4.247961238558372
35, 4.509795646081222, 4.247961238558372
35, 4.524132242795001, 4.384143441015408
36, 4.524132242795001, 4.384143441015408
36, 4.615073613284663, 4.493822618067947
37, 4.615073613284663, 4.493822618067947
37, 4.784453161820126, 4.591343952865198
38, 4.784453161820126, 4.591343952865198
38, 4.846523579850121, 4.695610560887648
39, 4.846523579850121, 4.695610560887648
39, 4.986314310695555, 4.788530829124995
40, 4.986314310695555, 4.788530829124995
40, 5.0413605865637, 4.885387595959106
41, 5.0413605865637, 4.885387595959106
41, 5.289948297111716, 4.991642590914174
42, 5.289948297111716, 4.991642590914174
42, 5.398497168754884, 5.108613537845071
43, 5.398497168754884, 5.108613537845071
43, 5.506792547488849, 5.258099789858967
44, 5.506792547488849, 5.258099789858967
44, 5.676859086721558, 5.400804845878847
45, 5.676859086721558, 5.400804845878847
45, 5.808857831209501, 5.542199133752977
46, 5.808857831209501, 5.542199133752977
46, 6.003141142357027, 5.694644581339877
47, 6.003141142357027, 5.694644581339877
47, 6.134918752246495, 5.838760130331903
48, 6.134918752246495, 5.838760130331903
48, 6.284719216972274, 5.980022488781373
49, 6.284719216972274, 5.980022488781373
49, 6.291098913969511, 6.110559851630042
50, 6.291098913969511, 6.110559851630042
50, 6.54958716574288, 6.2504427339627275
51, 6.54958716574288, 6.2504427339627275
51, 6.639326227626248, 6.4006170186825315
52, 6.639326227626248, 6.4006170186825315
52, 6.759289510526277, 6.523503976475592
53, 6.759289510526277, 6.523503976475592
53, 6.961017064412459, 6.668107360739826
54, 6.961017064412459, 6.668107360739826
54, 7.158952947733386, 6.807599812089644
55, 7.158952947733386, 6.807599812089644
55, 7.445200460328499, 6.970631168017648
56, 7.445200460328499, 6.970631168017648
56, 7.802946922264392, 7.156113519250881
57, 7.802946922264392, 7.156113519250881
57, 7.802946922264392, 7.407622140928826
58, 7.802946922264392, 7.407622140928826
58, 8.392881726423422, 7.661406301232616
59, 8.392881726423422, 7.661406301232616
59, 8.413299041427708, 7.865750571798644
60, 8.413299041427708, 7.865750571798644
60, 8.550019703981846, 8.071276068492079
61, 8.550019703981846, 8.071276068492079
61, 8.848259946308836, 8.285886725576479
62, 8.848259946308836, 8.285886725576479
62, 9.039775088631387, 8.568566959158256
63, 9.039775088631387, 8.568566959158256
63, 9.259340570351274, 8.793924361351678
64, 9.259340570351274, 8.793924361351678
64, 9.64797454966526, 9.035355778470564
65, 9.64797454966526, 9.035355778470564
65, 9.807308315197616, 9.318262580453316
66, 9.807308315197616, 9.318262580453316
66, 10.26958460546805, 9.605412652961205
67, 10.26958460546805, 9.605412652961205
67, 10.36452715836015, 9.875874119318983
68, 10.36452715836015, 9.875874119318983
68, 10.78706595828985, 10.177114132134275
69, 10.78706595828985, 10.177114132134275
69, 10.78706595828985, 10.380260696828357
70, 10.78706595828985, 10.380260696828357
70, 11.246536606762218, 10.632519071971243
71, 11.246536606762218, 10.632519071971243
71, 11.686081745823275, 10.945522569965688
72, 11.686081745823275, 10.945522569965688
72, 12.140598307552406, 11.328289923680781
73, 12.140598307552406, 11.328289923680781
73, 13.08407759882096, 11.725547097766015
74, 13.08407759882096, 11.725547097766015
74, 13.261242870326878, 12.13496588332698
75, 13.261242870326878, 12.13496588332698
75, 13.531931090564699, 12.624697164988959
76, 13.531931090564699, 12.624697164988959
76, 13.984533407835238, 13.150334497221355
77, 13.984533407835238, 13.150334497221355
77, 13.984533407835238, 13.44958988306516
78, 13.984533407835238, 13.44958988306516
78, 14.47542666682442, 13.801975204289763
79, 14.47542666682442, 13.801975204289763
79, 15.271122454636835, 14.207408603198719
80, 15.271122454636835, 14.207408603198719
80, 15.749609320612636, 14.70348846421681
81, 15.749609320612636, 14.70348846421681
81, 16.035204368760127, 15.141001995468084
82, 16.035204368760127, 15.141001995468084
82, 16.835510660620102, 15.628603424602721
83, 16.835510660620102, 15.628603424602721
83, 17.35942451233661, 16.106224934058197
84, 17.35942451233661, 16.106224934058197
84, 17.721291825050436, 16.695270810158814
85, 17.721291825050436, 16.695270810158814
85, 17.978490530307788, 17.239451163238428
86, 17.978490530307788, 17.239451163238428
86, 18.83852854716356, 17.62992139705043
87, 18.83852854716356, 17.62992139705043
87, 18.83852854716356, 18.078475692800495
88, 18.83852854716356, 18.078475692800495
88, 18.98250540739602, 18.415260863569323
89, 18.98250540739602, 18.415260863569323
89, 19.71381433851626, 18.691619455290667
90, 19.71381433851626, 18.691619455290667
90, 20.08975214813514, 19.040681377155508
91, 20.08975214813514, 19.040681377155508
91, 20.08975214813514, 19.393487634109846
92, 20.08975214813514, 19.393487634109846
92, 20.611390956266384, 19.78180212256052
93, 20.611390956266384, 19.78180212256052
93, 20.999396927352876, 20.234089517949645
94, 20.999396927352876, 20.234089517949645
94, 21.33644180167883, 20.590670155158634
95, 21.33644180167883, 20.590670155158634
95, 21.65445924136162, 20.902619228753064
96, 21.65445924136162, 20.902619228753064
96, 21.96536327192445, 21.32865280310255
97, 21.96536327192445, 21.32865280310255
97, 22.269982940403747, 21.584795195950537
98, 22.269982940403747, 21.584795195950537
98, 22.623352551299135, 21.87952706911882
99, 22.623352551299135, 21.87952706911882
99, 23.453358934991233, 22.290790119410353
100, 23.453358934991233, 22.290790119410353
100, 23.81896640599895, 22.749275239268982
1, 1.3402229046525957, 0.8355649127799967
2, 1.9668332864062785, 1.0949570595027553
3, 1.9668332864062785, 1.3286934514331223
4, 2.324297037448637, 1.620265437753661
5, 2.324297037448637, 1.8989387734112482
6, 2.413583230706325, 2.178680297248795
7, 2.480291383258488, 2.3452065270261673
8, 2.5451984905922163, 2.4019500796812725
9, 2.603399403112991, 2.4635388088905272
10, 2.7433717763620975, 2.5342500246075224
11, 2.7433717763620975, 2.599970540940385
12, 2.859651142143247, 2.6723982876572503
13, 2.8958022838891715, 2.7419024695769916
14, 2.948902975734743, 2.8200982379352206
15, 3.1624366331000124, 2.8928038110677083
16, 3.207719723590228, 2.9854989502463396
17, 3.341251855003962, 3.1068214058341197
18, 3.4386745048031413, 3.2295702829795876
19, 3.5664862442501737, 3.357534070941993
20, 3.5664862442501737, 3.441929947380238
21, 3.725130547612278, 3.51654093070845
22, 3.8697714632301836, 3.5978577118163972
23, 3.8697714632301836, 3.6860002934867966
24, 3.960187641352483, 3.7829830480807956
25, 4.079819424583856, 3.891669173828878
26, 4.203374203657562, 4.003580105740392
27, 4.342728279445949, 4.1164974442179
28, 4.453759882025662, 4.227193422121292
29, 4.5125996645531785, 4.340948634221934
30, 4.691121586824332, 4.466376810566848
31, 4.781979097807124, 4.589831759459168
32, 4.9667626981712, 4.718486546658118
33, 5.092084816740031, 4.8492409826371645
34, 5.213076128283136, 4.969679338451052
35, 5.325938987363887, 5.091276372974367
36, 5.478498624468833, 5.218919393996121
37, 5.5809000517425, 5.3435799086411615
38, 5.75134287307525, 5.507233798725504
39, 5.912429270395973, 5.653468068224586
40, 5.974752746272799, 5.789728900539444
41, 6.107175412764349, 5.9056565013020315
42, 6.263563332867399, 6.010898649589361
43, 6.305625582641633, 6.1299646727041
44, 6.506894797353088, 6.256068955056401
45, 6.711066314112865, 6.395264994897063
46, 6.8895320654462875, 6.557219875915008
47, 7.125357392589868, 6.71610694780721
48, 7.134237351128362, 6.879265059153989
49, 7.334504968614916, 7.043229658284445
50, 7.603730470776634, 7.201050040721388
51, 7.850813467156068, 7.395173051260478
52, 8.405918108282378, 7.635919291890497
53, 8.589432530774657, 7.9576164244437795
54, 8.740227540548899, 8.320084653047491
55, 8.911513586277618, 8.610519233866274
56, 9.183190341212534, 8.787292971688286
57, 9.549019655293252, 9.005519136425505
58, 9.631434619080125, 9.242838793919837
59, 9.996180064743621, 9.457597629262885
60, 10.481179958470568, 9.665778711422838
61, 10.481179958470568, 9.911569610268343
62, 10.75567798906708, 10.193676939474893
63, 10.955018824748638, 10.535891064016983
64, 11.33370447317195, 10.817132704757269
65, 11.39022568187058, 11.009000398879772
66, 11.573651711788223, 11.251742676674748
67, 12.166611260096532, 11.531020987305629
68, 12.42755789439652, 11.77625772002704
69, 12.452788650572941, 12.025568582327187
70, 12.942079058055445, 12.300343851180529
71, 13.048218854020336, 12.60378167162102
72, 13.857600463575722, 12.870164379871127
73, 13.977080489528317, 13.197158993500654
74, 14.442843997465705, 13.590998948218415
75, 14.688572554038334, 14.013237406100513
76, 15.120676002593123, 14.464966300595604
77, 15.59984788596836, 14.858348519173678
78, 16.413134587679195, 15.269403826502304
79, 16.520636422430123, 15.7318138921933
80, 17.464537792212703, 16.275690520022465
81, 18.377645054950488, 16.726965411537744
82, 18.98865892512747, 17.34805252103356
83, 19.043301432894555, 17.937043992466776
84, 19.41421507454112, 18.52839333804392
85, 20.329691080212452, 19.097866819602494
86, 20.835259063094632, 19.58509756689037
87, 21.403967895915358, 20.14532443772076
88, 21.860803232158514, 20.76205035042237
89, 23.401196658875662, 21.293120056097838
90, 23.401196658875662, 21.92549907638316
91, 25.313683170421445, 22.560063333517846
92, 25.608483844755273, 23.45431421852559
93, 26.303374211422565, 24.399358666235763
94, 27.21689440202606, 25.311559411067428
95, 27.312798762551818, 25.827772965176205
96, 28.20248638800725, 26.519418578381195
97, 29.446979495458084, 27.498634206959
98, 29.689102591369114, 28.55403352364194
99, 30.598996498374603, 29.414274900034446
100, 32.303083203527585, 29.94270921447056
1, 2.188270177012075, 0.8800102254032776
2, 2.188270177012075, 1.2082246185983645
3, 2.2642716896826167, 1.53089795488336
4, 2.3158675665809283, 1.8502704974197066
5, 2.604340166648777, 2.19842741158192
6, 2.7438692437774317, 2.4113212952457195
7, 2.783968746837927, 2.6242828965134413
8, 2.8038716173011773, 2.6860466794536784
9, 2.9720005226550104, 2.7675399642436656
10, 3.0117001061469737, 2.827602352562826
11, 3.0950768226530223, 2.9044686890804883
12, 3.25211920629762, 2.9880581269936277
13, 3.25211920629762, 3.071650956254219
14, 3.3514259484006876, 3.1593329475054817
15, 3.513887042490564, 3.2575438051025416
16, 3.6655336038889885, 3.372565926369804
17, 3.7461023683124623, 3.502616008993889
18, 3.902679240791516, 3.6494978760771577
19, 4.054660511942428, 3.797793901036808
20, 4.110098544759251, 3.922467551281794
21, 4.201796067035653, 4.043352297689176
22, 4.322875614349737, 4.140535517781251
23, 4.468281097801244, 4.271478037154267
24, 4.54780783828848, 4.370872774906434
25, 4.896810767765416, 4.481734024923531
26, 4.896810767765416, 4.598338283055512
27, 4.987249852569669, 4.743161342936325
28, 5.058357076170102, 4.864456133346469
29, 5.06779335749389, 4.962450571528713
30, 5.245602621703359, 5.0600042054745025
31, 5.4567908188460885, 5.140637933609553
32, 5.506849096001006, 5.250693218487117
33, 5.506849096001006, 5.36648435915724
34, 5.987192345863322, 5.499078557318447
35, 5.987192345863322, 5.62385232079507
36, 6.2001358622504945, 5.741852474224762
37, 6.2001358622504945, 5.88729671317207
38, 6.474179372827637, 6.044626610799055
39, 6.56163368093293, 6.2264996543173154
40, 6.591035617095987, 6.426827068820104
41, 6.862406269264157, 6.551937118856806
42, 7.055769370756006, 6.719059394651562
43, 7.210487956256917, 6.902798394679691
44, 7.274313662490041, 7.036856685308149
45, 7.422442555036033, 7.1666378032714375
46, 7.797580077564299, 7.319302966490495
47, 8.061901327767904, 7.465659737619438
48, 8.093293157412628, 7.655533514646684
49, 8.346758494440715, 7.891272598957679
50, 8.660660336732366, 8.15415596159001
51, 8.907422351072013, 8.433876234615532
52, 9.099964362876591, 8.692067278476143
53, 9.229759483632009, 8.90827285593929
54, 9.468266207542676, 9.101347424579727
55, 10.079703974504186, 9.315513774267796
56, 10.64438659840352, 9.581612799437346
57, 10.711426360284197, 9.938132161651508
58, 11.17561304294591, 10.410632033977873
59, 12.049352728729149, 10.947573855722066
60, 12.606335278830436, 11.50600568030754
61, 13.023735191097405, 12.072245988412712
62, 13.331626430840085, 12.46462588265211
63, 13.74079331196927, 12.803932771023636
64, 13.74079331196927, 13.200042456354966
65, 13.99210524978101, 13.454606267487401
66, 14.58753880545576, 13.713886932638111
67, 15.10454671898993, 14.063687759761107
68, 15.306003642968676, 14.556842791403586
69, 15.758812144921384, 14.974733754849611
70, 16.35386846658054, 15.367591866759314
71, 16.67630802293722, 15.823535669055397
72, 17.07473760615456, 16.268831584373356
73, 17.425811340194493, 16.66583940950272
74, 18.910711231887007, 17.152773979060616
75, 18.910711231887007, 17.708799714126627
76, 19.662056996626994, 18.32778536192097
77, 20.191185696939016, 18.945759026400896
78, 20.439960924225257, 19.57515227720304
79, 21.7829949869919, 20.093597206462903
80, 22.292207992094124, 20.653133523647124
81, 22.696509854910197, 21.300172755762848
82, 23.810755742021687, 21.933859356950464
83, 23.885360013695482, 22.531843086174305
84, 24.709823015887252, 23.230196548654266
85, 25.749645905149386, 23.885708385170204
86, 25.749645905149386, 24.553109773739855
87, 26.461671828845503, 25.193810300482806
88, 27.258022764145522, 26.017585784592796
89, 28.37566966421773, 26.875103562304663
90, 30.032588411872574, 27.646224740771416
91, 30.521083242920636, 28.717553494028206
92, 32.23435693798959, 29.85105365739763
93, 32.23435693798959, 30.696138372553513
94, 32.99317346528235, 31.383351183861596
95, 33.506594001357804, 32.03187198418718
96, 34.08320988492461, 32.71791247765722
97, 34.93407128067097, 33.36858957170497
98, 35.40568484491722, 34.05394538722053
99, 36.3464236161897, 34.76375132034133
100, 37.93502214608279, 35.42322382750575
1, 1.4241690789101928, 0.8873275483158031
2, 1.5726824533124297, 1.1754444656645435
3, 1.8537879184951573, 1.3682257254200914
4, 2.082980445263241, 1.5943091856837779
5, 2.082980445263241, 1.8261762015235936
6, 2.108401832432192, 1.9415001589240464
7, 2.193335519866821, 2.040953136418503
8, 2.2505020688773945, 2.1139694462726677
9, 2.259468427655208, 2.1625525839527846
10, 2.32172010692557, 2.2172245698098108
11, 2.3887192680181064, 2.270722055362379
12, 2.5036029664429824, 2.3220992551970663
13, 2.5661674727582877, 2.3784981684316353
14, 2.5662041375429916, 2.449182697478749
15, 2.7216942698935624, 2.5191402129394835
16, 2.839732473651463, 2.5901387049174556
17, 2.9847272098589315, 2.6787159117825285
18, 3.0624652826334304, 2.7873220991538723
19, 3.1156683305097586, 2.922558698301988
20, 3.404714687682742, 3.032528087341329
21, 3.406686047184116, 3.132137100625626
22, 3.6003819947519, 3.277376480402639
23, 3.6592855199050036, 3.423844993022087
24, 3.709573234987221, 3.515458750981562
25, 3.8480905113461685, 3.623368158546472
26, 3.8771977486088667, 3.719306972640999
27, 4.043496120481229, 3.8356039419244676
28, 4.29225565659325, 3.948969680949295
29, 4.29225565659325, 4.071309191150021
30, 4.438996071799032, 4.190919920298598
31, 4.4503726533708985, 4.305276012212842
32, 4.659126479386075, 4.4193984248049105
33, 4.84896530711229, 4.539465058060217
34, 4.97736447836778, 4.678548586156496
35, 5.207928341975321, 4.813339898169688
36, 5.237031053787545, 4.957829092289672
37, 5.3179285083090955, 5.091347588853792
38, 5.564164388712221, 5.233653661766993
39, 5.838323458883375, 5.367636344715254
40, 6.298660847489153, 5.539982095166526
41, 6.837413474230361, 5.75370560831102
42, 6.907439918500332, 6.010629213687648
43, 7.077892922887343, 6.320658562514918
44, 7.313882698912456, 6.68198864807022
45, 7.637932292732212, 7.031271199459532
46, 7.8121819554210825, 7.304803964115273
47, 8.05146569044181, 7.564355694487632
48, 8.288107027534732, 7.8249810552144865
49, 8.693822874826962, 8.118716913236723
50, 8.853119386365025, 8.41459541520599
51, 9.130588443502935, 8.680288369961064
52, 9.468289597503237, 8.954359094525476
53, 9.766515488477637, 9.25610675257128
54, 10.341800090810693, 9.565436669977768
55, 10.63867155845905, 9.893326531559712
56, 10.657093648717993, 10.284250986113111
57, 11.151091941925813, 10.563584141950123
58, 11.683882919229191, 10.883861986208728
59, 12.519030977643991, 11.310134367670878
60, 12.63156306139698, 11.833610346592478
61, 13.2989007352179, 12.294099126090787
62, 13.464321285524257, 12.759040699631171
63, 13.964682991779181, 13.177861991632867
64, 14.370766619748, 13.563106950132886
65, 14.888806108287785, 13.997050789593445
66, 15.29431078663652, 14.440627602655207
67, 16.09093567191207, 14.878702235728344
68, 16.476550851887968, 15.463986512467454
69, 17.084519213411188, 16.072905767945453
70, 17.331413201492126, 16.55523410074937
71, 18.05182680014448, 17.053637364276724
72, 19.304875928198665, 17.650910608126242
73, 19.80651661936232, 18.236169044179572
74, 19.96838448930683, 18.719007579762316
75, 20.52112800673463, 19.13512461665747
76, 20.84010116543725, 19.635225678757845
77, 21.050495481379258, 20.02652774463227
78, 21.44552291969973, 20.458058899895246
79, 21.725726482981933, 20.86964571545255
80, 22.43479907670995, 21.345556416208364
81, 22.84832732549272, 21.825319298087415
82, 22.909766686181996, 22.201818741060134
83, 23.5309188487231, 22.58850652196863
84, 23.89079165494247, 22.983623531409243
85, 24.486000833512225, 23.471648318209986
86, 25.007854755817302, 23.868030372597318
87, 25.416373777275133, 24.315875475451357
88, 25.868460567445624, 24.734884349645522
89, 26.183635937823777, 25.299820362456575
90, 27.15847768467364, 25.875269593690675
91, 27.601381521578237, 26.402463710888796
92, 27.601381521578237, 26.811949539565298
93, 28.21655562756348, 27.209976584384467
94, 28.447144210579392, 27.643222741082774
95, 28.914076563021464, 28.050970328263247
96, 29.503336136106377, 28.473768722690806
97, 29.754113120076397, 28.9032518068542
98, 30.525494019761332, 29.346735661336915
99, 30.525494019761332, 29.705187325529064
100, 31.72412646171954, 30.144676717591597
1, 1.700527324638279, 0.8906484618649151
2, 1.9582344506898786, 1.1671655795047258
3, 2.128305404511415, 1.4234552704425678
4, 2.261891075529534, 1.74915538374868
5, 2.261891075529534, 2.007764383483067
6, 2.385721073048483, 2.1985871670136383
7, 2.5515331305679867, 2.3216903094797057
8, 2.6670270410243915, 2.422075482706731
9, 2.671824181314697, 2.517701481811284
10, 2.7401992954343872, 2.608438087985329
11, 2.867383060024678, 2.6859759587555807
12, 2.99974444326124, 2.7582155725291693
13, 2.99974444326124, 2.838610114610715
14, 3.0735349443805764, 2.9255357138792686
15, 3.1501617800586197, 3.008598396484666
16, 3.204756425361787, 3.0742528441300006
17, 3.29089168327342, 3.1360824618536656
18, 3.36615036345877, 3.206621908035006
19, 3.4536315198115877, 3.2946046205553943
20, 3.6806355293308095, 3.3964649414731594
21, 3.817812247056397, 3.5104236956328005
22, 3.842689137015818, 3.629350178993913
23, 3.97795563483181, 3.7544800545771775
24, 4.138532105802839, 3.8724099633809965
25, 4.165136325396271, 3.982703594626669
26, 4.215667754388407, 4.095658587423706
27, 4.374777652347607, 4.183105587957277
28, 4.614867074180536, 4.288591195753841
29, 4.719416998167183, 4.396908812273385
30, 4.80170221321371, 4.511878250564761
31, 4.8192907687753435, 4.653468884195396
32, 4.984403088791485, 4.783258384505728
33, 5.379769572889733, 4.9102243669284045
34, 5.47528694263324, 5.025724303798025
35, 5.532986128098587, 5.161876241695717
36, 5.633051949580892, 5.342844476253447
37, 5.816839204744211, 5.489201867273013
38, 5.876395166181846, 5.630096304332734
39, 6.0563172357073585, 5.784324160865509
40, 6.328549804500866, 5.942651974733056
41, 6.350841563405357, 6.087717722559779
42, 6.514072401720963, 6.252679054859324
43, 6.865578031531128, 6.442898102404355
44, 7.032135794847145, 6.65787843374291
45, 7.22415065724202, 6.870676102843699
46, 7.38954621065311, 7.040870032285612
47, 7.651465732608815, 7.245346563113416
48, 7.780999373226473, 7.452263532858078
49, 8.053608138654958, 7.657696190670005
50, 8.168383460610293, 7.8198147704005665
51, 8.617980177777271, 8.007702937250265
52, 8.702413824391147, 8.203676573842287
53, 9.045766303620464, 8.44561377478359
54, 9.321831442869902, 8.768953484766888
55, 9.321831442869902, 9.02761724239088
56, 9.862508946676424, 9.236611256631198
57, 10.094105080393389, 9.48023990386711
58, 10.261961293092337, 9.781390698553606
59, 10.571701495862152, 10.080575883070262
60, 10.765683229162846, 10.334237498362501
61, 11.142951177538723, 10.658641609422885
62, 11.824872163469616, 10.95925320502906
63, 11.850246559680434, 11.299105604273816
64, 12.245897891499238, 11.651594364512677
65, 12.654911974176978, 11.998834606859843
66, 12.942400051609752, 12.360361070146043
67, 13.240122175247667, 12.719538114919615
68, 13.716637075817822, 13.043997790423523
69, 14.320990631634801, 13.395678573019781
70, 14.444149854602575, 13.800652732310484
71, 15.200639872256215, 14.240902222784165
72, 15.449761551803235, 14.651237467797701
73, 15.746264285962832, 15.069583858412402
74, 15.805518134816843, 15.44091455715497
75, 16.48712200338048, 15.770412261568831
76, 17.077652180350942, 16.218702243813024
77, 17.50411350296789, 16.70114860063249
78, 18.634134828320118, 17.136968666588086
79, 18.841871489358564, 17.66244372746063
80, 19.547906403584754, 18.35224065273902
81, 20.332510599856022, 19.007416749612172
82, 21.378391689822376, 19.67149060753878
83, 21.75384795949628, 20.43382004077238
84, 22.542135781761363, 21.255659833065433
85, 22.8173312851703, 22.06222188553547
86, 24.81600255358185, 22.816651442536845
87, 25.837660701795397, 23.331678408303663
88, 26.499812334077866, 24.02749885847534
89, 27.079494464719396, 25.04800843107913
90, 27.96328280083589, 26.118933738459432
91, 28.163213813951305, 26.877424085601877
92, 28.220033005555372, 27.446672211389195
93, 29.222794228336802, 28.0074213360295
94, 29.539289823424117, 28.596259205939564
95, 30.55928940770671, 29.249677597315216
96, 31.080087679225873, 29.895651725053447
97, 32.34848611563238, 30.593190886784814
98, 32.39932878672682, 31.150022665306693
99, 33.68814926557434, 31.805271487178878
100, 34.042956063960425, 32.33784078797111
