1, 26897.199088483107, 24680.91439986984, 26897.199088483107, 25247.92041262946, 24654.74378127048, 25247.92041262946
2, 26897.199088483107, 24680.91439986984, 26897.199088483107, 25654.233064165535, 24639.386191444602, 25654.233064165535
3, 26897.199088483107, 24680.91439986984, 26897.199088483107, 25857.31598488168, 24630.397803936452, 25857.31598488168
4, 27004.62717744646, 24506.656038873174, 27004.62717744646, 26041.57100891061, 24626.888913626215, 26041.57100891061
5, 27065.105226585547, 24626.75458310799, 27065.105226585547, 26191.92663887404, 24615.41448165392, 26191.92663887404
6, 27138.96391849556, 24675.112206477585, 27138.96391849556, 26265.44101179483, 24611.886508028478, 26265.44101179483
7, 27189.943088341417, 24549.935158489963, 27189.943088341417, 26333.943402773933, 24598.92406897446, 26333.943402773933
8, 27189.943088341417, 24549.935158489963, 27189.943088341417, 26408.28834537038, 24606.032282024422, 26408.28834537038
9, 27382.323432717996, 24427.631895654325, 27382.323432717996, 26441.97024975948, 24571.92338162741, 26441.97024975948
10, 27654.566984889898, 24483.449922983913, 27654.566984889898, 26543.089131876222, 24574.448863936494, 26543.089131876222
11, 27654.566984889898, 24483.449922983913, 27654.566984889898, 26584.994770705787, 24581.933303005368, 26584.994770705787
12, 27829.949823027382, 24459.74052698742, 27829.949823027382, 26630.79004419884, 24566.946082645, 26630.79004419884
13, 27829.949823027382, 24459.74052698742, 27829.949823027382, 26728.26087916579, 24540.21809002499, 26728.26087916579
14, 27874.566746961584, 24505.881554478736, 27874.566746961584, 26751.639150983225, 24529.283841126726, 26751.639150983225
15, 27942.745679717664, 24267.05516307272, 27942.745679717664, 26831.232031947806, 24535.280888650796, 26831.232031947806
16, 28012.584394635123, 24311.593402194707, 28012.584394635123, 26898.65666146025, 24535.02743363713, 26898.65666146025
17, 28115.126171490727, 24369.15084356183, 28115.126171490727, 27029.319395182643, 24498.007225658213, 27029.319395182643
18, 28124.181112776187, 24211.940682407156, 28124.181112776187, 27036.487242970044, 24446.728534130314, 27036.487242970044
19, 28154.816492526854, 24039.087009733114, 28154.816492526854, 27092.31093434005, 24463.87638246296, 27092.31093434005
20, 28177.420888859742, 24604.342311371856, 28177.420888859742, 27122.91938898964, 24477.034266742874, 27122.91938898964
21, 28335.56097328358, 24403.562377133323, 28335.56097328358, 27131.980383091537, 24488.32011560166, 27131.980383091537
22, 28335.56097328358, 24403.562377133323, 28335.56097328358, 27230.742506522598, 24495.61238977456, 27230.742506522598
23, 28369.258182536298, 24565.885207455456, 28369.258182536298, 27288.63142238586, 24488.40091360736, 27288.63142238586
24, 28444.354179352948, 24666.654747368575, 28444.354179352948, 27322.290871987483, 24504.135540852338, 27322.290871987483
25, 28521.679737712446, 24485.19514068091, 28521.679737712446, 27321.461055960608, 24484.615844962525, 27321.461055960608
26, 28521.679737712446, 24485.19514068091, 28521.679737712446, 27376.188626382256, 24508.78249569289, 27376.188626382256
27, 28521.679737712446, 24485.19514068091, 28521.679737712446, 27408.25039398928, 24526.79643042829, 27408.25039398928
28, 28668.30879187273, 24550.04329311602, 28668.30879187273, 27411.337596993566, 24546.592594362264, 27411.337596993566
29, 28675.221506133443, 24309.304664613734, 28675.221506133443, 27483.55471763607, 24540.608587210532, 27483.55471763607
30, 28930.08907818248, 24470.949497045476, 28930.08907818248, 27537.690628121207, 24509.685998462493, 27537.690628121207
31, 28930.08907818248, 24470.949497045476, 28930.08907818248, 27522.25249412894, 24522.08557850083, 27522.25249412894
32, 28930.08907818248, 24470.949497045476, 28930.08907818248, 27629.222037591695, 24494.783664691102, 27629.222037591695
33, 29029.04813268222, 24664.36134369456, 29029.04813268222, 27607.452961363142, 24535.182303202277, 27607.452961363142
34, 29040.118288708887, 24479.562082936496, 29040.118288708887, 27669.488107183013, 24517.830375549147, 27669.488107183013
35, 29040.118288708887, 24479.562082936496, 29040.118288708887, 27709.499580757325, 24498.765273306846, 27709.499580757325
36, 29064.135852131643, 24520.647889988362, 29064.135852131643, 27768.811960139385, 24508.422948420543, 27768.811960139385
37, 29137.600971945696, 24492.14713066995, 29137.600971945696, 27796.92237269759, 24494.78397071352, 27796.92237269759
38, 29197.776065456936, 24591.55993086052, 29197.776065456936, 27825.5299314782, 24527.630588996555, 27825.5299314782
39, 29201.235331050935, 24336.9278528696, 29201.235331050935, 27840.51982869423, 24530.849020533442, 27840.51982869423
40, 29220.763048011293, 24609.00533098811, 29220.763048011293, 27904.727542031702, 24535.009703231946, 27904.727542031702
41, 29220.763048011293, 24609.00533098811, 29220.763048011293, 27892.399940890875, 24562.89669299984, 27892.399940890875
42, 29369.62051309426, 24626.524982514202, 29369.62051309426, 27904.51506806897, 24540.323940367005, 27904.51506806897
43, 29369.62051309426, 24626.524982514202, 29369.62051309426, 28000.08796228338, 24547.321337332105, 28000.08796228338
44, 29389.376269468397, 24678.621268759853, 29389.376269468397, 27994.473998463727, 24551.67022394868, 27994.473998463727
45, 29392.172184518397, 24548.10142524519, 29392.172184518397, 28028.363555261494, 24553.917081673873, 28028.363555261494
46, 29434.112587508305, 24459.671724006057, 29434.112587508305, 28075.706211316527, 24551.05983004905, 28075.706211316527
47, 29439.043226581038, 24661.152790148175, 29439.043226581038, 28053.318172504314, 24534.532961045305, 28053.318172504314
48, 29554.13321503922, 24542.312441286245, 29554.13321503922, 28083.65973010032, 24523.818477042536, 28083.65973010032
49, 29565.426447106594, 24619.820374202034, 29565.426447106594, 28109.195272617922, 24559.97938678597, 28109.195272617922
50, 29565.426447106594, 24619.820374202034, 29565.426447106594, 28100.73012788221, 24586.079325137962, 28100.73012788221
51, 29628.159075016556, 24639.59547799887, 29628.159075016556, 28116.606769247657, 24586.64848779612, 28116.606769247657
52, 29628.159075016556, 24639.59547799887, 29628.159075016556, 28148.628442138972, 24558.726825859543, 28148.628442138972
53, 29654.913372914918, 24390.096051586585, 29654.913372914918, 28206.334970069787, 24580.317808454434, 28206.334970069787
54, 29719.73097681817, 24688.515518725184, 29719.73097681817, 28178.8308854134, 24575.851797565916, 28178.8308854134
55, 29719.73097681817, 24688.515518725184, 29719.73097681817, 28187.271040831027, 24574.576836416527, 28187.271040831027
56, 29724.756782209362, 24521.488076889265, 29724.756782209362, 28241.957745625627, 24563.333738097706, 28241.957745625627
57, 29770.30081867169, 24650.030717830043, 29770.30081867169, 28272.83331369737, 24566.3565992079, 28272.83331369737
58, 29782.26788615021, 24460.723710164828, 29782.26788615021, 28285.11174306661, 24562.258206311995, 28285.11174306661
59, 29872.799524723247, 24564.119173411826, 29872.799524723247, 28330.134457718086, 24572.880882054516, 28330.134457718086
60, 29938.429457872928, 24511.183891459867, 29938.429457872928, 28290.249066408873, 24571.176488305722, 28290.249066408873
61, 29938.429457872928, 24511.183891459867, 29938.429457872928, 28339.511476097192, 24575.737823650197, 28339.511476097192
62, 29938.429457872928, 24511.183891459867, 29938.429457872928, 28371.087906745466, 24610.817417512717, 28371.087906745466
63, 29974.29697776206, 24444.04873580859, 29974.29697776206, 28346.42232073704, 24575.718161384113, 28346.42232073704
64, 29997.81550155835, 24385.63125506427, 29997.81550155835, 28397.71869921169, 24582.41313330314, 28397.71869921169
65, 29997.81550155835, 24385.63125506427, 29997.81550155835, 28429.485088831792, 24574.04202137543, 28429.485088831792
66, 30138.639282431173, 24553.606497933848, 30138.639282431173, 28428.100390755408, 24551.669005345953, 28428.100390755408
67, 30138.639282431173, 24553.606497933848, 30138.639282431173, 28477.51615372092, 24562.673351131696, 28477.51615372092
68, 30138.639282431173, 24553.606497933848, 30138.639282431173, 28519.30712414077, 24564.08477286544, 28519.30712414077
69, 30141.765118312032, 24308.839553653434, 30141.765118312032, 28574.8501224572, 24553.334996016274, 28574.8501224572
70, 30166.60250205426, 24327.7035231788, 30166.60250205426, 28516.023436969226, 24551.835491964972, 28516.023436969226
71, 30254.24719405597, 24334.135214730024, 30254.24719405597, 28603.95036871005, 24536.719142935275, 28603.95036871005
72, 30254.24719405597, 24334.135214730024, 30254.24719405597, 28592.343130137957, 24546.514878737795, 28592.343130137957
73, 30269.140489701906, 24351.776273171527, 30269.140489701906, 28637.781601606996, 24532.587675114726, 28637.781601606996
74, 30273.10087662324, 24551.882628864518, 30273.10087662324, 28636.182138089487, 24525.277035085746, 28636.182138089487
75, 30287.567620059253, 24583.903622922004, 30287.567620059253, 28695.768492615633, 24483.068320888815, 28695.768492615633
76, 30339.357839892713, 24363.2858116031, 30339.357839892713, 28689.851704832086, 24480.541778491883, 28689.851704832086
77, 30462.224835154822, 24491.81098030382, 30462.224835154822, 28690.567882412877, 24468.61455351578, 28690.567882412877
78, 30462.224835154822, 24491.81098030382, 30462.224835154822, 28730.512619883342, 24480.880733895687, 28730.512619883342
79, 30462.224835154822, 24491.81098030382, 30462.224835154822, 28721.289438797245, 24486.080769231274, 28721.289438797245
80, 30462.224835154822, 24491.81098030382, 30462.224835154822, 28724.57188638133, 24492.88078940472, 28724.57188638133
81, 30462.224835154822, 24491.81098030382, 30462.224835154822, 28754.76041484915, 24522.213253335016, 28754.76041484915
82, 30462.224835154822, 24491.81098030382, 30462.224835154822, 28759.980102494537, 24503.186150608082, 28759.980102494537
83, 30569.301533103477, 24342.938748498826, 30569.301533103477, 28822.440001672912, 24507.942958091968, 28822.440001672912
84, 30569.301533103477, 24342.938748498826, 30569.301533103477, 28805.721024548613, 24513.07933404845, 28805.721024548613
85, 30569.301533103477, 24342.938748498826, 30569.301533103477, 28849.69537274879, 24520.42772153312, 28849.69537274879
86, 30638.92876711783, 24310.272647175047, 30638.92876711783, 28863.436887183812, 24537.26151721565, 28863.436887183812
87, 30638.92876711783, 24310.272647175047, 30638.92876711783, 28862.029414030396, 24542.600806580744, 28862.029414030396
88, 30638.92876711783, 24310.272647175047, 30638.92876711783, 28916.907889158414, 24549.845445029438, 28916.907889158414
89, 30647.403251937947, 24614.614408669368, 30647.403251937947, 28904.71082669368, 24543.710515842486, 28904.71082669368
90, 30668.071205811957, 24312.489741122277, 30668.071205811957, 28903.499680688794, 24492.897381092742, 28903.499680688794
91, 30668.071205811957, 24312.489741122277, 30668.071205811957, 28967.68504524883, 24463.234636182144, 28967.68504524883
92, 30668.071205811957, 24312.489741122277, 30668.071205811957, 29022.245150993207, 24463.40542282163, 29022.245150993207
93, 30726.718316410195, 24158.278238429466, 30726.718316410195, 28963.871549764903, 24482.785602663338, 28963.871549764903
94, 30776.045206809413, 24523.839387852386, 30776.045206809413, 28942.47410311076, 24498.765498948385, 28942.47410311076
95, 30776.045206809413, 24523.839387852386, 30776.045206809413, 28972.562168675227, 24495.638828951403, 28972.562168675227
96, 30776.045206809413, 24523.839387852386, 30776.045206809413, 28980.43444529819, 24506.816895186086, 28980.43444529819
97, 30816.083041545324, 24249.399245560442, 30816.083041545324, 29008.196963948452, 24496.633496334744, 29008.196963948452
98, 30826.25469795539, 24523.758298075296, 30826.25469795539, 29010.276096990543, 24493.342757362396, 29010.276096990543
99, 30826.25469795539, 24523.758298075296, 30826.25469795539, 28990.392114951686, 24485.49014089207, 28990.392114951686
100, 30826.25469795539, 24523.758298075296, 30826.25469795539, 29054.6315189622, 24471.34869756857, 29054.6315189622
101, 30927.32078227462, 24577.46618118242, 30927.32078227462, 29055.817897118894, 24476.416695023287, 29055.817897118894
102, 30927.32078227462, 24577.46618118242, 30927.32078227462, 29119.75084020058, 24433.98926722296, 29119.75084020058
103, 30927.32078227462, 24577.46618118242, 30927.32078227462, 29094.01717360943, 24430.694867218426, 29094.01717360943
104, 30927.32078227462, 24577.46618118242, 30927.32078227462, 29059.055882601795, 24520.27320959709, 29059.055882601795
105, 30927.32078227462, 24577.46618118242, 30927.32078227462, 29116.64580311546, 24524.612107617115, 29116.64580311546
106, 30932.587021149087, 24412.39655536528, 30932.587021149087, 29146.347069932865, 24504.259950803575, 29146.347069932865
107, 30932.587021149087, 24412.39655536528, 30932.587021149087, 29194.34319311699, 24517.840302779518, 29194.34319311699
108, 30969.74526418381, 24688.608565556347, 30969.74526418381, 29182.492115906327, 24564.924489318408, 29182.492115906327
109, 30969.74526418381, 24688.608565556347, 30969.74526418381, 29163.555755308513, 24585.291256564775, 29163.555755308513
110, 30969.74526418381, 24688.608565556347, 30969.74526418381, 29210.555860108318, 24616.05569720681, 29210.555860108318
111, 31007.868867262932, 24614.32718682765, 31007.868867262932, 29162.20884431745, 24615.466936433626, 29162.20884431745
112, 31234.644703695107, 24613.182974292962, 31234.644703695107, 29203.466617216545, 24608.099805574104, 29203.466617216545
113, 31234.644703695107, 24613.182974292962, 31234.644703695107, 29206.493834449197, 24613.471108563615, 29206.493834449197
114, 31234.644703695107, 24613.182974292962, 31234.644703695107, 29212.67224798754, 24616.574021466353, 29212.67224798754
115, 31234.644703695107, 24613.182974292962, 31234.644703695107, 29248.022327277813, 24620.467723130383, 29248.022327277813
116, 31234.644703695107, 24613.182974292962, 31234.644703695107, 29244.800839733478, 24634.14938074181, 29244.800839733478
117, 31244.856827691634, 24663.244280698553, 31244.856827691634, 29241.909585401256, 24628.21622834362, 29241.909585401256
118, 31244.856827691634, 24663.244280698553, 31244.856827691634, 29291.7581383173, 24598.078417836125, 29291.7581383173
119, 31275.781051463495, 24637.27342188167, 31275.781051463495, 29324.337424774585, 24600.040168960335, 29324.337424774585
120, 31277.27574832538, 24682.26333936743, 31277.27574832538, 29325.787044843288, 24608.830597406602, 29325.787044843288
121, 31318.96070178883, 24407.311178574302, 31318.96070178883, 29341.085249851272, 24627.805245624044, 29341.085249851272
122, 31318.96070178883, 24407.311178574302, 31318.96070178883, 29431.038422257396, 24631.258621987767, 29431.038422257396
123, 31318.96070178883, 24407.311178574302, 31318.96070178883, 29387.822889809984, 24633.45084162793, 29387.822889809984
124, 31318.96070178883, 24407.311178574302, 31318.96070178883, 29399.880931488693, 24636.488549157664, 29399.880931488693
125, 31321.655440745933, 24667.068998451483, 31321.655440745933, 29436.979396461105, 24643.319327598256, 29436.979396461105
126, 31321.655440745933, 24667.068998451483, 31321.655440745933, 29456.15047707864, 24641.529561136864, 29456.15047707864
127, 31499.204404868746, 24612.026086372098, 31499.204404868746, 29407.42608348829, 24636.13036407989, 29407.42608348829
128, 31499.204404868746, 24612.026086372098, 31499.204404868746, 29426.52531948532, 24614.649699857047, 29426.52531948532
129, 31499.204404868746, 24612.026086372098, 31499.204404868746, 29428.947826670803, 24578.185521536045, 29428.947826670803
130, 31499.204404868746, 24612.026086372098, 31499.204404868746, 29479.959253286183, 24554.776766473446, 29479.959253286183
131, 31499.204404868746, 24612.026086372098, 31499.204404868746, 29447.94509116195, 24523.44184392383, 29447.94509116195
132, 31499.204404868746, 24612.026086372098, 31499.204404868746, 29503.839718645384, 24555.95428947678, 29503.839718645384
133, 31499.204404868746, 24612.026086372098, 31499.204404868746, 29545.104177813206, 24584.41991263305, 29545.104177813206
134, 31499.204404868746, 24612.026086372098, 31499.204404868746, 29497.26674278187, 24563.72920274261, 29497.26674278187
135, 31499.204404868746, 24612.026086372098, 31499.204404868746, 29507.44840207999, 24588.879412671784, 29507.44840207999
136, 31578.006316630617, 24508.1651486004, 31578.006316630617, 29611.757404707176, 24603.455228281087, 29611.757404707176
137, 31578.006316630617, 24508.1651486004, 31578.006316630617, 29664.256706469925, 24601.049860914936, 29664.256706469925
138, 31578.006316630617, 24508.1651486004, 31578.006316630617, 29573.655678736406, 24624.00444357066, 29573.655678736406
139, 31578.006316630617, 24508.1651486004, 31578.006316630617, 29577.509984290708, 24624.56134773999, 29577.509984290708
140, 31579.180033769862, 24671.449520440492, 31579.180033769862, 29629.868648693286, 24623.269259015753, 29629.868648693286
141, 31767.855131458102, 24672.428307195736, 31767.855131458102, 29605.125077760502, 24619.48099267032, 29605.125077760502
142, 31767.855131458102, 24672.428307195736, 31767.855131458102, 29608.36571467782, 24618.319230892008, 29608.36571467782
143, 31767.855131458102, 24672.428307195736, 31767.855131458102, 29569.102161520244, 24614.012231753724, 29569.102161520244
144, 31767.855131458102, 24672.428307195736, 31767.855131458102, 29596.230614391632, 24607.857628449205, 29596.230614391632
145, 31767.855131458102, 24672.428307195736, 31767.855131458102, 29607.24594769075, 24595.58755455367, 29607.24594769075
146, 31767.855131458102, 24672.428307195736, 31767.855131458102, 29653.724224973703, 24594.49965066109, 29653.724224973703
147, 31767.855131458102, 24672.428307195736, 31767.855131458102, 29661.460020602895, 24594.875070338, 29661.460020602895
148, 31767.855131458102, 24672.428307195736, 31767.855131458102, 29724.70030305112, 24619.19656040492, 29724.70030305112
149, 31767.855131458102, 24672.428307195736, 31767.855131458102, 29663.022182325105, 24656.255752399593, 29663.022182325105
150, 31796.11921322726, 24596.53528507406, 31796.11921322726, 29748.182127544605, 24643.921051327212, 29748.182127544605
151, 31796.11921322726, 24596.53528507406, 31796.11921322726, 29793.073126457846, 24667.947754900983, 29793.073126457846
152, 31796.11921322726, 24596.53528507406, 31796.11921322726, 29759.05747115992, 24664.27274363897, 29759.05747115992
153, 31796.11921322726, 24596.53528507406, 31796.11921322726, 29808.914490403473, 24664.857739727213, 29808.914490403473
154, 31796.11921322726, 24596.53528507406, 31796.11921322726, 29814.154360139055, 24663.683101668088, 29814.154360139055
155, 31796.11921322726, 24596.53528507406, 31796.11921322726, 29762.007820868217, 24663.4985962542, 29762.007820868217
156, 31864.664291498237, 24680.14438976972, 31864.664291498237, 29796.031795366067, 24659.242580230883, 29796.031795366067
157, 31864.664291498237, 24680.14438976972, 31864.664291498237, 29830.065219594617, 24653.915275485204, 29830.065219594617
158, 31878.96563210876, 24629.031355944222, 31878.96563210876, 29789.042888567383, 24644.69072210849, 29789.042888567383
159, 31904.628544041527, 24507.066332911614, 31904.628544041527, 29813.3960879245, 24626.58086838665, 29813.3960879245
160, 31904.628544041527, 24507.066332911614, 31904.628544041527, 29842.145666993485, 24604.09158549567, 29842.145666993485
161, 31904.628544041527, 24507.066332911614, 31904.628544041527, 29813.01521830919, 24611.97283318953, 29813.01521830919
162, 31909.578935771355, 24551.02046518151, 31909.578935771355, 29824.311739186793, 24611.409066292803, 29824.311739186793
163, 31909.578935771355, 24551.02046518151, 31909.578935771355, 29862.966094935215, 24609.700971380047, 29862.966094935215
164, 32018.779971550546, 24566.954248622707, 32018.779971550546, 29807.982455495825, 24609.349193801154, 29807.982455495825
165, 32018.779971550546, 24566.954248622707, 32018.779971550546, 29874.662928633406, 24611.15712248743, 29874.662928633406
166, 32108.081596412787, 24657.709810941662, 32108.081596412787, 29839.17873091889, 24616.17645116264, 29839.17873091889
167, 32108.081596412787, 24657.709810941662, 32108.081596412787, 29890.821295767386, 24605.46051168587, 29890.821295767386
168, 32108.081596412787, 24657.709810941662, 32108.081596412787, 29905.92457915763, 24578.841071272396, 29905.92457915763
169, 32108.081596412787, 24657.709810941662, 32108.081596412787, 29851.01549048758, 24552.61342968231, 29851.01549048758
170, 32108.081596412787, 24657.709810941662, 32108.081596412787, 29870.140204001073, 24556.717623856795, 29870.140204001073
171, 32108.081596412787, 24657.709810941662, 32108.081596412787, 29894.137210325436, 24554.825396909626, 29894.137210325436
172, 32108.081596412787, 24657.709810941662, 32108.081596412787, 29929.494646884086, 24543.29938179005, 29929.494646884086
173, 32108.081596412787, 24657.709810941662, 32108.081596412787, 29958.363112116964, 24546.767147759096, 29958.363112116964
174, 32147.72258859461, 24636.07665958698, 32147.72258859461, 30000.603334516083, 24617.009853698466, 30000.603334516083
175, 32147.72258859461, 24636.07665958698, 32147.72258859461, 29985.032305165034, 24624.96868928645, 29985.032305165034
176, 32147.72258859461, 24636.07665958698, 32147.72258859461, 30033.49863184639, 24647.198991651094, 30033.49863184639
177, 32147.72258859461, 24636.07665958698, 32147.72258859461, 30002.76146508529, 24656.77221396815, 30002.76146508529
178, 32280.995621694143, 24644.132727803622, 32280.995621694143, 30008.70238479464, 24654.8333438733, 30008.70238479464
179, 32280.995621694143, 24644.132727803622, 32280.995621694143, 30018.983672640537, 24654.695540856923, 30018.983672640537
180, 32280.995621694143, 24644.132727803622, 32280.995621694143, 30070.187012167404, 24648.4914973551, 30070.187012167404
181, 32280.995621694143, 24644.132727803622, 32280.995621694143, 30025.908044517844, 24643.528229967545, 30025.908044517844
182, 32280.995621694143, 24644.132727803622, 32280.995621694143, 30098.025629971453, 24639.05249735062, 30098.025629971453
183, 32280.995621694143, 24644.132727803622, 32280.995621694143, 30084.68711930029, 24637.47684152401, 30084.68711930029
184, 32280.995621694143, 24644.132727803622, 32280.995621694143, 30081.407436312045, 24639.9797588804, 30081.407436312045
185, 32280.995621694143, 24644.132727803622, 32280.995621694143, 30106.184758124567, 24641.879663929987, 30106.184758124567
186, 32280.995621694143, 24644.132727803622, 32280.995621694143, 30087.616043877508, 24636.821247466785, 30087.616043877508
187, 32280.995621694143, 24644.132727803622, 32280.995621694143, 30089.00028730661, 24634.94724440633, 30089.00028730661
188, 32346.643354864897, 24473.270903005796, 32346.643354864897, 30173.669098847633, 24647.713421463905, 30173.669098847633
189, 32346.643354864897, 24473.270903005796, 32346.643354864897, 30160.750657345234, 24644.05903366606, 30160.750657345234
190, 32346.643354864897, 24473.270903005796, 32346.643354864897, 30127.841697938613, 24645.121312477106, 30127.841697938613
191, 32346.643354864897, 24473.270903005796, 32346.643354864897, 30130.977690379204, 24642.399570342153, 30130.977690379204
192, 32346.643354864897, 24473.270903005796, 32346.643354864897, 30138.36233108963, 24640.013612157534, 30138.36233108963
193, 32346.643354864897, 24473.270903005796, 32346.643354864897, 30136.78797943804, 24634.092175479735, 30136.78797943804
194, 32346.643354864897, 24473.270903005796, 32346.643354864897, 30188.81269259267, 24622.85833912982, 30188.81269259267
195, 32346.643354864897, 24473.270903005796, 32346.643354864897, 30158.29765459803, 24611.00671671846, 30158.29765459803
196, 32346.643354864897, 24473.270903005796, 32346.643354864897, 30167.8152824832, 24581.46376096963, 30167.8152824832
197, 32346.643354864897, 24473.270903005796, 32346.643354864897, 30187.37026755652, 24559.09831402077, 30187.37026755652
198, 32378.279545749916, 24581.699328117058, 32378.279545749916, 30220.928556936666, 24533.17538794891, 30220.928556936666
199, 32378.279545749916, 24581.699328117058, 32378.279545749916, 30204.13907152554, 24527.42796074466, 30204.13907152554
200, 32425.30176083594, 24526.71979937558, 32425.30176083594, 30194.97913622725, 24529.65761664547, 30194.97913622725
201, 32425.30176083594, 24526.71979937558, 32425.30176083594, 30186.133352501187, 24528.824611176802, 30186.133352501187
202, 32441.30767119095, 24554.05119978482, 32441.30767119095, 30186.280851761083, 24530.671064067294, 30186.280851761083
203, 32445.36084383348, 24530.894615736834, 32445.36084383348, 30205.062945780457, 24532.23510390128, 30205.062945780457
204, 32445.36084383348, 24530.894615736834, 32445.36084383348, 30206.842339940613, 24531.82573727483, 30206.842339940613
205, 32445.36084383348, 24530.894615736834, 32445.36084383348, 30194.229179246224, 24534.798708083585, 30194.229179246224
206, 32445.36084383348, 24530.894615736834, 32445.36084383348, 30215.47786140208, 24536.911693056027, 30215.47786140208
207, 32445.36084383348, 24530.894615736834, 32445.36084383348, 30212.03601242934, 24547.04558308226, 30212.03601242934
208, 32445.36084383348, 24530.894615736834, 32445.36084383348, 30225.984712475376, 24525.112935593384, 30225.984712475376
209, 32445.36084383348, 24530.894615736834, 32445.36084383348, 30268.34538600594, 24561.766973796166, 30268.34538600594
210, 32510.7393614176, 24297.482610409563, 32510.7393614176, 30256.229875411605, 24573.93339827824, 30256.229875411605
211, 32510.7393614176, 24297.482610409563, 32510.7393614176, 30267.698367334466, 24580.333536401824, 30267.698367334466
212, 32510.7393614176, 24297.482610409563, 32510.7393614176, 30250.06847589558, 24582.560287755416, 30250.06847589558
213, 32599.732388324413, 24465.998058705616, 32599.732388324413, 30208.16504976533, 24566.560696509787, 30208.16504976533
214, 32599.732388324413, 24465.998058705616, 32599.732388324413, 30266.132994138035, 24553.799697869174, 30266.132994138035
215, 32599.732388324413, 24465.998058705616, 32599.732388324413, 30283.01079798166, 24526.04546781751, 30283.01079798166
216, 32599.732388324413, 24465.998058705616, 32599.732388324413, 30329.22477829817, 24498.95874991975, 30329.22477829817
217, 32599.732388324413, 24465.998058705616, 32599.732388324413, 30294.65446852024, 24465.158219665907, 30294.65446852024
218, 32599.732388324413, 24465.998058705616, 32599.732388324413, 30279.044918124142, 24476.704152716036, 30279.044918124142
219, 32599.732388324413, 24465.998058705616, 32599.732388324413, 30258.004150384404, 24461.983998232667, 30258.004150384404
220, 32701.15662481362, 24214.94515302813, 32701.15662481362, 30340.513012375995, 24458.191341344194, 30340.513012375995
221, 32701.15662481362, 24214.94515302813, 32701.15662481362, 30356.907146758203, 24502.78815503565, 30356.907146758203
222, 32701.15662481362, 24214.94515302813, 32701.15662481362, 30333.8818892868, 24551.868153948206, 30333.8818892868
223, 32701.15662481362, 24214.94515302813, 32701.15662481362, 30379.552956181375, 24517.70307436679, 30379.552956181375
224, 32701.15662481362, 24214.94515302813, 32701.15662481362, 30343.21055535444, 24517.571358773694, 30343.21055535444
225, 32701.15662481362, 24214.94515302813, 32701.15662481362, 30412.958373926824, 24510.927774169366, 30412.958373926824
226, 32701.15662481362, 24214.94515302813, 32701.15662481362, 30382.218593777336, 24506.25198191928, 30382.218593777336
227, 32701.15662481362, 24214.94515302813, 32701.15662481362, 30388.85148569271, 24492.773909035517, 30388.85148569271
228, 32701.15662481362, 24214.94515302813, 32701.15662481362, 30427.68555773758, 24476.857147900722, 30427.68555773758
229, 32701.15662481362, 24214.94515302813, 32701.15662481362, 30413.501768104, 24441.19272484436, 30413.501768104
230, 32711.546034193398, 24323.899235292272, 32711.546034193398, 30385.584966039136, 24393.524448072807, 30385.584966039136
231, 32711.546034193398, 24323.899235292272, 32711.546034193398, 30474.354053306808, 24347.182061890886, 30474.354053306808
232, 32751.09962812153, 24346.475869221827, 32751.09962812153, 30456.360797537185, 24348.448231088507, 30456.360797537185
233, 32751.09962812153, 24346.475869221827, 32751.09962812153, 30429.528696756213, 24351.03899802507, 30429.528696756213
234, 32773.787265801715, 24192.57338503332, 32773.787265801715, 30472.02861830414, 24352.823686661028, 30472.02861830414
235, 32773.787265801715, 24192.57338503332, 32773.787265801715, 30418.41616399247, 24359.707320356676, 30418.41616399247
236, 32773.787265801715, 24192.57338503332, 32773.787265801715, 30477.226934666764, 24365.64394418119, 30477.226934666764
237, 32773.787265801715, 24192.57338503332, 32773.787265801715, 30453.538401515176, 24379.248823530856, 30453.538401515176
238, 32773.787265801715, 24192.57338503332, 32773.787265801715, 30495.054597054743, 24398.965841108075, 30495.054597054743
239, 32773.787265801715, 24192.57338503332, 32773.787265801715, 30447.264063543775, 24427.689455832566, 30447.264063543775
240, 32773.787265801715, 24192.57338503332, 32773.787265801715, 30426.699267275446, 24445.374905410707, 30426.699267275446
241, 32773.787265801715, 24192.57338503332, 32773.787265801715, 30456.548839531446, 24430.82410024398, 30456.548839531446
242, 32773.787265801715, 24192.57338503332, 32773.787265801715, 30457.605694619324, 24427.00588401138, 30457.605694619324
243, 32878.50757991233, 24265.001062379895, 32878.50757991233, 30487.376039815335, 24417.220105705794, 30487.376039815335
244, 32878.50757991233, 24265.001062379895, 32878.50757991233, 30466.80138101794, 24406.947339183866, 30466.80138101794
245, 32878.50757991233, 24265.001062379895, 32878.50757991233, 30478.370571297404, 24394.578176265935, 30478.370571297404
246, 32878.50757991233, 24265.001062379895, 32878.50757991233, 30494.330937398434, 24372.091324777346, 30494.330937398434
247, 32878.50757991233, 24265.001062379895, 32878.50757991233, 30504.689366052964, 24334.247051716462, 30504.689366052964
248, 32878.50757991233, 24265.001062379895, 32878.50757991233, 30523.51176920465, 24336.632501583386, 30523.51176920465
249, 32878.50757991233, 24265.001062379895, 32878.50757991233, 30478.22083737272, 24339.17659837498, 30478.22083737272
250, 32930.841990148605, 24305.398614189366, 32930.841990148605, 30485.100232227524, 24347.6307897279, 30485.100232227524
251, 32930.841990148605, 24305.398614189366, 32930.841990148605, 30562.368800694258, 24352.0467446965, 30562.368800694258
252, 32930.841990148605, 24305.398614189366, 32930.841990148605, 30568.487336020513, 24368.3765043771, 30568.487336020513
253, 32930.841990148605, 24305.398614189366, 32930.841990148605, 30547.209784410912, 24383.665440100027, 30547.209784410912
254, 32930.841990148605, 24305.398614189366, 32930.841990148605, 30567.27348502639, 24382.195115662533, 30567.27348502639
255, 32930.841990148605, 24305.398614189366, 32930.841990148605, 30538.66502787474, 24384.24891298974, 30538.66502787474
256, 32930.841990148605, 24305.398614189366, 32930.841990148605, 30550.48545687159, 24384.58669495912, 30550.48545687159
257, 32930.841990148605, 24305.398614189366, 32930.841990148605, 30602.81773616148, 24389.122223106726, 30602.81773616148
258, 32930.841990148605, 24305.398614189366, 32930.841990148605, 30570.21449251589, 24392.108507499037, 30570.21449251589
259, 32930.841990148605, 24305.398614189366, 32930.841990148605, 30610.906200901987, 24404.918705321645, 30610.906200901987
260, 32930.841990148605, 24305.398614189366, 32930.841990148605, 30525.6885653652, 24410.646532890227, 30525.6885653652
261, 32944.122153104, 24574.26261898743, 32944.122153104, 30606.939439763762, 24412.749355443564, 30606.939439763762
262, 32970.507389969556, 24198.640088701104, 32970.507389969556, 30629.499352357012, 24412.392060330392, 30629.499352357012
263, 32970.507389969556, 24198.640088701104, 32970.507389969556, 30576.98841295832, 24413.142653531824, 30576.98841295832
264, 32970.507389969556, 24198.640088701104, 32970.507389969556, 30582.281368885404, 24419.659717343886, 30582.281368885404
265, 32970.507389969556, 24198.640088701104, 32970.507389969556, 30577.68729555685, 24423.288652975225, 30577.68729555685
266, 32970.507389969556, 24198.640088701104, 32970.507389969556, 30592.507698268735, 24433.04588066886, 30592.507698268735
267, 32970.507389969556, 24198.640088701104, 32970.507389969556, 30626.107534686456, 24444.95450156634, 30626.107534686456
268, 32970.507389969556, 24198.640088701104, 32970.507389969556, 30616.463166585294, 24469.592369632974, 30616.463166585294
269, 32970.507389969556, 24198.640088701104, 32970.507389969556, 30584.900685169512, 24501.52703630631, 30584.900685169512
270, 32998.65534372026, 24305.388923339488, 32998.65534372026, 30661.228947935073, 24520.63265890073, 30661.228947935073
271, 32998.65534372026, 24305.388923339488, 32998.65534372026, 30643.534303754885, 24500.36514572632, 30643.534303754885
272, 32998.65534372026, 24305.388923339488, 32998.65534372026, 30621.525489059757, 24478.39713576047, 30621.525489059757
273, 32998.65534372026, 24305.388923339488, 32998.65534372026, 30566.93482286014, 24438.760085313508, 30566.93482286014
274, 32998.65534372026, 24305.388923339488, 32998.65534372026, 30613.36773685898, 24379.82715150461, 30613.36773685898
275, 32998.65534372026, 24305.388923339488, 32998.65534372026, 30619.195441604596, 24352.410866986444, 30619.195441604596
276, 33019.95009675019, 24563.207539372746, 33019.95009675019, 30631.556029143227, 24362.3364475273, 30631.556029143227
277, 33030.120156575904, 24227.252405151958, 33030.120156575904, 30637.5574411312, 24386.674784914718, 30637.5574411312
278, 33030.120156575904, 24227.252405151958, 33030.120156575904, 30639.191157974838, 24409.9575243705, 30639.191157974838
279, 33030.120156575904, 24227.252405151958, 33030.120156575904, 30594.227190127796, 24461.362477329214, 30594.227190127796
280, 33030.120156575904, 24227.252405151958, 33030.120156575904, 30667.975142947347, 24530.027340348246, 30667.975142947347
281, 33030.120156575904, 24227.252405151958, 33030.120156575904, 30658.36651802985, 24530.44143762034, 30658.36651802985
282, 33030.120156575904, 24227.252405151958, 33030.120156575904, 30644.18298388985, 24514.774245919874, 30644.18298388985
283, 33030.120156575904, 24227.252405151958, 33030.120156575904, 30686.17823638486, 24474.90602057394, 30686.17823638486
284, 33030.120156575904, 24227.252405151958, 33030.120156575904, 30670.64376644025, 24448.154500093864, 30670.64376644025
285, 33141.44221387376, 24368.547238234652, 33141.44221387376, 30648.847119221216, 24472.923869554033, 30648.847119221216
286, 33141.44221387376, 24368.547238234652, 33141.44221387376, 30668.432991033987, 24505.01371409914, 30668.432991033987
287, 33141.44221387376, 24368.547238234652, 33141.44221387376, 30657.422096260645, 24463.388906293978, 30657.422096260645
288, 33141.44221387376, 24368.547238234652, 33141.44221387376, 30639.668797785296, 24395.89259537855, 30639.668797785296
289, 33141.44221387376, 24368.547238234652, 33141.44221387376, 30688.98891320001, 24356.25492015211, 30688.98891320001
290, 33141.44221387376, 24368.547238234652, 33141.44221387376, 30652.474837045833, 24356.578882922026, 30652.474837045833
291, 33141.44221387376, 24368.547238234652, 33141.44221387376, 30622.48257639703, 24357.81339536819, 30622.48257639703
292, 33141.44221387376, 24368.547238234652, 33141.44221387376, 30670.183178048897, 24358.612402759005, 30670.183178048897
293, 33141.44221387376, 24368.547238234652, 33141.44221387376, 30616.516706707956, 24364.418979750728, 30616.516706707956
294, 33141.44221387376, 24368.547238234652, 33141.44221387376, 30652.450082210835, 24368.3112836526, 30652.450082210835
295, 33141.44221387376, 24368.547238234652, 33141.44221387376, 30658.014051257305, 24377.868408678925, 30658.014051257305
296, 33141.44221387376, 24368.547238234652, 33141.44221387376, 30721.40499941012, 24394.486911715314, 30721.40499941012
297, 33141.44221387376, 24368.547238234652, 33141.44221387376, 30708.22938401615, 24419.17963769219, 30708.22938401615
298, 33147.16457851618, 24577.836713302862, 33147.16457851618, 30780.50047885503, 24430.613078595867, 30780.50047885503
299, 33147.16457851618, 24577.836713302862, 33147.16457851618, 30757.625431156048, 24456.133262383017, 30757.625431156048
300, 33147.16457851618, 24577.836713302862, 33147.16457851618, 30772.90416896693, 24457.493918079937, 30772.90416896693
301, 33147.16457851618, 24577.836713302862, 33147.16457851618, 30743.067617476663, 24456.449050002033, 30743.067617476663
302, 33147.16457851618, 24577.836713302862, 33147.16457851618, 30746.01505737342, 24458.938756476968, 30746.01505737342
303, 33147.16457851618, 24577.836713302862, 33147.16457851618, 30731.170242425273, 24462.539181803037, 30731.170242425273
304, 33147.16457851618, 24577.836713302862, 33147.16457851618, 30712.789675808363, 24463.985679202247, 30712.789675808363
305, 33147.16457851618, 24577.836713302862, 33147.16457851618, 30791.473858241294, 24473.313434556265, 30791.473858241294
306, 33184.87607203274, 24452.226688726787, 33184.87607203274, 30778.645691539223, 24483.596159400353, 30778.645691539223
307, 33184.87607203274, 24452.226688726787, 33184.87607203274, 30798.245951641406, 24512.597261025556, 30798.245951641406
308, 33184.87607203274, 24452.226688726787, 33184.87607203274, 30704.582855429668, 24542.39474165767, 30704.582855429668
309, 33184.87607203274, 24452.226688726787, 33184.87607203274, 30747.25084202572, 24600.46584425639, 30747.25084202572
310, 33184.87607203274, 24452.226688726787, 33184.87607203274, 30686.340764176235, 24600.38127873856, 30686.340764176235
311, 33205.28517640546, 24655.327053698333, 33205.28517640546, 30791.22374223111, 24599.925996065955, 30791.22374223111
312, 33205.28517640546, 24655.327053698333, 33205.28517640546, 30736.095570366113, 24596.095168572636, 30736.095570366113
313, 33205.28517640546, 24655.327053698333, 33205.28517640546, 30723.25060507178, 24594.30222001709, 30723.25060507178
314, 33222.422264946435, 24653.37495101542, 33222.422264946435, 30737.17322046899, 24590.826374354438, 30737.17322046899
315, 33222.422264946435, 24653.37495101542, 33222.422264946435, 30745.79632361228, 24583.07075460975, 30745.79632361228
316, 33261.490146038355, 24492.86316183118, 33261.490146038355, 30741.126050982537, 24573.44108671163, 30741.126050982537
317, 33261.490146038355, 24492.86316183118, 33261.490146038355, 30823.791140373098, 24558.16096796325, 30823.791140373098
318, 33261.490146038355, 24492.86316183118, 33261.490146038355, 30804.67039823343, 24543.537945715274, 30804.67039823343
319, 33261.490146038355, 24492.86316183118, 33261.490146038355, 30784.076055655383, 24571.767384653063, 30784.076055655383
320, 33261.490146038355, 24492.86316183118, 33261.490146038355, 30779.512203212664, 24591.669030448582, 30779.512203212664
321, 33261.490146038355, 24492.86316183118, 33261.490146038355, 30740.913508104488, 24633.514666460618, 30740.913508104488
322, 33261.490146038355, 24492.86316183118, 33261.490146038355, 30787.625624945937, 24640.68410645334, 30787.625624945937
323, 33261.490146038355, 24492.86316183118, 33261.490146038355, 30782.12506921133, 24629.39972643112, 30782.12506921133
324, 33261.490146038355, 24492.86316183118, 33261.490146038355, 30818.959795370916, 24614.031682109216, 30818.959795370916
325, 33261.490146038355, 24492.86316183118, 33261.490146038355, 30884.89124235363, 24606.695877836075, 30884.89124235363
326, 33261.490146038355, 24492.86316183118, 33261.490146038355, 30870.769093785348, 24581.319944668245, 30870.769093785348
327, 33261.490146038355, 24492.86316183118, 33261.490146038355, 30827.37601442114, 24542.187670824147, 30827.37601442114
328, 33261.490146038355, 24492.86316183118, 33261.490146038355, 30808.323850331733, 24540.574633917604, 30808.323850331733
329, 33261.490146038355, 24492.86316183118, 33261.490146038355, 30834.107852572877, 24540.327214397457, 30834.107852572877
330, 33261.490146038355, 24492.86316183118, 33261.490146038355, 30794.723044956107, 24541.96134849987, 30794.723044956107
331, 33261.490146038355, 24492.86316183118, 33261.490146038355, 30820.729062425373, 24543.05714153264, 30820.729062425373
332, 33261.490146038355, 24492.86316183118, 33261.490146038355, 30861.01338450705, 24542.041185016482, 30861.01338450705
333, 33283.703347501454, 24405.471623096004, 33283.703347501454, 30851.2497417417, 24541.99311489612, 30851.2497417417
334, 33337.26211245922, 24643.801883130094, 33337.26211245922, 30818.3261235952, 24542.056269656507, 30818.3261235952
335, 33337.26211245922, 24643.801883130094, 33337.26211245922, 30805.35551918812, 24541.722539491166, 30805.35551918812
336, 33337.26211245922, 24643.801883130094, 33337.26211245922, 30872.860741766297, 24541.092243347666, 30872.860741766297
337, 33337.26211245922, 24643.801883130094, 33337.26211245922, 30804.20269133944, 24540.489464836555, 30804.20269133944
338, 33337.26211245922, 24643.801883130094, 33337.26211245922, 30799.55548772425, 24541.408087837728, 30799.55548772425
339, 33337.26211245922, 24643.801883130094, 33337.26211245922, 30832.06280057969, 24539.967359554503, 30832.06280057969
340, 33337.72129582524, 24533.611478822204, 33337.72129582524, 30870.910603347063, 24538.79321104031, 30870.910603347063
341, 33337.72129582524, 24533.611478822204, 33337.72129582524, 30836.31161247585, 24534.995400938926, 30836.31161247585
342, 33337.72129582524, 24533.611478822204, 33337.72129582524, 30814.66090257499, 24529.01948261, 30814.66090257499
343, 33337.72129582524, 24533.611478822204, 33337.72129582524, 30872.20810342091, 24521.816292171236, 30872.20810342091
344, 33346.542456371484, 24413.777322974605, 33346.542456371484, 30909.32814308391, 24526.00093781854, 30909.32814308391
345, 33346.542456371484, 24413.777322974605, 33346.542456371484, 30838.897123792576, 24558.996419895026, 30838.897123792576
346, 33346.542456371484, 24413.777322974605, 33346.542456371484, 30915.150163494145, 24617.347279253732, 30915.150163494145
347, 33346.542456371484, 24413.777322974605, 33346.542456371484, 30888.405766949927, 24640.05916557365, 30888.405766949927
348, 33346.542456371484, 24413.777322974605, 33346.542456371484, 30916.080317809923, 24633.784075949236, 30916.080317809923
349, 33346.542456371484, 24413.777322974605, 33346.542456371484, 30876.046082849993, 24623.8268515439, 30876.046082849993
350, 33346.542456371484, 24413.777322974605, 33346.542456371484, 30867.663034301295, 24602.809802613552, 30867.663034301295
351, 33346.542456371484, 24413.777322974605, 33346.542456371484, 30871.597194730653, 24577.316858775077, 30871.597194730653
352, 33346.542456371484, 24413.777322974605, 33346.542456371484, 30892.913742255754, 24546.047143578584, 30892.913742255754
353, 33346.542456371484, 24413.777322974605, 33346.542456371484, 30893.03226814098, 24529.90378382511, 30893.03226814098
354, 33431.77779399425, 24555.844510080296, 33431.77779399425, 30947.451964627635, 24509.055268324053, 30947.451964627635
355, 33431.77779399425, 24555.844510080296, 33431.77779399425, 30869.469515721117, 24486.6219794572, 30869.469515721117
356, 33431.77779399425, 24555.844510080296, 33431.77779399425, 30886.245036177024, 24488.222567722463, 30886.245036177024
357, 33431.77779399425, 24555.844510080296, 33431.77779399425, 30881.230196867942, 24489.112723820977, 30881.230196867942
358, 33431.77779399425, 24555.844510080296, 33431.77779399425, 30911.59835615136, 24489.59702683559, 30911.59835615136
359, 33431.77779399425, 24555.844510080296, 33431.77779399425, 30839.39309734337, 24490.637315829103, 30839.39309734337
360, 33431.77779399425, 24555.844510080296, 33431.77779399425, 30910.657958482847, 24493.993739819467, 30910.657958482847
361, 33431.77779399425, 24555.844510080296, 33431.77779399425, 30904.550210665144, 24497.78867231511, 30904.550210665144
362, 33431.77779399425, 24555.844510080296, 33431.77779399425, 30894.052324627246, 24501.9530890493, 30894.052324627246
363, 33431.77779399425, 24555.844510080296, 33431.77779399425, 30896.753918445924, 24509.872607979156, 30896.753918445924
364, 33516.538234414365, 24664.201551864255, 33516.538234414365, 30924.646281680663, 24522.89744265541, 30924.646281680663
365, 33516.538234414365, 24664.201551864255, 33516.538234414365, 30923.26456886796, 24545.339145290443, 30923.26456886796
366, 33516.538234414365, 24664.201551864255, 33516.538234414365, 30877.191590621733, 24575.08472535127, 30877.191590621733
367, 33516.538234414365, 24664.201551864255, 33516.538234414365, 30978.13394525147, 24597.632130811435, 30978.13394525147
368, 33516.538234414365, 24664.201551864255, 33516.538234414365, 30896.60679346132, 24589.21755033849, 30896.60679346132
369, 33516.538234414365, 24664.201551864255, 33516.538234414365, 30937.650148514236, 24591.023695244287, 30937.650148514236
370, 33516.538234414365, 24664.201551864255, 33516.538234414365, 30947.971807976963, 24593.935368625982, 30947.971807976963
371, 33516.538234414365, 24664.201551864255, 33516.538234414365, 30965.32564656473, 24599.771499444585, 30965.32564656473
372, 33516.538234414365, 24664.201551864255, 33516.538234414365, 30971.528193259484, 24604.351396852602, 30971.528193259484
373, 33516.538234414365, 24664.201551864255, 33516.538234414365, 30926.877393170955, 24616.73575549496, 30926.877393170955
374, 33516.538234414365, 24664.201551864255, 33516.538234414365, 31029.02056380702, 24631.135357500065, 31029.02056380702
375, 33516.538234414365, 24664.201551864255, 33516.538234414365, 30997.97749034806, 24660.6375809698, 30997.97749034806
376, 33516.538234414365, 24664.201551864255, 33516.538234414365, 31023.946337264726, 24662.369888503632, 31023.946337264726
377, 33516.538234414365, 24664.201551864255, 33516.538234414365, 30990.331912413025, 24662.820170327203, 30990.331912413025
378, 33516.538234414365, 24664.201551864255, 33516.538234414365, 30998.13997476445, 24663.378531278704, 30998.13997476445
379, 33516.538234414365, 24664.201551864255, 33516.538234414365, 31007.162169151376, 24662.039210883617, 31007.162169151376
380, 33516.538234414365, 24664.201551864255, 33516.538234414365, 30973.16949296259, 24662.15447491235, 30973.16949296259
381, 33516.538234414365, 24664.201551864255, 33516.538234414365, 31019.724303704963, 24662.139416705046, 31019.724303704963
382, 33516.538234414365, 24664.201551864255, 33516.538234414365, 30969.038340918934, 24662.699391464554, 30969.038340918934
383, 33516.538234414365, 24664.201551864255, 33516.538234414365, 31043.02325209217, 24660.914903726152, 31043.02325209217
384, 33516.538234414365, 24664.201551864255, 33516.538234414365, 31041.585515304756, 24661.657334886422, 31041.585515304756
385, 33516.538234414365, 24664.201551864255, 33516.538234414365, 31063.499999161293, 24661.169347655272, 31063.499999161293
386, 33516.538234414365, 24664.201551864255, 33516.538234414365, 31003.127317851162, 24662.19446611125, 31003.127317851162
387, 33516.538234414365, 24664.201551864255, 33516.538234414365, 31010.222873758656, 24662.55675862435, 31010.222873758656
388, 33516.538234414365, 24664.201551864255, 33516.538234414365, 31020.29859428636, 24662.03441799944, 31020.29859428636
389, 33523.35183687503, 24375.92898101149, 33523.35183687503, 30994.294617239135, 24661.03966736408, 30994.294617239135
390, 33523.35183687503, 24375.92898101149, 33523.35183687503, 30975.292844115927, 24660.87860537822, 30975.292844115927
391, 33523.35183687503, 24375.92898101149, 33523.35183687503, 30985.59771386784, 24657.577570387628, 30985.59771386784
392, 33590.29683659006, 24671.92629711422, 33590.29683659006, 31040.39308073611, 24656.938354973638, 31040.39308073611
393, 33590.29683659006, 24671.92629711422, 33590.29683659006, 31016.2716587945, 24654.689329941408, 31016.2716587945
394, 33590.29683659006, 24671.92629711422, 33590.29683659006, 31026.603280677093, 24654.040439600627, 31026.603280677093
395, 33590.29683659006, 24671.92629711422, 33590.29683659006, 31056.73282753628, 24647.657990113585, 31056.73282753628
396, 33590.29683659006, 24671.92629711422, 33590.29683659006, 30982.185960151095, 24634.594578224835, 30982.185960151095
397, 33590.29683659006, 24671.92629711422, 33590.29683659006, 30987.781449679853, 24616.573591433327, 30987.781449679853
398, 33590.29683659006, 24671.92629711422, 33590.29683659006, 31043.850137061985, 24584.12782703911, 31043.850137061985
399, 33590.29683659006, 24671.92629711422, 33590.29683659006, 31043.069272547466, 24530.483795418455, 31043.069272547466
400, 33590.29683659006, 24671.92629711422, 33590.29683659006, 30997.86314636461, 24536.996371859896, 30997.86314636461
401, 33590.29683659006, 24671.92629711422, 33590.29683659006, 31010.36776512317, 24586.62680307426, 31010.36776512317
402, 33590.29683659006, 24671.92629711422, 33590.29683659006, 31051.114993365336, 24657.350737200548, 31051.114993365336
403, 33590.29683659006, 24671.92629711422, 33590.29683659006, 31067.759288077872, 24666.70319528061, 31067.759288077872
404, 33590.29683659006, 24671.92629711422, 33590.29683659006, 31039.561652805307, 24667.380644481596, 31039.561652805307
405, 33590.29683659006, 24671.92629711422, 33590.29683659006, 31069.336094615894, 24666.453978514834, 31069.336094615894
406, 33590.29683659006, 24671.92629711422, 33590.29683659006, 31054.517914966196, 24666.86246229768, 31054.517914966196
407, 33590.29683659006, 24671.92629711422, 33590.29683659006, 31090.728131904016, 24666.437983289383, 31090.728131904016
408, 33590.29683659006, 24671.92629711422, 33590.29683659006, 31092.36381338886, 24667.14561284124, 31092.36381338886
409, 33590.29683659006, 24671.92629711422, 33590.29683659006, 31072.249872278473, 24668.71169607082, 31072.249872278473
410, 33590.29683659006, 24671.92629711422, 33590.29683659006, 31046.122364946918, 24666.87275448318, 31046.122364946918
411, 33590.29683659006, 24671.92629711422, 33590.29683659006, 31012.94404857463, 24668.5276954563, 31012.94404857463
412, 33590.29683659006, 24671.92629711422, 33590.29683659006, 31028.9298348824, 24667.106247124513, 31028.9298348824
413, 33590.29683659006, 24671.92629711422, 33590.29683659006, 31043.500014624486, 24667.07324104929, 31043.500014624486
414, 33590.29683659006, 24671.92629711422, 33590.29683659006, 31051.467762198296, 24666.93238808223, 31051.467762198296
415, 33590.29683659006, 24671.92629711422, 33590.29683659006, 31079.09550804809, 24667.527598699435, 31079.09550804809
416, 33590.29683659006, 24671.92629711422, 33590.29683659006, 31029.57948863687, 24666.099380347445, 31029.57948863687
417, 33590.29683659006, 24671.92629711422, 33590.29683659006, 31096.916851134905, 24666.65924020391, 31096.916851134905
418, 33590.29683659006, 24671.92629711422, 33590.29683659006, 31094.70963270169, 24667.499924316526, 31094.70963270169
419, 33590.29683659006, 24671.92629711422, 33590.29683659006, 31060.28991681472, 24666.19475738534, 31060.28991681472
420, 33590.29683659006, 24671.92629711422, 33590.29683659006, 31025.3446572017, 24664.686847743258, 31025.3446572017
421, 33590.29683659006, 24671.92629711422, 33590.29683659006, 31041.819016462247, 24668.128433506798, 31041.819016462247
422, 33590.29683659006, 24671.92629711422, 33590.29683659006, 31016.816298741727, 24668.93212088937, 31016.816298741727
423, 33590.29683659006, 24671.92629711422, 33590.29683659006, 31039.48564832207, 24666.91477623241, 31039.48564832207
424, 33590.29683659006, 24671.92629711422, 33590.29683659006, 31075.88555894174, 24666.754868324948, 31075.88555894174
425, 33590.29683659006, 24671.92629711422, 33590.29683659006, 31061.995796527484, 24667.141861231932, 31061.995796527484
426, 33590.29683659006, 24671.92629711422, 33590.29683659006, 31067.687928406118, 24667.68581969502, 31067.687928406118
427, 33590.29683659006, 24671.92629711422, 33590.29683659006, 31096.927137340215, 24666.556397990305, 31096.927137340215
428, 33590.29683659006, 24671.92629711422, 33590.29683659006, 31078.141450300427, 24666.568669195436, 31078.141450300427
429, 33590.29683659006, 24671.92629711422, 33590.29683659006, 31039.611920951633, 24668.38412079321, 31039.611920951633
430, 33590.29683659006, 24671.92629711422, 33590.29683659006, 31048.120830163338, 24667.570616146135, 31048.120830163338
431, 33590.29683659006, 24671.92629711422, 33590.29683659006, 31065.250911539053, 24666.55987734822, 31065.250911539053
432, 33590.29683659006, 24671.92629711422, 33590.29683659006, 31055.52032071224, 24667.968472013377, 31055.52032071224
433, 33590.29683659006, 24671.92629711422, 33590.29683659006, 31081.50358158624, 24666.310488895673, 31081.50358158624
434, 33593.39740684543, 24603.42153387611, 33593.39740684543, 31082.23567060917, 24667.083495114992, 31082.23567060917
435, 33593.39740684543, 24603.42153387611, 33593.39740684543, 31030.058138391945, 24667.01018964134, 31030.058138391945
436, 33593.39740684543, 24603.42153387611, 33593.39740684543, 31066.003992350605, 24666.65130774036, 31066.003992350605
437, 33593.39740684543, 24603.42153387611, 33593.39740684543, 31051.664350711577, 24667.603175746164, 31051.664350711577
438, 33593.39740684543, 24603.42153387611, 33593.39740684543, 31042.35872021306, 24664.84607527786, 31042.35872021306
439, 33656.9230917016, 24607.537632229272, 33656.9230917016, 31035.185336074108, 24661.45592451295, 31035.185336074108
440, 33656.9230917016, 24607.537632229272, 33656.9230917016, 31079.715464998142, 24662.59746770764, 31079.715464998142
441, 33656.9230917016, 24607.537632229272, 33656.9230917016, 31089.04649797955, 24656.6905226002, 31089.04649797955
442, 33718.84433846989, 24582.231395473664, 33718.84433846989, 31031.13080083698, 24648.000518963527, 31031.13080083698
443, 33718.84433846989, 24582.231395473664, 33718.84433846989, 31044.38240634895, 24635.455173158975, 31044.38240634895
444, 33718.84433846989, 24582.231395473664, 33718.84433846989, 31073.96369050087, 24617.57077010886, 31073.96369050087
445, 33718.84433846989, 24582.231395473664, 33718.84433846989, 31079.992844467568, 24610.52586976472, 31079.992844467568
446, 33718.84433846989, 24582.231395473664, 33718.84433846989, 31070.64294913321, 24606.039748213847, 31070.64294913321
447, 33718.84433846989, 24582.231395473664, 33718.84433846989, 31040.360685422238, 24597.078609393644, 31040.360685422238
448, 33718.84433846989, 24582.231395473664, 33718.84433846989, 31085.34579791498, 24585.24727160085, 31085.34579791498
449, 33718.84433846989, 24582.231395473664, 33718.84433846989, 31066.80378124496, 24574.74535978849, 31066.80378124496
450, 33718.84433846989, 24582.231395473664, 33718.84433846989, 31075.588657733824, 24586.090752436692, 31075.588657733824
451, 33718.84433846989, 24582.231395473664, 33718.84433846989, 31086.48362999848, 24609.21844495834, 31086.48362999848
452, 33718.84433846989, 24582.231395473664, 33718.84433846989, 31167.367781424007, 24618.868302079984, 31167.367781424007
453, 33718.84433846989, 24582.231395473664, 33718.84433846989, 31135.46778278437, 24617.958557895403, 31135.46778278437
454, 33718.84433846989, 24582.231395473664, 33718.84433846989, 31115.427409854252, 24612.399120479866, 31115.427409854252
455, 33718.84433846989, 24582.231395473664, 33718.84433846989, 31217.51107537617, 24607.373122895988, 31217.51107537617
456, 33718.84433846989, 24582.231395473664, 33718.84433846989, 31188.88962515745, 24606.070668367, 31188.88962515745
457, 33718.84433846989, 24582.231395473664, 33718.84433846989, 31155.82463363423, 24604.736578257012, 31155.82463363423
458, 33718.84433846989, 24582.231395473664, 33718.84433846989, 31170.83611667933, 24604.394095047748, 31170.83611667933
459, 33718.84433846989, 24582.231395473664, 33718.84433846989, 31158.07767083733, 24605.064464584644, 31158.07767083733
460, 33718.84433846989, 24582.231395473664, 33718.84433846989, 31180.692356799085, 24604.254461276527, 31180.692356799085
461, 33718.84433846989, 24582.231395473664, 33718.84433846989, 31117.32322363218, 24604.880212577005, 31117.32322363218
462, 33770.90765436411, 24613.815470378537, 33770.90765436411, 31181.436965189787, 24604.446629710823, 31181.436965189787
463, 33770.90765436411, 24613.815470378537, 33770.90765436411, 31171.69659720401, 24603.638178894427, 31171.69659720401
464, 33770.90765436411, 24613.815470378537, 33770.90765436411, 31174.611714603117, 24605.70322153318, 31174.611714603117
465, 33770.90765436411, 24613.815470378537, 33770.90765436411, 31155.40497836764, 24605.085772876308, 31155.40497836764
466, 33770.90765436411, 24613.815470378537, 33770.90765436411, 31129.597173507693, 24605.16322331984, 31129.597173507693
467, 33770.90765436411, 24613.815470378537, 33770.90765436411, 31138.330884938994, 24605.711203643485, 31138.330884938994
468, 33770.90765436411, 24613.815470378537, 33770.90765436411, 31121.644158745894, 24608.232204420125, 31121.644158745894
469, 33770.90765436411, 24613.815470378537, 33770.90765436411, 31145.98527594105, 24610.726369122676, 31145.98527594105
470, 33800.85961330708, 24552.906804648683, 33800.85961330708, 31204.44387715746, 24614.259337460568, 31204.44387715746
471, 33800.85961330708, 24552.906804648683, 33800.85961330708, 31212.957719231938, 24620.326324113135, 31212.957719231938
472, 33800.85961330708, 24552.906804648683, 33800.85961330708, 31180.256529615577, 24624.705415313925, 31180.256529615577
473, 33800.85961330708, 24552.906804648683, 33800.85961330708, 31255.903745476524, 24625.484897341557, 31255.903745476524
474, 33800.85961330708, 24552.906804648683, 33800.85961330708, 31230.523587839125, 24625.05759530835, 31230.523587839125
475, 33800.85961330708, 24552.906804648683, 33800.85961330708, 31184.79931752652, 24624.963715000413, 31184.79931752652
476, 33800.85961330708, 24552.906804648683, 33800.85961330708, 31195.96751760171, 24621.23829860881, 31195.96751760171
477, 33800.85961330708, 24552.906804648683, 33800.85961330708, 31186.79523224141, 24619.87281117859, 31186.79523224141
478, 33800.85961330708, 24552.906804648683, 33800.85961330708, 31174.247345232136, 24614.221870789974, 31174.247345232136
479, 33800.85961330708, 24552.906804648683, 33800.85961330708, 31160.41118728193, 24603.388412814318, 31160.41118728193
480, 33800.85961330708, 24552.906804648683, 33800.85961330708, 31138.329690731713, 24593.34655620963, 31138.329690731713
481, 33800.85961330708, 24552.906804648683, 33800.85961330708, 31190.199382063547, 24583.52634505306, 31190.199382063547
482, 33800.85961330708, 24552.906804648683, 33800.85961330708, 31198.338935161144, 24584.409328437225, 31198.338935161144
483, 33800.85961330708, 24552.906804648683, 33800.85961330708, 31236.97032806149, 24582.832156837765, 31236.97032806149
484, 33800.85961330708, 24552.906804648683, 33800.85961330708, 31237.91762971373, 24584.084734535405, 31237.91762971373
485, 33800.85961330708, 24552.906804648683, 33800.85961330708, 31202.16587192273, 24585.338712894194, 31202.16587192273
486, 33800.85961330708, 24552.906804648683, 33800.85961330708, 31202.372832286226, 24585.537741216038, 31202.372832286226
487, 33800.85961330708, 24552.906804648683, 33800.85961330708, 31206.15614885353, 24583.824374761494, 31206.15614885353
488, 33800.85961330708, 24552.906804648683, 33800.85961330708, 31262.038318336316, 24585.31676281957, 31262.038318336316
489, 33800.85961330708, 24552.906804648683, 33800.85961330708, 31262.49708442079, 24585.047128710034, 31262.49708442079
490, 33885.66773783837, 24688.40399744906, 33885.66773783837, 31159.972559124315, 24585.99482960222, 31159.972559124315
491, 33885.66773783837, 24688.40399744906, 33885.66773783837, 31224.947394087758, 24586.785411759858, 31224.947394087758
492, 33885.66773783837, 24688.40399744906, 33885.66773783837, 31235.307107700817, 24586.808581359513, 31235.307107700817
493, 33885.66773783837, 24688.40399744906, 33885.66773783837, 31215.33672981926, 24589.398053142006, 31215.33672981926
494, 33885.66773783837, 24688.40399744906, 33885.66773783837, 31176.759180004276, 24588.87739073975, 31176.759180004276
495, 33885.66773783837, 24688.40399744906, 33885.66773783837, 31193.37483428073, 24597.07461453908, 31193.37483428073
496, 33885.66773783837, 24688.40399744906, 33885.66773783837, 31241.068114148282, 24605.042251897117, 31241.068114148282
497, 33885.66773783837, 24688.40399744906, 33885.66773783837, 31206.137898542598, 24621.251464539473, 31206.137898542598
498, 33885.66773783837, 24688.40399744906, 33885.66773783837, 31262.34007125064, 24640.427880705145, 31262.34007125064
499, 33885.66773783837, 24688.40399744906, 33885.66773783837, 31268.086621912742, 24659.709529328877, 31268.086621912742
500, 33885.66773783837, 24688.40399744906, 33885.66773783837, 31256.275777340798, 24678.624219534988, 31256.275777340798
