1, 26904.52369131826, 24667.151314497147, 26904.52369131826, 25231.828679819522, 24654.028977872655, 25231.828679819522
2, 26904.52369131826, 24667.151314497147, 26904.52369131826, 25679.780475608157, 24637.86004422712, 25679.780475608157
3, 26904.52369131826, 24667.151314497147, 26904.52369131826, 25906.03701626215, 24621.93541507519, 25906.03701626215
4, 27130.077523404678, 24549.6172857637, 27130.077523404678, 26031.424765315423, 24612.41164646921, 26031.424765315423
5, 27269.49443526042, 24599.317994487083, 27269.49443526042, 26241.768033160064, 24614.333973917517, 26241.768033160064
6, 27269.49443526042, 24599.317994487083, 27269.49443526042, 26336.867139262427, 24611.596590691628, 26336.867139262427
7, 27390.304778026406, 24647.32444740104, 27390.304778026406, 26410.62092115863, 24605.280973303426, 26410.62092115863
8, 27390.304778026406, 24647.32444740104, 27390.304778026406, 26492.802102342226, 24571.09343465047, 26492.802102342226
9, 27545.645366570436, 24343.05049534212, 27545.645366570436, 26589.06106944925, 24537.992641804925, 26589.06106944925
10, 27572.786216092885, 24335.91916743863, 27572.786216092885, 26633.26916201702, 24502.88790701473, 26633.26916201702
11, 27662.13604893363, 24381.34256942397, 27662.13604893363, 26707.554024988865, 24530.57850414717, 26707.554024988865
12, 27693.64875006518, 24218.37438624256, 27693.64875006518, 26802.62647420414, 24526.97739396894, 26802.62647420414
13, 27803.775589674868, 24657.509824856177, 27803.775589674868, 26817.202081261414, 24501.776125779754, 26817.202081261414
14, 27915.467623253484, 24677.60170527058, 27915.467623253484, 26856.06204125539, 24469.47405926103, 26856.06204125539
15, 28025.673744791035, 24491.664137441057, 28025.673744791035, 26924.030949246775, 24467.742353744543, 26924.030949246775
16, 28033.26632418405, 23978.530331771362, 28033.26632418405, 27010.38171124334, 24479.013819450494, 27010.38171124334
17, 28086.496235535215, 24598.106067556004, 28086.496235535215, 27038.64457867127, 24518.77808600964, 27038.64457867127
18, 28172.801573338333, 24218.386668926945, 28172.801573338333, 27098.723275739998, 24511.384745175106, 27098.723275739998
19, 28225.017476092617, 24581.848424691212, 28225.017476092617, 27121.590579659325, 24502.353801874393, 27121.590579659325
20, 28276.27657103901, 24503.240297925662, 28276.27657103901, 27148.50010305306, 24455.251608988576, 27148.50010305306
21, 28487.850971656648, 24656.131569447756, 28487.850971656648, 27229.287616254696, 24444.26377928224, 27229.287616254696
22, 28488.952362124084, 24651.863319832977, 28488.952362124084, 27252.735105492855, 24438.866418212176, 27252.735105492855
23, 28549.304739420073, 24480.388772945375, 28549.304739420073, 27315.47672598109, 24468.277978058377, 27315.47672598109
24, 28549.304739420073, 24480.388772945375, 28549.304739420073, 27366.653902780945, 24509.72623193539, 27366.653902780945
25, 28592.265326432014, 24289.782860932748, 28592.265326432014, 27414.58756432107, 24523.604175706423, 27414.58756432107
26, 28621.34807598863, 24565.09934353233, 28621.34807598863, 27446.86572139729, 24542.46203987558, 27446.86572139729
27, 28800.441165855613, 24360.659034297856, 28800.441165855613, 27450.189334878378, 24543.448078313842, 27450.189334878378
28, 28800.441165855613, 24360.659034297856, 28800.441165855613, 27511.899029478645, 24565.40939023326, 27511.899029478645
29, 28800.441165855613, 24360.659034297856, 28800.441165855613, 27534.117165957865, 24507.112209833307, 27534.117165957865
30, 28800.441165855613, 24360.659034297856, 28800.441165855613, 27617.56871501532, 24468.583902788094, 27617.56871501532
31, 28872.52152041612, 24410.63902253971, 28872.52152041612, 27627.443555226422, 24501.18609170099, 27627.443555226422
32, 28909.207873628544, 24497.697730203312, 28909.207873628544, 27639.674549256746, 24513.455775901137, 27639.674549256746
33, 28909.207873628544, 24497.697730203312, 28909.207873628544, 27682.85213908602, 24487.41300559604, 27682.85213908602
34, 28941.121490123875, 24578.475310095797, 28941.121490123875, 27655.775924802594, 24499.59103953253, 27655.775924802594
35, 28941.121490123875, 24578.475310095797, 28941.121490123875, 27711.147894512607, 24500.63472519888, 27711.147894512607
36, 29085.70655104041, 24270.387379383243, 29085.70655104041, 27772.49813339718, 24493.663370077462, 27772.49813339718
37, 29085.70655104041, 24270.387379383243, 29085.70655104041, 27759.66697111829, 24507.441334272135, 27759.66697111829
38, 29139.26680378499, 24553.457410495932, 29139.26680378499, 27807.274328810396, 24519.476505000373, 27807.274328810396
39, 29139.26680378499, 24553.457410495932, 29139.26680378499, 27870.001576277165, 24535.138591668503, 27870.001576277165
40, 29238.47596238875, 24251.460074836963, 29238.47596238875, 27837.246643942817, 24523.831823774384, 27837.246643942817
41, 29238.47596238875, 24251.460074836963, 29238.47596238875, 27863.74514577376, 24507.707844651766, 27863.74514577376
42, 29238.47596238875, 24251.460074836963, 29238.47596238875, 27877.17596296253, 24523.19480439375, 27877.17596296253
43, 29238.47596238875, 24251.460074836963, 29238.47596238875, 27898.285354365766, 24491.576250197726, 27898.285354365766
44, 29259.09448169207, 24623.8976607209, 29259.09448169207, 27955.167446568703, 24487.949815984037, 27955.167446568703
45, 29309.70862052963, 24588.87265754773, 29309.70862052963, 27936.79148551366, 24529.136881505987, 27936.79148551366
46, 29345.249854560494, 24460.05586524197, 29345.249854560494, 27990.685498223225, 24498.858350254828, 27990.685498223225
47, 29363.908914393935, 24615.768134339676, 29363.908914393935, 28048.428221252678, 24481.193225812283, 28048.428221252678
48, 29415.71493881026, 24293.91014372672, 29415.71493881026, 27996.403380400003, 24479.48728704191, 27996.403380400003
49, 29415.71493881026, 24293.91014372672, 29415.71493881026, 28063.632216504462, 24451.765851293592, 28063.632216504462
50, 29613.97176260223, 24436.428567147235, 29613.97176260223, 28054.982548924214, 24486.559333864912, 28054.982548924214
51, 29613.97176260223, 24436.428567147235, 29613.97176260223, 28092.938621526315, 24510.470188407504, 28092.938621526315
52, 29680.580352108725, 24674.252538779667, 29680.580352108725, 28099.536971522197, 24510.84569767104, 28099.536971522197
53, 29680.580352108725, 24674.252538779667, 29680.580352108725, 28140.978040227055, 24499.180072432853, 28140.978040227055
54, 29703.600632332746, 24437.88169164142, 29703.600632332746, 28140.15766612916, 24463.44855906235, 28140.15766612916
55, 29745.178134892, 24433.323325516427, 29745.178134892, 28166.450642656164, 24509.788902393375, 28166.450642656164
56, 29745.178134892, 24433.323325516427, 29745.178134892, 28262.871601707317, 24490.624966784202, 28262.871601707317
57, 29745.178134892, 24433.323325516427, 29745.178134892, 28255.293198089283, 24527.24629182423, 28255.293198089283
58, 29764.109393184575, 24470.436603043803, 29764.109393184575, 28307.951803510725, 24518.69517499801, 28307.951803510725
59, 29764.109393184575, 24470.436603043803, 29764.109393184575, 28315.533647875614, 24538.704459999874, 28315.533647875614
60, 29851.17586365579, 24481.13825802463, 29851.17586365579, 28358.77463652576, 24557.10685589143, 28358.77463652576
61, 29851.425349282697, 24272.3647686251, 29851.425349282697, 28372.387736698896, 24562.432314776685, 28372.387736698896
62, 29880.7509578458, 24335.94387947001, 29880.7509578458, 28366.81136460166, 24544.94164684421, 28366.81136460166
63, 29904.16860384887, 24387.60954674739, 29904.16860384887, 28368.258381208005, 24556.43744262248, 28368.258381208005
64, 29904.16860384887, 24387.60954674739, 29904.16860384887, 28385.909322260675, 24553.96745373027, 28385.909322260675
65, 29932.76266610041, 24583.82813060861, 29932.76266610041, 28416.485743445926, 24509.32811123371, 28416.485743445926
66, 29932.76266610041, 24583.82813060861, 29932.76266610041, 28467.509619777986, 24495.965765472418, 28467.509619777986
67, 30049.756320593344, 24613.68086065746, 30049.756320593344, 28437.338308651073, 24489.12053718138, 28437.338308651073
68, 30130.00142407051, 24658.09686137389, 30130.00142407051, 28468.70850250324, 24488.78500058421, 28468.70850250324
69, 30130.00142407051, 24658.09686137389, 30130.00142407051, 28487.337864298926, 24475.45423911554, 28487.337864298926
70, 30246.906948598808, 24378.29227520494, 30246.906948598808, 28479.276945955517, 24469.101117445378, 28479.276945955517
71, 30246.906948598808, 24378.29227520494, 30246.906948598808, 28535.247517014133, 24536.18153943495, 28535.247517014133
72, 30246.906948598808, 24378.29227520494, 30246.906948598808, 28524.48642826386, 24568.264265742662, 28524.48642826386
73, 30246.906948598808, 24378.29227520494, 30246.906948598808, 28634.959146612528, 24562.236901793895, 28634.959146612528
74, 30258.519064359636, 24302.087418782554, 30258.519064359636, 28635.76995405272, 24582.72181612073, 28635.76995405272
75, 30258.519064359636, 24302.087418782554, 30258.519064359636, 28648.214338620164, 24564.083733574484, 28648.214338620164
76, 30286.603390810527, 24401.271366099158, 30286.603390810527, 28613.382998331967, 24530.963334795186, 28613.382998331967
77, 30305.231493013995, 24402.39231237287, 30305.231493013995, 28681.689390881667, 24532.068805931365, 28681.689390881667
78, 30381.625423856633, 24361.809002667287, 30381.625423856633, 28666.866186535804, 24520.626929242717, 28666.866186535804
79, 30381.625423856633, 24361.809002667287, 30381.625423856633, 28741.456337429387, 24512.354899500453, 28741.456337429387
80, 30381.625423856633, 24361.809002667287, 30381.625423856633, 28782.19256036606, 24478.526507337574, 28782.19256036606
81, 30392.482944032785, 24678.636073264082, 30392.482944032785, 28705.988678353573, 24478.19116322516, 28705.988678353573
82, 30392.482944032785, 24678.636073264082, 30392.482944032785, 28760.433117390174, 24497.079685205674, 28760.433117390174
83, 30432.03111604881, 24365.029760748224, 30432.03111604881, 28733.978793131537, 24508.04013125862, 28733.978793131537
84, 30506.391278154304, 24581.91669813888, 30506.391278154304, 28758.38698818177, 24513.04462612302, 28758.38698818177
85, 30506.391278154304, 24581.91669813888, 30506.391278154304, 28758.755447717267, 24541.221986022094, 28758.755447717267
86, 30506.391278154304, 24581.91669813888, 30506.391278154304, 28801.056767396294, 24574.048119661482, 28801.056767396294
87, 30506.391278154304, 24581.91669813888, 30506.391278154304, 28825.489146902608, 24590.11946690653, 28825.489146902608
88, 30506.391278154304, 24581.91669813888, 30506.391278154304, 28826.55503519049, 24574.870952731708, 28826.55503519049
89, 30612.343352439497, 24411.754196966795, 30612.343352439497, 28851.674548081668, 24555.118157696994, 28851.674548081668
90, 30612.343352439497, 24411.754196966795, 30612.343352439497, 28920.16461976839, 24534.06301986082, 28920.16461976839
91, 30635.463888581417, 24616.170459198867, 30635.463888581417, 28874.777091589942, 24570.145519427406, 28874.777091589942
92, 30635.463888581417, 24616.170459198867, 30635.463888581417, 28967.59754412643, 24593.627907838894, 28967.59754412643
93, 30743.632018299304, 24442.82971298129, 30743.632018299304, 28931.861963450272, 24589.92641003122, 28931.861963450272
94, 30743.632018299304, 24442.82971298129, 30743.632018299304, 28919.93823838738, 24582.50173048722, 28919.93823838738
95, 30743.632018299304, 24442.82971298129, 30743.632018299304, 28975.5101742844, 24563.152187814903, 28975.5101742844
96, 30743.632018299304, 24442.82971298129, 30743.632018299304, 28970.409200640923, 24552.097928995572, 28970.409200640923
97, 30743.632018299304, 24442.82971298129, 30743.632018299304, 28969.73702388807, 24548.532805373747, 28969.73702388807
98, 30769.021280658988, 24552.31943002496, 30769.021280658988, 29018.767388028227, 24541.33878236407, 29018.767388028227
99, 30769.021280658988, 24552.31943002496, 30769.021280658988, 28980.50085053332, 24555.370351759833, 28980.50085053332
100, 30863.817574786237, 24150.774580885227, 30863.817574786237, 28989.09090543014, 24587.9517736555, 28989.09090543014
101, 30863.817574786237, 24150.774580885227, 30863.817574786237, 29017.5215203552, 24550.296962348195, 29017.5215203552
102, 30863.817574786237, 24150.774580885227, 30863.817574786237, 29052.053724946625, 24525.28770812632, 29052.053724946625
103, 30915.727851395688, 24688.28202221719, 30915.727851395688, 29059.27784985434, 24511.4197159241, 29059.27784985434
104, 31063.940487883436, 24502.457397949653, 31063.940487883436, 29085.145478330647, 24520.26398212722, 29085.145478330647
105, 31063.940487883436, 24502.457397949653, 31063.940487883436, 29075.181468813767, 24525.323729460426, 29075.181468813767
106, 31063.940487883436, 24502.457397949653, 31063.940487883436, 29123.2409498529, 24539.731266390336, 29123.2409498529
107, 31063.940487883436, 24502.457397949653, 31063.940487883436, 29171.36367062997, 24542.788423430706, 29171.36367062997
108, 31063.940487883436, 24502.457397949653, 31063.940487883436, 29199.410247525015, 24533.854325930002, 29199.410247525015
109, 31172.75619644914, 24639.740978206868, 31172.75619644914, 29170.687596689077, 24557.486306295636, 29170.687596689077
110, 31172.75619644914, 24639.740978206868, 31172.75619644914, 29211.72581529366, 24615.150488134255, 29211.72581529366
111, 31248.87494450977, 24387.054236550186, 31248.87494450977, 29193.976316341515, 24600.433106994922, 29193.976316341515
112, 31248.87494450977, 24387.054236550186, 31248.87494450977, 29331.21992849603, 24554.111635615835, 29331.21992849603
113, 31248.87494450977, 24387.054236550186, 31248.87494450977, 29298.004823027793, 24549.698847964693, 29298.004823027793
114, 31248.87494450977, 24387.054236550186, 31248.87494450977, 29290.745740473714, 24546.765869354647, 29290.745740473714
115, 31291.46117565882, 24326.22766228852, 31291.46117565882, 29321.236288607255, 24543.161821694946, 29321.236288607255
116, 31291.46117565882, 24326.22766228852, 31291.46117565882, 29324.38933827221, 24536.766125163584, 29324.38933827221
117, 31355.52811668001, 24428.860208643255, 31355.52811668001, 29356.94056298105, 24545.282259075044, 29356.94056298105
118, 31355.52811668001, 24428.860208643255, 31355.52811668001, 29394.34849027954, 24591.401234977246, 29394.34849027954
119, 31355.52811668001, 24428.860208643255, 31355.52811668001, 29399.82645422829, 24575.668450751025, 29399.82645422829
120, 31355.52811668001, 24428.860208643255, 31355.52811668001, 29381.80409281949, 24535.8260009169, 29381.80409281949
121, 31355.52811668001, 24428.860208643255, 31355.52811668001, 29433.626772807176, 24491.40115375177, 29433.626772807176
122, 31401.924153419743, 24344.653216014023, 31401.924153419743, 29380.653270631774, 24491.520960940183, 29380.653270631774
123, 31497.464086504835, 24402.28810392417, 31497.464086504835, 29491.79208905816, 24506.21218155151, 29491.79208905816
124, 31497.464086504835, 24402.28810392417, 31497.464086504835, 29467.910240702677, 24498.800948694403, 29467.910240702677
125, 31497.464086504835, 24402.28810392417, 31497.464086504835, 29499.40347740012, 24490.81201508734, 29499.40347740012
126, 31497.464086504835, 24402.28810392417, 31497.464086504835, 29505.891505436706, 24497.446890313113, 29505.891505436706
127, 31497.464086504835, 24402.28810392417, 31497.464086504835, 29530.319622884617, 24496.13936579637, 29530.319622884617
128, 31497.464086504835, 24402.28810392417, 31497.464086504835, 29526.634098391318, 24496.097741250975, 29526.634098391318
129, 31497.464086504835, 24402.28810392417, 31497.464086504835, 29502.769147838328, 24496.854970820546, 29502.769147838328
130, 31514.929385479943, 24587.448650319617, 31514.929385479943, 29593.848649303625, 24499.664025775684, 29593.848649303625
131, 31514.929385479943, 24587.448650319617, 31514.929385479943, 29571.252069859103, 24510.405257282302, 29571.252069859103
132, 31540.24656909392, 24619.41061053542, 31540.24656909392, 29601.812790110478, 24497.89417668032, 29601.812790110478
133, 31721.5891978585, 24679.406260115353, 31721.5891978585, 29628.909896508172, 24489.606199745616, 29628.909896508172
134, 31721.5891978585, 24679.406260115353, 31721.5891978585, 29612.725455025542, 24494.10981102672, 29612.725455025542
135, 31721.5891978585, 24679.406260115353, 31721.5891978585, 29576.68911483526, 24506.36871186441, 29576.68911483526
136, 31721.5891978585, 24679.406260115353, 31721.5891978585, 29611.664552801765, 24523.4944005931, 29611.664552801765
137, 31721.5891978585, 24679.406260115353, 31721.5891978585, 29635.450654981792, 24553.993297585224, 29635.450654981792
138, 31721.5891978585, 24679.406260115353, 31721.5891978585, 29604.994726113655, 24600.68114940265, 29604.994726113655
139, 31721.5891978585, 24679.406260115353, 31721.5891978585, 29646.905728976802, 24600.56678283464, 29646.905728976802
140, 31721.5891978585, 24679.406260115353, 31721.5891978585, 29646.927822146066, 24608.668249385697, 29646.927822146066
141, 31721.5891978585, 24679.406260115353, 31721.5891978585, 29703.713921024068, 24587.424745926648, 29703.713921024068
142, 31721.5891978585, 24679.406260115353, 31721.5891978585, 29719.93191189508, 24619.045303748622, 29719.93191189508
143, 31734.71691063506, 24617.079541946052, 31734.71691063506, 29723.80031068497, 24655.778206240637, 29723.80031068497
144, 31859.656182298324, 24540.235448121675, 31859.656182298324, 29744.747351112626, 24670.541458435706, 29744.747351112626
145, 31859.656182298324, 24540.235448121675, 31859.656182298324, 29755.82902831016, 24669.36775588, 29755.82902831016
146, 31859.656182298324, 24540.235448121675, 31859.656182298324, 29758.56711456832, 24665.807496879654, 29758.56711456832
147, 31859.656182298324, 24540.235448121675, 31859.656182298324, 29777.055419610857, 24659.491998580346, 29777.055419610857
148, 31859.656182298324, 24540.235448121675, 31859.656182298324, 29759.57580595398, 24651.330189895736, 29759.57580595398
149, 31859.656182298324, 24540.235448121675, 31859.656182298324, 29797.05766326137, 24640.18099397075, 29797.05766326137
150, 31859.656182298324, 24540.235448121675, 31859.656182298324, 29792.32118809985, 24617.785888641603, 29792.32118809985
151, 31859.656182298324, 24540.235448121675, 31859.656182298324, 29814.766234615, 24590.46474380352, 29814.766234615
152, 31859.656182298324, 24540.235448121675, 31859.656182298324, 29790.685896133386, 24566.64877939041, 29790.685896133386
153, 31873.940332434086, 24546.05138597126, 31873.940332434086, 29842.03901699822, 24574.96795158397, 29842.03901699822
154, 31909.813941289398, 24469.32582802429, 31909.813941289398, 29838.3885721537, 24574.1659129208, 29838.3885721537
155, 31909.813941289398, 24469.32582802429, 31909.813941289398, 29872.333181862858, 24574.59260473866, 29872.333181862858
156, 31909.813941289398, 24469.32582802429, 31909.813941289398, 29833.96110800296, 24573.34808412495, 29833.96110800296
157, 32004.899644650526, 24525.315647057632, 32004.899644650526, 29842.150592902442, 24571.414578539636, 29842.150592902442
158, 32004.899644650526, 24525.315647057632, 32004.899644650526, 29834.36733132984, 24570.842544953437, 29834.36733132984
159, 32004.899644650526, 24525.315647057632, 32004.899644650526, 29823.13694886687, 24566.663995905037, 29823.13694886687
160, 32004.899644650526, 24525.315647057632, 32004.899644650526, 29873.691189753277, 24560.631271308142, 29873.691189753277
161, 32004.899644650526, 24525.315647057632, 32004.899644650526, 29864.422706475005, 24554.525020868634, 29864.422706475005
162, 32004.899644650526, 24525.315647057632, 32004.899644650526, 29865.569026630776, 24546.616279712856, 29865.569026630776
163, 32004.899644650526, 24525.315647057632, 32004.899644650526, 29933.260830875388, 24566.296181517504, 29933.260830875388
164, 32004.899644650526, 24525.315647057632, 32004.899644650526, 29918.15382062197, 24555.242381767737, 29918.15382062197
165, 32004.899644650526, 24525.315647057632, 32004.899644650526, 29887.62536016385, 24536.476871063416, 29887.62536016385
166, 32004.899644650526, 24525.315647057632, 32004.899644650526, 29932.83872638905, 24541.453507546583, 29932.83872638905
167, 32004.899644650526, 24525.315647057632, 32004.899644650526, 29918.203796478872, 24550.332084759433, 29918.203796478872
168, 32004.899644650526, 24525.315647057632, 32004.899644650526, 29964.931523023803, 24556.998757245852, 29964.931523023803
169, 32015.755771253473, 24635.802303962424, 32015.755771253473, 29951.854467359575, 24564.125709080636, 29951.854467359575
170, 32145.801928836045, 24471.671919048502, 32145.801928836045, 29921.147678561403, 24566.53018155509, 29921.147678561403
171, 32145.801928836045, 24471.671919048502, 32145.801928836045, 29948.21617323726, 24566.65223846784, 29948.21617323726
172, 32145.801928836045, 24471.671919048502, 32145.801928836045, 29920.580436607044, 24568.713781306593, 29920.580436607044
173, 32145.801928836045, 24471.671919048502, 32145.801928836045, 29957.180593983383, 24569.685294070543, 29957.180593983383
174, 32145.801928836045, 24471.671919048502, 32145.801928836045, 29977.1270014578, 24573.306151516255, 29977.1270014578
175, 32145.801928836045, 24471.671919048502, 32145.801928836045, 29926.13125005863, 24580.040262798728, 29926.13125005863
176, 32145.801928836045, 24471.671919048502, 32145.801928836045, 29965.298461584305, 24588.50575356909, 29965.298461584305
177, 32145.801928836045, 24471.671919048502, 32145.801928836045, 29959.52674860665, 24599.867893522096, 29959.52674860665
178, 32145.801928836045, 24471.671919048502, 32145.801928836045, 30007.933083175998, 24620.501174222933, 30007.933083175998
179, 32145.801928836045, 24471.671919048502, 32145.801928836045, 29940.731456032023, 24628.484168068855, 29940.731456032023
180, 32188.44812579069, 24683.663128856628, 32188.44812579069, 29992.9608892172, 24616.40071870864, 29992.9608892172
181, 32188.44812579069, 24683.663128856628, 32188.44812579069, 30017.72388884482, 24595.318526131785, 30017.72388884482
182, 32188.44812579069, 24683.663128856628, 32188.44812579069, 30019.235501289688, 24538.79174014272, 30019.235501289688
183, 32188.44812579069, 24683.663128856628, 32188.44812579069, 30065.030525962025, 24528.012940423956, 30065.030525962025
184, 32218.80812984289, 24418.065311017523, 32218.80812984289, 30054.988668677695, 24531.658324126485, 30054.988668677695
185, 32218.80812984289, 24418.065311017523, 32218.80812984289, 30105.09117392615, 24532.943018251382, 30105.09117392615
186, 32230.33260536453, 24493.325516052504, 32230.33260536453, 30068.16320432209, 24535.95760320194, 30068.16320432209
187, 32230.33260536453, 24493.325516052504, 32230.33260536453, 30035.15207069525, 24540.903562360294, 30035.15207069525
188, 32230.33260536453, 24493.325516052504, 32230.33260536453, 30081.493070257427, 24547.559680708822, 30081.493070257427
189, 32230.33260536453, 24493.325516052504, 32230.33260536453, 30059.841635581266, 24556.92294945215, 30059.841635581266
190, 32230.33260536453, 24493.325516052504, 32230.33260536453, 30073.71976180736, 24566.293974895565, 30073.71976180736
191, 32230.33260536453, 24493.325516052504, 32230.33260536453, 30081.496652706046, 24537.86013407237, 30081.496652706046
192, 32320.708306322897, 24525.778921259665, 32320.708306322897, 30032.639704193836, 24500.945503846855, 30032.639704193836
193, 32320.708306322897, 24525.778921259665, 32320.708306322897, 30102.544465055507, 24497.351700869436, 30102.544465055507
194, 32320.708306322897, 24525.778921259665, 32320.708306322897, 30092.212345869062, 24499.80511687663, 30092.212345869062
195, 32320.708306322897, 24525.778921259665, 32320.708306322897, 30140.667143011793, 24505.31809028237, 30140.667143011793
196, 32320.708306322897, 24525.778921259665, 32320.708306322897, 30115.860168535146, 24517.15279421881, 30115.860168535146
197, 32320.708306322897, 24525.778921259665, 32320.708306322897, 30092.397789045615, 24530.669702008567, 30092.397789045615
198, 32331.728439485953, 24327.846920786953, 32331.728439485953, 30137.90465534018, 24535.369009447582, 30137.90465534018
199, 32331.728439485953, 24327.846920786953, 32331.728439485953, 30121.133362029464, 24536.049470122874, 30121.133362029464
200, 32331.728439485953, 24327.846920786953, 32331.728439485953, 30092.78624802413, 24537.976692426648, 30092.78624802413
201, 32331.728439485953, 24327.846920786953, 32331.728439485953, 30065.537074078442, 24537.891494469735, 30065.537074078442
202, 32331.728439485953, 24327.846920786953, 32331.728439485953, 30082.790008106138, 24537.82276616907, 30082.790008106138
203, 32331.728439485953, 24327.846920786953, 32331.728439485953, 30150.50744934566, 24530.928267607313, 30150.50744934566
204, 32380.49558176431, 24557.85936609696, 32380.49558176431, 30099.52367397958, 24496.949824039562, 30099.52367397958
205, 32380.49558176431, 24557.85936609696, 32380.49558176431, 30148.389362623817, 24494.804240204972, 30148.389362623817
206, 32380.49558176431, 24557.85936609696, 32380.49558176431, 30151.67779158133, 24518.789244647454, 30151.67779158133
207, 32380.49558176431, 24557.85936609696, 32380.49558176431, 30162.31760656604, 24542.309549751728, 30162.31760656604
208, 32380.49558176431, 24557.85936609696, 32380.49558176431, 30242.886829307106, 24561.25106832581, 30242.886829307106
209, 32380.49558176431, 24557.85936609696, 32380.49558176431, 30204.04759747344, 24558.46747590385, 30204.04759747344
210, 32536.7090483852, 24323.755566895783, 32536.7090483852, 30178.67699742771, 24542.982896833044, 30178.67699742771
211, 32536.7090483852, 24323.755566895783, 32536.7090483852, 30170.250946226508, 24530.962727895694, 30170.250946226508
212, 32536.7090483852, 24323.755566895783, 32536.7090483852, 30177.66737292432, 24534.220042318724, 30177.66737292432
213, 32536.7090483852, 24323.755566895783, 32536.7090483852, 30210.87105005181, 24580.685515822315, 30210.87105005181
214, 32536.7090483852, 24323.755566895783, 32536.7090483852, 30232.892258952834, 24573.44778121866, 30232.892258952834
215, 32552.53359258038, 24300.8281038779, 32552.53359258038, 30252.007698884496, 24562.278056643983, 30252.007698884496
216, 32552.53359258038, 24300.8281038779, 32552.53359258038, 30201.269381931197, 24552.25809998526, 30201.269381931197
217, 32552.53359258038, 24300.8281038779, 32552.53359258038, 30232.750228694706, 24531.790002941343, 30232.750228694706
218, 32552.53359258038, 24300.8281038779, 32552.53359258038, 30262.753456607334, 24482.990584998486, 30262.753456607334
219, 32552.53359258038, 24300.8281038779, 32552.53359258038, 30308.993935001414, 24468.541340243704, 30308.993935001414
220, 32748.29137098022, 24600.94354007699, 32748.29137098022, 30334.039844220053, 24423.734772792403, 30334.039844220053
221, 32748.29137098022, 24600.94354007699, 32748.29137098022, 30287.255646321955, 24421.228488761728, 30287.255646321955
222, 32748.29137098022, 24600.94354007699, 32748.29137098022, 30351.405663818965, 24422.064610261852, 30351.405663818965
223, 32748.29137098022, 24600.94354007699, 32748.29137098022, 30350.895723701673, 24426.007428721427, 30350.895723701673
224, 32748.29137098022, 24600.94354007699, 32748.29137098022, 30320.801245636572, 24431.885158613106, 30320.801245636572
225, 32748.29137098022, 24600.94354007699, 32748.29137098022, 30303.223445051884, 24433.890298155886, 30303.223445051884
226, 32748.29137098022, 24600.94354007699, 32748.29137098022, 30350.40646690947, 24444.05635669698, 30350.40646690947
227, 32748.29137098022, 24600.94354007699, 32748.29137098022, 30357.081917047555, 24461.452524319313, 30357.081917047555
228, 32748.29137098022, 24600.94354007699, 32748.29137098022, 30345.27959676694, 24496.28346621666, 30345.27959676694
229, 32748.29137098022, 24600.94354007699, 32748.29137098022, 30355.767438310213, 24547.873873268567, 30355.767438310213
230, 32748.29137098022, 24600.94354007699, 32748.29137098022, 30456.01132025182, 24607.818567917304, 30456.01132025182
231, 32748.29137098022, 24600.94354007699, 32748.29137098022, 30440.398554162708, 24617.10893732867, 30440.398554162708
232, 32748.29137098022, 24600.94354007699, 32748.29137098022, 30471.81924170114, 24616.286912460102, 30471.81924170114
233, 32748.29137098022, 24600.94354007699, 32748.29137098022, 30481.990561604947, 24617.895805520784, 30481.990561604947
234, 32776.35178828141, 24654.27870363122, 32776.35178828141, 30485.886760130248, 24618.10789299261, 30485.886760130248
235, 32776.35178828141, 24654.27870363122, 32776.35178828141, 30465.510200118082, 24618.61403735873, 30465.510200118082
236, 32776.35178828141, 24654.27870363122, 32776.35178828141, 30425.533972940055, 24618.0779776729, 30425.533972940055
237, 32776.35178828141, 24654.27870363122, 32776.35178828141, 30459.370557638267, 24616.38482118925, 30459.370557638267
238, 32776.35178828141, 24654.27870363122, 32776.35178828141, 30473.404184053838, 24618.276537544214, 30473.404184053838
239, 32776.35178828141, 24654.27870363122, 32776.35178828141, 30483.512749727583, 24618.233527511176, 30483.512749727583
240, 32781.84692834047, 24595.85620451627, 32781.84692834047, 30453.821691529327, 24619.257699571186, 30453.821691529327
241, 32781.84692834047, 24595.85620451627, 32781.84692834047, 30488.940916462365, 24621.441997349524, 30488.940916462365
242, 32781.84692834047, 24595.85620451627, 32781.84692834047, 30478.320285517868, 24624.81456643053, 30478.320285517868
243, 32782.1530432785, 24428.45988360326, 32782.1530432785, 30442.72936296076, 24624.873854004825, 30442.72936296076
244, 32782.1530432785, 24428.45988360326, 32782.1530432785, 30487.20692870896, 24630.893420946013, 30487.20692870896
245, 32782.1530432785, 24428.45988360326, 32782.1530432785, 30512.678064857915, 24641.263649570206, 30512.678064857915
246, 32782.1530432785, 24428.45988360326, 32782.1530432785, 30486.750635837332, 24649.005846399832, 30486.750635837332
247, 32877.34992805585, 24619.377017686016, 32877.34992805585, 30523.034262907524, 24645.546528315142, 30523.034262907524
248, 32877.34992805585, 24619.377017686016, 32877.34992805585, 30476.03858064021, 24640.021450760327, 30476.03858064021
249, 32877.34992805585, 24619.377017686016, 32877.34992805585, 30504.614598955846, 24633.743562531894, 30504.614598955846
250, 32877.34992805585, 24619.377017686016, 32877.34992805585, 30476.24803543888, 24619.172299181464, 30476.24803543888
251, 32877.34992805585, 24619.377017686016, 32877.34992805585, 30514.843244142914, 24610.499955546024, 30514.843244142914
252, 32877.34992805585, 24619.377017686016, 32877.34992805585, 30458.51219285631, 24611.70579899164, 30458.51219285631
253, 32877.34992805585, 24619.377017686016, 32877.34992805585, 30521.121248155472, 24605.42231820314, 30521.121248155472
254, 32877.34992805585, 24619.377017686016, 32877.34992805585, 30466.60239647094, 24605.031663696976, 30466.60239647094
255, 32877.34992805585, 24619.377017686016, 32877.34992805585, 30529.172476421165, 24596.596399790076, 30529.172476421165
256, 32877.34992805585, 24619.377017686016, 32877.34992805585, 30492.166324908078, 24586.838837799885, 30492.166324908078
257, 32877.34992805585, 24619.377017686016, 32877.34992805585, 30555.92303018232, 24616.64354986989, 30555.92303018232
258, 32877.34992805585, 24619.377017686016, 32877.34992805585, 30523.5863478997, 24625.332772954247, 30523.5863478997
259, 32877.34992805585, 24619.377017686016, 32877.34992805585, 30619.1102131464, 24630.4017561025, 30619.1102131464
260, 32883.954566541055, 24542.898881281704, 32883.954566541055, 30573.888672525667, 24630.940064078735, 30573.888672525667
261, 32883.954566541055, 24542.898881281704, 32883.954566541055, 30569.75538965955, 24629.75519785997, 30569.75538965955
262, 32914.93451556374, 24666.626768204787, 32914.93451556374, 30544.613899913787, 24630.352251185275, 30544.613899913787
263, 32914.93451556374, 24666.626768204787, 32914.93451556374, 30582.884911673806, 24630.06163198119, 30582.884911673806
264, 32914.93451556374, 24666.626768204787, 32914.93451556374, 30611.55327952685, 24631.093491703123, 30611.55327952685
265, 32914.93451556374, 24666.626768204787, 32914.93451556374, 30553.96002944022, 24630.30395160823, 30553.96002944022
266, 32914.93451556374, 24666.626768204787, 32914.93451556374, 30553.481117668973, 24629.071298322295, 30553.481117668973
267, 32914.93451556374, 24666.626768204787, 32914.93451556374, 30558.501279252847, 24629.002553301318, 30558.501279252847
268, 32914.93451556374, 24666.626768204787, 32914.93451556374, 30568.96370247319, 24627.58964775444, 30568.96370247319
269, 32914.93451556374, 24666.626768204787, 32914.93451556374, 30596.51064702205, 24627.478483161893, 30596.51064702205
270, 32914.93451556374, 24666.626768204787, 32914.93451556374, 30570.244262868135, 24626.52864553828, 30570.244262868135
271, 32914.93451556374, 24666.626768204787, 32914.93451556374, 30564.307650608225, 24625.643605603156, 30564.307650608225
272, 32914.93451556374, 24666.626768204787, 32914.93451556374, 30544.753753385223, 24624.61782885148, 30544.753753385223
273, 32914.93451556374, 24666.626768204787, 32914.93451556374, 30572.684196011713, 24620.417034185386, 30572.684196011713
274, 32914.93451556374, 24666.626768204787, 32914.93451556374, 30612.372549635853, 24654.53588383805, 30612.372549635853
275, 32917.698413068196, 24461.790981507595, 32917.698413068196, 30588.705805243935, 24663.766266637427, 30588.705805243935
276, 32917.698413068196, 24461.790981507595, 32917.698413068196, 30585.351406916412, 24663.00943182612, 30585.351406916412
277, 32917.698413068196, 24461.790981507595, 32917.698413068196, 30586.818276039252, 24660.813182982172, 30586.818276039252
278, 32917.698413068196, 24461.790981507595, 32917.698413068196, 30602.21135054514, 24662.97874810804, 30602.21135054514
279, 32917.698413068196, 24461.790981507595, 32917.698413068196, 30547.631256491008, 24661.3613792291, 30547.631256491008
280, 32917.698413068196, 24461.790981507595, 32917.698413068196, 30556.082722832787, 24661.50332653539, 30556.082722832787
281, 32917.698413068196, 24461.790981507595, 32917.698413068196, 30578.6641890865, 24659.408822538768, 30578.6641890865
282, 32917.698413068196, 24461.790981507595, 32917.698413068196, 30602.942374142833, 24659.529322511084, 30602.942374142833
283, 32938.11097075301, 24608.104679617576, 32938.11097075301, 30590.8626268002, 24655.118679965384, 30590.8626268002
284, 32938.11097075301, 24608.104679617576, 32938.11097075301, 30654.662593489906, 24652.026762433867, 30654.662593489906
285, 32938.11097075301, 24608.104679617576, 32938.11097075301, 30571.824884970305, 24645.816884362073, 30571.824884970305
286, 32938.11097075301, 24608.104679617576, 32938.11097075301, 30629.270817895947, 24633.59529592426, 30629.270817895947
287, 32938.11097075301, 24608.104679617576, 32938.11097075301, 30615.049373167323, 24617.919455575513, 30615.049373167323
288, 33025.01275095683, 24542.831818956733, 33025.01275095683, 30619.900422922852, 24584.47727213219, 30619.900422922852
289, 33025.01275095683, 24542.831818956733, 33025.01275095683, 30572.408735624642, 24531.079666861217, 30572.408735624642
290, 33025.01275095683, 24542.831818956733, 33025.01275095683, 30620.35533373118, 24527.329194551377, 30620.35533373118
291, 33025.01275095683, 24542.831818956733, 33025.01275095683, 30592.05317476797, 24532.19671533293, 30592.05317476797
292, 33025.01275095683, 24542.831818956733, 33025.01275095683, 30621.49244654314, 24542.177259368036, 30621.49244654314
293, 33025.01275095683, 24542.831818956733, 33025.01275095683, 30612.414112469145, 24562.38150583339, 30612.414112469145
294, 33025.01275095683, 24542.831818956733, 33025.01275095683, 30639.020851507532, 24612.567967217976, 30639.020851507532
295, 33025.01275095683, 24542.831818956733, 33025.01275095683, 30610.269594169175, 24613.571102533693, 30610.269594169175
296, 33025.01275095683, 24542.831818956733, 33025.01275095683, 30647.060022911104, 24606.784737655515, 30647.060022911104
297, 33025.01275095683, 24542.831818956733, 33025.01275095683, 30641.527210598648, 24592.876242576014, 30641.527210598648
298, 33025.01275095683, 24542.831818956733, 33025.01275095683, 30681.639782112437, 24579.546374904952, 30681.639782112437
299, 33025.01275095683, 24542.831818956733, 33025.01275095683, 30675.277617050964, 24576.514477092973, 30675.277617050964
300, 33025.01275095683, 24542.831818956733, 33025.01275095683, 30643.559341244054, 24575.906413685054, 30643.559341244054
301, 33025.01275095683, 24542.831818956733, 33025.01275095683, 30655.493483028706, 24576.568271611173, 30655.493483028706
302, 33077.3065230556, 24445.824393899285, 33077.3065230556, 30656.453393050586, 24576.981035653564, 30656.453393050586
303, 33077.3065230556, 24445.824393899285, 33077.3065230556, 30696.724837754657, 24576.742501165416, 30696.724837754657
304, 33077.3065230556, 24445.824393899285, 33077.3065230556, 30644.533311276995, 24577.028566510347, 30644.533311276995
305, 33077.3065230556, 24445.824393899285, 33077.3065230556, 30678.343119582176, 24575.317243735542, 30678.343119582176
306, 33077.3065230556, 24445.824393899285, 33077.3065230556, 30682.45073597088, 24573.515588264378, 30682.45073597088
307, 33077.3065230556, 24445.824393899285, 33077.3065230556, 30684.772653312688, 24573.346393826116, 30684.772653312688
308, 33077.3065230556, 24445.824393899285, 33077.3065230556, 30701.88709114299, 24569.707117801077, 30701.88709114299
309, 33077.440441370265, 24442.365734877465, 33077.440441370265, 30693.100150199574, 24563.58288678021, 30693.100150199574
310, 33077.440441370265, 24442.365734877465, 33077.440441370265, 30647.189704100358, 24553.543096781923, 30647.189704100358
311, 33077.440441370265, 24442.365734877465, 33077.440441370265, 30700.093343939552, 24540.653149386508, 30700.093343939552
312, 33077.440441370265, 24442.365734877465, 33077.440441370265, 30677.737433100374, 24520.29297218402, 30677.737433100374
313, 33077.440441370265, 24442.365734877465, 33077.440441370265, 30744.061927720984, 24507.991630289092, 30744.061927720984
314, 33077.440441370265, 24442.365734877465, 33077.440441370265, 30742.54855188481, 24508.999485097815, 30742.54855188481
315, 33077.440441370265, 24442.365734877465, 33077.440441370265, 30639.213980072665, 24509.39944395286, 30639.213980072665
316, 33077.440441370265, 24442.365734877465, 33077.440441370265, 30735.123279790416, 24509.414285860945, 30735.123279790416
317, 33077.440441370265, 24442.365734877465, 33077.440441370265, 30720.329588939847, 24507.395077271933, 30720.329588939847
318, 33077.440441370265, 24442.365734877465, 33077.440441370265, 30714.146062195596, 24508.55983258343, 30714.146062195596
319, 33077.440441370265, 24442.365734877465, 33077.440441370265, 30723.543259454073, 24508.08282416569, 30723.543259454073
320, 33089.63769655263, 24509.88696709808, 33089.63769655263, 30706.93403952883, 24508.626181076826, 30706.93403952883
321, 33089.63769655263, 24509.88696709808, 33089.63769655263, 30740.54424280452, 24506.191755342577, 30740.54424280452
322, 33126.870503498205, 24621.097015254785, 33126.870503498205, 30672.945527133354, 24509.17612617066, 30672.945527133354
323, 33126.870503498205, 24621.097015254785, 33126.870503498205, 30737.175934820203, 24508.29855952292, 30737.175934820203
324, 33126.870503498205, 24621.097015254785, 33126.870503498205, 30684.816971999855, 24509.722053747937, 30684.816971999855
325, 33126.870503498205, 24621.097015254785, 33126.870503498205, 30675.013399297568, 24511.22355080632, 30675.013399297568
326, 33126.870503498205, 24621.097015254785, 33126.870503498205, 30726.247517399494, 24514.11625104013, 30726.247517399494
327, 33126.870503498205, 24621.097015254785, 33126.870503498205, 30688.588025372046, 24518.459849512037, 30688.588025372046
328, 33126.870503498205, 24621.097015254785, 33126.870503498205, 30705.13831572903, 24531.91315675969, 30705.13831572903
329, 33126.870503498205, 24621.097015254785, 33126.870503498205, 30729.66595374217, 24545.293956428555, 30729.66595374217
330, 33126.870503498205, 24621.097015254785, 33126.870503498205, 30723.561314504248, 24561.100458209425, 30723.561314504248
331, 33126.870503498205, 24621.097015254785, 33126.870503498205, 30758.708404623707, 24579.91196005594, 30758.708404623707
332, 33126.870503498205, 24621.097015254785, 33126.870503498205, 30699.352349366192, 24598.967011937595, 30699.352349366192
333, 33126.870503498205, 24621.097015254785, 33126.870503498205, 30727.64468465995, 24631.284058030793, 30727.64468465995
334, 33126.870503498205, 24621.097015254785, 33126.870503498205, 30705.60418934517, 24632.612016054663, 30705.60418934517
335, 33126.870503498205, 24621.097015254785, 33126.870503498205, 30744.48823125456, 24632.592580018267, 30744.48823125456
336, 33142.650655440586, 24663.293131237908, 33142.650655440586, 30754.596054954814, 24631.57001621918, 30754.596054954814
337, 33142.650655440586, 24663.293131237908, 33142.650655440586, 30787.11395482175, 24633.25235704719, 30787.11395482175
338, 33144.8114785312, 24497.423055714546, 33144.8114785312, 30779.556308290154, 24631.412586324284, 30779.556308290154
339, 33144.8114785312, 24497.423055714546, 33144.8114785312, 30706.121907920344, 24631.307191263397, 30706.121907920344
340, 33144.8114785312, 24497.423055714546, 33144.8114785312, 30746.233164952737, 24631.819888838072, 30746.233164952737
341, 33144.8114785312, 24497.423055714546, 33144.8114785312, 30673.456115538043, 24631.75027246191, 30673.456115538043
342, 33144.8114785312, 24497.423055714546, 33144.8114785312, 30711.692629898695, 24632.093858575085, 30711.692629898695
343, 33144.8114785312, 24497.423055714546, 33144.8114785312, 30734.15548828382, 24630.91235011851, 30734.15548828382
344, 33144.8114785312, 24497.423055714546, 33144.8114785312, 30776.877858285356, 24635.258858333178, 30776.877858285356
345, 33147.243873835796, 24638.690598821944, 33147.243873835796, 30767.203204847152, 24620.83258754793, 30767.203204847152
346, 33147.243873835796, 24638.690598821944, 33147.243873835796, 30764.7394610998, 24605.60287846673, 30764.7394610998
347, 33147.243873835796, 24638.690598821944, 33147.243873835796, 30760.75166486009, 24572.777840193317, 30760.75166486009
348, 33147.243873835796, 24638.690598821944, 33147.243873835796, 30751.195572445766, 24546.684393430616, 30751.195572445766
349, 33147.243873835796, 24638.690598821944, 33147.243873835796, 30735.695901541494, 24546.154688728355, 30735.695901541494
350, 33147.243873835796, 24638.690598821944, 33147.243873835796, 30765.12279621786, 24546.12055732411, 30765.12279621786
351, 33147.243873835796, 24638.690598821944, 33147.243873835796, 30728.343760853866, 24548.384377111815, 30728.343760853866
352, 33147.243873835796, 24638.690598821944, 33147.243873835796, 30745.3669751444, 24552.639102054727, 30745.3669751444
353, 33147.243873835796, 24638.690598821944, 33147.243873835796, 30714.565794378817, 24555.34048633989, 30714.565794378817
354, 33147.243873835796, 24638.690598821944, 33147.243873835796, 30724.24352755975, 24562.479430818552, 30724.24352755975
355, 33147.243873835796, 24638.690598821944, 33147.243873835796, 30763.095498537106, 24571.127576238738, 30763.095498537106
356, 33147.243873835796, 24638.690598821944, 33147.243873835796, 30719.623620605696, 24587.13433196328, 30719.623620605696
357, 33147.243873835796, 24638.690598821944, 33147.243873835796, 30717.335256135524, 24606.874358443347, 30717.335256135524
358, 33185.12386554335, 24519.95759997916, 33185.12386554335, 30752.835757452962, 24642.601589402933, 30752.835757452962
359, 33185.12386554335, 24519.95759997916, 33185.12386554335, 30735.79023242353, 24642.97641878978, 30735.79023242353
360, 33185.12386554335, 24519.95759997916, 33185.12386554335, 30758.781271244177, 24643.658407202107, 30758.781271244177
361, 33185.12386554335, 24519.95759997916, 33185.12386554335, 30759.141852736975, 24641.483561345172, 30759.141852736975
362, 33185.12386554335, 24519.95759997916, 33185.12386554335, 30779.0240943676, 24640.904525389644, 30779.0240943676
363, 33185.12386554335, 24519.95759997916, 33185.12386554335, 30749.982630507526, 24635.98847311314, 30749.982630507526
364, 33185.12386554335, 24519.95759997916, 33185.12386554335, 30774.654147375088, 24630.046353699385, 30774.654147375088
365, 33185.12386554335, 24519.95759997916, 33185.12386554335, 30758.126096687443, 24621.321905162695, 30758.126096687443
366, 33185.12386554335, 24519.95759997916, 33185.12386554335, 30696.548918165063, 24607.707139024176, 30696.548918165063
367, 33185.12386554335, 24519.95759997916, 33185.12386554335, 30832.897054016543, 24581.879663867996, 30832.897054016543
368, 33185.12386554335, 24519.95759997916, 33185.12386554335, 30803.30431667118, 24561.169507885163, 30803.30431667118
369, 33185.12386554335, 24519.95759997916, 33185.12386554335, 30783.054192603482, 24561.1123919809, 30783.054192603482
370, 33185.12386554335, 24519.95759997916, 33185.12386554335, 30783.21453793771, 24560.355654560146, 30783.21453793771
371, 33185.12386554335, 24519.95759997916, 33185.12386554335, 30814.595408723108, 24560.1040975971, 30814.595408723108
372, 33185.12386554335, 24519.95759997916, 33185.12386554335, 30804.408614296448, 24561.10889996054, 30804.408614296448
373, 33185.12386554335, 24519.95759997916, 33185.12386554335, 30792.802480262522, 24560.96978785751, 30792.802480262522
374, 33185.12386554335, 24519.95759997916, 33185.12386554335, 30755.835348276538, 24561.873341174152, 30755.835348276538
375, 33185.12386554335, 24519.95759997916, 33185.12386554335, 30756.544432264724, 24561.185466552688, 30756.544432264724
376, 33185.12386554335, 24519.95759997916, 33185.12386554335, 30748.09480287421, 24560.60127031302, 30748.09480287421
377, 33185.12386554335, 24519.95759997916, 33185.12386554335, 30782.24948237464, 24560.51280230961, 30782.24948237464
378, 33185.12386554335, 24519.95759997916, 33185.12386554335, 30795.927319319697, 24561.56707217982, 30795.927319319697
379, 33185.12386554335, 24519.95759997916, 33185.12386554335, 30747.391299824492, 24563.06061449534, 30747.391299824492
380, 33185.12386554335, 24519.95759997916, 33185.12386554335, 30787.676750550378, 24559.125468607697, 30787.676750550378
381, 33185.12386554335, 24519.95759997916, 33185.12386554335, 30768.59838558773, 24562.083434445318, 30768.59838558773
382, 33185.12386554335, 24519.95759997916, 33185.12386554335, 30779.151276072822, 24561.089399015575, 30779.151276072822
383, 33185.12386554335, 24519.95759997916, 33185.12386554335, 30759.16982139214, 24561.365581101556, 30759.16982139214
384, 33185.12386554335, 24519.95759997916, 33185.12386554335, 30795.40085199387, 24561.293536986388, 30795.40085199387
385, 33185.12386554335, 24519.95759997916, 33185.12386554335, 30756.603980928034, 24559.61537689588, 30756.603980928034
386, 33185.12386554335, 24519.95759997916, 33185.12386554335, 30795.01287161634, 24560.299690471962, 30795.01287161634
387, 33212.179859354655, 24320.44277765312, 33212.179859354655, 30782.236281021702, 24559.319820242425, 30782.236281021702
388, 33212.179859354655, 24320.44277765312, 33212.179859354655, 30809.998701600194, 24560.74591458057, 30809.998701600194
389, 33212.179859354655, 24320.44277765312, 33212.179859354655, 30841.76768178729, 24556.60920494248, 30841.76768178729
390, 33219.62210333776, 24572.331137965302, 33219.62210333776, 30788.921098506096, 24558.82554026912, 30788.921098506096
391, 33219.62210333776, 24572.331137965302, 33219.62210333776, 30794.073218256348, 24556.664647170594, 30794.073218256348
392, 33219.62210333776, 24572.331137965302, 33219.62210333776, 30754.103961497545, 24556.64652619948, 30754.103961497545
393, 33219.62210333776, 24572.331137965302, 33219.62210333776, 30749.84450134894, 24555.875279313586, 30749.84450134894
394, 33219.62210333776, 24572.331137965302, 33219.62210333776, 30764.965166719918, 24548.523432809543, 30764.965166719918
395, 33219.62210333776, 24572.331137965302, 33219.62210333776, 30842.594384701708, 24545.143622427968, 30842.594384701708
396, 33219.62210333776, 24572.331137965302, 33219.62210333776, 30752.864208389983, 24533.916729249046, 30752.864208389983
397, 33219.62210333776, 24572.331137965302, 33219.62210333776, 30832.96707982589, 24520.928085526386, 30832.96707982589
398, 33219.62210333776, 24572.331137965302, 33219.62210333776, 30809.052896179775, 24494.25722182821, 30809.052896179775
399, 33219.62210333776, 24572.331137965302, 33219.62210333776, 30766.599631290937, 24517.983981615693, 30766.599631290937
400, 33240.493652872174, 24339.606909124497, 33240.493652872174, 30811.028086370396, 24563.651125169657, 30811.028086370396
401, 33240.493652872174, 24339.606909124497, 33240.493652872174, 30799.43289462022, 24595.210182368042, 30799.43289462022
402, 33252.56009970988, 24346.80167753953, 33252.56009970988, 30753.94671084238, 24595.299067922417, 30753.94671084238
403, 33252.56009970988, 24346.80167753953, 33252.56009970988, 30835.33053810609, 24594.981517234944, 30835.33053810609
404, 33252.56009970988, 24346.80167753953, 33252.56009970988, 30849.07087962138, 24592.189010003083, 30849.07087962138
405, 33252.56009970988, 24346.80167753953, 33252.56009970988, 30831.31937278812, 24587.398773907324, 30831.31937278812
406, 33252.56009970988, 24346.80167753953, 33252.56009970988, 30773.010931479916, 24577.887285732984, 30773.010931479916
407, 33252.56009970988, 24346.80167753953, 33252.56009970988, 30820.842426558713, 24569.45815574625, 30820.842426558713
408, 33252.56009970988, 24346.80167753953, 33252.56009970988, 30792.53284319625, 24553.673540782336, 30792.53284319625
409, 33252.56009970988, 24346.80167753953, 33252.56009970988, 30826.31748748138, 24530.02342883396, 30826.31748748138
410, 33252.56009970988, 24346.80167753953, 33252.56009970988, 30809.029884840314, 24497.367652190827, 30809.029884840314
411, 33252.56009970988, 24346.80167753953, 33252.56009970988, 30785.855352796396, 24452.803060799924, 30785.855352796396
412, 33275.02277695398, 24577.938416745837, 33275.02277695398, 30789.16495645706, 24437.368968514744, 30789.16495645706
413, 33275.02277695398, 24577.938416745837, 33275.02277695398, 30813.96377588348, 24437.095453745434, 30813.96377588348
414, 33275.02277695398, 24577.938416745837, 33275.02277695398, 30820.084717457925, 24442.151242783348, 30820.084717457925
415, 33275.02277695398, 24577.938416745837, 33275.02277695398, 30820.058675806067, 24445.1135865377, 30820.058675806067
416, 33275.02277695398, 24577.938416745837, 33275.02277695398, 30831.563372284087, 24453.096910854416, 30831.563372284087
417, 33275.02277695398, 24577.938416745837, 33275.02277695398, 30835.823625272686, 24458.09541686818, 30835.823625272686
418, 33275.02277695398, 24577.938416745837, 33275.02277695398, 30838.971853225637, 24467.309711055394, 30838.971853225637
419, 33275.02277695398, 24577.938416745837, 33275.02277695398, 30812.97396075098, 24475.83104634629, 30812.97396075098
420, 33275.02277695398, 24577.938416745837, 33275.02277695398, 30834.33303360366, 24495.988506762842, 30834.33303360366
421, 33297.08783074727, 24621.67465882375, 33297.08783074727, 30834.042265993474, 24526.75086964215, 30834.042265993474
422, 33297.08783074727, 24621.67465882375, 33297.08783074727, 30842.371496997155, 24554.893042176616, 30842.371496997155
423, 33297.08783074727, 24621.67465882375, 33297.08783074727, 30834.23724869398, 24561.596636417715, 30834.23724869398
424, 33297.08783074727, 24621.67465882375, 33297.08783074727, 30815.151371964017, 24577.213962147845, 30815.151371964017
425, 33297.08783074727, 24621.67465882375, 33297.08783074727, 30892.970179423723, 24600.750111716152, 30892.970179423723
426, 33297.08783074727, 24621.67465882375, 33297.08783074727, 30819.5022872869, 24601.85597355311, 30819.5022872869
427, 33297.08783074727, 24621.67465882375, 33297.08783074727, 30854.803497749846, 24601.274481762583, 30854.803497749846
428, 33297.08783074727, 24621.67465882375, 33297.08783074727, 30869.59282334445, 24605.075164162106, 30869.59282334445
429, 33297.08783074727, 24621.67465882375, 33297.08783074727, 30866.026668299153, 24606.46338761877, 30866.026668299153
430, 33297.08783074727, 24621.67465882375, 33297.08783074727, 30834.059365089357, 24608.81450765389, 30834.059365089357
431, 33297.08783074727, 24621.67465882375, 33297.08783074727, 30850.798292806558, 24615.531957176943, 30850.798292806558
432, 33297.08783074727, 24621.67465882375, 33297.08783074727, 30827.063778544827, 24624.51944436308, 30827.063778544827
433, 33297.08783074727, 24621.67465882375, 33297.08783074727, 30848.753770763153, 24631.91442217191, 30848.753770763153
434, 33297.08783074727, 24621.67465882375, 33297.08783074727, 30861.2175024491, 24629.81507053065, 30861.2175024491
435, 33310.04167655387, 24582.213404327416, 33310.04167655387, 30857.46449827281, 24632.88427076442, 30857.46449827281
436, 33310.04167655387, 24582.213404327416, 33310.04167655387, 30883.250578426236, 24632.945542890615, 30883.250578426236
437, 33332.90295496357, 24591.104929160974, 33332.90295496357, 30834.53027754131, 24631.745468103043, 30834.53027754131
438, 33332.90295496357, 24591.104929160974, 33332.90295496357, 30879.444361456935, 24631.96335836792, 30879.444361456935
439, 33332.90295496357, 24591.104929160974, 33332.90295496357, 30854.780321744664, 24629.136241711294, 30854.780321744664
440, 33332.90295496357, 24591.104929160974, 33332.90295496357, 30867.59830267137, 24629.45014043419, 30867.59830267137
441, 33332.90295496357, 24591.104929160974, 33332.90295496357, 30843.165641494914, 24627.01718357955, 30843.165641494914
442, 33332.90295496357, 24591.104929160974, 33332.90295496357, 30885.45022323615, 24624.07857593144, 30885.45022323615
443, 33332.90295496357, 24591.104929160974, 33332.90295496357, 30860.8753305011, 24619.29805731241, 30860.8753305011
444, 33332.90295496357, 24591.104929160974, 33332.90295496357, 30885.736608399988, 24613.976488089476, 30885.736608399988
445, 33332.90295496357, 24591.104929160974, 33332.90295496357, 30907.202279586727, 24607.11275813038, 30907.202279586727
446, 33332.90295496357, 24591.104929160974, 33332.90295496357, 30897.835602208244, 24607.645327650625, 30897.835602208244
447, 33332.90295496357, 24591.104929160974, 33332.90295496357, 30850.925218405413, 24610.371635808126, 30850.925218405413
448, 33332.90295496357, 24591.104929160974, 33332.90295496357, 30887.109620279665, 24609.69241287155, 30887.109620279665
449, 33341.56905418357, 24477.641180084993, 33341.56905418357, 30862.446760119972, 24610.456863165586, 30862.446760119972
450, 33341.56905418357, 24477.641180084993, 33341.56905418357, 30869.16933437859, 24610.92959190974, 30869.16933437859
451, 33341.56905418357, 24477.641180084993, 33341.56905418357, 30892.718947723693, 24609.13327958763, 30892.718947723693
452, 33352.80876295149, 24650.198694079772, 33352.80876295149, 30893.56718086158, 24607.002303044217, 30893.56718086158
453, 33352.80876295149, 24650.198694079772, 33352.80876295149, 30827.936391826584, 24607.501361792543, 30827.936391826584
454, 33352.80876295149, 24650.198694079772, 33352.80876295149, 30886.970513611315, 24606.279118637132, 30886.970513611315
455, 33352.80876295149, 24650.198694079772, 33352.80876295149, 30882.064306859524, 24606.709095660968, 30882.064306859524
456, 33384.260154201525, 24581.24073962232, 33384.260154201525, 30881.494131949912, 24602.468882910758, 30881.494131949912
457, 33384.260154201525, 24581.24073962232, 33384.260154201525, 30889.868659401658, 24596.879006187602, 30889.868659401658
458, 33384.260154201525, 24581.24073962232, 33384.260154201525, 30886.327362512835, 24580.65352419346, 30886.327362512835
459, 33384.260154201525, 24581.24073962232, 33384.260154201525, 30907.862188695282, 24560.72991131555, 30907.862188695282
460, 33384.260154201525, 24581.24073962232, 33384.260154201525, 30868.49760138535, 24586.01886181141, 30868.49760138535
461, 33384.260154201525, 24581.24073962232, 33384.260154201525, 30886.29080261066, 24614.119174995216, 30886.29080261066
462, 33384.260154201525, 24581.24073962232, 33384.260154201525, 30843.946938263405, 24647.003731971185, 30843.946938263405
463, 33384.260154201525, 24581.24073962232, 33384.260154201525, 30895.59559172854, 24645.332004434124, 30895.59559172854
464, 33384.260154201525, 24581.24073962232, 33384.260154201525, 30926.363886339394, 24639.42608522319, 30926.363886339394
465, 33384.260154201525, 24581.24073962232, 33384.260154201525, 30899.106634510328, 24635.339877750343, 30899.106634510328
466, 33384.260154201525, 24581.24073962232, 33384.260154201525, 30923.6702332705, 24627.17410061406, 30923.6702332705
467, 33384.260154201525, 24581.24073962232, 33384.260154201525, 30918.551800073594, 24612.66126423712, 30918.551800073594
468, 33384.260154201525, 24581.24073962232, 33384.260154201525, 30906.544342131838, 24603.264669204484, 30906.544342131838
469, 33384.260154201525, 24581.24073962232, 33384.260154201525, 30925.004324155623, 24602.46772563708, 30925.004324155623
470, 33426.48419910545, 24539.81975047944, 33426.48419910545, 30944.790401290487, 24603.68894041799, 30944.790401290487
471, 33426.48419910545, 24539.81975047944, 33426.48419910545, 30891.36709504087, 24604.198501376413, 30891.36709504087
472, 33482.24263759908, 24611.734785121953, 33482.24263759908, 30882.82336412729, 24602.866387095823, 30882.82336412729
473, 33482.24263759908, 24611.734785121953, 33482.24263759908, 30877.22642802825, 24606.043601422076, 30877.22642802825
474, 33482.24263759908, 24611.734785121953, 33482.24263759908, 30912.638865764988, 24604.081210818404, 30912.638865764988
475, 33482.24263759908, 24611.734785121953, 33482.24263759908, 30893.840146120292, 24605.69974606704, 30893.840146120292
476, 33482.24263759908, 24611.734785121953, 33482.24263759908, 30888.768742756864, 24607.085090656485, 30888.768742756864
477, 33482.24263759908, 24611.734785121953, 33482.24263759908, 30919.854335313536, 24605.63254140802, 30919.854335313536
478, 33482.24263759908, 24611.734785121953, 33482.24263759908, 30932.429835699993, 24607.60987968159, 30932.429835699993
479, 33482.24263759908, 24611.734785121953, 33482.24263759908, 30986.782787094246, 24609.431089410748, 30986.782787094246
480, 33482.24263759908, 24611.734785121953, 33482.24263759908, 30969.64442619898, 24615.498222249305, 30969.64442619898
481, 33482.24263759908, 24611.734785121953, 33482.24263759908, 30952.204579780893, 24607.723325359548, 30952.204579780893
482, 33482.24263759908, 24611.734785121953, 33482.24263759908, 30957.061778606825, 24624.798239672305, 30957.061778606825
483, 33482.24263759908, 24611.734785121953, 33482.24263759908, 30970.07137621846, 24624.921435154065, 30970.07137621846
484, 33482.24263759908, 24611.734785121953, 33482.24263759908, 30982.19202851686, 24625.463005994243, 30982.19202851686
485, 33482.24263759908, 24611.734785121953, 33482.24263759908, 30979.703568989647, 24625.23924836071, 30979.703568989647
486, 33482.24263759908, 24611.734785121953, 33482.24263759908, 30961.525263076768, 24625.584572598855, 30961.525263076768
487, 33482.24263759908, 24611.734785121953, 33482.24263759908, 31020.277240210813, 24624.182042447777, 31020.277240210813
488, 33482.24263759908, 24611.734785121953, 33482.24263759908, 30974.17058445849, 24626.165213996457, 30974.17058445849
489, 33482.24263759908, 24611.734785121953, 33482.24263759908, 31003.141941858856, 24624.84709629297, 31003.141941858856
490, 33482.24263759908, 24611.734785121953, 33482.24263759908, 30967.759783923608, 24624.464971456062, 30967.759783923608
491, 33482.24263759908, 24611.734785121953, 33482.24263759908, 31041.85638678169, 24622.7416655486, 31041.85638678169
492, 33595.68285312285, 24653.19753363014, 33595.68285312285, 30996.256126652635, 24626.91639593204, 30996.256126652635
493, 33595.68285312285, 24653.19753363014, 33595.68285312285, 31000.325215289857, 24625.891017867172, 31000.325215289857
494, 33595.68285312285, 24653.19753363014, 33595.68285312285, 31037.135897861925, 24625.004907204067, 31037.135897861925
495, 33595.68285312285, 24653.19753363014, 33595.68285312285, 30978.02799844901, 24624.675055035917, 30978.02799844901
496, 33595.68285312285, 24653.19753363014, 33595.68285312285, 31023.76717132699, 24625.588549435084, 31023.76717132699
497, 33595.68285312285, 24653.19753363014, 33595.68285312285, 30964.450883674483, 24623.973986582776, 30964.450883674483
498, 33595.68285312285, 24653.19753363014, 33595.68285312285, 30992.072216573, 24625.61980780127, 30992.072216573
499, 33595.68285312285, 24653.19753363014, 33595.68285312285, 30983.156728432834, 24629.04814465898, 30983.156728432834
500, 33595.68285312285, 24653.19753363014, 33595.68285312285, 30997.26346332587, 24630.568087319447, 30997.26346332587
