1, 26620.965881019754, 24681.121813345588, 26620.965881019754, 25036.149597676842, 24658.890656437445, 25036.149597676842
2, 26886.15425701559, 24607.374592167806, 26886.15425701559, 23411.373205786316, 24641.007055369984, 25896.5688186012
3, 27424.105868834165, 24131.22643597067, 27424.105868834165, 26093.376992211088, 24537.259697825208, 26540.790195300902
4, 27718.76572501809, 24114.3238112521, 27718.76572501809, 27101.42345262339, 24360.154359628083, 27101.42345262339
5, 27989.97609859003, 24214.381240105966, 27989.97609859003, 27446.614702270086, 24298.263889099406, 27446.614702270086
6, 28220.216020878506, 24258.663125455787, 28220.216020878506, 27549.877506272715, 24271.335004677312, 27702.28708630586
7, 28717.36224529749, 24286.85294172527, 28717.36224529749, 27852.91805388416, 24291.7596578543, 28008.571388591663
8, 28970.81805688787, 24576.779033317613, 28970.81805688787, 27280.348076541053, 24392.914748342217, 28379.859050126972
9, 29049.891240722653, 24542.75328530171, 29049.891240722653, 26270.886663140274, 24493.968965640404, 28646.82161548594
10, 29259.717709765857, 24592.2515746121, 29259.717709765857, 26092.568898166053, 24551.066345840594, 28792.30765517591
11, 29319.771153543163, 24617.328489314434, 29319.771153543163, 26214.28054757016, 24557.551902705, 28928.443427221635
12, 29472.69415357255, 24506.655563748598, 29472.69415357255, 26657.01442397941, 24547.537921240037, 29066.52198930827
13, 29673.78927723755, 24622.08301213553, 29673.78927723755, 26943.902952698925, 24548.306183639652, 29196.316579475293
14, 29675.80018566751, 24536.812983203, 29675.80018566751, 26579.57806250589, 24563.35070899778, 29335.06721868124
15, 29773.122351669186, 24674.862908045056, 29773.122351669186, 27013.645027083592, 24553.503636003854, 29444.82446974746
16, 29935.589639346286, 24450.696796563407, 29935.589639346286, 24828.912124345494, 24575.932336141104, 29543.26572460766
17, 30030.169054287988, 24471.613153595397, 30030.169054287988, 28009.918312294143, 24528.823844009516, 29643.965087124034
18, 30364.65374517814, 24261.851525840724, 30364.65374517814, 28110.503305591454, 24542.240430738937, 29744.146055410652
19, 30456.97913738705, 24345.520609112617, 30456.97913738705, 29421.86875651803, 24501.37069631063, 29917.014290250823
20, 30512.92957192311, 24481.20808935674, 30512.92957192311, 29773.929279490512, 24425.467419601762, 30106.43043461239
21, 30557.6453110796, 24411.873592987784, 30557.6453110796, 26937.706616223095, 24453.73730896362, 30260.494772667582
22, 30696.693349732934, 24579.23990529401, 30696.693349732934, 29506.08918253229, 24418.48441960043, 30341.19721992874
23, 30696.693349732934, 24579.23990529401, 30696.693349732934, 26744.633164020783, 24463.806050231226, 30424.16128887449
24, 30812.340804318017, 24661.44253032864, 30812.340804318017, 26803.6127981284, 24505.525286975608, 30485.23267794875
25, 30812.340804318017, 24661.44253032864, 30812.340804318017, 25839.13365706026, 24533.761758865992, 30541.045421720497
26, 30812.340804318017, 24661.44253032864, 30812.340804318017, 26391.150646213846, 24569.457763084327, 30589.23469509045
27, 30874.755025195085, 24538.301167533566, 30874.755025195085, 25759.33051281169, 24611.712903414234, 30613.162864344267
28, 31055.85699903417, 24672.70507261758, 31055.85699903417, 27647.734491596602, 24583.906427344533, 30672.71624267395
29, 31158.250973499613, 24646.39833515638, 31158.250973499613, 26353.10461700379, 24623.345189439344, 30747.528007486366
30, 31158.250973499613, 24646.39833515638, 31158.250973499613, 25388.55370561887, 24614.122295570985, 30815.180092505598
31, 31158.250973499613, 24646.39833515638, 31158.250973499613, 25776.147521395982, 24607.936811623695, 30863.723109235874
32, 31260.918525653404, 24442.37715520111, 31260.918525653404, 29545.667483412533, 24552.42840598876, 30901.63530028157
33, 31319.067526046307, 24166.571184365934, 31319.067526046307, 29805.205894422077, 24525.45516106322, 30999.257404712054
34, 31390.209555396803, 24164.888575352863, 31390.209555396803, 31082.65950561562, 24474.772827697278, 31082.65950561562
35, 31476.16082373801, 24388.21925028931, 31476.16082373801, 31141.70914189846, 24410.930975272317, 31141.70914189846
36, 31476.16082373801, 24388.21925028931, 31476.16082373801, 30344.456189197033, 24420.96792676081, 31200.45758455418
37, 31483.51439426112, 24385.904579880193, 31483.51439426112, 30393.657702162192, 24415.981020798226, 31250.99425018474
38, 31548.602587788104, 24455.044819495706, 31548.602587788104, 29928.19174056585, 24437.50661984757, 31294.818883353193
39, 31548.602587788104, 24455.044819495706, 31548.602587788104, 30134.703483885238, 24430.249163012457, 31334.93814406584
40, 31548.602587788104, 24455.044819495706, 31548.602587788104, 29472.582311831455, 24477.42045523458, 31358.652624674352
41, 31572.27981771949, 24388.040245914643, 31572.27981771949, 30713.184023912283, 24441.668633822133, 31400.734341300285
42, 31652.613422580358, 24655.294864487823, 31652.613422580358, 29698.299163378495, 24500.980666291092, 31420.688440385777
43, 31652.613422580358, 24655.294864487823, 31652.613422580358, 26290.626494619846, 24553.996338688794, 31454.90063303411
44, 31652.613422580358, 24655.294864487823, 31652.613422580358, 26817.41071540656, 24559.10142808025, 31457.16040226904
45, 31652.613422580358, 24655.294864487823, 31652.613422580358, 26673.950494797173, 24576.312381961274, 31492.332771173402
46, 31702.13397005895, 24590.490218802555, 31702.13397005895, 27546.650472042842, 24583.539133535105, 31510.40657766933
47, 31702.13397005895, 24590.490218802555, 31702.13397005895, 27564.27762141395, 24550.348836426776, 31533.517807666653
48, 31736.88507824145, 24560.165861675483, 31736.88507824145, 27926.96263385427, 24549.023229672923, 31551.29984810529
49, 31752.67152833596, 24614.00417880333, 31752.67152833596, 27953.939741133872, 24566.841168785766, 31575.999045110482
50, 31759.456353946185, 24684.727236915674, 31759.456353946185, 26241.914565227322, 24617.355843188503, 31605.01459492485
51, 31842.015355320596, 24644.0707376456, 31842.015355320596, 26265.487563233495, 24678.994408406063, 31615.656132895252
52, 31842.015355320596, 24644.0707376456, 31842.015355320596, 26616.473388547936, 24664.456848097485, 31648.363837841345
53, 31842.015355320596, 24644.0707376456, 31842.015355320596, 26972.34911217206, 24642.121797983677, 31656.662828288037
54, 31842.015355320596, 24644.0707376456, 31842.015355320596, 26642.239411388735, 24627.526751739555, 31675.79455294563
55, 31862.52877809067, 24530.268457046892, 31862.52877809067, 26480.24153873197, 24619.753005868966, 31681.77935965022
56, 31977.643234951247, 24544.415679016125, 31977.643234951247, 29273.737183148496, 24585.21034555361, 31694.452827447396
57, 31977.643234951247, 24544.415679016125, 31977.643234951247, 28788.38276278309, 24605.52915589485, 31747.079850878225
58, 31977.643234951247, 24544.415679016125, 31977.643234951247, 28628.719346353824, 24623.621625905707, 31755.337534845115
59, 31977.643234951247, 24544.415679016125, 31977.643234951247, 28831.655033191782, 24590.347878361048, 31791.362703429073
60, 31977.643234951247, 24544.415679016125, 31977.643234951247, 27473.187820864045, 24612.561046300692, 31821.687979921953
61, 31988.617931225264, 24617.03357431334, 31988.617931225264, 27310.767151463642, 24617.943723745353, 31842.963026677488
62, 31988.617931225264, 24617.03357431334, 31988.617931225264, 26115.074695341274, 24602.52643602786, 31857.422243709134
63, 32031.32508395071, 24574.11357186536, 32031.32508395071, 28049.78288582211, 24597.958992243446, 31884.9369377777
64, 32034.03727529832, 24613.183931266994, 32034.03727529832, 27552.76131257366, 24620.100853671083, 31914.61032961406
65, 32067.804218730744, 24465.522440703582, 32067.804218730744, 27393.924608201905, 24618.174892601455, 31930.79558832279
66, 32108.818413738267, 24484.991032127517, 32108.818413738267, 28457.12209593063, 24580.118554977136, 31943.78562489017
67, 32158.328618055235, 24369.69742679761, 32158.328618055235, 28450.178618002028, 24596.848815788704, 31942.54506643599
68, 32345.83013673103, 24645.79227781732, 32345.83013673103, 28671.623753775224, 24613.043101033098, 32004.9578629497
69, 32345.83013673103, 24645.79227781732, 32345.83013673103, 26767.4850449423, 24633.271314069694, 32038.01848835469
70, 32374.078474069178, 24675.689917115575, 32374.078474069178, 27502.139274588826, 24615.05602246211, 32073.649972630556
71, 32374.078474069178, 24675.689917115575, 32374.078474069178, 26477.151875790867, 24628.125132500525, 32110.649206508275
72, 32374.078474069178, 24675.689917115575, 32374.078474069178, 26507.34606146773, 24621.69679641068, 32148.60389655368
73, 32374.078474069178, 24675.689917115575, 32374.078474069178, 26716.692272755176, 24640.003386237622, 32181.923044128365
74, 32391.021731403147, 24434.717003593996, 32391.021731403147, 26917.48975564741, 24622.87920306601, 32202.553176729634
75, 32424.85030066656, 24653.411711234152, 32424.85030066656, 30490.667682050364, 24602.531808985008, 32245.062611643665
76, 32424.85030066656, 24653.411711234152, 32424.85030066656, 27520.672582979223, 24652.808920613996, 32281.80344204573
77, 32424.85030066656, 24653.411711234152, 32424.85030066656, 27357.15772363097, 24681.76034235752, 32291.261809102256
78, 32424.85030066656, 24653.411711234152, 32424.85030066656, 26307.33464165982, 24695.449486821642, 32308.490335572344
79, 32449.944659309265, 24644.428514499035, 32449.944659309265, 26143.603773584033, 24700.284722150718, 32324.64700972491
80, 32449.944659309265, 24644.428514499035, 32449.944659309265, 27023.399440201632, 24683.177216841348, 32316.236717983957
81, 32449.944659309265, 24644.428514499035, 32449.944659309265, 27555.958203031376, 24678.876480503313, 32321.20271191531
82, 32531.152980322826, 24618.175242493686, 32531.152980322826, 30399.405906804775, 24629.923806857292, 32344.707610025685
83, 32592.420462926104, 24584.659465379904, 32592.420462926104, 27758.707722020703, 24646.5180787628, 32360.024822638643
84, 32592.420462926104, 24584.659465379904, 32592.420462926104, 27951.50622163148, 24641.46118772321, 32384.110771417883
85, 32592.420462926104, 24584.659465379904, 32592.420462926104, 27964.38519482837, 24619.165351887135, 32398.605777025088
86, 32592.420462926104, 24584.659465379904, 32592.420462926104, 27622.133784789607, 24613.318672867237, 32408.477221335183
87, 32592.420462926104, 24584.659465379904, 32592.420462926104, 27810.671765426046, 24606.332769036548, 32412.618709603084
88, 32609.595354071953, 24528.058638810995, 32609.595354071953, 28544.678795546184, 24574.707710707786, 32442.144021624143
89, 32609.595354071953, 24528.058638810995, 32609.595354071953, 29975.081812677246, 24592.440058292483, 32458.47752856677
90, 32609.595354071953, 24528.058638810995, 32609.595354071953, 28924.482135589024, 24586.380331053297, 32465.415137143274
91, 32689.56398992139, 24630.250263636848, 32689.56398992139, 29301.781292354044, 24612.556705630795, 32489.58780830185
92, 32693.410119018114, 24643.805988474574, 32693.410119018114, 26475.672713959437, 24646.1015778378, 32520.565986751328
93, 32693.410119018114, 24643.805988474574, 32693.410119018114, 27557.207106920825, 24627.17997229448, 32534.54391224106
94, 32693.410119018114, 24643.805988474574, 32693.410119018114, 27216.103192047292, 24634.131934348603, 32554.453969185855
95, 32693.410119018114, 24643.805988474574, 32693.410119018114, 27042.61215128726, 24649.153489979748, 32550.772271784976
96, 32693.410119018114, 24643.805988474574, 32693.410119018114, 26871.275611306868, 24654.274486127324, 32558.7448638421
97, 32693.410119018114, 24643.805988474574, 32693.410119018114, 26887.455906930103, 24659.27237676703, 32577.38229503344
98, 32761.210093518253, 24577.09174082287, 32761.210093518253, 27973.239562748135, 24645.274873284914, 32603.314863265277
99, 32761.210093518253, 24577.09174082287, 32761.210093518253, 28174.747664088576, 24650.978831717068, 32623.84166736908
100, 32824.999250289125, 24641.30835210401, 32824.999250289125, 26040.21145223173, 24683.26318736139, 32635.53607491395
101, 32824.999250289125, 24641.30835210401, 32824.999250289125, 27115.010006780354, 24674.95170686302, 32642.319199964793
102, 32824.999250289125, 24641.30835210401, 32824.999250289125, 26943.0277566042, 24677.908598505375, 32654.41694183537
103, 32824.999250289125, 24641.30835210401, 32824.999250289125, 26941.277283988868, 24674.694139979114, 32653.393701120327
104, 32824.999250289125, 24641.30835210401, 32824.999250289125, 27481.731558850126, 24667.99219170003, 32656.551720689873
105, 32824.999250289125, 24641.30835210401, 32824.999250289125, 26601.000008015442, 24667.07851859456, 32673.58023916477
106, 32824.999250289125, 24641.30835210401, 32824.999250289125, 27153.332546400812, 24652.963384925173, 32689.314176819353
107, 32824.999250289125, 24641.30835210401, 32824.999250289125, 28429.900120695962, 24634.934227504655, 32710.729082687365
108, 32824.999250289125, 24641.30835210401, 32824.999250289125, 28266.782124660986, 24671.54017278964, 32719.40079875313
109, 32824.999250289125, 24641.30835210401, 32824.999250289125, 27568.91157164104, 24671.463731077372, 32751.819211132435
110, 32903.97296145595, 24594.256453028418, 32903.97296145595, 30966.064707966783, 24625.699285836614, 32757.388520968667
111, 32916.738514722594, 24537.672612237056, 32916.738514722594, 27398.71116026269, 24666.974047502335, 32762.1082010191
112, 32916.738514722594, 24537.672612237056, 32916.738514722594, 29726.737264230913, 24643.672919562883, 32769.74548867038
113, 32916.738514722594, 24537.672612237056, 32916.738514722594, 29546.850988082875, 24638.222811174142, 32767.093363905224
114, 32916.738514722594, 24537.672612237056, 32916.738514722594, 29010.021691902486, 24639.760304281983, 32768.13053008076
115, 32916.738514722594, 24537.672612237056, 32916.738514722594, 27403.575296274586, 24639.195851026, 32768.61517662043
116, 32994.35612629296, 24586.234285575498, 32994.35612629296, 28855.546167939476, 24599.710781667356, 32784.591562792135
117, 33120.984926306926, 24580.980793832096, 33120.984926306926, 28690.34700167046, 24572.967564586965, 32808.23698660253
118, 33120.984926306926, 24580.980793832096, 33120.984926306926, 28359.200003428035, 24551.148910769327, 32860.4201825916
119, 33120.984926306926, 24580.980793832096, 33120.984926306926, 28552.855422646848, 24515.66080208964, 32873.95096382015
120, 33120.984926306926, 24580.980793832096, 33120.984926306926, 27842.03134052898, 24564.852414364825, 32883.16948419497
121, 33120.984926306926, 24580.980793832096, 33120.984926306926, 28401.36144522254, 24595.896208443864, 32905.799981197524
122, 33123.00919107673, 24578.177052277555, 33123.00919107673, 27687.921772221216, 24604.435013375612, 32895.7699385361
123, 33295.0107434933, 24445.457799013333, 33295.0107434933, 28619.129491081017, 24614.309448910288, 32934.02608162841
124, 33330.85003222457, 24622.630130077243, 33330.85003222457, 30641.7031157824, 24580.03485409333, 32991.325965081945
125, 33330.85003222457, 24622.630130077243, 33330.85003222457, 28152.614408276422, 24605.787609087165, 33041.37122170259
126, 33330.85003222457, 24622.630130077243, 33330.85003222457, 28163.775499917265, 24599.40853399963, 33051.61212219765
127, 33330.85003222457, 24622.630130077243, 33330.85003222457, 28176.906180208905, 24597.153234926547, 33062.854227466
128, 33330.85003222457, 24622.630130077243, 33330.85003222457, 28752.82069343828, 24597.88320895521, 33099.27371131856
129, 33330.85003222457, 24622.630130077243, 33330.85003222457, 28400.501070833907, 24602.09040259386, 33101.79880673722
130, 33330.85003222457, 24622.630130077243, 33330.85003222457, 27877.721264242467, 24596.43101834925, 33122.00562133282
131, 33330.85003222457, 24622.630130077243, 33330.85003222457, 28085.57398521764, 24616.400067735503, 33155.4439942113
132, 33377.30169428916, 24612.290180763383, 33377.30169428916, 28298.78287444981, 24593.230624500124, 33172.997533313144
133, 33417.483598844134, 24490.29994856379, 33417.483598844134, 30522.928364656676, 24562.12809930232, 33250.48564753087
134, 33417.483598844134, 24490.29994856379, 33417.483598844134, 29796.971313935, 24530.633531135718, 33240.2792878553
135, 33526.263028630616, 24512.32831351313, 33526.263028630616, 30531.817091269226, 24549.51851874535, 33250.541750424476
136, 33526.263028630616, 24512.32831351313, 33526.263028630616, 30011.254745845785, 24602.43710272468, 33289.357017717906
137, 33526.263028630616, 24512.32831351313, 33526.263028630616, 29665.02609121949, 24615.884190318688, 33299.021294935505
138, 33526.263028630616, 24512.32831351313, 33526.263028630616, 30403.14254904845, 24604.82744511383, 33312.87849652535
139, 33526.263028630616, 24512.32831351313, 33526.263028630616, 30959.722685011395, 24581.804220814865, 33328.776091516476
140, 33643.27018976293, 24608.896818436908, 33643.27018976293, 30636.565012674782, 24538.73837285079, 33364.32524378569
141, 33643.27018976293, 24608.896818436908, 33643.27018976293, 27922.268495745866, 24568.790007997333, 33406.018513189956
142, 33725.672150740815, 24676.314751076858, 33725.672150740815, 28103.773364320055, 24581.5602488794, 33413.86196885042
143, 33725.672150740815, 24676.314751076858, 33725.672150740815, 27757.62045232238, 24605.47075524677, 33438.90003024998
144, 33725.672150740815, 24676.314751076858, 33725.672150740815, 28526.54008254316, 24597.593304601192, 33479.129284305745
145, 33725.672150740815, 24676.314751076858, 33725.672150740815, 27261.110380464823, 24594.172347213258, 33482.96330661302
146, 33725.672150740815, 24676.314751076858, 33725.672150740815, 27274.860744871603, 24589.038672108665, 33503.43593338066
147, 33725.672150740815, 24676.314751076858, 33725.672150740815, 26918.88595621946, 24602.28124347425, 33511.20226161434
148, 33725.672150740815, 24676.314751076858, 33725.672150740815, 27851.042510489577, 24597.621573079625, 33531.27644426906
149, 33725.672150740815, 24676.314751076858, 33725.672150740815, 27130.42056196599, 24646.42118748958, 33544.46849727646
150, 33725.672150740815, 24676.314751076858, 33725.672150740815, 27510.310377277518, 24652.473772619775, 33552.750839716326
151, 33725.672150740815, 24676.314751076858, 33725.672150740815, 27173.047219494332, 24662.523149978922, 33576.4467523195
152, 33725.672150740815, 24676.314751076858, 33725.672150740815, 26642.533785679956, 24688.30003720493, 33595.389671190234
153, 33725.672150740815, 24676.314751076858, 33725.672150740815, 27579.391624039617, 24703.414362264935, 33621.05729140736
154, 33725.672150740815, 24676.314751076858, 33725.672150740815, 28320.172392307475, 24706.58744490045, 33629.84501512642
155, 33725.672150740815, 24676.314751076858, 33725.672150740815, 27595.059290897192, 24708.980909040623, 33630.97143553576
156, 33725.672150740815, 24676.314751076858, 33725.672150740815, 28143.5358411974, 24707.946447959443, 33641.499329954706
157, 33771.0768076254, 24593.155678299823, 33771.0768076254, 28880.420396266476, 24691.765505018746, 33640.184191893786
158, 33771.0768076254, 24593.155678299823, 33771.0768076254, 28145.12161186864, 24695.032862416392, 33646.407788093056
159, 33771.0768076254, 24593.155678299823, 33771.0768076254, 30165.145115030704, 24678.866301388367, 33637.318389661734
160, 33771.0768076254, 24593.155678299823, 33771.0768076254, 29612.239503162564, 24680.783108901724, 33650.98683715966
161, 33771.0768076254, 24593.155678299823, 33771.0768076254, 28142.587159450723, 24692.564642278892, 33635.80841592044
162, 33771.0768076254, 24593.155678299823, 33771.0768076254, 29062.34668998686, 24680.345523062362, 33646.847947804825
163, 33771.0768076254, 24593.155678299823, 33771.0768076254, 29251.574438574902, 24671.59449089381, 33642.56144248842
164, 33771.0768076254, 24593.155678299823, 33771.0768076254, 29261.91946957916, 24670.272228888174, 33659.36649920206
165, 33771.0768076254, 24593.155678299823, 33771.0768076254, 27790.114064300575, 24668.46664942634, 33656.27592980947
166, 33771.0768076254, 24593.155678299823, 33771.0768076254, 28165.478438355636, 24639.043256246914, 33665.53978940332
167, 33771.0768076254, 24593.155678299823, 33771.0768076254, 28722.140077047694, 24620.792018709224, 33674.81581135269
168, 33781.244900093654, 24557.0295466382, 33781.244900093654, 30558.15352603676, 24611.01650903219, 33676.4754438524
169, 33781.244900093654, 24557.0295466382, 33781.244900093654, 29642.41159132645, 24617.320614546225, 33682.669695719465
170, 33813.44783129312, 24633.033228449432, 33813.44783129312, 27080.515116542618, 24642.52087361446, 33686.43213623026
171, 33813.44783129312, 24633.033228449432, 33813.44783129312, 27262.736786359943, 24641.560530957548, 33684.966378362806
172, 33813.44783129312, 24633.033228449432, 33813.44783129312, 27633.929604289853, 24639.907936395095, 33690.076478990166
173, 33813.44783129312, 24633.033228449432, 33813.44783129312, 28002.787977997967, 24634.61026985723, 33682.88502164269
174, 33813.44783129312, 24633.033228449432, 33813.44783129312, 27449.420626351886, 24646.391670898418, 33683.15605158011
175, 33813.44783129312, 24633.033228449432, 33813.44783129312, 28556.96882589704, 24633.57543858146, 33695.31063524053
176, 33824.39431995275, 24596.912368956277, 33824.39431995275, 28186.131601031124, 24641.58392186767, 33696.151594237
177, 33824.39431995275, 24596.912368956277, 33824.39431995275, 28565.602782256723, 24631.831392343134, 33699.97042471439
178, 33824.39431995275, 24596.912368956277, 33824.39431995275, 28385.643246957454, 24624.955132439754, 33712.382414320105
179, 33824.39431995275, 24596.912368956277, 33824.39431995275, 28763.945409570766, 24638.425513473, 33714.52548156604
180, 33824.39431995275, 24596.912368956277, 33824.39431995275, 28397.710418920396, 24657.407663963757, 33735.43885805057
181, 33824.39431995275, 24596.912368956277, 33824.39431995275, 29680.226095295853, 24655.64997721995, 33710.92248418423
182, 33824.39431995275, 24596.912368956277, 33824.39431995275, 28584.780192773258, 24657.301439295363, 33726.31267528437
183, 33824.39431995275, 24596.912368956277, 33824.39431995275, 28212.661786760607, 24659.577707989032, 33722.17755688831
184, 33824.39431995275, 24596.912368956277, 33824.39431995275, 29315.370773067283, 24655.394044206474, 33719.563981958345
185, 33824.39431995275, 24596.912368956277, 33824.39431995275, 29134.64105245066, 24657.834947572905, 33721.996993821806
186, 33824.39431995275, 24596.912368956277, 33824.39431995275, 29129.87244094205, 24655.147986801076, 33720.016287147715
187, 33824.39431995275, 24596.912368956277, 33824.39431995275, 28032.288985082414, 24660.40959811612, 33717.405495927145
188, 33824.39431995275, 24596.912368956277, 33824.39431995275, 28588.43779606026, 24658.23697182968, 33718.63340990567
189, 33824.39431995275, 24596.912368956277, 33824.39431995275, 28219.681389087484, 24658.238296538795, 33726.05854830188
190, 33824.39431995275, 24596.912368956277, 33824.39431995275, 29502.377706599877, 24640.270897360686, 33718.070282383436
191, 33824.39431995275, 24596.912368956277, 33824.39431995275, 28038.15937588741, 24645.11151414629, 33718.18941202139
192, 33824.39431995275, 24596.912368956277, 33824.39431995275, 28414.5135817758, 24634.86243400753, 33733.8633826684
193, 33824.39431995275, 24596.912368956277, 33824.39431995275, 28222.475134036667, 24639.650439519464, 33729.47285625747
194, 33824.39431995275, 24596.912368956277, 33824.39431995275, 28223.960757757424, 24641.15669388489, 33725.24501177816
195, 33824.39431995275, 24596.912368956277, 33824.39431995275, 28033.538086530953, 24641.45441922981, 33729.039593201756
196, 33824.39431995275, 24596.912368956277, 33824.39431995275, 29141.68025807953, 24631.158984053236, 33725.99073166691
197, 33824.39431995275, 24596.912368956277, 33824.39431995275, 29325.54682840253, 24630.584439123944, 33736.15011874189
198, 33824.39431995275, 24596.912368956277, 33824.39431995275, 28593.381854477164, 24638.00423124634, 33735.403060364406
199, 33824.39431995275, 24596.912368956277, 33824.39431995275, 29503.22651267297, 24629.284330722247, 33730.06442267321
200, 33824.39431995275, 24596.912368956277, 33824.39431995275, 28960.545765552946, 24634.7974308936, 33733.59662862181
201, 33824.39431995275, 24596.912368956277, 33824.39431995275, 28959.160426154987, 24628.32952714076, 33726.83401671172
202, 33861.81927375713, 24585.22009079672, 33861.81927375713, 29149.264474157266, 24631.221996242923, 33744.08995522079
203, 33861.81927375713, 24585.22009079672, 33861.81927375713, 28958.373363741623, 24625.382577939727, 33742.196811967835
204, 33861.81927375713, 24585.22009079672, 33861.81927375713, 29516.662426887106, 24623.467441737346, 33742.85952982507
205, 33861.81927375713, 24585.22009079672, 33861.81927375713, 28777.34397366598, 24629.676637374032, 33742.06025408068
206, 33861.81927375713, 24585.22009079672, 33861.81927375713, 28406.72207171007, 24634.491708576254, 33736.07905160948
207, 33861.81927375713, 24585.22009079672, 33861.81927375713, 28776.64695648, 24631.71040890206, 33741.696393317194
208, 33861.81927375713, 24585.22009079672, 33861.81927375713, 29886.519678509758, 24622.571758087943, 33752.81683275669
209, 33861.81927375713, 24585.22009079672, 33861.81927375713, 28963.78847479463, 24626.488046711438, 33737.46495422133
210, 33861.81927375713, 24585.22009079672, 33861.81927375713, 27496.35975643469, 24650.93130025073, 33731.44487282314
211, 33861.81927375713, 24585.22009079672, 33861.81927375713, 28419.2392364765, 24633.14031022746, 33742.70687811412
212, 33861.81927375713, 24585.22009079672, 33861.81927375713, 28241.102141833835, 24632.518507081735, 33756.64986077358
213, 33861.81927375713, 24585.22009079672, 33861.81927375713, 28801.619244896276, 24624.445730899562, 33756.71903393655
214, 33873.85112247985, 24499.445552246103, 33873.85112247985, 31377.794091376178, 24590.433163460722, 33769.49174053892
215, 33873.85112247985, 24499.445552246103, 33873.85112247985, 29719.512715958233, 24609.643297950388, 33758.38588036893
216, 33873.85112247985, 24499.445552246103, 33873.85112247985, 30818.11865256365, 24597.751921075534, 33757.36174041805
217, 33873.85112247985, 24499.445552246103, 33873.85112247985, 30097.844094762204, 24596.56145303007, 33774.25006406546
218, 33909.61718821294, 24636.937458988967, 33909.61718821294, 28626.204869838635, 24628.09876827045, 33778.01543845464
219, 33909.61718821294, 24636.937458988967, 33909.61718821294, 28625.610238494242, 24623.74043707507, 33784.49448870968
220, 33909.61718821294, 24636.937458988967, 33909.61718821294, 28989.717482011776, 24624.320515506275, 33762.253013874106
221, 33909.61718821294, 24636.937458988967, 33909.61718821294, 27162.549787627984, 24643.04732870673, 33783.22976066349
222, 33969.91956503492, 24556.816046924363, 33969.91956503492, 29000.278228219147, 24630.8040552775, 33787.792711345064
223, 33969.91956503492, 24556.816046924363, 33969.91956503492, 29551.512115513808, 24620.788894174522, 33795.53223714904
224, 33969.91956503492, 24556.816046924363, 33969.91956503492, 29385.571299590974, 24610.4711807713, 33803.75260774143
225, 33969.91956503492, 24556.816046924363, 33969.91956503492, 29036.923483089868, 24639.783856788345, 33829.17696257815
226, 33969.91956503492, 24556.816046924363, 33969.91956503492, 29224.345263699473, 24658.991580058126, 33837.94909326084
227, 33969.91956503492, 24556.816046924363, 33969.91956503492, 29774.577708282304, 24647.84277589128, 33824.3004935775
228, 33969.91956503492, 24556.816046924363, 33969.91956503492, 29769.820138836643, 24645.474877759585, 33828.035587371276
229, 33969.91956503492, 24556.816046924363, 33969.91956503492, 29044.51102238688, 24646.43122378332, 33837.573668229874
230, 33969.91956503492, 24556.816046924363, 33969.91956503492, 29411.682902495024, 24635.55348044431, 33834.128183487584
231, 33969.91956503492, 24556.816046924363, 33969.91956503492, 29236.92804279008, 24638.47477251437, 33845.02589752857
232, 33969.91956503492, 24556.816046924363, 33969.91956503492, 29247.484991557703, 24622.746753623494, 33856.46629919944
233, 33969.91956503492, 24556.816046924363, 33969.91956503492, 30558.244956549926, 24589.338857052517, 33870.2652012277
234, 33969.91956503492, 24556.816046924363, 33969.91956503492, 28894.90581648001, 24601.867225488582, 33873.4027289783
235, 33969.91956503492, 24556.816046924363, 33969.91956503492, 29266.763997449663, 24590.93616998038, 33869.507374318935
236, 34000.7891981816, 24385.07432706332, 34000.7891981816, 31483.581910024284, 24562.57915036824, 33882.48287464052
237, 34000.7891981816, 24385.07432706332, 34000.7891981816, 32039.719069349343, 24562.84288690919, 33884.6519677849
238, 34000.7891981816, 24385.07432706332, 34000.7891981816, 32585.803762890348, 24552.556217023135, 33875.45661342189
239, 34000.7891981816, 24385.07432706332, 34000.7891981816, 31858.612780708303, 24552.480923908384, 33884.730472904404
240, 34000.7891981816, 24385.07432706332, 34000.7891981816, 31852.218946721994, 24560.9173500699, 33882.45707486015
241, 34000.7891981816, 24385.07432706332, 34000.7891981816, 31113.515469201324, 24556.85820446907, 33878.23255987408
242, 34000.7891981816, 24385.07432706332, 34000.7891981816, 31661.126363671636, 24555.334355809122, 33869.64242713334
243, 34000.7891981816, 24385.07432706332, 34000.7891981816, 31661.02196900238, 24536.646306244093, 33867.79708235036
244, 34000.7891981816, 24385.07432706332, 34000.7891981816, 31850.913082829156, 24530.209755788735, 33880.19841565334
245, 34000.7891981816, 24385.07432706332, 34000.7891981816, 32045.005639167426, 24517.38116909908, 33885.30558208539
246, 34000.7891981816, 24385.07432706332, 34000.7891981816, 31680.572207623147, 24495.64737823944, 33887.52722682026
247, 34000.7891981816, 24385.07432706332, 34000.7891981816, 31316.97335596575, 24461.617951694338, 33896.33904291661
248, 34000.7891981816, 24385.07432706332, 34000.7891981816, 32791.087474966924, 24437.41423191503, 33899.28745892997
249, 34091.87920123809, 24593.34984965522, 34091.87920123809, 28927.693609335533, 24469.170926405193, 33929.419979725164
250, 34091.87920123809, 24593.34984965522, 34091.87920123809, 29477.04714463435, 24468.166712704886, 33910.13942720264
251, 34091.87920123809, 24593.34984965522, 34091.87920123809, 28750.968842067596, 24480.22001796441, 33931.05077822995
252, 34091.87920123809, 24593.34984965522, 34091.87920123809, 28562.227958291463, 24483.01981186449, 33922.04792756741
253, 34094.00825893304, 24573.16872714464, 34094.00825893304, 29315.145918195816, 24484.066989209765, 33940.392160596195
254, 34094.00825893304, 24573.16872714464, 34094.00825893304, 29318.116964800483, 24501.939333177837, 33952.18141938031
255, 34094.24420209417, 24515.31725730629, 34094.24420209417, 31171.640487568726, 24497.24823146537, 33948.30921280009
256, 34119.38255366796, 24519.119476069194, 34119.38255366796, 31187.11262615598, 24541.453107127036, 33964.07585793313
257, 34119.38255366796, 24519.119476069194, 34119.38255366796, 29355.16219044841, 24613.758584396233, 33974.971431589314
258, 34119.38255366796, 24519.119476069194, 34119.38255366796, 30853.04048615108, 24599.14760246532, 34001.04398014475
259, 34119.38255366796, 24519.119476069194, 34119.38255366796, 29562.18080632183, 24610.54570404313, 34002.45539808874
260, 34119.38255366796, 24519.119476069194, 34119.38255366796, 29927.245262572644, 24606.53243133114, 34010.14358873142
261, 34119.38255366796, 24519.119476069194, 34119.38255366796, 30299.193400618533, 24599.236614785677, 33999.75313528635
262, 34119.38255366796, 24519.119476069194, 34119.38255366796, 30300.402344957824, 24586.729027691043, 34002.28152289577
263, 34119.38255366796, 24519.119476069194, 34119.38255366796, 30487.160917823396, 24577.608790182938, 34011.31728684052
264, 34119.38255366796, 24519.119476069194, 34119.38255366796, 30292.47719641821, 24574.553052560343, 33994.98118649186
265, 34177.420978859234, 24632.30675467961, 34177.420978859234, 28643.06473871601, 24576.528544087894, 34026.86957306729
266, 34256.72224235981, 24434.61928724118, 34256.72224235981, 31625.86132434773, 24531.01748590181, 34044.76519351826
267, 34256.72224235981, 24434.61928724118, 34256.72224235981, 32562.375877832063, 24530.665893076628, 34053.78088502572
268, 34256.72224235981, 24434.61928724118, 34256.72224235981, 32380.081012908304, 24539.074915686706, 34048.530482478105
269, 34256.72224235981, 24434.61928724118, 34256.72224235981, 31827.006041397504, 24538.837628059464, 34050.42182639132
270, 34256.72224235981, 24434.61928724118, 34256.72224235981, 32759.384048147807, 24532.515792037764, 34057.01415286443
271, 34256.72224235981, 24434.61928724118, 34256.72224235981, 32197.192249112733, 24531.966225562086, 34054.49869427277
272, 34256.72224235981, 24434.61928724118, 34256.72224235981, 31843.23087778779, 24532.49789600492, 34070.582414934885
273, 34256.72224235981, 24434.61928724118, 34256.72224235981, 30928.74405312358, 24524.59808537689, 34081.71589706737
274, 34334.817254126785, 24671.39397286662, 34334.817254126785, 31887.157979740387, 24504.221532469994, 34116.01985016729
275, 34334.817254126785, 24671.39397286662, 34334.817254126785, 27644.81410154824, 24561.7907665595, 34169.345222765725
276, 34334.817254126785, 24671.39397286662, 34334.817254126785, 27843.34106507004, 24522.624584071316, 34173.59989466899
277, 34334.817254126785, 24671.39397286662, 34334.817254126785, 27097.589815103976, 24533.928741877586, 34184.62130211084
278, 34334.817254126785, 24671.39397286662, 34334.817254126785, 27652.829721995684, 24526.48513674804, 34169.30733931661
279, 34334.817254126785, 24671.39397286662, 34334.817254126785, 28779.610399698275, 24523.99272519455, 34181.34537875127
280, 34334.817254126785, 24671.39397286662, 34334.817254126785, 27655.810755248047, 24533.311320151104, 34184.695005170426
281, 34334.817254126785, 24671.39397286662, 34334.817254126785, 27841.990868562818, 24535.778632833582, 34172.25195630454
282, 34381.55366656199, 24389.525784930578, 34381.55366656199, 32304.37268923591, 24477.87122825174, 34167.71698991125
283, 34381.55366656199, 24389.525784930578, 34381.55366656199, 32875.25111737962, 24483.27315678591, 34178.62887293796
284, 34381.55366656199, 24389.525784930578, 34381.55366656199, 31956.086092107787, 24497.38574400762, 34195.39613116203
285, 34381.55366656199, 24389.525784930578, 34381.55366656199, 32326.760712793086, 24513.827234320193, 34191.22483859645
286, 34381.55366656199, 24389.525784930578, 34381.55366656199, 32158.863126800472, 24545.212045120934, 34208.346509767725
287, 34381.55366656199, 24389.525784930578, 34381.55366656199, 33473.81373448036, 24567.74111447073, 34214.444872457374
288, 34381.55366656199, 24389.525784930578, 34381.55366656199, 33287.70200201386, 24593.504925968413, 34221.2000906279
289, 34381.55366656199, 24389.525784930578, 34381.55366656199, 32197.072416741656, 24604.0497877308, 34242.42129861174
290, 34381.55366656199, 24389.525784930578, 34381.55366656199, 31641.550580778527, 24594.624708589592, 34241.90432788236
291, 34381.55366656199, 24389.525784930578, 34381.55366656199, 32012.27653259763, 24568.81738247921, 34249.941570610616
292, 34381.55366656199, 24389.525784930578, 34381.55366656199, 33149.654598955196, 24506.262070503177, 34266.94242683211
293, 34387.49830821431, 24595.51934694375, 34387.49830821431, 32961.920686018275, 24424.506972090123, 34266.68301773959
294, 34387.49830821431, 24595.51934694375, 34387.49830821431, 29624.1313043528, 24471.38445266077, 34287.296201549536
295, 34387.49830821431, 24595.51934694375, 34387.49830821431, 29427.838113866354, 24473.153730212958, 34270.68236036629
296, 34387.49830821431, 24595.51934694375, 34387.49830821431, 29432.691016669683, 24478.9461597169, 34277.77267651829
297, 34558.88769985574, 24527.415095628687, 34558.88769985574, 29816.10575012153, 24477.031043656385, 34306.42768374221
298, 34558.88769985574, 24527.415095628687, 34558.88769985574, 30010.03064426117, 24482.46986826278, 34319.05107813201
299, 34558.88769985574, 24527.415095628687, 34558.88769985574, 29827.9293199934, 24483.329246071295, 34322.746041225095
300, 34559.62234668847, 24554.05406577134, 34559.62234668847, 31134.826083254135, 24501.30430737084, 34320.5654862501
301, 34559.62234668847, 24554.05406577134, 34559.62234668847, 30398.85018783194, 24532.450325230904, 34327.93137759453
302, 34559.62234668847, 24554.05406577134, 34559.62234668847, 30780.762877493507, 24570.05798095859, 34337.036724349506
303, 34559.62234668847, 24554.05406577134, 34559.62234668847, 30230.553295164467, 24621.042618655534, 34350.618703104614
304, 34559.62234668847, 24554.05406577134, 34559.62234668847, 30248.831036692187, 24619.620116714497, 34372.25065458506
305, 34559.62234668847, 24554.05406577134, 34559.62234668847, 29524.33277417863, 24629.431549940942, 34401.13695044968
306, 34559.62234668847, 24554.05406577134, 34559.62234668847, 29920.364614556354, 24623.607066930395, 34421.39539124896
307, 34559.62234668847, 24554.05406577134, 34559.62234668847, 29573.256170575045, 24584.990493871243, 34436.841319823194
308, 34559.62234668847, 24554.05406577134, 34559.62234668847, 29959.62982774094, 24583.142930242495, 34448.60353825623
309, 34559.62234668847, 24554.05406577134, 34559.62234668847, 30139.640412357625, 24584.25216125001, 34458.56426919435
310, 34559.62234668847, 24554.05406577134, 34559.62234668847, 29768.84470165005, 24598.008123040112, 34455.51945769118
311, 34559.62234668847, 24554.05406577134, 34559.62234668847, 29954.50119432671, 24591.755803244705, 34453.684728776236
312, 34559.62234668847, 24554.05406577134, 34559.62234668847, 29952.961481404927, 24596.12230487058, 34460.15122679392
313, 34559.62234668847, 24554.05406577134, 34559.62234668847, 30325.387889112255, 24586.938608184246, 34440.259301533595
314, 34559.62234668847, 24554.05406577134, 34559.62234668847, 30516.47595652779, 24587.49539567636, 34449.52044186725
315, 34559.62234668847, 24554.05406577134, 34559.62234668847, 30327.841799091395, 24589.030001261086, 34455.27274370206
316, 34559.62234668847, 24554.05406577134, 34559.62234668847, 31261.041168219646, 24580.175329362773, 34452.21759359058
317, 34559.62234668847, 24554.05406577134, 34559.62234668847, 29205.844581870773, 24605.684680712046, 34442.690448621455
318, 34559.62234668847, 24554.05406577134, 34559.62234668847, 29773.549477242526, 24593.351552754644, 34448.58229542697
319, 34559.62234668847, 24554.05406577134, 34559.62234668847, 30146.60904124916, 24591.50754828667, 34452.90297256046
320, 34559.62234668847, 24554.05406577134, 34559.62234668847, 29767.64813739839, 24592.377716508432, 34449.44250355198
321, 34579.121996361806, 24614.67952931727, 34579.121996361806, 29019.26567988877, 24603.59932217897, 34448.29511925084
322, 34579.121996361806, 24614.67952931727, 34579.121996361806, 28462.273207319588, 24602.412934691543, 34466.6896377366
323, 34579.121996361806, 24614.67952931727, 34579.121996361806, 28079.639335122396, 24616.7337002036, 34448.19939080102
324, 34579.121996361806, 24614.67952931727, 34579.121996361806, 29587.01547038604, 24594.251026292506, 34460.50839307093
325, 34579.121996361806, 24614.67952931727, 34579.121996361806, 29395.24606349207, 24598.947734557092, 34460.60539904212
326, 34614.40155833247, 24564.078349775653, 34614.40155833247, 28836.451365607303, 24612.30376423616, 34459.15932989382
327, 34614.40155833247, 24564.078349775653, 34614.40155833247, 30521.2903556233, 24592.94541039709, 34462.89162354957
328, 34667.72965831618, 24651.939832194465, 34667.72965831618, 30150.574910153697, 24600.657319853093, 34459.516591812426
329, 34667.72965831618, 24651.939832194465, 34667.72965831618, 27155.753333939003, 24643.371328413563, 34488.377038275525
330, 34667.72965831618, 24651.939832194465, 34667.72965831618, 29038.9762370376, 24640.86541212516, 34495.11741722159
331, 34667.72965831618, 24651.939832194465, 34667.72965831618, 27354.663568519034, 24660.638010478247, 34507.027630918514
332, 34710.73617050387, 24626.320167956008, 34710.73617050387, 28111.90612627215, 24655.504086040604, 34502.627012067634
333, 34710.73617050387, 24626.320167956008, 34710.73617050387, 29434.042662111726, 24638.04927606187, 34508.86082410451
334, 34710.73617050387, 24626.320167956008, 34710.73617050387, 29056.213958871238, 24640.706678650884, 34507.75020636893
335, 34710.73617050387, 24626.320167956008, 34710.73617050387, 29442.564892300124, 24613.143950301852, 34520.56974710005
336, 34710.73617050387, 24626.320167956008, 34710.73617050387, 28701.68063109349, 24628.272265464555, 34529.214298192215
337, 34710.73617050387, 24626.320167956008, 34710.73617050387, 29831.440513665537, 24627.765831780973, 34539.953261205694
338, 34710.73617050387, 24626.320167956008, 34710.73617050387, 28719.086277460807, 24643.831992333202, 34543.97640528697
339, 34710.73617050387, 24626.320167956008, 34710.73617050387, 28916.83522656415, 24643.859337314734, 34567.85986748798
340, 34710.73617050387, 24626.320167956008, 34710.73617050387, 28561.578559584497, 24678.724639112384, 34577.95716071448
341, 34710.73617050387, 24626.320167956008, 34710.73617050387, 29317.663710380417, 24678.946983912956, 34580.89909640289
342, 34710.73617050387, 24626.320167956008, 34710.73617050387, 28379.10889689704, 24683.078522515923, 34585.31771142273
343, 34710.73617050387, 24626.320167956008, 34710.73617050387, 28016.859211009836, 24673.311655039543, 34602.855174663935
344, 34710.73617050387, 24626.320167956008, 34710.73617050387, 28958.747993589517, 24660.03336248503, 34611.81251081271
345, 34710.73617050387, 24626.320167956008, 34710.73617050387, 28960.744442947085, 24661.315167707708, 34607.0915078996
346, 34710.73617050387, 24626.320167956008, 34710.73617050387, 28959.71655013952, 24673.015649749115, 34594.531645907846
347, 34710.73617050387, 24626.320167956008, 34710.73617050387, 28392.069196388693, 24669.2129624659, 34590.59117750436
348, 34710.73617050387, 24626.320167956008, 34710.73617050387, 28956.28898276015, 24661.400214267684, 34600.81747999136
349, 34710.73617050387, 24626.320167956008, 34710.73617050387, 29519.55536236791, 24647.639320930728, 34604.28762224254
350, 34710.73617050387, 24626.320167956008, 34710.73617050387, 29332.4993475447, 24660.97265343138, 34600.41069782604
351, 34710.73617050387, 24626.320167956008, 34710.73617050387, 29713.91261949464, 24648.579760883258, 34609.06030791372
352, 34710.73617050387, 24626.320167956008, 34710.73617050387, 27833.16447354385, 24668.31722053198, 34612.90874475564
353, 34710.73617050387, 24626.320167956008, 34710.73617050387, 28762.189549359784, 24663.14843368629, 34596.070015867816
354, 34710.73617050387, 24626.320167956008, 34710.73617050387, 29335.189059161923, 24659.97477803961, 34600.66532307192
355, 34710.73617050387, 24626.320167956008, 34710.73617050387, 29147.198360385864, 24659.081835328907, 34607.6170185021
356, 34710.73617050387, 24626.320167956008, 34710.73617050387, 28952.176953461705, 24664.897522037496, 34591.47442076587
357, 34710.73617050387, 24626.320167956008, 34710.73617050387, 28580.42468759937, 24666.34341715406, 34592.97734209365
358, 34710.73617050387, 24626.320167956008, 34710.73617050387, 28959.87930869136, 24663.33872617303, 34614.18855804082
359, 34710.73617050387, 24626.320167956008, 34710.73617050387, 28766.083971480948, 24665.955494394882, 34607.68881287594
360, 34710.73617050387, 24626.320167956008, 34710.73617050387, 29329.637576056568, 24664.25858163107, 34593.89460841196
361, 34710.73617050387, 24626.320167956008, 34710.73617050387, 28581.20084094474, 24670.48690494646, 34604.51248838624
362, 34714.83101086846, 24551.95982671762, 34714.83101086846, 31220.742296041848, 24640.136214399627, 34607.49782397598
363, 34714.83101086846, 24551.95982671762, 34714.83101086846, 29332.24615952381, 24657.28233542729, 34605.63635279089
364, 34714.83101086846, 24551.95982671762, 34714.83101086846, 29530.139426583388, 24656.14472141382, 34614.900667943984
365, 34714.83101086846, 24551.95982671762, 34714.83101086846, 30269.691864657205, 24647.490900714933, 34597.4802608404
366, 34714.83101086846, 24551.95982671762, 34714.83101086846, 30087.482558956315, 24649.245023467516, 34600.7969850197
367, 34714.83101086846, 24551.95982671762, 34714.83101086846, 31035.193230807898, 24635.99711791592, 34609.82719961981
368, 34714.83101086846, 24551.95982671762, 34714.83101086846, 30463.013776632983, 24643.66237296743, 34611.3602077966
369, 34714.83101086846, 24551.95982671762, 34714.83101086846, 30647.04533406944, 24637.12864865577, 34598.20972905405
370, 34714.83101086846, 24551.95982671762, 34714.83101086846, 31034.16174460847, 24630.125406830204, 34606.2349180172
371, 34714.83101086846, 24551.95982671762, 34714.83101086846, 30283.78063397842, 24627.91299319724, 34614.45303184107
372, 34714.83101086846, 24551.95982671762, 34714.83101086846, 28959.705890900106, 24628.47348343478, 34595.53438528754
373, 34714.83101086846, 24551.95982671762, 34714.83101086846, 31030.610327402184, 24599.2690064345, 34604.936462129335
374, 34714.83101086846, 24551.95982671762, 34714.83101086846, 30277.651027756616, 24587.892451050153, 34597.27069243992
375, 34714.83101086846, 24551.95982671762, 34714.83101086846, 30467.43882379638, 24587.042863389725, 34595.287690440804
376, 34714.83101086846, 24551.95982671762, 34714.83101086846, 29720.481793880903, 24597.731433950707, 34614.70488578137
377, 34714.83101086846, 24551.95982671762, 34714.83101086846, 29711.981730079126, 24589.620954913527, 34607.54276129258
378, 34714.83101086846, 24551.95982671762, 34714.83101086846, 30465.170255439592, 24588.283495704327, 34598.32191134807
379, 34717.61716054521, 24686.62357832172, 34717.61716054521, 30858.428266374696, 24585.7250667087, 34626.46052213808
380, 34717.61716054521, 24686.62357832172, 34717.61716054521, 27644.80564913641, 24618.57660144153, 34612.64485740782
381, 34717.61716054521, 24686.62357832172, 34717.61716054521, 27645.081114258228, 24621.103775358046, 34613.61637179574
382, 34717.61716054521, 24686.62357832172, 34717.61716054521, 27647.13434332581, 24620.893808294255, 34618.575271291615
383, 34717.61716054521, 24686.62357832172, 34717.61716054521, 27458.22434168968, 24631.008836986362, 34608.713536986936
384, 34717.61716054521, 24686.62357832172, 34717.61716054521, 28954.571618441314, 24611.520240394766, 34595.889884634955
385, 34717.61716054521, 24686.62357832172, 34717.61716054521, 27830.596276728033, 24625.377009061533, 34604.9951950835
386, 34717.61716054521, 24686.62357832172, 34717.61716054521, 28017.11396022884, 24620.696648114106, 34595.52579679444
387, 34717.61716054521, 24686.62357832172, 34717.61716054521, 28589.578335385206, 24615.550989347626, 34606.73210890877
388, 34717.61716054521, 24686.62357832172, 34717.61716054521, 28016.85381205268, 24629.58945068634, 34602.94041729069
389, 34717.61716054521, 24686.62357832172, 34717.61716054521, 28582.819458418526, 24635.62874890464, 34605.251286702005
390, 34717.61716054521, 24686.62357832172, 34717.61716054521, 27827.624384492967, 24641.616163617226, 34602.66899817255
391, 34717.61716054521, 24686.62357832172, 34717.61716054521, 28776.61395019687, 24640.552989215037, 34619.200938693306
392, 34717.61716054521, 24686.62357832172, 34717.61716054521, 27458.18475657982, 24662.938296656026, 34619.02749440237
393, 34717.61716054521, 24686.62357832172, 34717.61716054521, 28017.589841469686, 24684.120761172908, 34611.36236354721
394, 34717.61716054521, 24686.62357832172, 34717.61716054521, 28769.56234710205, 24720.230270237433, 34599.576371317184
395, 34717.61716054521, 24686.62357832172, 34717.61716054521, 27835.109144548038, 24728.53728464411, 34597.95647206325
396, 34717.61716054521, 24686.62357832172, 34717.61716054521, 27458.1926354879, 24731.65263674265, 34598.4863003818
397, 34717.61716054521, 24686.62357832172, 34717.61716054521, 29147.842322290828, 24712.141046835535, 34611.51422952071
398, 34717.61716054521, 24686.62357832172, 34717.61716054521, 28963.18011484989, 24722.092465557347, 34603.90073795853
399, 34717.61716054521, 24686.62357832172, 34717.61716054521, 27833.164213817727, 24721.766202396953, 34606.51487670147
400, 34717.61716054521, 24686.62357832172, 34717.61716054521, 28021.17552766664, 24731.728401810473, 34616.441294532
401, 34717.61716054521, 24686.62357832172, 34717.61716054521, 28023.66138044076, 24726.102166078013, 34609.0481235346
402, 34717.61716054521, 24686.62357832172, 34717.61716054521, 28027.326815812543, 24725.15674524428, 34615.088402653266
403, 34717.61716054521, 24686.62357832172, 34717.61716054521, 27839.784802312286, 24719.16176923504, 34620.923243275385
404, 34717.61716054521, 24686.62357832172, 34717.61716054521, 27643.79919732241, 24725.145441498844, 34611.60000524098
405, 34717.61716054521, 24686.62357832172, 34717.61716054521, 27834.707212661586, 24721.909669763078, 34606.84403090695
406, 34717.61716054521, 24686.62357832172, 34717.61716054521, 28397.775833732085, 24724.622058653462, 34615.140196439956
407, 34717.61716054521, 24686.62357832172, 34717.61716054521, 28029.270962713486, 24726.643018056675, 34615.530677001225
408, 34717.61716054521, 24686.62357832172, 34717.61716054521, 28213.284332089974, 24721.448104855994, 34612.03508140947
409, 34717.61716054521, 24686.62357832172, 34717.61716054521, 27271.11480313756, 24736.629352107113, 34616.40922332669
410, 34717.61716054521, 24686.62357832172, 34717.61716054521, 27080.9052362718, 24726.722452402664, 34603.25286844252
411, 34717.61716054521, 24686.62357832172, 34717.61716054521, 27269.011711372314, 24728.29885559037, 34603.553037252605
412, 34717.61716054521, 24686.62357832172, 34717.61716054521, 28213.88781969841, 24721.19325337028, 34611.22280284344
413, 34717.61716054521, 24686.62357832172, 34717.61716054521, 28211.624383071787, 24722.161146303642, 34606.74277329029
414, 34717.61716054521, 24686.62357832172, 34717.61716054521, 28210.12636814828, 24717.84352214686, 34603.69645758608
415, 34717.61716054521, 24686.62357832172, 34717.61716054521, 28593.338019893356, 24723.006767967265, 34613.852877870784
416, 34717.61716054521, 24686.62357832172, 34717.61716054521, 28023.542686778335, 24719.998372303726, 34600.503513577925
417, 34717.61716054521, 24686.62357832172, 34717.61716054521, 28022.279736143337, 24714.717183695437, 34610.89532626273
418, 34717.61716054521, 24686.62357832172, 34717.61716054521, 28023.85592579358, 24722.847088986066, 34605.9014523044
419, 34717.61716054521, 24686.62357832172, 34717.61716054521, 28210.132501155193, 24718.806596520266, 34618.156872539446
420, 34717.61716054521, 24686.62357832172, 34717.61716054521, 27836.20856999022, 24726.49333742902, 34613.87185217332
421, 34717.61716054521, 24686.62357832172, 34717.61716054521, 28967.506554878957, 24718.90384088365, 34613.052523193306
422, 34717.61716054521, 24686.62357832172, 34717.61716054521, 27457.95273245818, 24732.940217677886, 34596.03651709695
423, 34717.61716054521, 24686.62357832172, 34717.61716054521, 28019.178574028127, 24719.10052367545, 34605.08546488101
424, 34717.61716054521, 24686.62357832172, 34717.61716054521, 27456.29557842197, 24733.95427975756, 34604.236159167864
425, 34717.61716054521, 24686.62357832172, 34717.61716054521, 28397.59694597869, 24725.086244342165, 34603.764252708585
426, 34717.61716054521, 24686.62357832172, 34717.61716054521, 28397.64490635402, 24716.462348035224, 34603.79969077056
427, 34717.61716054521, 24686.62357832172, 34717.61716054521, 28774.962749537546, 24717.79773631214, 34619.142120879274
428, 34717.61716054521, 24686.62357832172, 34717.61716054521, 28026.129582110832, 24730.065318365007, 34607.3432475842
429, 34717.61716054521, 24686.62357832172, 34717.61716054521, 28594.35556777593, 24719.589128571428, 34613.98757086456
430, 34717.61716054521, 24686.62357832172, 34717.61716054521, 28397.124554507904, 24721.752776510068, 34611.20917176832
431, 34717.61716054521, 24686.62357832172, 34717.61716054521, 27461.926019021965, 24729.003832840408, 34611.41649496799
432, 34717.61716054521, 24686.62357832172, 34717.61716054521, 27650.89938719481, 24728.053940267746, 34600.72456430218
433, 34717.61716054521, 24686.62357832172, 34717.61716054521, 27839.098258853133, 24726.432002235568, 34614.010033319166
434, 34717.61716054521, 24686.62357832172, 34717.61716054521, 27270.994638193573, 24728.557336289778, 34610.56006733092
435, 34717.61716054521, 24686.62357832172, 34717.61716054521, 28588.904412134852, 24721.53695665466, 34607.833204008275
436, 34717.61716054521, 24686.62357832172, 34717.61716054521, 28022.7388573387, 24723.36552041111, 34616.22150748809
437, 34717.61716054521, 24686.62357832172, 34717.61716054521, 27457.680701325156, 24721.755169927357, 34613.75931315624
438, 34717.61716054521, 24686.62357832172, 34717.61716054521, 27835.162154291156, 24724.91748514282, 34613.528926705425
439, 34717.61716054521, 24686.62357832172, 34717.61716054521, 27837.634861426828, 24729.743109247498, 34616.29388508117
440, 34717.61716054521, 24686.62357832172, 34717.61716054521, 27463.214947231783, 24733.305379423226, 34612.98872138184
441, 34717.61716054521, 24686.62357832172, 34717.61716054521, 28392.50814652671, 24722.91621527495, 34599.219276722695
442, 34717.61716054521, 24686.62357832172, 34717.61716054521, 28587.919815801382, 24720.21211683027, 34616.54367038032
443, 34717.61716054521, 24686.62357832172, 34717.61716054521, 28211.710861609616, 24722.939107842278, 34608.553152227796
444, 34717.61716054521, 24686.62357832172, 34717.61716054521, 27644.118243385194, 24726.17000998307, 34602.11216433956
445, 34717.61716054521, 24686.62357832172, 34717.61716054521, 27456.84039341023, 24730.584029290545, 34608.22802663892
446, 34717.61716054521, 24686.62357832172, 34717.61716054521, 28026.9730415972, 24716.519798381483, 34621.56581521011
447, 34717.61716054521, 24686.62357832172, 34717.61716054521, 28583.09118424088, 24716.235856927982, 34609.35446775286
448, 34717.61716054521, 24686.62357832172, 34717.61716054521, 28962.346130973056, 24715.743989802166, 34607.55360676588
449, 34717.61716054521, 24686.62357832172, 34717.61716054521, 28023.37830891679, 24727.50738342422, 34614.538124866944
450, 34717.61716054521, 24686.62357832172, 34717.61716054521, 27460.90350028689, 24727.515065079744, 34606.03516248125
451, 34717.61716054521, 24686.62357832172, 34717.61716054521, 28023.657228389617, 24728.46362630393, 34614.82391857753
452, 34717.61716054521, 24686.62357832172, 34717.61716054521, 28780.01826145369, 24719.05813843231, 34615.51978684194
453, 34717.61716054521, 24686.62357832172, 34717.61716054521, 27455.584400594787, 24732.153427546502, 34610.40555835195
454, 34717.61716054521, 24686.62357832172, 34717.61716054521, 27835.40787089721, 24720.2954709159, 34610.29418542466
455, 34717.61716054521, 24686.62357832172, 34717.61716054521, 28020.518934816086, 24722.97006175208, 34604.282551799806
456, 34734.88555499167, 24593.880423346865, 34734.88555499167, 29527.529121196134, 24705.396673818872, 34617.00949944612
457, 34734.88555499167, 24593.880423346865, 34734.88555499167, 28970.64705425705, 24704.350043701208, 34616.16516550266
458, 34734.88555499167, 24593.880423346865, 34734.88555499167, 28968.926303210326, 24707.170646539475, 34621.00551043364
459, 34734.88555499167, 24593.880423346865, 34734.88555499167, 29902.501326820497, 24696.334727250854, 34608.71382313062
460, 34734.88555499167, 24593.880423346865, 34734.88555499167, 29155.209507060994, 24694.762630107496, 34619.86767233837
461, 34734.88555499167, 24593.880423346865, 34734.88555499167, 28785.171879829788, 24700.55603394776, 34633.79242277238
462, 34734.88555499167, 24593.880423346865, 34734.88555499167, 28400.608161559343, 24703.75561867931, 34613.4291413644
463, 34734.88555499167, 24593.880423346865, 34734.88555499167, 29534.367166135544, 24697.068604117223, 34616.84369683134
464, 34734.88555499167, 24593.880423346865, 34734.88555499167, 28967.136980582316, 24694.78921785364, 34622.02190079636
465, 34734.88555499167, 24593.880423346865, 34734.88555499167, 29336.938622662834, 24686.842338009174, 34601.789469232725
466, 34734.88555499167, 24593.880423346865, 34734.88555499167, 29345.8791787572, 24682.131207937087, 34613.62202390405
467, 34734.88555499167, 24593.880423346865, 34734.88555499167, 28407.066807692434, 24670.151603239316, 34622.162774289725
468, 34734.88555499167, 24593.880423346865, 34734.88555499167, 30299.206758981094, 24625.95310461356, 34623.14308477513
469, 34734.88555499167, 24593.880423346865, 34734.88555499167, 29173.909664759463, 24639.17105731057, 34624.705988042995
470, 34734.88555499167, 24593.880423346865, 34734.88555499167, 28228.523199128053, 24641.0210128674, 34620.686558771245
471, 34752.68099645145, 24661.712060604044, 34752.68099645145, 28415.14427576581, 24654.68684824615, 34623.57388407544
472, 34752.68099645145, 24661.712060604044, 34752.68099645145, 28225.749890877025, 24650.571885834484, 34631.37364892323
473, 34752.68099645145, 24661.712060604044, 34752.68099645145, 28976.179824395636, 24647.310504050776, 34621.02898130312
474, 34752.68099645145, 24661.712060604044, 34752.68099645145, 28416.926115832026, 24648.40011295124, 34639.946976361476
475, 34752.68099645145, 24661.712060604044, 34752.68099645145, 29727.212706032988, 24632.59298481865, 34632.99803851947
476, 34752.68099645145, 24661.712060604044, 34752.68099645145, 28223.2671400668, 24647.053526495474, 34620.41746546253
477, 34752.68099645145, 24661.712060604044, 34752.68099645145, 28609.631551106773, 24643.73589288056, 34637.17949259397
478, 34752.68099645145, 24661.712060604044, 34752.68099645145, 28979.81148906957, 24652.03823234628, 34633.111204382534
479, 34752.68099645145, 24661.712060604044, 34752.68099645145, 28988.141642438866, 24650.87158081254, 34645.64323699495
480, 34752.68099645145, 24661.712060604044, 34752.68099645145, 27856.569298873437, 24678.3844264072, 34643.527444923835
481, 34752.68099645145, 24661.712060604044, 34752.68099645145, 28797.18441276635, 24670.423932447804, 34635.63000966919
482, 34752.68099645145, 24661.712060604044, 34752.68099645145, 28806.70652481185, 24689.015293375527, 34649.965801267586
483, 34752.68099645145, 24661.712060604044, 34752.68099645145, 28797.556788870068, 24704.1793380552, 34631.73955280548
484, 34752.68099645145, 24661.712060604044, 34752.68099645145, 27676.827893901464, 24704.431678931243, 34639.44663740199
485, 34752.68099645145, 24661.712060604044, 34752.68099645145, 28615.427141448505, 24693.715800332724, 34647.822458733026
486, 34752.68099645145, 24661.712060604044, 34752.68099645145, 28235.368789410117, 24698.458512120476, 34640.92956537293
487, 34752.68099645145, 24661.712060604044, 34752.68099645145, 28049.83178132584, 24703.435427222405, 34630.590735413956
488, 34752.68099645145, 24661.712060604044, 34752.68099645145, 28807.8847266941, 24697.888988357532, 34641.38119402598
489, 34752.68099645145, 24661.712060604044, 34752.68099645145, 28613.12787157138, 24692.39992659602, 34646.483841752764
490, 34752.68099645145, 24661.712060604044, 34752.68099645145, 28055.43693437762, 24705.04724271465, 34650.938408558584
491, 34752.68099645145, 24661.712060604044, 34752.68099645145, 27865.547590537277, 24708.053720785258, 34642.024323722144
492, 34752.68099645145, 24661.712060604044, 34752.68099645145, 29552.940401344436, 24694.67067893252, 34634.25406010714
493, 34752.68099645145, 24661.712060604044, 34752.68099645145, 28809.12050881421, 24695.407609922633, 34638.96419715259
494, 34752.68099645145, 24661.712060604044, 34752.68099645145, 27866.08459179048, 24697.59303439904, 34648.35974120723
495, 34752.68099645145, 24661.712060604044, 34752.68099645145, 28616.81544575592, 24699.85771419771, 34654.86235636456
496, 34752.68099645145, 24661.712060604044, 34752.68099645145, 28432.419872504783, 24700.13959836159, 34654.505103196
497, 34752.68099645145, 24661.712060604044, 34752.68099645145, 27866.41330648275, 24709.722974438344, 34653.29965267542
498, 34752.68099645145, 24661.712060604044, 34752.68099645145, 28806.635546388206, 24695.19340946036, 34650.70920670651
499, 34752.68099645145, 24661.712060604044, 34752.68099645145, 27484.234010187873, 24704.99095081369, 34649.17437801456
500, 34752.68099645145, 24661.712060604044, 34752.68099645145, 28052.18769178334, 24690.978350768302, 34648.45711342648
