1, 26904.554362099316, 24666.2140274015, 26904.554362099316, 25174.88893276102, 24657.33169051848, 25174.88893276102
2, 27112.239096626647, 24564.95072089697, 27112.239096626647, 25718.324512723673, 24624.861947325455, 25718.324512723673
3, 27141.365937852213, 24640.90702324201, 27141.365937852213, 26097.526153903458, 24595.954608687483, 26097.526153903458
4, 27141.365937852213, 24640.90702324201, 27141.365937852213, 26388.392833415157, 24584.379999317625, 26388.392833415157
5, 27242.899449011267, 24617.49176964459, 27242.899449011267, 26659.028800713768, 24585.407033972013, 26659.028800713768
6, 27359.592702487003, 24414.58032979438, 27359.592702487003, 26861.924482927054, 24577.603412370347, 26861.924482927054
7, 27362.39720266388, 24328.41202519238, 27362.39720266388, 26988.5206247339, 24549.95781205456, 26988.5206247339
8, 27435.68170711553, 24193.358854158523, 27435.68170711553, 27092.556632954358, 24530.096980163373, 27092.556632954358
9, 27469.45970740647, 24194.63235271608, 27469.45970740647, 27190.789772087996, 24516.698483283482, 27190.789772087996
10, 27697.46205116187, 24393.328922601784, 27697.46205116187, 27264.759247360023, 24468.4119861961, 27264.759247360023
11, 27697.46205116187, 24393.328922601784, 27697.46205116187, 27359.07145308612, 24412.50801695733, 27359.07145308612
12, 27825.147678632977, 24190.7622012413, 27825.147678632977, 27440.472860840266, 24364.75966648187, 27440.472860840266
13, 27825.147678632977, 24190.7622012413, 27825.147678632977, 27509.91332252597, 24344.153013861185, 27509.91332252597
14, 28078.160539370554, 24297.548158643633, 28078.160539370554, 27583.057688931887, 24400.52631982078, 27583.057688931887
15, 28078.160539370554, 24297.548158643633, 28078.160539370554, 27667.39279897766, 24399.195257270414, 27667.39279897766
16, 28083.538271348218, 24370.200942033855, 28083.538271348218, 27746.545357701736, 24392.27680708249, 27746.545357701736
17, 28168.458984433597, 24114.445395828487, 28168.458984433597, 27836.119689934036, 24374.843824841544, 27836.119689934036
18, 28173.202151245216, 24324.276917599847, 28173.202151245216, 27911.947287587616, 24405.182420863443, 27911.947287587616
19, 28324.75815845402, 24209.411570719865, 28324.75815845402, 27988.941271690634, 24423.15286920689, 27988.941271690634
20, 28427.34833516133, 24644.922156672033, 28427.34833516133, 28050.842348477257, 24394.973671066575, 28050.842348477257
21, 28427.34833516133, 24644.922156672033, 28427.34833516133, 28110.411661890368, 24347.687751005335, 28110.411661890368
22, 28427.34833516133, 24644.922156672033, 28427.34833516133, 28160.322073498926, 24360.762347323514, 28160.322073498926
23, 28432.867898612327, 24218.739009533827, 28432.867898612327, 28219.88070737662, 24348.0066437701, 28219.88070737662
24, 28564.757824426633, 24279.804845805258, 28564.757824426633, 28268.799920248654, 24369.112273830677, 28268.799920248654
25, 28682.705457255866, 24253.039986356995, 28682.705457255866, 28321.401126205128, 24354.503771359152, 28321.401126205128
26, 28682.705457255866, 24253.039986356995, 28682.705457255866, 28380.06712984623, 24351.13825852569, 28380.06712984623
27, 28717.8165337756, 24281.348747257893, 28717.8165337756, 28431.566466958557, 24398.053332797517, 28431.566466958557
28, 28732.66450537601, 24458.556019954252, 28732.66450537601, 28482.192752999417, 24445.261990678067, 28482.192752999417
29, 28732.66450537601, 24458.556019954252, 28732.66450537601, 28532.98835763768, 24336.874756713332, 28532.98835763768
30, 28825.415591042183, 24464.791591424106, 28825.415591042183, 28587.188211112978, 24287.885308658533, 28587.188211112978
31, 28861.878515317327, 24148.36217254113, 28861.878515317327, 28631.901166238866, 24283.438835703553, 28631.901166238866
32, 28894.966112759037, 24490.48120847733, 28894.966112759037, 28674.90055507433, 24281.306168837924, 28674.90055507433
33, 28894.966112759037, 24490.48120847733, 28894.966112759037, 28726.246558303974, 24282.85771487122, 28726.246558303974
34, 28952.640161588177, 24481.257383123277, 28952.640161588177, 28773.430700457866, 24324.274305219184, 28773.430700457866
35, 28989.88328491048, 24601.068422877637, 28989.88328491048, 28813.273113833806, 24351.92198207765, 28813.273113833806
36, 29003.411009280488, 24262.147859567445, 29003.411009280488, 28850.91728973429, 24362.51390257714, 28850.91728973429
37, 29069.01252349793, 24566.940563741402, 29069.01252349793, 28877.06751108056, 24349.20178519202, 28877.06751108056
38, 29275.853462883824, 24431.830749502587, 29275.853462883824, 28912.71339979603, 24408.365956924707, 28912.71339979603
39, 29275.853462883824, 24431.830749502587, 29275.853462883824, 28942.94736562982, 24410.98354794938, 28942.94736562982
40, 29275.853462883824, 24431.830749502587, 29275.853462883824, 28988.314471438596, 24398.66269660354, 28988.314471438596
41, 29275.853462883824, 24431.830749502587, 29275.853462883824, 29028.39167465875, 24411.29756631418, 29028.39167465875
42, 29275.853462883824, 24431.830749502587, 29275.853462883824, 29068.789987445478, 24438.375360965947, 29068.789987445478
43, 29376.63910661636, 24427.591118303848, 29376.63910661636, 29113.314312796876, 24458.88787165579, 29113.314312796876
44, 29376.63910661636, 24427.591118303848, 29376.63910661636, 29159.084536141603, 24449.77327401409, 29159.084536141603
45, 29470.067164773416, 24396.261204406397, 29470.067164773416, 29218.5344055148, 24439.760098106148, 29218.5344055148
46, 29470.067164773416, 24396.261204406397, 29470.067164773416, 29257.452526827237, 24447.138788091353, 29257.452526827237
47, 29592.622409809064, 24142.23413273, 29592.622409809064, 29299.372126784263, 24427.53698908348, 29299.372126784263
48, 29592.622409809064, 24142.23413273, 29592.622409809064, 29333.727484345032, 24427.997861663684, 29333.727484345032
49, 29854.145754743506, 24660.98270618781, 29854.145754743506, 29377.699094839987, 24434.985628739927, 29377.699094839987
50, 29854.145754743506, 24660.98270618781, 29854.145754743506, 29420.381087228572, 24417.617182803304, 29420.381087228572
51, 29854.145754743506, 24660.98270618781, 29854.145754743506, 29447.846167188454, 24432.7296618835, 29447.846167188454
52, 29906.232131076085, 24458.79641179367, 29906.232131076085, 29484.070084493113, 24421.117108296647, 29484.070084493113
53, 29906.232131076085, 24458.79641179367, 29906.232131076085, 29525.377217599667, 24441.656511881556, 29525.377217599667
54, 29906.232131076085, 24458.79641179367, 29906.232131076085, 29572.115177443236, 24451.417225882273, 29572.115177443236
55, 29961.404990019724, 24499.08774926193, 29961.404990019724, 29621.930968057524, 24426.74232076898, 29621.930968057524
56, 29961.404990019724, 24499.08774926193, 29961.404990019724, 29665.994862100073, 24452.957424721328, 29665.994862100073
57, 29961.404990019724, 24499.08774926193, 29961.404990019724, 29717.135166500175, 24513.27332104016, 29717.135166500175
58, 29961.404990019724, 24499.08774926193, 29961.404990019724, 29766.446491816096, 24503.68816824028, 29766.446491816096
59, 30091.744342646147, 24263.176636156568, 30091.744342646147, 29835.597270663082, 24500.021667549587, 29835.597270663082
60, 30091.744342646147, 24263.176636156568, 30091.744342646147, 29881.381253667856, 24494.767522733313, 29881.381253667856
61, 30092.858890877465, 24282.12236663126, 30092.858890877465, 29908.540334737543, 24446.747504722163, 29908.540334737543
62, 30226.755128208675, 24468.31451429737, 30226.755128208675, 29928.29560089797, 24453.951164068556, 29928.29560089797
63, 30226.755128208675, 24468.31451429737, 30226.755128208675, 29946.700138549724, 24445.88856846537, 29946.700138549724
64, 30226.755128208675, 24468.31451429737, 30226.755128208675, 29977.074594477977, 24439.363590855613, 29977.074594477977
65, 30301.245673353485, 24379.93691721885, 30301.245673353485, 30009.93768340096, 24432.81911628006, 30009.93768340096
66, 30301.245673353485, 24379.93691721885, 30301.245673353485, 30046.630305194594, 24411.258908222768, 30046.630305194594
67, 30301.245673353485, 24379.93691721885, 30301.245673353485, 30094.372728092407, 24376.740668531962, 30094.372728092407
68, 30301.245673353485, 24379.93691721885, 30301.245673353485, 30137.278003779655, 24352.07685519263, 30137.278003779655
69, 30337.90648464472, 24579.885037395536, 30337.90648464472, 30175.271073736367, 24398.494162897496, 30175.271073736367
70, 30337.90648464472, 24579.885037395536, 30337.90648464472, 30220.61044425333, 24460.138102640532, 30220.61044425333
71, 30437.04879006062, 24528.587596449343, 30437.04879006062, 30248.17861912828, 24453.042911596218, 30248.17861912828
72, 30452.526695442608, 24268.98250054484, 30452.526695442608, 30265.545156910106, 24444.433332243138, 30265.545156910106
73, 30452.526695442608, 24268.98250054484, 30452.526695442608, 30290.46301191501, 24427.200460913275, 30290.46301191501
74, 30452.526695442608, 24268.98250054484, 30452.526695442608, 30314.377741870787, 24412.794280661506, 30314.377741870787
75, 30452.526695442608, 24268.98250054484, 30452.526695442608, 30323.158704016445, 24437.2528526943, 30323.158704016445
76, 30465.161001629574, 24384.107327586327, 30465.161001629574, 30336.205091306503, 24467.81882786837, 30336.205091306503
77, 30465.161001629574, 24384.107327586327, 30465.161001629574, 30359.26779275956, 24466.984569821903, 30359.26779275956
78, 30549.57559285824, 24207.215321686323, 30549.57559285824, 30381.099422057698, 24427.54985071665, 30381.099422057698
79, 30549.57559285824, 24207.215321686323, 30549.57559285824, 30407.645326519447, 24443.965967420285, 30407.645326519447
80, 30677.036568599648, 24321.339911577354, 30677.036568599648, 30439.324397017812, 24461.500475829245, 30439.324397017812
81, 30677.036568599648, 24321.339911577354, 30677.036568599648, 30456.769242919454, 24416.554500489096, 30456.769242919454
82, 30677.036568599648, 24321.339911577354, 30677.036568599648, 30466.327594900475, 24265.49326570359, 30466.327594900475
83, 30677.036568599648, 24321.339911577354, 30677.036568599648, 30477.83214499384, 24270.613617267056, 30477.83214499384
84, 30677.036568599648, 24321.339911577354, 30677.036568599648, 30494.296173666524, 24269.523428532328, 30494.296173666524
85, 30677.036568599648, 24321.339911577354, 30677.036568599648, 30520.122040316364, 24262.439140178158, 30520.122040316364
86, 30677.036568599648, 24321.339911577354, 30677.036568599648, 30538.268272578054, 24328.465269759658, 30538.268272578054
87, 30677.036568599648, 24321.339911577354, 30677.036568599648, 30562.67723921461, 24400.951717391163, 30562.67723921461
88, 30753.61400079513, 24359.90281302368, 30753.61400079513, 30586.32708008424, 24436.31871535667, 30586.32708008424
89, 30753.61400079513, 24359.90281302368, 30753.61400079513, 30599.331780839246, 24471.04777683021, 30599.331780839246
90, 30753.61400079513, 24359.90281302368, 30753.61400079513, 30612.81198613748, 24414.705312629834, 30612.81198613748
91, 30753.61400079513, 24359.90281302368, 30753.61400079513, 30636.825024552123, 24380.834676145572, 30636.825024552123
92, 30762.063553185908, 24267.01116586854, 30762.063553185908, 30658.81147362313, 24371.88206492823, 30658.81147362313
93, 30762.063553185908, 24267.01116586854, 30762.063553185908, 30682.3254970188, 24318.414924427187, 30682.3254970188
94, 30785.480632057617, 24406.52797315302, 30785.480632057617, 30687.711506795327, 24323.014221511614, 30687.711506795327
95, 30785.480632057617, 24406.52797315302, 30785.480632057617, 30697.034683120106, 24315.980323583106, 30697.034683120106
96, 30866.296371905824, 24472.474567869525, 30866.296371905824, 30712.76921571673, 24284.758285907563, 30712.76921571673
97, 30866.296371905824, 24472.474567869525, 30866.296371905824, 30726.352042056693, 24331.058059368537, 30726.352042056693
98, 30866.296371905824, 24472.474567869525, 30866.296371905824, 30738.618340111443, 24326.774361017106, 30738.618340111443
99, 30866.296371905824, 24472.474567869525, 30866.296371905824, 30756.564269159775, 24280.50166327714, 30756.564269159775
100, 30866.296371905824, 24472.474567869525, 30866.296371905824, 30769.940563414173, 24285.521866084895, 30769.940563414173
101, 30872.2281517604, 24546.569726687212, 30872.2281517604, 30784.01488920328, 24393.72737606016, 30784.01488920328
102, 30890.40004157128, 24235.892388501998, 30890.40004157128, 30802.796478734123, 24444.23430260933, 30802.796478734123
103, 30973.075464448688, 24303.233227445144, 30973.075464448688, 30817.96101430232, 24403.24490747389, 30817.96101430232
104, 30973.075464448688, 24303.233227445144, 30973.075464448688, 30842.384146190863, 24439.0091887, 30842.384146190863
105, 30980.88609792307, 24610.09761816233, 30980.88609792307, 30864.014499915495, 24446.446839941298, 30864.014499915495
106, 30980.88609792307, 24610.09761816233, 30980.88609792307, 30874.77158375025, 24464.533623847292, 30874.77158375025
107, 31057.653581702685, 24529.81024362917, 31057.653581702685, 30879.799063544768, 24462.87588186485, 30879.799063544768
108, 31100.667384237193, 24513.13251069519, 31100.667384237193, 30889.868885371903, 24450.004445281855, 30889.868885371903
109, 31100.667384237193, 24513.13251069519, 31100.667384237193, 30906.758228369825, 24438.534679522534, 30906.758228369825
110, 31109.65637107641, 24561.098163639097, 31109.65637107641, 30933.21338727659, 24372.16087326087, 30933.21338727659
111, 31126.366910695677, 24428.58489807151, 31126.366910695677, 30962.47479483267, 24410.0529635973, 30962.47479483267
112, 31126.366910695677, 24428.58489807151, 31126.366910695677, 30985.742231874763, 24364.5749959202, 30985.742231874763
113, 31126.366910695677, 24428.58489807151, 31126.366910695677, 31002.62170892416, 24397.409798815403, 31002.62170892416
114, 31126.366910695677, 24428.58489807151, 31126.366910695677, 31025.60838175253, 24469.27275156182, 31025.60838175253
115, 31126.366910695677, 24428.58489807151, 31126.366910695677, 31050.127926447745, 24496.53057341466, 31050.127926447745
116, 31189.071817537897, 24582.139239209424, 31189.071817537897, 31067.832935912436, 24522.91341282129, 31067.832935912436
117, 31264.642539341796, 24428.81235531537, 31264.642539341796, 31074.922416084308, 24517.77460101872, 31074.922416084308
118, 31264.642539341796, 24428.81235531537, 31264.642539341796, 31083.404702159292, 24512.91667082984, 31083.404702159292
119, 31264.642539341796, 24428.81235531537, 31264.642539341796, 31094.866191398607, 24495.11244857528, 31094.866191398607
120, 31264.642539341796, 24428.81235531537, 31264.642539341796, 31116.463762164632, 24517.81122205021, 31116.463762164632
121, 31264.642539341796, 24428.81235531537, 31264.642539341796, 31127.980289109582, 24524.260549128234, 31127.980289109582
122, 31264.642539341796, 24428.81235531537, 31264.642539341796, 31138.759770275577, 24502.13792994732, 31138.759770275577
123, 31264.642539341796, 24428.81235531537, 31264.642539341796, 31153.793768086816, 24468.06979315859, 31153.793768086816
124, 31264.642539341796, 24428.81235531537, 31264.642539341796, 31170.766819443797, 24501.47439795035, 31170.766819443797
125, 31329.812847923586, 24624.75367814451, 31329.812847923586, 31201.51919211371, 24534.112189925127, 31201.51919211371
126, 31329.812847923586, 24624.75367814451, 31329.812847923586, 31230.2679110607, 24497.003934435492, 31230.2679110607
127, 31329.812847923586, 24624.75367814451, 31329.812847923586, 31260.172727083303, 24470.07424612623, 31260.172727083303
128, 31329.812847923586, 24624.75367814451, 31329.812847923586, 31267.62990830988, 24439.311586558735, 31267.62990830988
129, 31329.812847923586, 24624.75367814451, 31329.812847923586, 31270.04556484562, 24445.56572641088, 31270.04556484562
130, 31329.812847923586, 24624.75367814451, 31329.812847923586, 31273.609969753506, 24449.81663830414, 31273.609969753506
131, 31329.812847923586, 24624.75367814451, 31329.812847923586, 31278.179385883883, 24460.045933400314, 31278.179385883883
132, 31371.908094979524, 24494.738469197146, 31371.908094979524, 31287.403804645386, 24469.073254549134, 31287.403804645386
133, 31525.648848164667, 24382.11272144137, 31525.648848164667, 31298.5436891017, 24453.741739439614, 31298.5436891017
134, 31525.648848164667, 24382.11272144137, 31525.648848164667, 31301.92725043274, 24388.99673364029, 31301.92725043274
135, 31525.648848164667, 24382.11272144137, 31525.648848164667, 31307.402777232626, 24371.659639238045, 31307.402777232626
136, 31525.648848164667, 24382.11272144137, 31525.648848164667, 31315.28907412889, 24381.64580375967, 31315.28907412889
137, 31525.648848164667, 24382.11272144137, 31525.648848164667, 31328.615373805435, 24394.251050356863, 31328.615373805435
138, 31592.95356608778, 24377.44313667991, 31592.95356608778, 31351.703915808484, 24414.10902077483, 31351.703915808484
139, 31592.95356608778, 24377.44313667991, 31592.95356608778, 31373.36294312176, 24426.005954834764, 31373.36294312176
140, 31592.95356608778, 24377.44313667991, 31592.95356608778, 31403.418622145957, 24372.448708813805, 31403.418622145957
141, 31592.95356608778, 24377.44313667991, 31592.95356608778, 31434.613190799824, 24457.034271681376, 31434.613190799824
142, 31613.178276307804, 24352.05127376106, 31613.178276307804, 31465.4828483629, 24432.246749263362, 31465.4828483629
143, 31613.178276307804, 24352.05127376106, 31613.178276307804, 31502.82508946727, 24413.020157554634, 31502.82508946727
144, 31613.178276307804, 24352.05127376106, 31613.178276307804, 31533.481765400214, 24387.509355248723, 31533.481765400214
145, 31686.015359269066, 24455.138430149076, 31686.015359269066, 31542.52570696021, 24381.24752657007, 31542.52570696021
146, 31686.015359269066, 24455.138430149076, 31686.015359269066, 31555.02385045112, 24380.32863993761, 31555.02385045112
147, 31686.015359269066, 24455.138430149076, 31686.015359269066, 31571.464262017882, 24378.707169779766, 31571.464262017882
148, 31686.015359269066, 24455.138430149076, 31686.015359269066, 31595.227490439775, 24364.674059212306, 31595.227490439775
149, 31686.015359269066, 24455.138430149076, 31686.015359269066, 31598.20135109352, 24373.50933908618, 31598.20135109352
150, 31686.015359269066, 24455.138430149076, 31686.015359269066, 31601.921434633714, 24369.425298533748, 31601.921434633714
151, 31686.015359269066, 24455.138430149076, 31686.015359269066, 31605.53315217439, 24364.37371101924, 31605.53315217439
152, 31686.015359269066, 24455.138430149076, 31686.015359269066, 31614.060739430177, 24353.711522235804, 31614.060739430177
153, 31686.015359269066, 24455.138430149076, 31686.015359269066, 31626.46079271155, 24331.289543282855, 31626.46079271155
154, 31859.395465170983, 24466.750065191125, 31859.395465170983, 31638.036476755442, 24320.89353895884, 31638.036476755442
155, 31859.395465170983, 24466.750065191125, 31859.395465170983, 31652.4267130173, 24321.08350095384, 31652.4267130173
156, 31859.395465170983, 24466.750065191125, 31859.395465170983, 31676.558310313878, 24315.31268609453, 31676.558310313878
157, 31859.395465170983, 24466.750065191125, 31859.395465170983, 31684.982321397052, 24411.95392499219, 31684.982321397052
158, 31859.395465170983, 24466.750065191125, 31859.395465170983, 31692.364873570972, 24447.19345168873, 31692.364873570972
159, 31859.395465170983, 24466.750065191125, 31859.395465170983, 31698.980377676282, 24447.586944958734, 31698.980377676282
160, 31859.395465170983, 24466.750065191125, 31859.395465170983, 31707.51489111576, 24443.456999833066, 31707.51489111576
161, 31859.395465170983, 24466.750065191125, 31859.395465170983, 31720.726648604814, 24440.77276124636, 31720.726648604814
162, 31859.395465170983, 24466.750065191125, 31859.395465170983, 31739.23659716796, 24426.647084814245, 31739.23659716796
163, 31859.395465170983, 24466.750065191125, 31859.395465170983, 31773.363158950327, 24522.816349987243, 31773.363158950327
164, 31912.473182026915, 24389.13582519233, 31912.473182026915, 31812.77414278633, 24574.945026727473, 31812.77414278633
165, 31912.473182026915, 24389.13582519233, 31912.473182026915, 31828.477457180663, 24567.24173272, 31828.477457180663
166, 31912.473182026915, 24389.13582519233, 31912.473182026915, 31840.94532651652, 24526.598445519587, 31840.94532651652
167, 31956.200367629353, 24652.528730570524, 31956.200367629353, 31860.50328395489, 24470.324358151243, 31860.50328395489
168, 31956.200367629353, 24652.528730570524, 31956.200367629353, 31863.693096389714, 24467.058759630694, 31863.693096389714
169, 31956.200367629353, 24652.528730570524, 31956.200367629353, 31865.949205934605, 24467.208673462123, 31865.949205934605
170, 31956.200367629353, 24652.528730570524, 31956.200367629353, 31870.77632085606, 24470.666625481575, 31870.77632085606
171, 32025.347281166363, 24585.883048178068, 32025.347281166363, 31877.932648011087, 24473.441740222097, 31877.932648011087
172, 32025.347281166363, 24585.883048178068, 32025.347281166363, 31887.35754472352, 24476.293569513175, 31887.35754472352
173, 32036.260276278663, 24512.456378019033, 32036.260276278663, 31909.63702773975, 24483.95230134665, 31909.63702773975
174, 32036.260276278663, 24512.456378019033, 32036.260276278663, 31923.90497145799, 24486.882762049834, 31923.90497145799
175, 32036.260276278663, 24512.456378019033, 32036.260276278663, 31933.77237930325, 24505.718713233295, 31933.77237930325
176, 32036.260276278663, 24512.456378019033, 32036.260276278663, 31949.064784064958, 24580.327949154474, 31949.064784064958
177, 32036.260276278663, 24512.456378019033, 32036.260276278663, 31966.50033731478, 24612.434705950833, 31966.50033731478
178, 32036.260276278663, 24512.456378019033, 32036.260276278663, 31973.578658240946, 24589.587378981592, 31973.578658240946
179, 32036.260276278663, 24512.456378019033, 32036.260276278663, 31986.62719550323, 24535.91778773628, 31986.62719550323
180, 32036.260276278663, 24512.456378019033, 32036.260276278663, 32011.71065456896, 24510.23825578203, 32011.71065456896
181, 32143.496083658625, 24623.407230584162, 32143.496083658625, 32030.172027383516, 24549.67255464479, 32030.172027383516
182, 32143.496083658625, 24623.407230584162, 32143.496083658625, 32033.988144066538, 24537.064162274473, 32033.988144066538
183, 32143.496083658625, 24623.407230584162, 32143.496083658625, 32037.475552980937, 24513.716822979924, 32037.475552980937
184, 32156.804837823383, 24465.432777874325, 32156.804837823383, 32039.968854385043, 24514.52018662944, 32039.968854385043
185, 32156.804837823383, 24465.432777874325, 32156.804837823383, 32043.24487340968, 24516.281420854903, 32043.24487340968
186, 32156.804837823383, 24465.432777874325, 32156.804837823383, 32048.718051226308, 24519.77860397602, 32048.718051226308
187, 32156.804837823383, 24465.432777874325, 32156.804837823383, 32053.88080673708, 24522.779902231618, 32053.88080673708
188, 32156.804837823383, 24465.432777874325, 32156.804837823383, 32062.265717121605, 24525.7304767786, 32062.265717121605
189, 32156.804837823383, 24465.432777874325, 32156.804837823383, 32075.434571775157, 24534.230175618228, 32075.434571775157
190, 32156.804837823383, 24465.432777874325, 32156.804837823383, 32092.864445705985, 24541.813387947634, 32092.864445705985
191, 32198.06906915037, 24427.148228322174, 32198.06906915037, 32121.13899702697, 24544.219862279348, 32121.13899702697
192, 32214.068255790324, 24380.887478505036, 32214.068255790324, 32146.622286876467, 24567.448317729155, 32146.622286876467
193, 32214.068255790324, 24380.887478505036, 32214.068255790324, 32149.80369229057, 24556.552891999698, 32149.80369229057
194, 32214.068255790324, 24380.887478505036, 32214.068255790324, 32154.29328762035, 24508.32465276282, 32154.29328762035
195, 32214.068255790324, 24380.887478505036, 32214.068255790324, 32158.238322622146, 24464.495262559773, 32158.238322622146
196, 32234.801497396023, 24490.31705377927, 32234.801497396023, 32160.439749974896, 24462.657170856983, 32160.439749974896
197, 32234.801497396023, 24490.31705377927, 32234.801497396023, 32162.481538088345, 24462.883500796543, 32162.481538088345
198, 32234.801497396023, 24490.31705377927, 32234.801497396023, 32166.28346180445, 24460.384544536075, 32166.28346180445
199, 32234.801497396023, 24490.31705377927, 32234.801497396023, 32171.759549584112, 24461.90768607772, 32171.759549584112
200, 32234.801497396023, 24490.31705377927, 32234.801497396023, 32180.182185068556, 24459.858911132862, 32180.182185068556
201, 32234.801497396023, 24490.31705377927, 32234.801497396023, 32194.654652662262, 24459.480365730895, 32194.654652662262
202, 32234.801497396023, 24490.31705377927, 32234.801497396023, 32212.911179888368, 24418.89584232018, 32212.911179888368
203, 32234.801497396023, 24490.31705377927, 32234.801497396023, 32219.504420970447, 24415.403354927577, 32219.504420970447
204, 32234.801497396023, 24490.31705377927, 32234.801497396023, 32222.611882914673, 24434.134036383886, 32222.611882914673
205, 32234.801497396023, 24490.31705377927, 32234.801497396023, 32228.983568263473, 24471.25799852847, 32228.983568263473
206, 32234.801497396023, 24490.31705377927, 32234.801497396023, 32234.801497396078, 24490.31705377933, 32234.801497396078
207, 32234.801497396023, 24490.31705377927, 32234.801497396023, 32234.801497396078, 24490.31705377933, 32234.801497396078
208, 32258.69512819914, 24525.66466044513, 32258.69512819914, 32234.92096555009, 24490.49379181266, 32234.92096555009
209, 32261.958740877883, 24584.483617234953, 32261.958740877883, 32235.0567517675, 24490.964624629938, 32235.0567517675
210, 32261.958740877883, 24584.483617234953, 32261.958740877883, 32235.366193590235, 24491.79624614469, 32235.366193590235
211, 32417.71945778461, 24130.684102205152, 32417.71945778461, 32236.540088250284, 24490.505940459447, 32236.540088250284
212, 32417.71945778461, 24130.684102205152, 32417.71945778461, 32237.81730582249, 24489.49554705992, 32237.81730582249
213, 32417.71945778461, 24130.684102205152, 32417.71945778461, 32239.06208134095, 24492.72037734343, 32239.06208134095
214, 32417.71945778461, 24130.684102205152, 32417.71945778461, 32240.92361766172, 24493.94722504723, 32240.92361766172
215, 32417.71945778461, 24130.684102205152, 32417.71945778461, 32244.80046232768, 24492.814171733702, 32244.80046232768
216, 32417.71945778461, 24130.684102205152, 32417.71945778461, 32249.17514546399, 24494.20737274788, 32249.17514546399
217, 32417.71945778461, 24130.684102205152, 32417.71945778461, 32259.872344749776, 24480.5996187364, 32259.872344749776
218, 32417.71945778461, 24130.684102205152, 32417.71945778461, 32271.680161632725, 24495.212243101738, 32271.680161632725
219, 32450.088559556392, 24323.307709557077, 32450.088559556392, 32279.147969478807, 24525.320071948016, 32279.147969478807
220, 32450.088559556392, 24323.307709557077, 32450.088559556392, 32291.736968214667, 24482.085657526673, 32291.736968214667
221, 32450.088559556392, 24323.307709557077, 32450.088559556392, 32310.35608071253, 24416.607560575227, 32310.35608071253
222, 32450.088559556392, 24323.307709557077, 32450.088559556392, 32333.691108367937, 24338.342953968597, 32333.691108367937
223, 32450.088559556392, 24323.307709557077, 32450.088559556392, 32374.81437102983, 24267.219992765436, 32374.81437102983
224, 32451.91810204108, 24221.69936241617, 32451.91810204108, 32414.89143648874, 24174.38663120802, 32414.89143648874
225, 32451.91810204108, 24221.69936241617, 32451.91810204108, 32421.78738041797, 24154.12298065196, 32421.78738041797
226, 32451.91810204108, 24221.69936241617, 32451.91810204108, 32424.788865458453, 24171.766139536117, 32424.788865458453
227, 32451.91810204108, 24221.69936241617, 32451.91810204108, 32429.340579874828, 24197.905866593585, 32429.340579874828
228, 32451.91810204108, 24221.69936241617, 32451.91810204108, 32436.43568594237, 24237.275273217816, 32436.43568594237
229, 32451.91810204108, 24221.69936241617, 32451.91810204108, 32448.1511423249, 24303.344751878558, 32448.1511423249
230, 32451.91810204108, 24221.69936241617, 32451.91810204108, 32450.381286354022, 24307.05037401448, 32450.381286354022
231, 32540.73061933732, 24464.831617187407, 32540.73061933732, 32451.01745090141, 24297.597158838544, 32451.01745090141
232, 32540.73061933732, 24464.831617187407, 32540.73061933732, 32451.745092573015, 24283.06352630559, 32451.745092573015
233, 32555.667532670213, 24457.178407580017, 32555.667532670213, 32453.600202807844, 24261.778199029643, 32453.600202807844
234, 32555.667532670213, 24457.178407580017, 32555.667532670213, 32456.604618113804, 24233.2221985231, 32456.604618113804
235, 32555.667532670213, 24457.178407580017, 32555.667532670213, 32459.718534879084, 24242.021398934234, 32459.718534879084
236, 32555.667532670213, 24457.178407580017, 32555.667532670213, 32465.2133013627, 24255.3148812858, 32465.2133013627
237, 32555.667532670213, 24457.178407580017, 32555.667532670213, 32471.911304143177, 24275.971543417498, 32471.911304143177
238, 32555.667532670213, 24457.178407580017, 32555.667532670213, 32485.591544201503, 24308.48580357044, 32485.591544201503
239, 32555.667532670213, 24457.178407580017, 32555.667532670213, 32510.124439934258, 24365.4027847978, 32510.124439934258
240, 32555.667532670213, 24457.178407580017, 32555.667532670213, 32542.881049769727, 24417.40431304131, 32542.881049769727
241, 32555.667532670213, 24457.178407580017, 32555.667532670213, 32544.650072923396, 24455.698465403002, 32544.650072923396
242, 32558.35305139397, 24627.350549263665, 32558.35305139397, 32546.93167268847, 24453.60594883669, 32546.93167268847
243, 32558.35305139397, 24627.350549263665, 32558.35305139397, 32551.35971066323, 24446.851191258163, 32551.35971066323
244, 32558.35305139397, 24627.350549263665, 32558.35305139397, 32555.631147427954, 24457.715170329375, 32555.631147427954
245, 32634.647503219163, 24531.419431044902, 32634.647503219163, 32556.21658681408, 24460.011703624088, 32556.21658681408
246, 32634.647503219163, 24531.419431044902, 32634.647503219163, 32557.019814113188, 24461.604974567155, 32557.019814113188
247, 32634.647503219163, 24531.419431044902, 32634.647503219163, 32558.324805489137, 24463.52054410947, 32558.324805489137
248, 32634.647503219163, 24531.419431044902, 32634.647503219163, 32558.39194345723, 24467.774847651563, 32558.39194345723
249, 32634.647503219163, 24531.419431044902, 32634.647503219163, 32560.853272796536, 24476.255763237696, 32560.853272796536
250, 32634.647503219163, 24531.419431044902, 32634.647503219163, 32562.98548790724, 24485.499277354782, 32562.98548790724
251, 32634.647503219163, 24531.419431044902, 32634.647503219163, 32568.413874601363, 24505.882881469843, 32568.413874601363
252, 32634.647503219163, 24531.419431044902, 32634.647503219163, 32574.921757179327, 24528.957270791918, 32574.921757179327
253, 32634.647503219163, 24531.419431044902, 32634.647503219163, 32585.894773767148, 24571.529333457518, 32585.894773767148
254, 32665.387620582223, 24666.4606203953, 32665.387620582223, 32605.531889729165, 24535.885742595874, 32605.531889729165
255, 32665.387620582223, 24666.4606203953, 32665.387620582223, 32628.501880505326, 24520.1911925519, 32628.501880505326
256, 32665.387620582223, 24666.4606203953, 32665.387620582223, 32635.262305566524, 24534.12025483182, 32635.262305566524
257, 32665.387620582223, 24666.4606203953, 32665.387620582223, 32636.0376153404, 24536.59402392831, 32636.0376153404
258, 32665.387620582223, 24666.4606203953, 32665.387620582223, 32637.801823491292, 24543.11209448324, 32637.801823491292
259, 32665.387620582223, 24666.4606203953, 32665.387620582223, 32639.85442344674, 24549.973032951086, 32639.85442344674
260, 32665.387620582223, 24666.4606203953, 32665.387620582223, 32644.48202428474, 24562.901528249844, 32644.48202428474
261, 32665.387620582223, 24666.4606203953, 32665.387620582223, 32651.727217209875, 24584.74156317216, 32651.727217209875
262, 32665.387620582223, 24666.4606203953, 32665.387620582223, 32659.94311140025, 24608.208867359222, 32659.94311140025
263, 32674.62622161423, 24351.33372390404, 32674.62622161423, 32665.264740806495, 24643.50702739613, 32665.264740806495
264, 32674.62622161423, 24351.33372390404, 32674.62622161423, 32665.480006592563, 24663.309351430373, 32665.480006592563
265, 32721.113901876957, 24436.670768622847, 32721.113901876957, 32665.804831004192, 24660.58476768905, 32665.804831004192
266, 32721.113901876957, 24436.670768622847, 32721.113901876957, 32665.851024009356, 24659.009133206597, 32665.851024009356
267, 32721.113901876957, 24436.670768622847, 32721.113901876957, 32665.943410019674, 24655.857864241683, 32665.943410019674
268, 32721.113901876957, 24436.670768622847, 32721.113901876957, 32666.484364899028, 24647.805424591646, 32666.484364899028
269, 32721.113901876957, 24436.670768622847, 32721.113901876957, 32666.73185381383, 24643.452250704042, 32666.73185381383
270, 32721.113901876957, 24436.670768622847, 32721.113901876957, 32667.566490613142, 24629.471002683946, 32667.566490613142
271, 32721.113901876957, 24436.670768622847, 32721.113901876957, 32668.72049936503, 24609.91123322224, 32668.72049936503
272, 32737.002189590054, 24633.190581876148, 32737.002189590054, 32670.711034902568, 24577.953767268034, 32670.711034902568
273, 32737.002189590054, 24633.190581876148, 32737.002189590054, 32673.53704899905, 24526.482884565885, 32673.53704899905
274, 32737.002189590054, 24633.190581876148, 32737.002189590054, 32679.42837130608, 24419.535471546347, 32679.42837130608
275, 32737.002189590054, 24633.190581876148, 32737.002189590054, 32682.622712350058, 24411.18826715529, 32682.622712350058
276, 32737.002189590054, 24633.190581876148, 32737.002189590054, 32689.550272992878, 24460.77099767142, 32689.550272992878
277, 32737.002189590054, 24633.190581876148, 32737.002189590054, 32697.62262683818, 24482.78503609484, 32697.62262683818
278, 32737.002189590054, 24633.190581876148, 32737.002189590054, 32709.175970857137, 24441.70568696622, 32709.175970857137
279, 32737.002189590054, 24633.190581876148, 32737.002189590054, 32721.059322257304, 24451.820231006266, 32721.059322257304
280, 32750.30698743957, 24614.9025724246, 32750.30698743957, 32724.092573932026, 24471.448647120305, 32724.092573932026
281, 32750.30698743957, 24614.9025724246, 32750.30698743957, 32726.793582843282, 24504.85701537337, 32726.793582843282
282, 32750.30698743957, 24614.9025724246, 32750.30698743957, 32730.30115980743, 24545.026240427564, 32730.30115980743
283, 32756.2846444777, 24642.680788026904, 32756.2846444777, 32736.92527397376, 24621.920449710688, 32736.92527397376
284, 32802.697121109195, 24614.500045214125, 32802.697121109195, 32737.959268435963, 24632.413059845552, 32737.959268435963
285, 32802.697121109195, 24614.500045214125, 32802.697121109195, 32738.650251324987, 24632.001298003965, 32738.650251324987
286, 32802.697121109195, 24614.500045214125, 32802.697121109195, 32739.34537950265, 24631.2257886094, 32739.34537950265
287, 32802.697121109195, 24614.500045214125, 32802.697121109195, 32740.287491130945, 24629.917803108463, 32740.287491130945
288, 32802.697121109195, 24614.500045214125, 32802.697121109195, 32741.664536917197, 24628.099455778985, 32741.664536917197
289, 32802.697121109195, 24614.500045214125, 32802.697121109195, 32744.940725544788, 24624.452400532922, 32744.940725544788
290, 32802.697121109195, 24614.500045214125, 32802.697121109195, 32749.369467330504, 24619.860451052442, 32749.369467330504
291, 32802.697121109195, 24614.500045214125, 32802.697121109195, 32755.2842689001, 24613.284570061882, 32755.2842689001
292, 32802.697121109195, 24614.500045214125, 32802.697121109195, 32758.495645332434, 24610.910205909913, 32758.495645332434
293, 32802.697121109195, 24614.500045214125, 32802.697121109195, 32764.698173310477, 24608.67585152707, 32764.698173310477
294, 32802.697121109195, 24614.500045214125, 32802.697121109195, 32774.36240847123, 24606.845517490092, 32774.36240847123
295, 32802.697121109195, 24614.500045214125, 32802.697121109195, 32785.597846263016, 24589.02215130368, 32785.597846263016
296, 32815.96957541108, 24682.969407144636, 32815.96957541108, 32796.38463018541, 24603.573007943338, 32796.38463018541
297, 32815.96957541108, 24682.969407144636, 32815.96957541108, 32802.82984565214, 24615.184738833457, 32802.82984565214
298, 32815.96957541108, 24682.969407144636, 32815.96957541108, 32802.896207923644, 24615.52708564311, 32802.896207923644
299, 32815.96957541108, 24682.969407144636, 32815.96957541108, 32803.095294738174, 24616.554126072064, 32803.095294738174
300, 32815.96957541108, 24682.969407144636, 32815.96957541108, 32803.228019281196, 24617.23881969137, 32803.228019281196
301, 32815.96957541108, 24682.969407144636, 32815.96957541108, 32803.46357451384, 24617.981865454927, 32803.46357451384
302, 32815.96957541108, 24682.969407144636, 32815.96957541108, 32803.861748142896, 24620.03594631284, 32803.861748142896
303, 32815.96957541108, 24682.969407144636, 32815.96957541108, 32804.19355950044, 24621.747680361103, 32804.19355950044
304, 32858.63287414209, 24675.62596233195, 32858.63287414209, 32805.57150302787, 24627.24686423573, 32805.57150302787
305, 32858.63287414209, 24675.62596233195, 32858.63287414209, 32807.37751403778, 24635.42647044334, 32807.37751403778
306, 32858.63287414209, 24675.62596233195, 32858.63287414209, 32810.23109171267, 24650.147383258372, 32810.23109171267
307, 32858.63287414209, 24675.62596233195, 32858.63287414209, 32813.85112279228, 24668.350116314105, 32813.85112279228
308, 32858.63287414209, 24675.62596233195, 32858.63287414209, 32816.822841385605, 24682.822538248365, 32816.822841385605
309, 32858.63287414209, 24675.62596233195, 32858.63287414209, 32817.46279086657, 24682.712386576175, 32817.46279086657
310, 32858.63287414209, 24675.62596233195, 32858.63287414209, 32818.10274034754, 24682.602234903985, 32818.10274034754
311, 32858.63287414209, 24675.62596233195, 32858.63287414209, 32819.595955803125, 24682.345214335543, 32819.595955803125
312, 32858.63287414209, 24675.62596233195, 32858.63287414209, 32821.30248775237, 24682.051476543034, 32821.30248775237
313, 32858.63287414209, 24675.62596233195, 32858.63287414209, 32823.222336195264, 24681.72102152646, 32823.222336195264
314, 32858.63287414209, 24675.62596233195, 32858.63287414209, 32827.915299055676, 24680.91324259706, 32827.915299055676
315, 32868.92456208966, 24568.520398799043, 32868.92456208966, 32835.26935216305, 24678.94288973751, 32835.26935216305
316, 32868.92456208966, 24568.520398799043, 32868.92456208966, 32847.42839230141, 24676.850007965928, 32847.42839230141
317, 32903.57948410305, 24669.152751712023, 32903.57948410305, 32858.96052407143, 24674.522540643473, 32858.96052407143
318, 32903.57948410305, 24669.152751712023, 32903.57948410305, 32859.33963244045, 24672.88359113738, 32859.33963244045
319, 32903.57948410305, 24669.152751712023, 32903.57948410305, 32859.71874080947, 24671.24464163128, 32859.71874080947
320, 32903.57948410305, 24669.152751712023, 32903.57948410305, 32860.2522244977, 24667.999108672197, 32860.2522244977
321, 32903.57948410305, 24669.152751712023, 32903.57948410305, 32861.94193258383, 24661.946472412394, 32861.94193258383
322, 32903.57948410305, 24669.152751712023, 32903.57948410305, 32864.146225067336, 24650.538557975957, 32864.146225067336
323, 32903.57948410305, 24669.152751712023, 32903.57948410305, 32867.885850317805, 24634.684590732693, 32867.885850317805
324, 32903.57948410305, 24669.152751712023, 32903.57948410305, 32873.77101532374, 24608.188550608687, 32873.77101532374
325, 32903.57948410305, 24669.152751712023, 32903.57948410305, 32879.191928235145, 24597.901728828783, 32879.191928235145
326, 32903.57948410305, 24669.152751712023, 32903.57948410305, 32885.256539587535, 24615.512390588574, 32885.256539587535
327, 32903.57948410305, 24669.152751712023, 32903.57948410305, 32895.13319236136, 24644.19261116885, 32895.13319236136
328, 32903.57948410305, 24669.152751712023, 32903.57948410305, 32903.579484103175, 24669.1527517121, 32903.579484103175
329, 32903.57948410305, 24669.152751712023, 32903.57948410305, 32903.579484103175, 24669.1527517121, 32903.579484103175
330, 32903.57948410305, 24669.152751712023, 32903.57948410305, 32903.579484103175, 24669.1527517121, 32903.579484103175
331, 32918.111765645706, 24434.243510739965, 32918.111765645706, 32903.65214551089, 24667.978205507243, 32903.65214551089
332, 32918.111765645706, 24434.243510739965, 32918.111765645706, 32903.65214551089, 24667.978205507243, 32903.65214551089
333, 32918.111765645706, 24434.243510739965, 32918.111765645706, 32903.7248069186, 24666.803659302383, 32903.7248069186
334, 32929.46938476542, 24630.58830523921, 32929.46938476542, 32903.92691782963, 24665.43629086516, 32903.92691782963
335, 32929.46938476542, 24630.58830523921, 32929.46938476542, 32903.99957923734, 24664.261744660296, 32903.99957923734
336, 32929.46938476542, 24630.58830523921, 32929.46938476542, 32904.34701296379, 24660.54528381335, 32904.34701296379
337, 32929.46938476542, 24630.58830523921, 32929.46938476542, 32904.49233577922, 24658.196191403633, 32904.49233577922
338, 32929.46938476542, 24630.58830523921, 32929.46938476542, 32904.83976950567, 24654.479730556686, 32904.83976950567
339, 32929.46938476542, 24630.58830523921, 32929.46938476542, 32905.5663835828, 24642.734268508088, 32905.5663835828
340, 32929.46938476542, 24630.58830523921, 32929.46938476542, 32907.40796024701, 24618.66487771379, 32907.40796024701
341, 32929.46938476542, 24630.58830523921, 32929.46938476542, 32909.46232099717, 24590.139264957237, 32909.46232099717
342, 32999.46237694024, 24321.389058440778, 32999.46237694024, 32914.2606043315, 24533.24448554225, 32914.2606043315
343, 32999.46237694024, 24321.389058440778, 32999.46237694024, 32920.47205983633, 24458.862709603356, 32920.47205983633
344, 32999.46237694024, 24321.389058440778, 32999.46237694024, 32922.728014223074, 24474.082120452844, 32922.728014223074
345, 32999.46237694024, 24321.389058440778, 32999.46237694024, 32925.50844767519, 24501.33405371586, 32925.50844767519
346, 32999.46237694024, 24321.389058440778, 32999.46237694024, 32930.149502076994, 24557.78587141019, 32930.149502076994
347, 32999.46237694024, 24321.389058440778, 32999.46237694024, 32934.85658096178, 24607.783073008108, 32934.85658096178
348, 32999.46237694024, 24321.389058440778, 32999.46237694024, 32937.8213879607, 24595.08479939182, 32937.8213879607
349, 32999.46237694024, 24321.389058440778, 32999.46237694024, 32942.924520387634, 24571.326757830273, 32942.924520387634
350, 32999.46237694024, 24321.389058440778, 32999.46237694024, 32953.719008507425, 24522.218423754675, 32953.719008507425
351, 32999.46237694024, 24321.389058440778, 32999.46237694024, 32964.98596333848, 24470.328705775613, 32964.98596333848
352, 32999.46237694024, 24321.389058440778, 32999.46237694024, 32983.7138890037, 24384.473325367275, 32983.7138890037
353, 32999.46237694024, 24321.389058440778, 32999.46237694024, 32999.46237694014, 24321.389058440844, 32999.46237694014
354, 32999.46237694024, 24321.389058440778, 32999.46237694024, 32999.46237694014, 24321.389058440844, 32999.46237694014
355, 32999.46237694024, 24321.389058440778, 32999.46237694024, 32999.46237694014, 24321.389058440844, 32999.46237694014
356, 32999.46237694024, 24321.389058440778, 32999.46237694024, 32999.46237694014, 24321.389058440844, 32999.46237694014
357, 32999.46237694024, 24321.389058440778, 32999.46237694024, 32999.46237694014, 24321.389058440844, 32999.46237694014
358, 33051.64180901941, 24427.747424236168, 33051.64180901941, 32999.72327410053, 24321.920850269824, 32999.72327410053
359, 33051.64180901941, 24427.747424236168, 33051.64180901941, 32999.72327410053, 24321.920850269824, 32999.72327410053
360, 33051.64180901941, 24427.747424236168, 33051.64180901941, 32999.72888626046, 24323.610646550344, 32999.72888626046
361, 33051.64180901941, 24427.747424236168, 33051.64180901941, 32999.7344984204, 24325.300442830863, 32999.7344984204
362, 33051.64180901941, 24427.747424236168, 33051.64180901941, 32999.74572274027, 24328.680035391906, 32999.74572274027
363, 33125.60446794058, 24438.913893097597, 33125.60446794058, 33000.648554675536, 24333.179043955206, 33000.648554675536
364, 33125.60446794058, 24438.913893097597, 33125.60446794058, 33001.56261093067, 24341.05764507955, 33001.56261093067
365, 33125.60446794058, 24438.913893097597, 33125.60446794058, 33003.87471418861, 24349.741174136954, 33003.87471418861
366, 33125.60446794058, 24438.913893097597, 33125.60446794058, 33005.55197637804, 24359.838599854953, 33005.55197637804
367, 33125.60446794058, 24438.913893097597, 33125.60446794058, 33011.06060569851, 24382.94572543784, 33011.06060569851
368, 33125.60446794058, 24438.913893097597, 33125.60446794058, 33018.75189699496, 24410.486049025832, 33018.75189699496
369, 33125.60446794058, 24438.913893097597, 33125.60446794058, 33029.19497191053, 24476.084346139905, 33029.19497191053
370, 33125.60446794058, 24438.913893097597, 33125.60446794058, 33048.16763833331, 24483.525846214983, 33048.16763833331
371, 33125.60446794058, 24438.913893097597, 33125.60446794058, 33079.67536710566, 24377.39710514231, 33079.67536710566
372, 33134.45443318943, 24462.685510685835, 33134.45443318943, 33096.75334050514, 24435.595390292714, 33096.75334050514
373, 33134.45443318943, 24462.685510685835, 33134.45443318943, 33124.47451712041, 24439.59785783231, 33124.47451712041
374, 33139.17109245048, 24391.537651464718, 33139.17109245048, 33125.84930036806, 24439.15244424122, 33125.84930036806
375, 33170.789923381424, 24558.259360954544, 33170.789923381424, 33126.16372729775, 24439.986887756386, 33126.16372729775
376, 33170.789923381424, 24558.259360954544, 33170.789923381424, 33126.72298665497, 24441.059882415157, 33126.72298665497
377, 33170.789923381424, 24558.259360954544, 33170.789923381424, 33127.34716236837, 24442.72633254591, 33127.34716236837
378, 33173.95216337796, 24523.24110357085, 33173.95216337796, 33128.74699124027, 24445.410379104178, 33128.74699124027
379, 33173.95216337796, 24523.24110357085, 33173.95216337796, 33131.27664906455, 24450.71013856488, 33131.27664906455
380, 33173.95216337796, 24523.24110357085, 33173.95216337796, 33133.83766228148, 24455.473510720247, 33133.83766228148
381, 33173.95216337796, 24523.24110357085, 33173.95216337796, 33137.83320533828, 24463.40283751659, 33137.83320533828
382, 33173.95216337796, 24523.24110357085, 33173.95216337796, 33140.96810542035, 24467.672000586223, 33140.96810542035
383, 33173.95216337796, 24523.24110357085, 33173.95216337796, 33145.38122040922, 24469.005533915544, 33145.38122040922
384, 33210.62122728677, 24287.91068141953, 33210.62122728677, 33150.81375172978, 24466.332708057194, 33150.81375172978
385, 33210.62122728677, 24287.91068141953, 33210.62122728677, 33159.33758174689, 24489.526268351612, 33159.33758174689
386, 33210.62122728677, 24287.91068141953, 33210.62122728677, 33171.62152790018, 24549.903966080135, 33171.62152790018
387, 33210.62122728677, 24287.91068141953, 33210.62122728677, 33171.906129499854, 24546.752322915603, 33171.906129499854
388, 33210.62122728677, 24287.91068141953, 33210.62122728677, 33172.921079338186, 24537.220275930424, 33172.921079338186
389, 33210.62122728677, 24287.91068141953, 33210.62122728677, 33173.80650653721, 24527.415163862985, 33173.80650653721
390, 33210.62122728677, 24287.91068141953, 33210.62122728677, 33174.68554465602, 24518.53449512787, 33174.68554465602
391, 33237.14994284604, 24437.021792785523, 33237.14994284604, 33175.918260151084, 24512.220138020166, 33175.918260151084
392, 33237.14994284604, 24437.021792785523, 33237.14994284604, 33176.46829610972, 24508.690181687893, 33176.46829610972
393, 33237.14994284604, 24437.021792785523, 33237.14994284604, 33178.25104756341, 24498.845868247914, 33178.25104756341
394, 33237.14994284604, 24437.021792785523, 33237.14994284604, 33181.867252212534, 24477.235033700363, 33181.867252212534
395, 33237.14994284604, 24437.021792785523, 33237.14994284604, 33186.36446036867, 24450.608763652934, 33186.36446036867
396, 33237.14994284604, 24437.021792785523, 33237.14994284604, 33194.148380159226, 24405.826350719737, 33194.148380159226
397, 33237.14994284604, 24437.021792785523, 33237.14994284604, 33207.043825473185, 24325.95600676984, 33207.043825473185
398, 33237.14994284604, 24437.021792785523, 33237.14994284604, 33211.94766306472, 24295.366236987775, 33211.94766306472
399, 33237.14994284604, 24437.021792785523, 33237.14994284604, 33212.21295022031, 24296.857348101432, 33212.21295022031
400, 33237.14994284604, 24437.021792785523, 33237.14994284604, 33213.00881168709, 24301.330681442414, 33213.00881168709
401, 33330.952630963184, 24126.351053435475, 33330.952630963184, 33214.93690448344, 24307.978438870792, 33214.93690448344
402, 33330.952630963184, 24126.351053435475, 33330.952630963184, 33217.85506319496, 24324.38066112105, 33217.85506319496
403, 33330.952630963184, 24126.351053435475, 33330.952630963184, 33222.56867112503, 24346.685085242847, 33222.56867112503
404, 33330.952630963184, 24126.351053435475, 33330.952630963184, 33228.93556285926, 24382.471751970726, 33228.93556285926
405, 33330.952630963184, 24126.351053435475, 33330.952630963184, 33238.37998217653, 24432.940785057013, 33238.37998217653
406, 33330.952630963184, 24126.351053435475, 33330.952630963184, 33238.84899561712, 24431.387431360265, 33238.84899561712
407, 33330.952630963184, 24126.351053435475, 33330.952630963184, 33239.3840835449, 24427.989026237065, 33239.3840835449
408, 33340.993654399004, 24478.254927493548, 33340.993654399004, 33242.606456242116, 24417.609071665356, 33242.606456242116
409, 33340.993654399004, 24478.254927493548, 33340.993654399004, 33246.22564715572, 24406.695073086135, 33246.22564715572
410, 33340.993654399004, 24478.254927493548, 33340.993654399004, 33251.780444269585, 24391.684220280553, 33251.780444269585
411, 33340.993654399004, 24478.254927493548, 33340.993654399004, 33259.04982172712, 24367.19342545558, 33259.04982172712
412, 33340.993654399004, 24478.254927493548, 33340.993654399004, 33271.96024716699, 24320.998896302393, 33271.96024716699
413, 33340.993654399004, 24478.254927493548, 33340.993654399004, 33293.23954726288, 24251.473655991107, 33293.23954726288
414, 33340.993654399004, 24478.254927493548, 33340.993654399004, 33322.92411880972, 24255.526694923094, 33322.92411880972
415, 33340.993654399004, 24478.254927493548, 33340.993654399004, 33334.81842498597, 24261.834044947784, 33334.81842498597
416, 33340.993654399004, 24478.254927493548, 33340.993654399004, 33337.32868084497, 24349.810013462342, 33337.32868084497
417, 33340.993654399004, 24478.254927493548, 33340.993654399004, 33340.993654399106, 24478.25492749361, 33340.993654399106
418, 33340.993654399004, 24478.254927493548, 33340.993654399004, 33340.993654399106, 24478.25492749361, 33340.993654399106
419, 33340.993654399004, 24478.254927493548, 33340.993654399004, 33340.993654399106, 24478.25492749361, 33340.993654399106
420, 33340.993654399004, 24478.254927493548, 33340.993654399004, 33340.993654399106, 24478.25492749361, 33340.993654399106
421, 33340.993654399004, 24478.254927493548, 33340.993654399004, 33340.993654399106, 24478.25492749361, 33340.993654399106
422, 33340.993654399004, 24478.254927493548, 33340.993654399004, 33340.993654399106, 24478.25492749361, 33340.993654399106
423, 33340.993654399004, 24478.254927493548, 33340.993654399004, 33340.993654399106, 24478.25492749361, 33340.993654399106
424, 33379.04534430299, 24658.859894205383, 33379.04534430299, 33341.18391284863, 24479.15795232717, 33341.18391284863
425, 33379.04534430299, 24658.859894205383, 33379.04534430299, 33341.18391284863, 24479.15795232717, 33341.18391284863
426, 33379.04534430299, 24658.859894205383, 33379.04534430299, 33341.37417129815, 24480.06097716073, 33341.37417129815
427, 33379.04534430299, 24658.859894205383, 33379.04534430299, 33341.37417129815, 24480.06097716073, 33341.37417129815
428, 33379.04534430299, 24658.859894205383, 33379.04534430299, 33341.37417129815, 24480.06097716073, 33341.37417129815
429, 33379.04534430299, 24658.859894205383, 33379.04534430299, 33341.56442974767, 24480.964001994285, 33341.56442974767
430, 33379.04534430299, 24658.859894205383, 33379.04534430299, 33342.32546354575, 24484.576101328526, 33342.32546354575
431, 33379.04534430299, 24658.859894205383, 33379.04534430299, 33342.98136679991, 24486.971711524242, 33342.98136679991
432, 33379.04534430299, 24658.859894205383, 33379.04534430299, 33344.313175946554, 24493.292885359155, 33344.313175946554
433, 33379.04534430299, 24658.859894205383, 33379.04534430299, 33346.40601889128, 24503.226158528305, 33346.40601889128
434, 33379.04534430299, 24658.859894205383, 33379.04534430299, 33349.72554043871, 24518.264116393846, 33349.72554043871
435, 33392.75697889204, 24282.022253978805, 33392.75697889204, 33354.55055984964, 24538.955549031678, 33354.55055984964
436, 33392.75697889204, 24282.022253978805, 33392.75697889204, 33362.21194320835, 24574.241444203573, 33362.21194320835
437, 33392.75697889204, 24282.022253978805, 33392.75697889204, 33373.41718909174, 24625.989955940047, 33373.41718909174
438, 33392.75697889204, 24282.022253978805, 33392.75697889204, 33379.182460648975, 24655.091517803157, 33379.182460648975
439, 33392.75697889204, 24282.022253978805, 33392.75697889204, 33379.251018821924, 24653.207329602028, 33379.251018821924
440, 33392.75697889204, 24282.022253978805, 33392.75697889204, 33379.388135167814, 24649.43895319976, 33379.388135167814
441, 33392.75697889204, 24282.022253978805, 33392.75697889204, 33379.388135167814, 24649.43895319976, 33379.388135167814
442, 33392.75697889204, 24282.022253978805, 33392.75697889204, 33379.5252515137, 24645.670576797496, 33379.5252515137
443, 33392.75697889204, 24282.022253978805, 33392.75697889204, 33379.93660055137, 24634.365447590695, 33379.93660055137
444, 33420.481443279445, 24578.558208986287, 33420.481443279445, 33380.41801373803, 24626.42718636007, 33380.41801373803
445, 33420.481443279445, 24578.558208986287, 33420.481443279445, 33381.44789230826, 24603.415419520377, 33381.44789230826
446, 33420.481443279445, 24578.558208986287, 33420.481443279445, 33383.09780638709, 24573.9480712251, 33383.09780638709
447, 33420.481443279445, 24578.558208986287, 33420.481443279445, 33384.401917649106, 24543.399551580875, 33384.401917649106
448, 33420.481443279445, 24578.558208986287, 33420.481443279445, 33388.38582156024, 24460.371916801712, 33388.38582156024
449, 33420.481443279445, 24578.558208986287, 33420.481443279445, 33395.46237313386, 24318.81109385809, 33395.46237313386
450, 33420.481443279445, 24578.558208986287, 33420.481443279445, 33397.33151551593, 24330.95068655514, 33397.33151551593
451, 33420.481443279445, 24578.558208986287, 33420.481443279445, 33400.51982892048, 24365.052321381, 33400.51982892048
452, 33420.481443279445, 24578.558208986287, 33420.481443279445, 33404.67849857856, 24409.53271463211, 33404.67849857856
453, 33420.481443279445, 24578.558208986287, 33420.481443279445, 33411.47099235345, 24482.184023608872, 33411.47099235345
454, 33422.86134131632, 24613.885644580245, 33422.86134131632, 33420.49334276961, 24578.734846164178, 33420.49334276961
455, 33422.86134131632, 24613.885644580245, 33422.86134131632, 33420.49334276961, 24578.734846164178, 33420.49334276961
456, 33452.15344617302, 24652.407842594803, 33452.15344617302, 33420.66360227426, 24579.280731510193, 33420.66360227426
457, 33452.15344617302, 24652.407842594803, 33452.15344617302, 33420.83386177891, 24579.826616856204, 33420.83386177891
458, 33452.15344617302, 24652.407842594803, 33452.15344617302, 33421.027920263936, 24580.725776558156, 33421.027920263936
459, 33452.15344617302, 24652.407842594803, 33452.15344617302, 33421.36843927324, 24581.81754725018, 33421.36843927324
460, 33452.15344617302, 24652.407842594803, 33452.15344617302, 33421.91491625775, 24583.985114822128, 33421.91491625775
461, 33452.15344617302, 24652.407842594803, 33452.15344617302, 33422.65545172729, 24587.051842096025, 33422.65545172729
462, 33452.15344617302, 24652.407842594803, 33452.15344617302, 33423.24952667253, 24589.925958379852, 33423.24952667253
463, 33452.15344617302, 24652.407842594803, 33452.15344617302, 33425.3283391989, 24597.006494065925, 33425.3283391989
464, 33452.15344617302, 24652.407842594803, 33452.15344617302, 33428.17148617518, 24607.50703138184, 33428.17148617518
465, 33452.15344617302, 24652.407842594803, 33452.15344617302, 33432.349243566234, 24623.9484122555, 33432.349243566234
466, 33452.15344617302, 24652.407842594803, 33452.15344617302, 33436.77509112319, 24632.183688637168, 33436.77509112319
467, 33452.15344617302, 24652.407842594803, 33452.15344617302, 33444.09811733739, 24641.814238140774, 33444.09811733739
468, 33452.15344617302, 24652.407842594803, 33452.15344617302, 33452.15344617307, 24652.40784259481, 33452.15344617307
469, 33580.90336088291, 24583.579716216806, 33580.90336088291, 33452.79719574662, 24652.06370196292, 33452.79719574662
470, 33580.90336088291, 24583.579716216806, 33580.90336088291, 33452.79719574662, 24652.06370196292, 33452.79719574662
471, 33580.90336088291, 24583.579716216806, 33580.90336088291, 33453.44094532017, 24651.71956133103, 33453.44094532017
472, 33580.90336088291, 24583.579716216806, 33580.90336088291, 33453.44094532017, 24651.71956133103, 33453.44094532017
473, 33580.90336088291, 24583.579716216806, 33580.90336088291, 33454.3553319193, 24651.557486947575, 33454.3553319193
474, 33580.90336088291, 24583.579716216806, 33580.90336088291, 33456.557217665526, 24650.707131300336, 33456.557217665526
475, 33580.90336088291, 24583.579716216806, 33580.90336088291, 33461.9778512795, 24648.136072493653, 33461.9778512795
476, 33580.90336088291, 24583.579716216806, 33580.90336088291, 33470.24412021325, 24644.370517407842, 33470.24412021325
477, 33580.90336088291, 24583.579716216806, 33580.90336088291, 33480.724825469486, 24639.24408792497, 33480.724825469486
478, 33580.90336088291, 24583.579716216806, 33580.90336088291, 33495.62185279446, 24631.9064283978, 33495.62185279446
479, 33580.90336088291, 24583.579716216806, 33580.90336088291, 33525.28701568822, 24617.36995213524, 33525.28701568822
480, 33580.90336088291, 24583.579716216806, 33580.90336088291, 33569.424725929566, 24596.318498258115, 33569.424725929566
481, 33580.90336088291, 24583.579716216806, 33580.90336088291, 33580.90336088283, 24583.579716216776, 33580.90336088283
482, 33580.90336088291, 24583.579716216806, 33580.90336088291, 33580.90336088283, 24583.579716216776, 33580.90336088283
483, 33580.90336088291, 24583.579716216806, 33580.90336088291, 33580.90336088283, 24583.579716216776, 33580.90336088283
484, 33580.90336088291, 24583.579716216806, 33580.90336088291, 33580.90336088283, 24583.579716216776, 33580.90336088283
485, 33580.90336088291, 24583.579716216806, 33580.90336088291, 33580.90336088283, 24583.579716216776, 33580.90336088283
486, 33580.90336088291, 24583.579716216806, 33580.90336088291, 33580.90336088283, 24583.579716216776, 33580.90336088283
487, 33584.061865679774, 24404.13761067427, 33584.061865679774, 33580.919153406816, 24582.682505689067, 33580.919153406816
488, 33584.061865679774, 24404.13761067427, 33584.061865679774, 33580.919153406816, 24582.682505689067, 33580.919153406816
489, 33584.061865679774, 24404.13761067427, 33584.061865679774, 33580.919153406816, 24582.682505689067, 33580.919153406816
490, 33584.061865679774, 24404.13761067427, 33584.061865679774, 33580.9349459308, 24581.785295161353, 33580.9349459308
491, 33604.55983546855, 24363.436698658392, 33604.55983546855, 33581.06902082771, 24579.78736954585, 33581.06902082771
492, 33604.55983546855, 24363.436698658392, 33604.55983546855, 33581.10060587568, 24577.992948490424, 33581.10060587568
493, 33604.55983546855, 24363.436698658392, 33604.55983546855, 33581.23468077259, 24575.995022874922, 33581.23468077259
494, 33604.55983546855, 24363.436698658392, 33604.55983546855, 33581.8183579322, 24565.31168882976, 33581.8183579322
495, 33604.55983546855, 24363.436698658392, 33604.55983546855, 33582.31533776684, 24553.934648816972, 33582.31533776684
496, 33604.55983546855, 24363.436698658392, 33604.55983546855, 33583.29350491213, 24532.07777931911, 33583.29350491213
497, 33661.24659980514, 24432.113212803568, 33661.24659980514, 33585.17036808671, 24498.086537291412, 33585.17036808671
498, 33661.24659980514, 24432.113212803568, 33661.24659980514, 33587.81236088982, 24448.72240401992, 33587.81236088982
499, 33661.24659980514, 24432.113212803568, 33661.24659980514, 33592.03838512071, 24392.83023168282, 33592.03838512071
500, 33661.24659980514, 24432.113212803568, 33661.24659980514, 33596.49986702389, 24385.78382354124, 33596.49986702389
