1, 1.3939129606643201, 0.857464675858791
1, 1.5004668913987478, 1.0807321245729327
2, 1.5004668913987478, 1.0807321245729327
2, 1.954365230112611, 1.3051529800314783
3, 1.954365230112611, 1.3051529800314783
3, 2.160951276604861, 1.5019680682408045
4, 2.160951276604861, 1.5019680682408045
4, 2.2712350821703318, 1.6782203943955256
5, 2.2712350821703318, 1.6782203943955256
5, 2.3306369638185305, 1.8434472518288407
6, 2.3306369638185305, 1.8434472518288407
6, 2.454933829953272, 1.9421411749059743
7, 2.454933829953272, 1.9421411749059743
7, 2.593873402073124, 1.99787121268841
8, 2.593873402073124, 1.99787121268841
8, 2.6152400382122987, 2.0848176884050944
9, 2.6152400382122987, 2.0848176884050944
9, 2.719113709663793, 2.195805537924986
10, 2.719113709663793, 2.195805537924986
10, 2.7829038192359854, 2.2748104970753142
11, 2.7829038192359854, 2.2748104970753142
11, 3.291390661140261, 2.297858465249019
12, 3.291390661140261, 2.297858465249019
12, 3.38804459965372, 2.3753541177103425
13, 3.38804459965372, 2.3753541177103425
13, 3.5730564213893428, 2.5078625232861165
14, 3.5730564213893428, 2.5078625232861165
14, 3.7224113514978723, 2.7012095811517214
15, 3.7224113514978723, 2.7012095811517214
15, 3.7224113514978723, 2.887895274998726
16, 3.7224113514978723, 2.887895274998726
16, 3.832572153057561, 2.996963323635882
17, 3.832572153057561, 2.996963323635882
17, 3.891792101773716, 3.068777715902275
18, 3.891792101773716, 3.068777715902275
18, 3.981338206276694, 3.1204312115681483
19, 3.981338206276694, 3.1204312115681483
19, 4.067202121974349, 3.195868768385302
20, 4.067202121974349, 3.195868768385302
20, 4.140900273238621, 3.271256424141404
21, 4.140900273238621, 3.271256424141404
21, 4.322433737736653, 3.340700755071574
22, 4.322433737736653, 3.340700755071574
22, 4.418975342934731, 3.3794541686689263
23, 4.418975342934731, 3.3794541686689263
23, 4.418975342934731, 3.469945888191341
24, 4.418975342934731, 3.469945888191341
24, 4.6205726952214965, 3.535673535483927
25, 4.6205726952214965, 3.535673535483927
25, 4.65294659805711, 3.623450893696998
26, 4.65294659805711, 3.623450893696998
26, 4.838497211542899, 3.7029041184803866
27, 4.838497211542899, 3.7029041184803866
27, 4.888765926376284, 3.7911928794230305
28, 4.888765926376284, 3.7911928794230305
28, 5.071526065961143, 3.8787902858470757
29, 5.071526065961143, 3.8787902858470757
29, 5.323982911927976, 3.9808315931400755
30, 5.323982911927976, 3.9808315931400755
30, 5.516632593879485, 4.086270787398507
31, 5.516632593879485, 4.086270787398507
31, 5.622414675543216, 4.2168710747305855
32, 5.622414675543216, 4.2168710747305855
32, 5.708033936322664, 4.338093109861944
33, 5.708033936322664, 4.338093109861944
33, 5.99211539824002, 4.4772069266542305
34, 5.99211539824002, 4.4772069266542305
34, 6.0397651559526855, 4.6000251329307265
35, 6.0397651559526855, 4.6000251329307265
35, 6.2124564572028085, 4.728374644933361
36, 6.2124564572028085, 4.728374644933361
36, 6.419841280320908, 4.841558398711861
37, 6.419841280320908, 4.841558398711861
37, 6.568445584722243, 5.009586053983496
38, 6.568445584722243, 5.009586053983496
38, 6.7586362559153335, 5.072724879185824
39, 6.7586362559153335, 5.072724879185824
39, 6.977708933527011, 5.1958453328815075
40, 6.977708933527011, 5.1958453328815075
40, 6.987154716806111, 5.3402083355721315
41, 6.987154716806111, 5.3402083355721315
41, 7.222037384299969, 5.479529367941919
42, 7.222037384299969, 5.479529367941919
42, 7.32753545091298, 5.5576965576837765
43, 7.32753545091298, 5.5576965576837765
43, 7.548991084753884, 5.638229131712893
44, 7.548991084753884, 5.638229131712893
44, 8.020230256655857, 5.77800710258357
45, 8.020230256655857, 5.77800710258357
45, 8.020230256655857, 5.894049352528881
46, 8.020230256655857, 5.894049352528881
46, 8.32898839223791, 5.989680238330281
47, 8.32898839223791, 5.989680238330281
47, 8.32898839223791, 6.208362738368838
48, 8.32898839223791, 6.208362738368838
48, 8.473238182086108, 6.3866260055694575
49, 8.473238182086108, 6.3866260055694575
49, 8.666209872221433, 6.48634990242991
50, 8.666209872221433, 6.48634990242991
50, 8.832853792680114, 6.611626452897257
51, 8.832853792680114, 6.611626452897257
51, 9.152295423800801, 6.762552290587766
52, 9.152295423800801, 6.762552290587766
52, 9.515294630399717, 6.936419111259796
53, 9.515294630399717, 6.936419111259796
53, 9.704044154027015, 7.096080386308696
54, 9.704044154027015, 7.096080386308696
54, 9.956308045021558, 7.267399293192845
55, 9.956308045021558, 7.267399293192845
55, 10.18185043642697, 7.47104101208914
56, 10.18185043642697, 7.47104101208914
56, 10.326714535016608, 7.619280280891951
57, 10.326714535016608, 7.619280280891951
57, 10.513352117010944, 7.815525852369538
58, 10.513352117010944, 7.815525852369538
58, 10.668139266367948, 7.931409986454894
59, 10.668139266367948, 7.931409986454894
59, 10.97132877577434, 8.085439139163709
60, 10.97132877577434, 8.085439139163709
60, 11.258348357294953, 8.348370655741032
61, 11.258348357294953, 8.348370655741032
61, 11.578066345047919, 8.50368320035659
62, 11.578066345047919, 8.50368320035659
62, 11.711028496010194, 8.653021130951002
63, 11.711028496010194, 8.653021130951002
63, 12.406786787078145, 8.897605569117353
64, 12.406786787078145, 8.897605569117353
64, 12.406786787078145, 9.110890495178724
65, 12.406786787078145, 9.110890495178724
65, 12.840281703208982, 9.31801818811373
66, 12.840281703208982, 9.31801818811373
66, 13.144815008502347, 9.593638606950673
67, 13.144815008502347, 9.593638606950673
67, 13.41137996857057, 9.81943849713554
68, 13.41137996857057, 9.81943849713554
68, 14.004859498736666, 10.114669537305344
69, 14.004859498736666, 10.114669537305344
69, 14.172097886570105, 10.323235129268841
70, 14.172097886570105, 10.323235129268841
70, 14.804701610700874, 10.583776796821223
71, 14.804701610700874, 10.583776796821223
71, 15.012934610357062, 10.814221480430147
72, 15.012934610357062, 10.814221480430147
72, 15.57782920823999, 11.09444877562129
73, 15.57782920823999, 11.09444877562129
73, 15.595835429042523, 11.36188276160921
74, 15.595835429042523, 11.36188276160921
74, 16.35537089967453, 11.702966297914704
75, 16.35537089967453, 11.702966297914704
75, 16.952812330515187, 11.996599732396646
76, 16.952812330515187, 11.996599732396646
76, 17.881155399181157, 12.106009651340807
77, 17.881155399181157, 12.106009651340807
77, 18.261085874608305, 12.570238310260203
78, 18.261085874608305, 12.570238310260203
78, 18.559470563685892, 13.089361761930622
79, 18.559470563685892, 13.089361761930622
79, 19.5891932662292, 13.584763280334593
80, 19.5891932662292, 13.584763280334593
80, 19.5891932662292, 13.912696406378142
81, 19.5891932662292, 13.912696406378142
81, 20.47936958217774, 14.387044308143384
82, 20.47936958217774, 14.387044308143384
82, 20.75512642851519, 14.82448658036677
83, 20.75512642851519, 14.82448658036677
83, 21.70909498644715, 15.178159967981346
84, 21.70909498644715, 15.178159967981346
84, 22.16616654736983, 15.269931276967057
85, 22.16616654736983, 15.269931276967057
85, 22.94450211293908, 15.881502556649137
86, 22.94450211293908, 15.881502556649137
86, 23.822757763805654, 16.205746203075613
87, 23.822757763805654, 16.205746203075613
87, 24.959473136964462, 16.570557784179435
88, 24.959473136964462, 16.570557784179435
88, 25.75768015289053, 16.973710717236017
89, 25.75768015289053, 16.973710717236017
89, 26.29899108532358, 17.35192234806993
90, 26.29899108532358, 17.35192234806993
90, 27.24179169973603, 17.83977913310911
91, 27.24179169973603, 17.83977913310911
91, 28.140987851979183, 18.241254627326256
92, 28.140987851979183, 18.241254627326256
92, 28.140987851979183, 18.57707778493008
93, 28.140987851979183, 18.57707778493008
93, 28.86644824316656, 19.08769306776388
94, 28.86644824316656, 19.08769306776388
94, 30.303158268641415, 19.57003891631957
95, 30.303158268641415, 19.57003891631957
95, 31.205655694091096, 20.044146776229542
96, 31.205655694091096, 20.044146776229542
96, 31.448714853650152, 20.62641974987795
97, 31.448714853650152, 20.62641974987795
97, 31.448714853650152, 21.165496152184755
98, 31.448714853650152, 21.165496152184755
98, 32.032128339451674, 21.70790575405572
99, 32.032128339451674, 21.70790575405572
99, 33.126083153388215, 22.019216531530624
100, 33.126083153388215, 22.019216531530624
100, 33.126083153388215, 22.251198346610874
1, 1.578141531779812, 0.8415162223253732
2, 1.6161175589848547, 1.090031276677476
3, 1.938851864462621, 1.3238687899113344
4, 2.229579731102338, 1.5168762523248884
5, 2.244514110704822, 1.7142402319187584
6, 2.3547290617567795, 1.8577547203009308
7, 2.3869874565969096, 1.9104529093771625
8, 2.428860106760472, 1.9971643378704558
9, 2.526986649435913, 2.0307029921078925
10, 2.593909000003364, 2.095473695622524
11, 2.601478184890104, 2.159587998305253
12, 2.6975635722572537, 2.1932993387176016
13, 2.7797496383204208, 2.266106879499298
14, 2.806417142652561, 2.312605139149763
15, 2.866304219824159, 2.350153991545733
16, 2.974238805248251, 2.407043253238163
17, 3.141998560848702, 2.4655031038412814
18, 3.150893293923115, 2.5343298341638207
19, 3.1904468689776477, 2.6125752940152394
20, 3.397048267085307, 2.6750832021958315
21, 3.4403853660393366, 2.715166771605009
22, 3.546351919003935, 2.8190415212228275
23, 3.6734614240381225, 2.8831235704044222
24, 3.6893063757805056, 2.9857155284246284
25, 3.763774158048405, 3.0178011840227383
26, 3.8658234004533796, 3.0937936955560206
27, 3.970487109103042, 3.1566354091928326
28, 4.0686400174564215, 3.2161825386773337
29, 4.222006134207825, 3.3206169590205974
30, 4.378386468426025, 3.393360972120931
31, 4.414259597608355, 3.4676419201631647
32, 4.623590672663216, 3.5639650998315267
33, 4.687154985943378, 3.633465792704554
34, 4.857775610717776, 3.734821747056553
35, 5.06253497032864, 3.8115494007277557
36, 5.06253497032864, 3.8778870168472075
37, 5.2181620288131745, 4.015490828102991
38, 5.347598151919805, 4.117982981468412
39, 5.625106607608047, 4.2746817709287175
40, 5.625106607608047, 4.3287233392689926
41, 5.73643341660843, 4.427386560152506
42, 5.800738298745442, 4.514624351011749
43, 6.0635370202993375, 4.568444903724023
44, 6.216381493777498, 4.674428031785687
45, 6.270421385717311, 4.735275355522773
46, 6.443328916471574, 4.846322173592787
47, 6.443328916471574, 4.918611105707747
48, 6.503832886312813, 5.0233898306391005
49, 6.822159048421847, 5.127971274034795
50, 6.84668543393136, 5.267627652548214
51, 7.2768024113575835, 5.3255415000073265
52, 7.2768024113575835, 5.462779112989949
53, 7.351616089919805, 5.574791299431281
54, 7.5071576510457065, 5.728880189221571
55, 7.8577114549872675, 5.824928729823935
56, 8.112462513532332, 5.9592469494809075
57, 8.112462513532332, 6.0478251192548775
58, 8.287547251114345, 6.253812348366283
59, 8.63747783348185, 6.393395265008897
60, 8.85573358183117, 6.5459738825838825
61, 9.044245650457237, 6.6816628326694945
62, 9.238807716309582, 6.846510394301674
63, 9.705682111375832, 7.019613922984025
64, 9.860629725646454, 7.227319953210447
65, 10.072270880346839, 7.408686893217041
66, 10.20731030915016, 7.646725795457379
67, 10.656541417214477, 7.7566150090396295
68, 10.84874224754863, 7.940054408375642
69, 11.16847884713082, 8.096246911022957
70, 11.223299507180188, 8.350956519637705
71, 11.672934357519727, 8.512573977667785
72, 12.132792591544096, 8.668165151812861
73, 12.159765752263079, 8.908667715841453
74, 12.48511899350631, 9.09497844508233
75, 12.837513534904906, 9.313324201467445
76, 13.812710773859031, 9.585327898399793
77, 13.812710773859031, 9.861146531657996
78, 14.294140977733354, 10.167488545255752
79, 14.506709402201608, 10.461093376616525
80, 14.698465713993215, 10.76821805446589
81, 15.500559677411665, 11.030500450543292
82, 16.123184414661605, 11.317364031879043
83, 16.123184414661605, 11.639631116987356
84, 16.43576260708437, 11.981294755237391
85, 17.022030890905334, 12.309434748202557
86, 18.166245804386683, 12.613215529668592
87, 18.969510074526102, 12.953907096163666
88, 19.318311650506327, 13.26980015024626
89, 20.27194594145434, 13.687629496498591
90, 20.630579968622776, 13.974638502017008
91, 22.14640838146139, 14.110375393881409
92, 22.56170656768605, 14.31909879836443
93, 24.20649079689581, 14.974549453223435
94, 24.20649079689581, 15.646609136002375
95, 24.68532421253702, 16.25791347470437
96, 26.02126357202091, 16.765406379114655
97, 26.02126357202091, 17.297396162177623
98, 26.305686594498216, 17.640061761572383
99, 26.598922958263824, 17.923068070518326
100, 26.660903341634807, 18.215382541203997
1, 1.9972194735519064, 0.8777129573431843
2, 1.9972194735519064, 1.1306209377903536
3, 2.022552188873382, 1.3536478780781565
4, 2.022552188873382, 1.5258156186510254
5, 2.0857434782377315, 1.6710299632970882
6, 2.1544302886048157, 1.7630764953218148
7, 2.163237590963062, 1.8193699264578662
8, 2.229928938275727, 1.8749766800573449
9, 2.3491367106355616, 1.9021436358647603
10, 2.4054275440690995, 1.97564057107249
11, 2.5505305708889012, 2.0136998684252085
12, 2.655565192334766, 2.1006447990433417
13, 2.655565192334766, 2.164888991436356
14, 2.781449571221745, 2.2325967338910333
15, 2.8508094027761026, 2.286012613398411
16, 2.9505618727738994, 2.334934914453875
17, 3.047071370578488, 2.41426281474342
18, 3.16468610208414, 2.4811687868221335
19, 3.2935626677532492, 2.545767242196855
20, 3.3446842877467633, 2.6062484199948943
21, 3.3446842877467633, 2.657285495519495
22, 3.4692393418154768, 2.739464863062786
23, 3.6464095395372333, 2.7884826914376037
24, 3.6838381778340765, 2.8952841343095237
25, 3.7692136534233587, 2.9820141165388305
26, 3.857540551043082, 3.053977731208757
27, 3.91974281327828, 3.130152506682105
28, 4.0688357434435725, 3.1878005864373464
29, 4.182502025186767, 3.2554729465560386
30, 4.295339280622707, 3.3432148993309534
31, 4.367156135666893, 3.4339357696855206
32, 4.649883757585575, 3.5447712157139573
33, 4.668890385110468, 3.6736990154852176
34, 4.869332903219856, 3.7668460664263574
35, 4.916783318720932, 3.8362659468434814
36, 5.23096472495699, 3.926858353432475
37, 5.357922725079604, 4.039805745294423
38, 5.496774536199981, 4.207754725966324
39, 5.540963156957398, 4.305536145381333
40, 5.769745119139704, 4.411992243516065
41, 6.019936215938141, 4.507046515490979
42, 6.099204735345867, 4.593037935156969
43, 6.291701367056886, 4.713322221521481
44, 6.466572319840742, 4.810746825442743
45, 6.5227285897950065, 4.9511275745131424
46, 6.548879879075475, 5.05321020457024
47, 7.101005965964224, 5.177107250446537
48, 7.509735498827387, 5.318635777083094
49, 7.995445297504341, 5.473420029510376
50, 7.995445297504341, 5.6771414337133805
51, 8.292292247791096, 5.947709763852231
52, 8.292292247791096, 6.1843496620919085
53, 8.717437893423805, 6.383667441702023
54, 8.888446155688525, 6.545324431434688
55, 8.986377837807545, 6.753734692612356
56, 9.288576189293801, 6.8911755691200325
57, 9.613019582483258, 7.051681883156155
58, 9.894592017567852, 7.25762449600595
59, 10.110577316551442, 7.425916375901221
60, 10.737419065186307, 7.681623604024486
61, 10.769212187915146, 7.819500770160098
62, 11.240398373744153, 8.06966136681498
63, 11.240398373744153, 8.21219655634498
64, 11.739810391945083, 8.373682142238435
65, 12.025769288374512, 8.610617364260031
66, 12.760901312884393, 8.93588307486366
67, 12.878473549618247, 9.196905122893032
68, 13.322767427621628, 9.555199210243533
69, 13.715901011221309, 9.801676014205452
70, 14.16565989033748, 10.113516429314643
71, 14.365659196904973, 10.410546328612774
72, 15.039589491366765, 10.720012837088543
73, 15.061258084242217, 10.901399779623917
74, 15.482978925591228, 11.165106410009422
75, 16.04336725125542, 11.448566371896582
76, 16.584612478664376, 11.715702955967737
77, 16.67225793261566, 12.041432090521049
78, 17.16102404094589, 12.33497917445969
79, 17.784768934325548, 12.6431741996331
80, 19.361947366000415, 13.049503693936249
81, 19.454155190389077, 13.612140039260689
82, 20.209557987723915, 14.0178545391804
83, 20.209557987723915, 14.52822906374335
84, 21.708129464961182, 14.9500346003767
85, 21.829129524138867, 15.280036830804722
86, 22.532998858178534, 15.740664555778537
87, 23.24249069094732, 15.961932693417618
88, 24.386913860856918, 16.563702637101937
89, 24.386913860856918, 16.871101161777446
90, 26.213307583321082, 17.180665441868918
91, 27.760047792041092, 17.617340577865058
92, 27.760047792041092, 18.08050663563348
93, 29.1500985900259, 18.743712292855918
94, 30.67345454226043, 19.755050042692133
95, 30.98546045891115, 19.99961064979151
96, 31.393362599325968, 20.71031017627743
97, 32.6410744817387, 21.295466586582176
98, 33.10676845458748, 21.918245203789976
99, 33.24247261126965, 22.52846437876415
100, 34.14039417870423, 22.97190746798374
101, 34.84226435439888, 23.196699003096136
102, 34.88679955643491, 23.44630110598806
103, 35.53509090807265, 23.764195842577237
104, 36.26634893350837, 24.140521614617963
105, 36.60471151428371, 24.51343820955231
106, 36.60471151428371, 24.896278290400748
107, 36.79645024251409, 25.26992576482868
108, 37.52608286485797, 25.512165907244242
109, 38.2925836459501, 25.832171453146916
110, 38.49758149422214, 26.175414425502947
111, 40.118257179549865, 26.472571200520715
112, 40.60135349693564, 26.941667508781517
113, 41.10825157045051, 27.261237053005104
114, 41.10825157045051, 27.57399276323359
115, 41.24991169059469, 27.962055431343828
116, 41.7365304351881, 28.30671863812297
117, 43.0711641879769, 28.681995035094083
118, 43.641293268737854, 29.011799337292786
119, 43.80248995417669, 29.438235878709833
120, 44.60438724408308, 29.987226703066106
121, 45.545280139104534, 30.55620539762399
122, 45.545280139104534, 30.974973144195793
123, 46.244971451737996, 31.43622099148799
124, 46.24747657060962, 31.774111834557385
125, 47.16733845065454, 32.05174665755854
126, 47.532136550537835, 32.3054274798216
127, 48.65219636134746, 32.69065834461713
128, 48.668633858565215, 33.23228724032771
129, 49.76688646167524, 33.667028097670915
130, 49.85369222636654, 34.021636101773794
131, 50.99038598935178, 34.43876887225212
132, 51.230975865434324, 34.876497131071574
133, 52.546670341380946, 35.38784800410693
134, 52.55900548968806, 35.97177291486411
135, 54.058723358020195, 36.4687871159506
136, 54.5734425148142, 36.93556811883798
137, 54.5734425148142, 37.31512630854755
138, 55.60493275687564, 37.69638621242628
139, 55.989999110339035, 38.16715156963909
140, 56.68491203589963, 38.61473668205389
141, 57.40693654377197, 39.0675434701808
142, 57.64132971273589, 39.55801173453823
143, 58.828442106491266, 39.98899434206506
144, 59.86705268875028, 40.60955306506999
145, 60.42361214564483, 41.29081837770019
146, 61.97536876138327, 41.85048590338295
147, 62.19655425471008, 42.17993521568023
148, 63.07034755361741, 42.692652945840834
149, 63.36221599353817, 43.33172528329948
150, 64.55328141828538, 43.89821311826261
151, 64.94054617199453, 44.422409576972
152, 65.38806691621029, 44.76480846958711
153, 67.21335299845711, 45.17982567328036
154, 67.3000106067355, 45.67968531207752
155, 68.46247225229985, 46.30903118920992
156, 69.04981383568447, 47.07299049400417
157, 71.03183131048495, 47.408646237333045
158, 73.03086842518934, 48.066679941527
159, 73.85533625847843, 48.93295783116008
160, 74.02645658979155, 50.12153027147319
161, 74.28067547534393, 51.077948242588384
162, 75.34655961135377, 51.63503180129748
163, 76.53839508603392, 52.123812667787135
164, 76.68266242093449, 52.622421473347515
165, 77.2283676137969, 53.18761885457729
166, 78.05115101384479, 53.78848916213612
167, 79.66324069281151, 54.33986813869952
168, 80.71032343666792, 54.8218832942253
169, 80.98008647393455, 55.37251981577873
170, 82.70233742151537, 56.01111586302788
171, 84.65695755291627, 56.5688044920607
172, 84.65695755291627, 57.15243212813925
173, 84.71949004411226, 57.80753180241252
174, 87.47198764226076, 58.60330436306311
175, 87.94760198943271, 59.531736638866604
176, 89.34309534561905, 60.354486779257286
177, 90.16829241535551, 61.27881415807596
178, 92.31089090296943, 61.94814409161599
179, 92.89326873995839, 62.636770720811285
180, 92.89326873995839, 63.34141066740307
181, 93.68337674428632, 64.1289285172619
182, 95.16713645060139, 64.84589158359636
183, 96.97349011038314, 65.53893434449665
184, 98.95355161909784, 66.40217140288611
185, 98.95355161909784, 67.22788284217165
186, 100.83506201818517, 68.09785823042452
187, 101.5266919789878, 68.86453441753885
188, 102.29067691986351, 69.6549267500077
189, 104.20913107185218, 70.39399486202757
190, 104.69122073447429, 71.34183398550873
191, 106.43406707144074, 72.43981631604491
192, 107.02303549729126, 73.24040196318387
193, 107.27516390982876, 73.97894328073207
194, 111.75395878234642, 74.78712613864208
195, 111.75395878234642, 75.62726881366756
196, 111.75395878234642, 76.32481691006005
197, 113.47344672749023, 77.03218601653619
198, 113.47344672749023, 77.79930153683793
199, 116.90579516476735, 78.51551081399414
200, 116.90579516476735, 79.20080236703204
201, 118.26665100958675, 80.22623070318917
202, 119.5959460615643, 81.46327226430247
203, 121.47806731152363, 82.0809308969166
204, 121.47806731152363, 82.85683507668102
205, 124.32695816802816, 83.92686766647917
206, 124.32695816802816, 84.84597178123784
207, 125.92371112403819, 85.4674518747875
208, 129.51194779143594, 86.40905886227438
209, 129.51194779143594, 87.31208338789138
210, 129.51194779143594, 87.87051281549111
211, 129.51194779143594, 88.73096836432633
212, 131.64016885002465, 90.01628052102987
213, 132.47509348729722, 90.87997434541543
214, 134.4841658818268, 91.70507165436888
215, 135.62549857769193, 92.57801957953981
216, 137.46465726287676, 93.48969788190108
217, 138.0014739969366, 94.47002685533027
218, 139.78240183581087, 95.64490486393004
219, 142.49485927024085, 96.70689770402694
220, 142.49485927024085, 97.65578411314308
221, 143.62844054775005, 98.61666082597043
222, 144.48595000772835, 99.40364811658702
223, 146.4202426518964, 100.11433360647322
224, 149.87432297118002, 100.95634308283667
225, 150.29429473867214, 102.04273721389116
226, 153.62873814507353, 103.55819445900732
227, 158.12208789634278, 105.35198701638858
228, 158.66029810909936, 107.03033318077154
229, 160.3071335553946, 108.86522432769503
230, 165.1421665179441, 110.66158631749072
231, 168.9743421737176, 111.98956635187025
232, 173.43854979731574, 113.72266885041091
233, 173.43854979731574, 115.47811384010748
234, 177.1833855578807, 117.66697279719524
235, 182.54486706428813, 120.00153809077854
236, 182.54486706428813, 122.4697165530745
237, 182.54486706428813, 124.15711730390372
238, 189.95456412779762, 126.04750269696802
239, 189.95456412779762, 128.39426185120755
240, 195.96228163797298, 130.43990957745115
241, 196.15138670365403, 132.4321295786882
242, 199.0593438562646, 133.6428311261318
243, 201.5959844125352, 134.82995864687464
244, 201.5959844125352, 136.68929362383548
245, 205.25519821576523, 138.23838646373147
246, 206.8563803582732, 140.16830861561002
247, 207.38203818383988, 142.10976376018894
248, 210.17759365648828, 143.73790640285907
249, 214.93761758496134, 144.99424218122564
250, 215.31072879228503, 146.21458709512947
251, 218.80060420296329, 147.7397188853003
252, 218.80060420296329, 149.2678745483439
253, 221.9764557657855, 151.14482065141382
254, 223.58089796330148, 152.64674431345992
255, 228.67307246816333, 154.6494643117972
256, 229.073736488972, 156.54837070216442
257, 235.07971151004384, 158.846638479817
258, 240.69674420069785, 161.18463891767632
259, 240.69674420069785, 162.9005259979226
260, 242.57211814811774, 164.62664986193298
261, 244.09537931864637, 166.2837393264291
262, 251.32919554536045, 168.19645647030572
263, 253.8639156735275, 170.30266774413914
264, 258.12948420218135, 173.17352500533678
265, 270.01864793495145, 176.3373494399615
266, 270.01864793495145, 180.20413672589027
267, 270.01864793495145, 182.74746664307375
268, 272.5056345190391, 185.26267181154304
269, 272.5245560150894, 188.13800819067504
270, 292.12197632930497, 190.26027495739763
271, 292.12197632930497, 191.88425723688448
272, 292.12197632930497, 193.79317573948265
273, 292.12197632930497, 195.87157836561371
274, 298.55328243513657, 198.020033037105
275, 298.55328243513657, 200.05332752939128
276, 298.55328243513657, 202.06624828246342
277, 303.5627757570466, 204.12603420616685
278, 303.5627757570466, 205.90101130091344
279, 311.6193030229306, 208.37392222129213
280, 312.1314582948823, 211.1648269082663
281, 314.82061367866106, 213.69764979549603
282, 314.909943955065, 215.46092022586802
283, 317.36022196837945, 217.64698220301372
284, 320.4423328827349, 219.56244822193432
285, 323.8751371812562, 221.85593350216837
286, 327.5317917015316, 223.9949771700253
287, 334.418921677829, 226.43944133854495
288, 334.418921677829, 228.79123218283073
289, 336.8303930013053, 231.17369369841444
290, 342.54337287768203, 233.72135971695633
291, 347.8921209287475, 235.60159789285538
292, 352.34236790730023, 237.72208917098888
293, 353.7600704015232, 240.11437729500653
294, 357.8687353735159, 242.3918574326256
295, 367.86542477086186, 245.56007725842292
296, 373.8110439447938, 249.16089171889055
297, 380.80119342905425, 253.4670953487572
298, 381.9835240236128, 258.79504240211725
299, 381.9835240236128, 262.79207112018395
300, 383.8636632993349, 264.7796612122471
