1, 26791.510723853793, 24618.738622340836, 26791.510723853793, 25028.3199124166, 24657.495528903186, 25028.3199124166
2, 27052.54788400092, 24490.153483511367, 27052.54788400092, 23367.33286919827, 24638.51425942645, 26013.40843248191
3, 27551.211077114498, 24659.54427687358, 27551.211077114498, 25946.542732898564, 24574.06772722996, 26537.965424379247
4, 27746.821513029394, 24636.452094731332, 27746.821513029394, 23165.177970762714, 24576.996208456814, 27089.308502990436
5, 27897.811637107032, 24544.517290462685, 27897.811637107032, 23548.54224636199, 24578.85091394594, 27353.51827953789
6, 28222.3237173201, 24526.078228684866, 28222.3237173201, 25444.35582265103, 24564.017852618123, 27579.823945874978
7, 28327.639902676612, 23984.08314389239, 28327.639902676612, 26588.719727321677, 24546.829202571505, 27823.01465134667
8, 28584.637526006634, 24563.302375331066, 28584.637526006634, 27159.276570726033, 24505.386827595285, 28092.96288783507
9, 28748.253426601717, 24631.251022514214, 28748.253426601717, 25661.570315151366, 24507.38259267981, 28316.436246505084
10, 28868.325177133032, 24592.78415437882, 28868.325177133032, 24862.285333747488, 24510.371852253895, 28476.94124760293
11, 29249.766806357045, 24514.69794800822, 29249.766806357045, 28629.422511472156, 24459.54014691201, 28629.422511472156
12, 29562.513620500693, 24563.234959871785, 29562.513620500693, 26460.799736222853, 24483.899949033526, 28862.135701632822
13, 29672.368535645473, 24519.39865343603, 29672.368535645473, 25695.454091210508, 24509.787490472827, 29082.76595798378
14, 29690.29245198463, 24483.95409951503, 29690.29245198463, 24291.484066224835, 24552.29848319347, 29318.759553155687
15, 29882.9910091681, 24534.76498172174, 29882.9910091681, 27972.659293027005, 24523.968629347553, 29432.59387470399
16, 29904.657508330816, 24680.080762761474, 29904.657508330816, 25183.563378526465, 24573.429085644544, 29585.224652812485
17, 29904.657508330816, 24680.080762761474, 29904.657508330816, 24596.40523654173, 24592.203960462008, 29660.503371637613
18, 29904.657508330816, 24680.080762761474, 29904.657508330816, 25295.97216032613, 24603.90100103498, 29697.850729634505
19, 30094.621919515343, 24556.93113519983, 30094.621919515343, 27450.934047376482, 24568.87562130219, 29739.11931148088
20, 30094.621919515343, 24556.93113519983, 30094.621919515343, 26533.27832616426, 24586.532656244937, 29803.532052480714
21, 30143.146285093557, 24562.020963774576, 30143.146285093557, 28222.037561114805, 24571.768738490282, 29865.621762387993
22, 30349.00994564055, 24622.084180373295, 30349.00994564055, 26327.92383647627, 24575.65631112831, 29954.96578128049
23, 30408.498332320025, 24498.73721439105, 30408.498332320025, 26903.40785868768, 24551.114550814917, 30046.484162981724
24, 30513.28302692698, 24426.122638722267, 30513.28302692698, 27964.484231949264, 24560.58740645232, 30114.766435540063
25, 30555.213246627536, 24430.312677160186, 30555.213246627536, 29393.44204870373, 24543.796083450292, 30225.674158418926
26, 30577.710036295037, 24647.698966930362, 30577.710036295037, 29304.131213066335, 24519.945413560064, 30302.277437976096
27, 30577.710036295037, 24647.698966930362, 30577.710036295037, 25887.6981232154, 24586.80609887627, 30383.405653490623
28, 30712.291909421783, 24466.15868950057, 30712.291909421783, 30104.05889769275, 24515.670730230286, 30434.729304491124
29, 30747.03032442737, 24530.71498719414, 30747.03032442737, 28150.910228438803, 24530.238389468665, 30493.64645424496
30, 30893.352610659087, 24647.72591991878, 30893.352610659087, 28190.553090314832, 24514.165353408363, 30533.76087951296
31, 30972.620385338858, 24651.855648671466, 30972.620385338858, 27074.967029153693, 24532.66835857547, 30605.891586091973
32, 30972.620385338858, 24651.855648671466, 30972.620385338858, 25777.54701216141, 24575.633702223982, 30673.038119041183
33, 31225.444487624725, 24624.691189637215, 31225.444487624725, 25652.727318982958, 24586.838572914345, 30716.81586292595
34, 31225.444487624725, 24624.691189637215, 31225.444487624725, 26059.335661634952, 24624.10417216587, 30824.273401859064
35, 31225.444487624725, 24624.691189637215, 31225.444487624725, 26965.047333979855, 24624.4717195614, 30874.400234085115
36, 31317.13714312807, 24661.73475522847, 31317.13714312807, 26865.66844373254, 24619.363945403587, 30939.619259899573
37, 31320.8100991701, 24590.165462061286, 31320.8100991701, 27097.44808886516, 24598.3600953317, 31018.53966271857
38, 31320.8100991701, 24590.165462061286, 31320.8100991701, 27671.07776307998, 24611.889131358486, 31074.370924919986
39, 31320.8100991701, 24590.165462061286, 31320.8100991701, 27207.921347525524, 24604.27467423484, 31123.742437670648
40, 31320.8100991701, 24590.165462061286, 31320.8100991701, 27421.251631821066, 24618.679147266543, 31172.072165355992
41, 31451.27953064384, 24623.106817824584, 31451.27953064384, 27449.982775388336, 24620.907782187904, 31193.183600626995
42, 31461.515193546173, 24616.497872595184, 31461.515193546173, 27312.896582644575, 24642.384249358438, 31247.221907392614
43, 31482.02834647258, 24675.462245179846, 31482.02834647258, 27847.204089237362, 24632.059696071745, 31270.23989760483
44, 31504.677545321385, 24478.003228418227, 31504.677545321385, 26842.177705259477, 24666.859061096733, 31296.552505359603
45, 31525.97504215847, 24616.18246752625, 31525.97504215847, 30110.829263916465, 24600.414009494187, 31311.810759235548
46, 31546.309149275556, 24582.108487100842, 31546.309149275556, 27919.95722653742, 24606.980014978617, 31343.08547825103
47, 31546.309149275556, 24582.108487100842, 31546.309149275556, 28808.79546212104, 24601.394451900633, 31383.771386501543
48, 31606.60006391044, 24618.913160150387, 31606.60006391044, 27793.99194941062, 24597.65447028959, 31392.894264555816
49, 31606.60006391044, 24618.913160150387, 31606.60006391044, 25924.09258872598, 24618.125097323194, 31425.790181831107
50, 31606.60006391044, 24618.913160150387, 31606.60006391044, 27484.18646585846, 24581.474213841997, 31439.996426788344
51, 31642.20447471702, 24586.218193951016, 31642.20447471702, 26989.19878326788, 24634.36885727445, 31457.720269301142
52, 31819.867573051688, 24402.895418758133, 31819.867573051688, 31165.906185132466, 24535.456472548245, 31507.074642665106
53, 31828.427966008967, 24522.660498500005, 31828.427966008967, 29995.244676595128, 24548.96453652665, 31548.814335936015
54, 31828.427966008967, 24522.660498500005, 31828.427966008967, 28810.648766182912, 24573.1346803946, 31582.632507305465
55, 31828.427966008967, 24522.660498500005, 31828.427966008967, 28502.475692267566, 24558.116385553123, 31612.66609282369
56, 31849.60113003893, 24479.040975885764, 31849.60113003893, 28874.64562915315, 24545.114480567376, 31646.718558828205
57, 31922.859423950707, 24600.60483379785, 31922.859423950707, 29787.655112258093, 24485.531480525806, 31686.984994465343
58, 31941.0820084336, 24542.858830007357, 31941.0820084336, 28269.771216039568, 24456.43986803453, 31743.154201144833
59, 31965.72646381182, 24473.186981672952, 31965.72646381182, 28475.438979709877, 24490.115734603016, 31771.45897780306
60, 32049.52287147897, 24426.07972268551, 32049.52287147897, 29877.301934153253, 24480.506247351048, 31784.0113890094
61, 32049.52287147897, 24426.07972268551, 32049.52287147897, 30432.68820815343, 24524.401698985563, 31831.4191933325
62, 32050.72913978778, 24682.922809869546, 32050.72913978778, 29757.26422076921, 24559.659910833616, 31842.189852437095
63, 32050.72913978778, 24682.922809869546, 32050.72913978778, 26294.16823736663, 24638.45716281471, 31872.215826364496
64, 32050.72913978778, 24682.922809869546, 32050.72913978778, 25961.746870046893, 24624.33523749987, 31884.81549968226
65, 32050.72913978778, 24682.922809869546, 32050.72913978778, 25974.329724404895, 24614.932830337628, 31902.69729912229
66, 32050.72913978778, 24682.922809869546, 32050.72913978778, 26512.400787970986, 24595.101227994757, 31916.490344806534
67, 32050.72913978778, 24682.922809869546, 32050.72913978778, 26347.480725642017, 24599.90185118916, 31924.521907088358
68, 32050.72913978778, 24682.922809869546, 32050.72913978778, 25838.29202014767, 24613.835959901255, 31930.502311404136
69, 32112.603369938945, 24615.78213407925, 32112.603369938945, 26376.38799917531, 24585.50273503134, 31947.758453749426
70, 32188.905906592423, 24649.882205302154, 32188.905906592423, 27617.021082409232, 24582.429051374438, 31994.10970045773
71, 32214.501112970545, 24639.10845046761, 32214.501112970545, 26413.224222781628, 24600.012367664003, 32028.02950204235
72, 32214.501112970545, 24639.10845046761, 32214.501112970545, 26944.88611435922, 24617.515372693804, 32019.168138555553
73, 32214.501112970545, 24639.10845046761, 32214.501112970545, 26776.31651241731, 24662.30353547508, 32034.700292529567
74, 32235.658872066168, 24680.211280633896, 32235.658872066168, 26793.565845281424, 24637.179494692504, 32049.338997650226
75, 32235.658872066168, 24680.211280633896, 32235.658872066168, 26110.465910983803, 24641.911257643453, 32074.367796619765
76, 32235.658872066168, 24680.211280633896, 32235.658872066168, 27886.42596566436, 24648.618394747864, 32089.93330767664
77, 32235.658872066168, 24680.211280633896, 32235.658872066168, 26501.878722371643, 24649.054494438442, 32110.571601541615
78, 32235.658872066168, 24680.211280633896, 32235.658872066168, 26691.398997346278, 24644.591659140206, 32126.41948809207
79, 32359.815034037987, 24658.934083952463, 32359.815034037987, 26348.949108586494, 24650.885402034917, 32137.211111652403
80, 32359.815034037987, 24658.934083952463, 32359.815034037987, 26707.770839657445, 24619.560266275475, 32157.26871660267
81, 32359.815034037987, 24658.934083952463, 32359.815034037987, 27415.303360760096, 24617.462967267023, 32160.464460726223
82, 32359.815034037987, 24658.934083952463, 32359.815034037987, 27770.963610506416, 24663.925641028705, 32168.97486737625
83, 32359.815034037987, 24658.934083952463, 32359.815034037987, 27076.57447043579, 24676.733682782793, 32176.448684388015
84, 32359.815034037987, 24658.934083952463, 32359.815034037987, 26909.72508429103, 24683.926213213446, 32184.53312159463
85, 32359.815034037987, 24658.934083952463, 32359.815034037987, 26732.40929970119, 24678.774692463096, 32170.032552879606
86, 32475.242056481904, 24642.813175761516, 32475.242056481904, 26562.595109775673, 24679.81934075843, 32190.908228086737
87, 32475.242056481904, 24642.813175761516, 32475.242056481904, 27287.35280083017, 24663.260129266793, 32222.38174046789
88, 32475.242056481904, 24642.813175761516, 32475.242056481904, 27303.412680352267, 24635.4840743786, 32236.401983185504
89, 32475.242056481904, 24642.813175761516, 32475.242056481904, 27852.78750818464, 24619.114370065712, 32273.697186979945
90, 32503.70120169696, 24679.673422992786, 32503.70120169696, 27708.12914625393, 24643.437233497112, 32293.197448793966
91, 32503.70120169696, 24679.673422992786, 32503.70120169696, 27544.657842118835, 24667.126971185233, 32318.693066173386
92, 32503.70120169696, 24679.673422992786, 32503.70120169696, 26676.089945017284, 24684.25027388446, 32332.13088334646
93, 32503.70120169696, 24679.673422992786, 32503.70120169696, 26865.047152755105, 24668.463431466782, 32345.608869935382
94, 32503.70120169696, 24679.673422992786, 32503.70120169696, 26880.083614057443, 24669.287872543773, 32353.526300540016
95, 32503.70120169696, 24679.673422992786, 32503.70120169696, 26895.582513258767, 24685.927633661395, 32374.90566215712
96, 32503.70120169696, 24679.673422992786, 32503.70120169696, 27443.623584307286, 24664.75865918365, 32388.612146033134
97, 32577.035550783374, 24619.348425142052, 32577.035550783374, 27468.793917778214, 24667.8394351167, 32428.370762935043
98, 32577.035550783374, 24619.348425142052, 32577.035550783374, 27815.427605264125, 24667.262413059634, 32414.461274208945
99, 32577.035550783374, 24619.348425142052, 32577.035550783374, 28192.759127603367, 24659.19147706044, 32447.106951733247
100, 32618.024468718224, 24542.524428397202, 32618.024468718224, 29073.93199871541, 24663.71743868678, 32439.89353430021
101, 32618.024468718224, 24542.524428397202, 32618.024468718224, 29796.157166237896, 24639.72158004802, 32449.175651047553
102, 32618.024468718224, 24542.524428397202, 32618.024468718224, 29266.425665528655, 24622.04457654126, 32450.577296154206
103, 32700.85075198881, 24625.372474986605, 32700.85075198881, 29094.99061030993, 24600.075266955897, 32463.358339818296
104, 32700.85075198881, 24625.372474986605, 32700.85075198881, 27524.517636948225, 24622.05839952955, 32501.131010960526
105, 32700.85075198881, 24625.372474986605, 32700.85075198881, 28248.90534427646, 24617.063952163426, 32516.977367994717
106, 32700.85075198881, 24625.372474986605, 32700.85075198881, 28262.156506308733, 24614.189510088352, 32525.8157011116
107, 32700.85075198881, 24625.372474986605, 32700.85075198881, 28090.05378194072, 24631.353999402323, 32534.356514372223
108, 32700.85075198881, 24625.372474986605, 32700.85075198881, 27927.401000967442, 24640.3656625448, 32544.027097321617
109, 32700.85075198881, 24625.372474986605, 32700.85075198881, 26863.907008312777, 24623.78847412236, 32545.75889691016
110, 32700.85075198881, 24625.372474986605, 32700.85075198881, 28658.175815118793, 24599.703168279273, 32570.062019508958
111, 32700.85075198881, 24625.372474986605, 32700.85075198881, 26894.448413027214, 24631.7983078889, 32582.081133295484
112, 32727.334626815238, 24507.674655927192, 32727.334626815238, 29753.00315303399, 24618.08518546183, 32603.235844984636
113, 32826.29711983644, 24520.42220198944, 32826.29711983644, 30849.414102111175, 24615.322986722145, 32628.460427665235
114, 32826.29711983644, 24520.42220198944, 32826.29711983644, 29608.165850458212, 24624.26012222447, 32642.645043025386
115, 32826.29711983644, 24520.42220198944, 32826.29711983644, 30156.849750349433, 24626.1986570779, 32653.028696946207
116, 32943.943499091336, 24621.417376423542, 32943.943499091336, 30334.311139894282, 24615.380024377144, 32648.274699795358
117, 32946.34772628316, 24683.457640694476, 32946.34772628316, 28399.401620389264, 24635.206798271425, 32691.74302205957
118, 32946.34772628316, 24683.457640694476, 32946.34772628316, 27142.52009757101, 24644.49933030772, 32694.73572986345
119, 32946.34772628316, 24683.457640694476, 32946.34772628316, 27339.595226417267, 24640.192629889334, 32716.651841307143
120, 32946.34772628316, 24683.457640694476, 32946.34772628316, 27542.926013936507, 24623.194425531747, 32733.472871463102
121, 32946.34772628316, 24683.457640694476, 32946.34772628316, 26664.71924069149, 24645.427083033526, 32755.658488927864
122, 32946.34772628316, 24683.457640694476, 32946.34772628316, 27407.610287690964, 24630.11611404255, 32776.555872832825
123, 32946.34772628316, 24683.457640694476, 32946.34772628316, 25991.759570589405, 24637.485398007768, 32794.555459464085
124, 33029.9909108988, 24516.973255380326, 33029.9909108988, 27260.053062596508, 24653.77421179772, 32805.02997756223
125, 33029.9909108988, 24516.973255380326, 33029.9909108988, 29971.42849916654, 24656.53436738795, 32835.7852231658
126, 33029.9909108988, 24516.973255380326, 33029.9909108988, 28542.12647241615, 24651.180089764108, 32852.89877055645
127, 33029.9909108988, 24516.973255380326, 33029.9909108988, 30727.077493997112, 24629.51568690107, 32881.19018114746
128, 33029.9909108988, 24516.973255380326, 33029.9909108988, 29655.81305723668, 24637.23809789978, 32884.642838222484
129, 33086.78180609709, 24509.701411406513, 33086.78180609709, 29480.51876006087, 24639.305683345934, 32899.13128303577
130, 33099.14235157772, 24591.92671382144, 33099.14235157772, 29674.203973033436, 24645.20336336968, 32906.14245470777
131, 33099.14235157772, 24591.92671382144, 33099.14235157772, 27888.355653152412, 24638.687840934184, 32923.9249584301
132, 33099.14235157772, 24591.92671382144, 33099.14235157772, 27363.58698770517, 24640.00042146387, 32928.91660636742
133, 33129.846691701234, 24670.042616056693, 33129.846691701234, 28639.81968152518, 24616.551413680667, 32948.13343714308
134, 33129.846691701234, 24670.042616056693, 33129.846691701234, 26136.52229511569, 24606.259032418697, 32983.97007875991
135, 33129.846691701234, 24670.042616056693, 33129.846691701234, 27222.406899377966, 24591.373011917716, 32981.40486054703
136, 33315.214740445605, 24589.603349624624, 33315.214740445605, 27239.143114750703, 24597.474580619106, 32995.496381346355
137, 33315.214740445605, 24589.603349624624, 33315.214740445605, 29245.222463788716, 24589.72961454309, 33040.115026106636
138, 33315.214740445605, 24589.603349624624, 33315.214740445605, 28178.666721669746, 24616.13853668414, 33070.25284201523
139, 33315.214740445605, 24589.603349624624, 33315.214740445605, 28918.81507716149, 24634.27601481308, 33078.37740702618
140, 33315.214740445605, 24589.603349624624, 33315.214740445605, 28747.041050582004, 24640.43030047843, 33086.89345230958
141, 33355.94487353415, 24671.360888593546, 33355.94487353415, 28592.766805782307, 24653.430938216396, 33115.61909519758
142, 33355.94487353415, 24671.360888593546, 33355.94487353415, 27353.265694848553, 24655.76315971849, 33151.70461500828
143, 33355.94487353415, 24671.360888593546, 33355.94487353415, 27384.557045081743, 24630.37675030848, 33186.4850148151
144, 33355.94487353415, 24671.360888593546, 33355.94487353415, 27415.479934561015, 24634.51876458098, 33210.820358131554
145, 33355.94487353415, 24671.360888593546, 33355.94487353415, 27251.971145923882, 24643.34367608697, 33224.16605044842
146, 33355.94487353415, 24671.360888593546, 33355.94487353415, 27437.7786622998, 24636.11088953034, 33229.36147090937
147, 33355.94487353415, 24671.360888593546, 33355.94487353415, 28342.54392079693, 24634.607527071963, 33224.40551304331
148, 33355.94487353415, 24671.360888593546, 33355.94487353415, 27981.643082153736, 24641.956186656127, 33234.43821555953
149, 33355.94487353415, 24671.360888593546, 33355.94487353415, 28168.626047087968, 24641.351306779314, 33244.5414206694
150, 33355.94487353415, 24671.360888593546, 33355.94487353415, 27626.1024081668, 24648.198966121083, 33241.72770415063
151, 33355.94487353415, 24671.360888593546, 33355.94487353415, 26722.742421195362, 24662.435257180216, 33246.40423755381
152, 33386.061841294744, 24538.404873086485, 33386.061841294744, 27268.996464021915, 24663.734104775223, 33238.748947091095
153, 33386.061841294744, 24538.404873086485, 33386.061841294744, 29090.259437935933, 24654.338306723137, 33252.06897836616
154, 33386.061841294744, 24538.404873086485, 33386.061841294744, 30005.69539885624, 24664.78211375398, 33267.972104268265
155, 33386.061841294744, 24538.404873086485, 33386.061841294744, 30007.907764703297, 24667.631831430266, 33270.233277875974
156, 33386.061841294744, 24538.404873086485, 33386.061841294744, 29471.409198610247, 24672.823540099882, 33279.254953574105
157, 33386.061841294744, 24538.404873086485, 33386.061841294744, 28924.560410869726, 24666.305257205873, 33279.710806944466
158, 33386.061841294744, 24538.404873086485, 33386.061841294744, 29295.40934729862, 24663.566148635487, 33285.04632297521
159, 33386.061841294744, 24538.404873086485, 33386.061841294744, 28925.40545180115, 24648.142294773734, 33265.41019812453
160, 33423.46984144033, 24671.88195184845, 33423.46984144033, 29833.967373286487, 24637.654585257642, 33273.121979942654
161, 33423.46984144033, 24671.88195184845, 33423.46984144033, 27480.307241905975, 24643.535478123547, 33280.70783751507
162, 33423.46984144033, 24671.88195184845, 33423.46984144033, 26580.60867563928, 24610.998662025173, 33293.47261836397
163, 33423.46984144033, 24671.88195184845, 33423.46984144033, 27125.98127139574, 24609.763261510274, 33296.92434913468
164, 33423.46984144033, 24671.88195184845, 33423.46984144033, 27316.556573760943, 24595.708890573234, 33302.4579033739
165, 33423.46984144033, 24671.88195184845, 33423.46984144033, 27680.89350601166, 24600.702695494037, 33306.68394458514
166, 33461.09816414989, 24581.270385337517, 33461.09816414989, 28776.496373743877, 24582.867704592103, 33318.85295948111
167, 33461.09816414989, 24581.270385337517, 33461.09816414989, 28772.524964591674, 24585.950408095116, 33313.96176243825
168, 33471.099157161414, 24586.972313965987, 33471.099157161414, 28946.555579870714, 24594.723123354557, 33305.64179970352
169, 33471.099157161414, 24586.972313965987, 33471.099157161414, 28420.002655354136, 24613.233740726107, 33320.13854118374
170, 33471.099157161414, 24586.972313965987, 33471.099157161414, 28247.158735649726, 24623.092895358663, 33337.63977750136
171, 33471.099157161414, 24586.972313965987, 33471.099157161414, 28981.49930647873, 24653.84675806251, 33344.0140785575
172, 33471.099157161414, 24586.972313965987, 33471.099157161414, 29361.886009343834, 24648.622724867153, 33361.78002625279
173, 33471.099157161414, 24586.972313965987, 33471.099157161414, 28830.369132270233, 24625.89939562722, 33369.20432143518
174, 33471.099157161414, 24586.972313965987, 33471.099157161414, 28111.850594934167, 24626.43468991588, 33379.605734266945
175, 33516.203686826, 24614.32601570519, 33516.203686826, 27919.11609690248, 24614.48271566169, 33379.018913094376
176, 33516.203686826, 24614.32601570519, 33516.203686826, 28114.27220671833, 24626.366345921786, 33404.64056691741
177, 33516.203686826, 24614.32601570519, 33516.203686826, 27385.41523890316, 24631.67456339071, 33390.208297516605
178, 33569.82077454003, 24340.455516074922, 33569.82077454003, 28304.69643446223, 24625.8069226604, 33404.213927564946
179, 33569.82077454003, 24340.455516074922, 33569.82077454003, 32491.3547609898, 24562.051074875933, 33400.998527492826
180, 33569.82077454003, 24340.455516074922, 33569.82077454003, 33222.732152574616, 24555.93423415315, 33405.228380699824
181, 33569.82077454003, 24340.455516074922, 33569.82077454003, 32670.811591774363, 24560.57929127467, 33400.65571072326
182, 33569.82077454003, 24340.455516074922, 33569.82077454003, 32333.150127116376, 24562.20069839712, 33421.697210639
183, 33569.82077454003, 24340.455516074922, 33569.82077454003, 32330.851289165897, 24556.49834682952, 33420.59446835553
184, 33569.82077454003, 24340.455516074922, 33569.82077454003, 32526.45360232947, 24553.3731651759, 33439.64048743388
185, 33613.53185429439, 24229.25948317979, 33613.53185429439, 32704.858026041526, 24552.58115154432, 33432.94499099494
186, 33613.53185429439, 24229.25948317979, 33613.53185429439, 32908.447467361504, 24503.4066598767, 33457.08890434925
187, 33613.53185429439, 24229.25948317979, 33613.53185429439, 33095.650406638415, 24457.411248276258, 33459.29007081897
188, 33613.53185429439, 24229.25948317979, 33613.53185429439, 33303.50416897372, 24392.315093197176, 33485.79635444645
189, 33617.662837862015, 24461.78262149519, 33617.662837862015, 30750.20426872611, 24406.86028428961, 33479.72927623831
190, 33617.662837862015, 24461.78262149519, 33617.662837862015, 30564.94504419624, 24404.968992459722, 33480.438174610244
191, 33617.662837862015, 24461.78262149519, 33617.662837862015, 32210.493390079613, 24391.851747548637, 33484.06128668081
192, 33617.662837862015, 24461.78262149519, 33617.662837862015, 31117.040311198143, 24403.318000053663, 33494.552969070384
193, 33617.662837862015, 24461.78262149519, 33617.662837862015, 29849.011725832504, 24408.38152061974, 33497.10915473197
194, 33617.662837862015, 24461.78262149519, 33617.662837862015, 30952.675616786673, 24404.820283573394, 33506.78801042147
195, 33617.662837862015, 24461.78262149519, 33617.662837862015, 31504.926397579322, 24384.00523907208, 33509.87950156708
196, 33619.09371817874, 24092.59648985741, 33619.09371817874, 33518.891333661755, 24297.179261629466, 33518.891333661755
197, 33678.229113150934, 24670.821573460024, 33678.229113150934, 30974.78952614962, 24359.836313396965, 33527.69750316499
198, 33678.229113150934, 24670.821573460024, 33678.229113150934, 27135.229142124164, 24418.38547546176, 33544.16062636771
199, 33678.229113150934, 24670.821573460024, 33678.229113150934, 27321.76676810363, 24428.30825580677, 33536.90974953511
200, 33678.229113150934, 24670.821573460024, 33678.229113150934, 27321.617411179293, 24479.616285373315, 33536.68825554152
201, 33678.229113150934, 24670.821573460024, 33678.229113150934, 28055.13876797007, 24512.878741974942, 33538.14698028188
202, 33678.229113150934, 24670.821573460024, 33678.229113150934, 28056.11820043435, 24491.573628889997, 33539.042640086394
203, 33678.229113150934, 24670.821573460024, 33678.229113150934, 27141.235057708043, 24467.164869349963, 33542.81464624249
204, 33678.229113150934, 24670.821573460024, 33678.229113150934, 27325.48187764317, 24426.961070847865, 33541.46460852621
205, 33822.90190485983, 24667.60878599183, 33822.90190485983, 27153.713445790716, 24370.71963427616, 33576.2730905924
206, 33822.90190485983, 24667.60878599183, 33822.90190485983, 27896.938526523725, 24386.670727423843, 33592.18166798797
207, 33822.90190485983, 24667.60878599183, 33822.90190485983, 27899.639486887678, 24478.46574585706, 33594.40825511404
208, 33822.90190485983, 24667.60878599183, 33822.90190485983, 27372.811941253378, 24607.617472807684, 33612.395344192715
209, 33822.90190485983, 24667.60878599183, 33822.90190485983, 27929.847867321965, 24686.600555494984, 33622.865387650956
210, 33822.90190485983, 24667.60878599183, 33822.90190485983, 27930.266009017574, 24687.24594959955, 33615.08934560617
211, 33822.90190485983, 24667.60878599183, 33822.90190485983, 28674.468091999865, 24670.216514671498, 33629.99332295992
212, 33822.90190485983, 24667.60878599183, 33822.90190485983, 27400.61183818086, 24660.68096393806, 33651.57936562357
213, 33822.90190485983, 24667.60878599183, 33822.90190485983, 27599.203632977813, 24634.45520772762, 33652.243728414345
214, 33822.90190485983, 24667.60878599183, 33822.90190485983, 27811.205105165383, 24655.930745190537, 33700.11289157177
215, 33822.90190485983, 24667.60878599183, 33822.90190485983, 26724.323412637754, 24692.555437683404, 33693.00742708294
216, 33822.90190485983, 24667.60878599183, 33822.90190485983, 27286.162994067854, 24688.281032341278, 33710.19422808314
217, 33822.90190485983, 24667.60878599183, 33822.90190485983, 28035.566424146687, 24693.25331385533, 33723.50256684493
218, 33822.90190485983, 24667.60878599183, 33822.90190485983, 28219.530258499115, 24695.66387198509, 33736.03371044542
219, 33822.90190485983, 24667.60878599183, 33822.90190485983, 27302.678299140676, 24699.908216180796, 33720.64504812073
220, 33822.90190485983, 24667.60878599183, 33822.90190485983, 27485.78418324028, 24699.18105905732, 33732.30364487504
221, 33822.90190485983, 24667.60878599183, 33822.90190485983, 27115.377619518647, 24710.26564678698, 33716.62602137267
222, 33822.90190485983, 24667.60878599183, 33822.90190485983, 28586.483416512747, 24699.242282521947, 33722.20836230743
223, 33822.90190485983, 24667.60878599183, 33822.90190485983, 28402.7699362985, 24696.31719362581, 33733.36569018306
224, 33822.90190485983, 24667.60878599183, 33822.90190485983, 27300.116797149738, 24708.36160853784, 33729.46760628975
225, 33822.90190485983, 24667.60878599183, 33822.90190485983, 28775.22599152177, 24694.21354456295, 33733.21595084597
226, 33822.90190485983, 24667.60878599183, 33822.90190485983, 28216.171411598425, 24692.30303913714, 33731.92425145163
227, 33822.90190485983, 24667.60878599183, 33822.90190485983, 27490.38811572398, 24708.679179878254, 33738.965882338605
228, 33822.90190485983, 24667.60878599183, 33822.90190485983, 28591.70425510921, 24692.982128680913, 33726.975344937186
229, 33822.90190485983, 24667.60878599183, 33822.90190485983, 28952.68711500634, 24691.28747868333, 33718.639738693135
230, 33822.90190485983, 24667.60878599183, 33822.90190485983, 27120.323531443584, 24707.555932494506, 33733.811986109446
231, 33822.90190485983, 24667.60878599183, 33822.90190485983, 27481.40355781236, 24704.764783393268, 33715.930936087745
232, 33822.90190485983, 24667.60878599183, 33822.90190485983, 28407.149797410424, 24695.031869902716, 33721.39281842522
233, 33822.90190485983, 24667.60878599183, 33822.90190485983, 28033.767015294074, 24694.156217924658, 33723.97487387532
234, 33822.90190485983, 24667.60878599183, 33822.90190485983, 28041.140815646413, 24693.34658260185, 33737.80751207191
235, 33822.90190485983, 24667.60878599183, 33822.90190485983, 27489.16260937425, 24707.62364886763, 33716.63092898698
236, 33822.90190485983, 24667.60878599183, 33822.90190485983, 27665.300440502313, 24691.36894024581, 33721.001875706956
237, 33850.03666618727, 24608.73670105955, 33850.03666618727, 29693.68471505212, 24676.57743976611, 33735.04540842415
238, 33850.03666618727, 24608.73670105955, 33850.03666618727, 27852.08215940171, 24694.52816159793, 33720.338624826974
239, 33850.03666618727, 24608.73670105955, 33850.03666618727, 28403.308878495387, 24692.6518182626, 33724.339371526
240, 33850.03666618727, 24608.73670105955, 33850.03666618727, 29142.868471896665, 24679.57632596968, 33737.84552522363
241, 33850.03666618727, 24608.73670105955, 33850.03666618727, 29325.505177936113, 24674.630579608653, 33731.404146903405
242, 33850.03666618727, 24608.73670105955, 33850.03666618727, 28774.7757699978, 24674.04102019076, 33743.4867423108
243, 33850.03666618727, 24608.73670105955, 33850.03666618727, 27862.913317516348, 24679.55585252728, 33738.86407368924
244, 33850.03666618727, 24608.73670105955, 33850.03666618727, 28967.96216573585, 24660.44669379062, 33736.26237639002
245, 33870.56859992231, 24560.113494640973, 33870.56859992231, 28608.751319957937, 24641.958892189898, 33761.277044329414
246, 33870.56859992231, 24560.113494640973, 33870.56859992231, 29526.604016043206, 24629.617725660773, 33750.018753401724
247, 33870.56859992231, 24560.113494640973, 33870.56859992231, 28244.713408522555, 24641.42582681027, 33749.38439048136
248, 33870.56859992231, 24560.113494640973, 33870.56859992231, 30269.051491542, 24627.511876667137, 33762.89251205303
249, 33870.56859992231, 24560.113494640973, 33870.56859992231, 30636.533144463912, 24615.600327550146, 33766.208924241226
250, 33870.56859992231, 24560.113494640973, 33870.56859992231, 29717.024064039295, 24626.30949041527, 33754.65850573932
251, 33870.56859992231, 24560.113494640973, 33870.56859992231, 29536.029557073463, 24624.47579970688, 33759.055925184286
252, 33870.56859992231, 24560.113494640973, 33870.56859992231, 29535.300805527626, 24608.85658757672, 33758.87547475504
253, 33870.56859992231, 24560.113494640973, 33870.56859992231, 30459.856805988504, 24597.37664975793, 33773.911287384704
254, 33870.56859992231, 24560.113494640973, 33870.56859992231, 30273.949818330075, 24582.467505832974, 33764.02598066024
255, 33870.56859992231, 24560.113494640973, 33870.56859992231, 29176.63981454287, 24590.02825005525, 33773.06474258438
256, 33870.56859992231, 24560.113494640973, 33870.56859992231, 30100.161892728116, 24594.95025409287, 33777.8431445371
257, 33870.56859992231, 24560.113494640973, 33870.56859992231, 30461.605207615914, 24583.008776779956, 33780.08547762442
258, 33980.09590323521, 24530.859786953708, 33980.09590323521, 29560.217351248622, 24593.78451973664, 33796.635075717604
259, 33980.09590323521, 24530.859786953708, 33980.09590323521, 28269.338542713584, 24605.945012386237, 33807.41451205647
260, 33980.09590323521, 24530.859786953708, 33980.09590323521, 30113.15356538279, 24590.956649363707, 33800.748429839026
261, 33980.09590323521, 24530.859786953708, 33980.09590323521, 30849.50757427058, 24585.91702658706, 33793.723113897075
262, 33980.09590323521, 24530.859786953708, 33980.09590323521, 30120.636040351717, 24584.00361498231, 33805.9664283545
263, 33980.09590323521, 24530.859786953708, 33980.09590323521, 30305.682613386856, 24588.027027001375, 33811.577547542154
264, 33980.09590323521, 24530.859786953708, 33980.09590323521, 29764.824182940367, 24595.89595443281, 33822.41208234151
265, 33980.09590323521, 24530.859786953708, 33980.09590323521, 29944.909927867342, 24579.951289542936, 33817.32015349308
266, 33980.09590323521, 24530.859786953708, 33980.09590323521, 30704.248909613245, 24574.733308164552, 33839.5717608192
267, 33980.09590323521, 24530.859786953708, 33980.09590323521, 30715.547063397607, 24581.662125670373, 33848.11939775267
268, 33980.09590323521, 24530.859786953708, 33980.09590323521, 29821.797232126908, 24560.67675171245, 33875.22570795622
269, 33980.09590323521, 24530.859786953708, 33980.09590323521, 29818.009545061268, 24572.870073263217, 33875.715171079006
270, 33980.09590323521, 24530.859786953708, 33980.09590323521, 30936.507304066112, 24556.878552360595, 33891.39903018274
271, 33980.09590323521, 24530.859786953708, 33980.09590323521, 30017.26409950733, 24552.38091520981, 33892.7309648379
272, 33980.09590323521, 24530.859786953708, 33980.09590323521, 29631.942711451782, 24571.696610599873, 33871.4203310685
273, 33980.09590323521, 24530.859786953708, 33980.09590323521, 30012.41667706545, 24569.353729584356, 33882.24860571903
274, 33980.09590323521, 24530.859786953708, 33980.09590323521, 30380.612405835072, 24558.47686742709, 33880.43699249133
275, 33980.09590323521, 24530.859786953708, 33980.09590323521, 30933.20494126911, 24560.399206964805, 33880.69076284542
276, 33980.09590323521, 24530.859786953708, 33980.09590323521, 30570.39930282742, 24566.350001056053, 33894.56012199209
277, 33980.09590323521, 24530.859786953708, 33980.09590323521, 30381.071387670207, 24565.208026527405, 33879.67621971223
278, 33980.09590323521, 24530.859786953708, 33980.09590323521, 30196.68480736966, 24564.946670635312, 33888.000457558344
279, 33980.09590323521, 24530.859786953708, 33980.09590323521, 29456.68284866093, 24567.334014780496, 33877.967857466225
280, 33980.09590323521, 24530.859786953708, 33980.09590323521, 30558.17219048994, 24558.58705432581, 33875.411237403554
281, 33980.09590323521, 24530.859786953708, 33980.09590323521, 29275.68270056544, 24570.827284571315, 33890.050518457116
282, 33980.09590323521, 24530.859786953708, 33980.09590323521, 30191.99900558435, 24568.336912050367, 33870.88112807851
283, 33980.09590323521, 24530.859786953708, 33980.09590323521, 30381.561366195274, 24557.144967392305, 33889.360970384456
284, 34035.72711065841, 24505.47410129079, 34035.72711065841, 29278.913683085102, 24573.68397005408, 33887.31371930722
285, 34035.72711065841, 24505.47410129079, 34035.72711065841, 31307.089853024245, 24555.81999432799, 33897.15734866257
286, 34035.72711065841, 24505.47410129079, 34035.72711065841, 29094.474156061075, 24578.57668450861, 33895.9421983005
287, 34035.72711065841, 24505.47410129079, 34035.72711065841, 30570.41506949306, 24561.529265089765, 33888.82373472514
288, 34035.72711065841, 24505.47410129079, 34035.72711065841, 30943.60642088133, 24560.254252071936, 33892.1682866537
289, 34115.09790818272, 24571.293060794647, 34115.09790818272, 29471.260397802896, 24570.562215756112, 33917.49927085753
290, 34115.09790818272, 24571.293060794647, 34115.09790818272, 29477.625558775435, 24566.893874169495, 33918.741104729925
291, 34115.09790818272, 24571.293060794647, 34115.09790818272, 29116.278153909974, 24584.821427633393, 33928.91248056127
292, 34115.09790818272, 24571.293060794647, 34115.09790818272, 30411.885647431347, 24564.37761163577, 33935.25789318168
293, 34115.09790818272, 24571.293060794647, 34115.09790818272, 30244.291408034038, 24563.873232472855, 33943.36939804338
294, 34115.09790818272, 24571.293060794647, 34115.09790818272, 29509.9230386298, 24561.165231342944, 33952.23119144064
295, 34115.09790818272, 24571.293060794647, 34115.09790818272, 29702.47683820252, 24557.222407827503, 33955.64769182908
296, 34115.09790818272, 24571.293060794647, 34115.09790818272, 29705.798850339866, 24563.46620132817, 33956.4743693985
297, 34116.953990608185, 24624.189627283362, 34116.953990608185, 29345.029605775217, 24567.713957541622, 33972.33291275209
298, 34116.953990608185, 24624.189627283362, 34116.953990608185, 28054.23995770508, 24599.349420403298, 33965.888527682175
299, 34116.953990608185, 24624.189627283362, 34116.953990608185, 29553.628273552033, 24594.389482653918, 33999.219357059534
300, 34116.953990608185, 24624.189627283362, 34116.953990608185, 28637.46475119681, 24617.938632710287, 34005.10386073614
301, 34116.953990608185, 24624.189627283362, 34116.953990608185, 29579.430897117993, 24614.338950550107, 34023.31503395286
302, 34116.953990608185, 24624.189627283362, 34116.953990608185, 29391.224457999226, 24612.030483717044, 34014.20124188761
303, 34116.953990608185, 24624.189627283362, 34116.953990608185, 28462.658712051445, 24623.57309218105, 34019.26109530306
304, 34116.953990608185, 24624.189627283362, 34116.953990608185, 29579.61447604072, 24610.93531168941, 34020.285402681875
305, 34169.00409800594, 24554.569553940564, 34169.00409800594, 29395.977076864638, 24607.536746924703, 34034.98053356721
306, 34169.00409800594, 24554.569553940564, 34169.00409800594, 29209.915164864433, 24619.27115248385, 34020.363839155936
307, 34169.00409800594, 24554.569553940564, 34169.00409800594, 30132.373385824376, 24611.073590231026, 34022.74511185417
308, 34169.00409800594, 24554.569553940564, 34169.00409800594, 29771.721264435044, 24626.455244873978, 34035.7447657797
309, 34172.756924119625, 24629.720034460166, 34172.756924119625, 30881.56339106642, 24636.034538107568, 34026.96960230313
310, 34172.756924119625, 24629.720034460166, 34172.756924119625, 28282.622476462686, 24659.154937332794, 34025.74928073176
311, 34172.756924119625, 24629.720034460166, 34172.756924119625, 28101.77194901083, 24659.55366225809, 34029.91141240044
312, 34172.756924119625, 24629.720034460166, 34172.756924119625, 29033.009991523646, 24644.626076129633, 34037.939950562366
313, 34172.756924119625, 24629.720034460166, 34172.756924119625, 29034.317296276546, 24642.568902832183, 34025.92239771927
314, 34172.756924119625, 24629.720034460166, 34172.756924119625, 29043.292690706563, 24638.1284324194, 34054.125995916496
315, 34172.756924119625, 24629.720034460166, 34172.756924119625, 29234.224929022133, 24612.79119539612, 34058.09573653823
316, 34172.756924119625, 24629.720034460166, 34172.756924119625, 27397.104590615458, 24615.176518109398, 34076.03882199686
317, 34172.756924119625, 24629.720034460166, 34172.756924119625, 28691.82398748885, 24604.56954142161, 34064.58891359607
318, 34318.22929743261, 24505.05561168078, 34318.22929743261, 30571.87003986637, 24583.71729956864, 34099.85348983171
319, 34318.22929743261, 24505.05561168078, 34318.22929743261, 31683.997970818993, 24573.873477946076, 34100.7441700625
320, 34318.22929743261, 24505.05561168078, 34318.22929743261, 30384.537992775047, 24584.252419022072, 34106.43036696235
321, 34343.55631321811, 24663.383048217078, 34343.55631321811, 31327.290489004066, 24579.045709569233, 34123.6917849402
322, 34343.55631321811, 24663.383048217078, 34343.55631321811, 27974.395027174454, 24627.291953313943, 34127.87516235074
323, 34343.55631321811, 24663.383048217078, 34343.55631321811, 27976.813443345058, 24639.397303184465, 34129.64626057116
324, 34343.55631321811, 24663.383048217078, 34343.55631321811, 28546.251064278844, 24651.953370556676, 34129.55003409745
325, 34343.55631321811, 24663.383048217078, 34343.55631321811, 28373.4288000634, 24637.89933785547, 34145.52540444674
326, 34343.55631321811, 24663.383048217078, 34343.55631321811, 28206.86211109083, 24654.819546176383, 34167.31371230488
327, 34343.55631321811, 24663.383048217078, 34343.55631321811, 27475.815190074423, 24655.48534045278, 34173.0974813766
328, 34343.55631321811, 24663.383048217078, 34343.55631321811, 28056.65964816894, 24625.02008049507, 34193.89562844502
329, 34353.77592626302, 24574.06905945197, 34353.77592626302, 29944.815392659784, 24579.19849508446, 34226.91658764596
330, 34353.77592626302, 24574.06905945197, 34353.77592626302, 29948.405223924165, 24592.984168121537, 34232.00443989042
331, 34353.77592626302, 24574.06905945197, 34353.77592626302, 30507.306626387304, 24623.05760061404, 34234.09106469822
332, 34353.77592626302, 24574.06905945197, 34353.77592626302, 29398.06252955064, 24657.920090437172, 34237.15848930902
333, 34353.77592626302, 24574.06905945197, 34353.77592626302, 29025.812460890742, 24677.590339806487, 34240.430129469685
334, 34353.77592626302, 24574.06905945197, 34353.77592626302, 29780.10397743098, 24667.89324349726, 34249.96732898266
335, 34398.45161802196, 24561.123480949205, 34398.45161802196, 30340.214723801288, 24666.10467950057, 34259.809343862355
336, 34398.45161802196, 24561.123480949205, 34398.45161802196, 30338.370640715875, 24659.43012879249, 34253.2722042535
337, 34398.45161802196, 24561.123480949205, 34398.45161802196, 30148.508535186626, 24666.17190795229, 34249.87457428578
338, 34398.45161802196, 24561.123480949205, 34398.45161802196, 29594.67211710654, 24660.13978517276, 34257.702599134725
339, 34400.58953933061, 24654.175211800724, 34400.58953933061, 29599.229749982627, 24652.882092836477, 34264.65246651858
340, 34400.58953933061, 24654.175211800724, 34400.58953933061, 28666.08691379536, 24654.744524742553, 34267.93503117519
341, 34400.58953933061, 24654.175211800724, 34400.58953933061, 28298.114565180385, 24622.55286051469, 34261.64997244363
342, 34400.58953933061, 24654.175211800724, 34400.58953933061, 28298.524450808374, 24625.983820376805, 34256.31421379418
343, 34400.58953933061, 24654.175211800724, 34400.58953933061, 28300.535058027475, 24624.049721079864, 34271.12223994472
344, 34400.58953933061, 24654.175211800724, 34400.58953933061, 28683.05514701519, 24619.230484716492, 34286.198390127014
345, 34424.846685077755, 24531.509729046636, 34424.846685077755, 29816.523826248478, 24602.171862393854, 34293.2468626927
346, 34424.846685077755, 24531.509729046636, 34424.846685077755, 30191.44282767604, 24603.93927149364, 34300.61377279544
347, 34424.846685077755, 24531.509729046636, 34424.846685077755, 31123.394276048708, 24595.53317311962, 34292.43307654387
348, 34424.846685077755, 24531.509729046636, 34424.846685077755, 30752.549917831402, 24610.116804883877, 34299.235689017776
349, 34424.846685077755, 24531.509729046636, 34424.846685077755, 30005.715094243224, 24619.86350164148, 34302.9615767391
350, 34607.59740621125, 24675.64248413033, 34607.59740621125, 27777.936305591356, 24662.896012975492, 34336.690444638574
351, 34607.59740621125, 24675.64248413033, 34607.59740621125, 27972.374574417132, 24669.24318565049, 34351.651922641
352, 34607.59740621125, 24675.64248413033, 34607.59740621125, 27220.978812007317, 24663.319651460246, 34348.19289176746
353, 34607.59740621125, 24675.64248413033, 34607.59740621125, 28549.781589219147, 24628.46079270475, 34368.6201699827
354, 34609.73671071257, 24666.955677137867, 34609.73671071257, 28179.63086460214, 24608.315744006668, 34369.04659480782
355, 34609.73671071257, 24666.955677137867, 34609.73671071257, 28375.92849625061, 24605.798709836876, 34388.34739436338
356, 34609.73671071257, 24666.955677137867, 34609.73671071257, 28762.487547766188, 24636.191317883557, 34385.44151535304
357, 34609.73671071257, 24666.955677137867, 34609.73671071257, 28413.81596854189, 24641.46551331477, 34418.14904026185
358, 34609.73671071257, 24666.955677137867, 34609.73671071257, 28260.053658434954, 24667.12902855898, 34445.35807757641
359, 34609.73671071257, 24666.955677137867, 34609.73671071257, 28674.603718761267, 24673.451167408377, 34488.817573381406
360, 34609.73671071257, 24666.955677137867, 34609.73671071257, 28307.42816744871, 24710.48579621184, 34496.05984874346
361, 34609.73671071257, 24666.955677137867, 34609.73671071257, 28684.972919043237, 24699.481593911067, 34493.78933244649
362, 34609.73671071257, 24666.955677137867, 34609.73671071257, 27936.659265339727, 24703.596158007058, 34500.6204406896
363, 34609.73671071257, 24666.955677137867, 34609.73671071257, 28305.677395330265, 24701.977279598563, 34501.57809559763
364, 34622.092120612775, 24614.857979400527, 34622.092120612775, 29628.848354425154, 24686.005905635167, 34512.19229568051
365, 34622.092120612775, 24614.857979400527, 34622.092120612775, 27934.41146781102, 24689.307830109225, 34504.07191205144
366, 34622.092120612775, 24614.857979400527, 34622.092120612775, 29245.060552948093, 24690.936161309215, 34498.935602321624
367, 34622.092120612775, 24614.857979400527, 34622.092120612775, 29817.50638065548, 24680.84353598134, 34516.80618026058
368, 34622.092120612775, 24614.857979400527, 34622.092120612775, 29620.36799217505, 24683.820508948513, 34500.066215654624
369, 34622.092120612775, 24614.857979400527, 34622.092120612775, 29632.0696481019, 24680.804219740457, 34515.322979247096
370, 34622.092120612775, 24614.857979400527, 34622.092120612775, 29254.459369038468, 24676.44470980755, 34507.00264440295
371, 34622.092120612775, 24614.857979400527, 34622.092120612775, 30008.26453840935, 24656.50469191131, 34514.501447629074
372, 34622.092120612775, 24614.857979400527, 34622.092120612775, 28885.73260880127, 24656.82689844307, 34517.81201131992
373, 34622.092120612775, 24614.857979400527, 34622.092120612775, 29075.633034842464, 24646.474084484595, 34513.33869905125
374, 34622.092120612775, 24614.857979400527, 34622.092120612775, 29258.121901085524, 24650.183004013215, 34513.39036049364
375, 34637.61713215289, 24637.66167854166, 34637.61713215289, 28881.609463091183, 24661.955238280578, 34506.701147540625
376, 34642.28401217577, 24430.982929431768, 34642.28401217577, 31890.054010298547, 24612.124963920207, 34514.276816907564
377, 34642.28401217577, 24430.982929431768, 34642.28401217577, 32825.816418084534, 24602.314236083243, 34514.80581498664
378, 34642.28401217577, 24430.982929431768, 34642.28401217577, 32269.521385599845, 24611.624705695576, 34517.74785769725
379, 34642.28401217577, 24430.982929431768, 34642.28401217577, 32639.38576331085, 24602.69697233171, 34519.24567626839
380, 34642.28401217577, 24430.982929431768, 34642.28401217577, 32644.744864940898, 24602.547921814123, 34524.58865872709
381, 34642.28401217577, 24430.982929431768, 34642.28401217577, 33392.74884344862, 24592.158342405488, 34516.878475866426
382, 34642.28401217577, 24430.982929431768, 34642.28401217577, 33015.23371916972, 24592.893276802482, 34515.900568234894
383, 34642.28401217577, 24430.982929431768, 34642.28401217577, 33203.083340267476, 24583.423978318966, 34519.14504787553
384, 34642.28401217577, 24430.982929431768, 34642.28401217577, 32834.21223618625, 24578.552759574297, 34518.57421728443
385, 34642.28401217577, 24430.982929431768, 34642.28401217577, 32080.541563609087, 24565.959915444415, 34520.72862876877
386, 34642.28401217577, 24430.982929431768, 34642.28401217577, 32651.562370950713, 24546.59355151064, 34527.59977493656
387, 34642.28401217577, 24430.982929431768, 34642.28401217577, 32648.85053704991, 24496.623557908595, 34525.45866538076
388, 34642.28401217577, 24430.982929431768, 34642.28401217577, 33034.51850029544, 24468.432949358066, 34528.26411281623
389, 34642.28401217577, 24430.982929431768, 34642.28401217577, 32653.539157336374, 24458.193882799067, 34530.49671310915
390, 34642.28401217577, 24430.982929431768, 34642.28401217577, 31723.750014656434, 24472.730069625548, 34533.126478452104
391, 34642.28401217577, 24430.982929431768, 34642.28401217577, 31907.765028157777, 24473.387504790662, 34536.842589599466
392, 34642.28401217577, 24430.982929431768, 34642.28401217577, 31343.106684798076, 24473.412629917726, 34538.36412831122
393, 34642.28401217577, 24430.982929431768, 34642.28401217577, 31906.364950878924, 24469.529050834226, 34535.40382345977
394, 34642.28401217577, 24430.982929431768, 34642.28401217577, 33037.11303263831, 24470.059072118165, 34532.35217867943
395, 34642.28401217577, 24430.982929431768, 34642.28401217577, 32289.559714479456, 24478.401315068193, 34547.43187141913
396, 34642.28401217577, 24430.982929431768, 34642.28401217577, 31352.048143311054, 24477.026515348905, 34541.546148798516
397, 34642.28401217577, 24430.982929431768, 34642.28401217577, 32841.08869705632, 24464.968927249767, 34524.99225589197
398, 34642.28401217577, 24430.982929431768, 34642.28401217577, 33412.78948529366, 24458.687415039913, 34537.56725914601
399, 34642.28401217577, 24430.982929431768, 34642.28401217577, 32283.15179086213, 24465.19545404877, 34537.548032433
400, 34642.28401217577, 24430.982929431768, 34642.28401217577, 33233.96749283839, 24463.333198752585, 34549.53455354405
401, 34670.4915031636, 24536.102651894387, 34670.4915031636, 32096.74897253299, 24471.78381198636, 34533.52558195006
402, 34706.13094084155, 24598.29830922753, 34706.13094084155, 31351.85255355828, 24490.25278020817, 34544.26572863321
403, 34706.13094084155, 24598.29830922753, 34706.13094084155, 28344.98906050688, 24517.928296878283, 34542.64071868152
404, 34706.13094084155, 24598.29830922753, 34706.13094084155, 29853.453436419444, 24509.430022876797, 34554.17905431912
405, 34706.13094084155, 24598.29830922753, 34706.13094084155, 28910.317566402355, 24529.759387988208, 34559.12374866596
406, 34706.13094084155, 24598.29830922753, 34706.13094084155, 29478.221509567025, 24537.854087353, 34547.52957706446
407, 34706.13094084155, 24598.29830922753, 34706.13094084155, 29482.53034363007, 24556.980078411085, 34563.13539827218
408, 34706.13094084155, 24598.29830922753, 34706.13094084155, 29678.86745023629, 24578.787922036554, 34571.404965309586
409, 34706.13094084155, 24598.29830922753, 34706.13094084155, 30073.56101077435, 24603.392261643734, 34594.52642809868
410, 34706.13094084155, 24598.29830922753, 34706.13094084155, 29502.550128152347, 24607.771128931112, 34578.42771097377
411, 34706.13094084155, 24598.29830922753, 34706.13094084155, 29139.017977679083, 24632.810119110913, 34594.65320131239
412, 34706.13094084155, 24598.29830922753, 34706.13094084155, 29515.881871742225, 24630.482804789695, 34595.54107052371
413, 34706.13094084155, 24598.29830922753, 34706.13094084155, 29147.159472181836, 24641.998439769126, 34601.938079118685
414, 34706.13094084155, 24598.29830922753, 34706.13094084155, 30082.605228243607, 24632.598288867797, 34604.508969839226
415, 34706.13094084155, 24598.29830922753, 34706.13094084155, 28953.478511842695, 24642.597765585346, 34602.01340825603
416, 34706.13094084155, 24598.29830922753, 34706.13094084155, 30271.00004704261, 24628.179208067028, 34603.543035224146
417, 34706.13094084155, 24598.29830922753, 34706.13094084155, 30079.163466465096, 24629.189827179125, 34588.983330692245
418, 34706.13094084155, 24598.29830922753, 34706.13094084155, 29145.592484624518, 24640.860250159858, 34594.493646506344
419, 34706.13094084155, 24598.29830922753, 34706.13094084155, 29523.48003896102, 24630.957448355955, 34601.28334326886
420, 34706.13094084155, 24598.29830922753, 34706.13094084155, 28760.20858671515, 24636.549413822973, 34596.53993204592
421, 34706.13094084155, 24598.29830922753, 34706.13094084155, 30082.33248226673, 24631.033431488515, 34594.31812687693
422, 34706.13094084155, 24598.29830922753, 34706.13094084155, 29332.95160975179, 24632.665226848396, 34601.96926941016
423, 34706.13094084155, 24598.29830922753, 34706.13094084155, 29519.894578753552, 24630.289561683618, 34596.279506431805
424, 34706.13094084155, 24598.29830922753, 34706.13094084155, 29520.280193986702, 24630.63911825323, 34595.79040563399
425, 34706.13094084155, 24598.29830922753, 34706.13094084155, 29699.658936172247, 24634.8441143016, 34587.12947149774
426, 34706.13094084155, 24598.29830922753, 34706.13094084155, 29149.73463425627, 24636.193051231632, 34598.41634625591
427, 34706.13094084155, 24598.29830922753, 34706.13094084155, 29706.042492144436, 24631.082408068974, 34592.52425784529
428, 34706.13094084155, 24598.29830922753, 34706.13094084155, 28575.61613650599, 24641.15776550595, 34604.7021026525
429, 34706.13094084155, 24598.29830922753, 34706.13094084155, 30458.460968587267, 24623.463370130565, 34592.21162600829
430, 34706.13094084155, 24598.29830922753, 34706.13094084155, 29328.775688177928, 24634.6413782672, 34596.732682347
431, 34706.13094084155, 24598.29830922753, 34706.13094084155, 29521.620309519, 24628.510154681466, 34600.26314842607
432, 34706.13094084155, 24598.29830922753, 34706.13094084155, 29329.21309164383, 24633.0256622646, 34598.819970343306
433, 34706.13094084155, 24598.29830922753, 34706.13094084155, 30080.489202969882, 24629.062516529495, 34596.448922181335
434, 34721.13841257118, 24640.89554298358, 34721.13841257118, 30850.88943905829, 24623.813791480257, 34609.801748727026
435, 34721.13841257118, 24640.89554298358, 34721.13841257118, 29141.779073945287, 24641.54511031638, 34608.06933329731
436, 34807.46923433874, 24459.948475320525, 34807.46923433874, 31422.0420531532, 24608.490285280022, 34620.633351956465
437, 34807.46923433874, 24459.948475320525, 34807.46923433874, 32361.668163426784, 24594.859326365768, 34628.23333257424
438, 34807.46923433874, 24459.948475320525, 34807.46923433874, 31793.74761437577, 24599.683424677864, 34625.5710706289
439, 34807.46923433874, 24459.948475320525, 34807.46923433874, 32357.140351098657, 24595.035369869864, 34618.10692923859
440, 34807.46923433874, 24459.948475320525, 34807.46923433874, 30668.424900236467, 24599.7232221751, 34634.88745421629
441, 34807.46923433874, 24459.948475320525, 34807.46923433874, 31794.374307994804, 24587.80066662623, 34617.62105515426
442, 34807.46923433874, 24459.948475320525, 34807.46923433874, 32366.78996010258, 24571.263296897872, 34627.688653806625
443, 34807.46923433874, 24459.948475320525, 34807.46923433874, 32171.339620589693, 24545.607653296236, 34625.26279942624
444, 34841.892640894424, 24522.874650073547, 34841.892640894424, 31439.31040027121, 24545.44684269771, 34642.044572490995
445, 34841.892640894424, 24522.874650073547, 34841.892640894424, 30880.670268603575, 24565.380233672677, 34654.17915317731
446, 34841.892640894424, 24522.874650073547, 34841.892640894424, 30892.67255812683, 24581.169941904576, 34666.64373103749
447, 34841.892640894424, 24522.874650073547, 34841.892640894424, 30527.683878842254, 24568.75600637214, 34676.221484919464
448, 34873.72858057964, 24658.476323940427, 34873.72858057964, 30169.082603092145, 24533.06261916508, 34691.14621872507
449, 34873.72858057964, 24658.476323940427, 34873.72858057964, 28854.57002926338, 24541.93189421072, 34701.65631418278
450, 34873.72858057964, 24658.476323940427, 34873.72858057964, 28099.040401973016, 24551.15137857779, 34730.161526916156
451, 34873.72858057964, 24658.476323940427, 34873.72858057964, 28299.429644755302, 24562.252939406357, 34721.23411392722
452, 34873.72858057964, 24658.476323940427, 34873.72858057964, 27926.04168173024, 24565.462761488314, 34733.070960086916
453, 34873.72858057964, 24658.476323940427, 34873.72858057964, 27358.651537934013, 24578.539084313277, 34728.348671915046
454, 34873.72858057964, 24658.476323940427, 34873.72858057964, 29836.56980223196, 24593.545817148497, 34748.95033220542
455, 34873.72858057964, 24658.476323940427, 34873.72858057964, 28514.093004402348, 24654.335806406267, 34754.50293654725
456, 34873.72858057964, 24658.476323940427, 34873.72858057964, 30039.542004919724, 24662.996758229398, 34761.25185273153
457, 34873.72858057964, 24658.476323940427, 34873.72858057964, 28906.693128870167, 24692.614633619447, 34771.8198337357
458, 34873.72858057964, 24658.476323940427, 34873.72858057964, 28711.806304944595, 24692.820222290116, 34756.690345244315
459, 34873.72858057964, 24658.476323940427, 34873.72858057964, 29848.500117975967, 24684.091333250817, 34764.494875522905
460, 34873.72858057964, 24658.476323940427, 34873.72858057964, 28904.471519938037, 24690.15627997751, 34762.543870436835
461, 34873.72858057964, 24658.476323940427, 34873.72858057964, 29660.171659355758, 24687.43390833337, 34765.87083369763
462, 34873.72858057964, 24658.476323940427, 34873.72858057964, 28147.849135298144, 24695.36347379875, 34762.35614896201
463, 34873.72858057964, 24658.476323940427, 34873.72858057964, 27962.74119528849, 24697.495853501263, 34766.25498684398
464, 34873.72858057964, 24658.476323940427, 34873.72858057964, 28153.288455880753, 24695.033914308187, 34773.08076501195
465, 34873.72858057964, 24658.476323940427, 34873.72858057964, 28342.227998882117, 24694.072276212464, 34763.08964878042
466, 34873.72858057964, 24658.476323940427, 34873.72858057964, 29095.88848945959, 24687.258176466068, 34759.521384703025
467, 34873.72858057964, 24658.476323940427, 34873.72858057964, 29085.670773988757, 24690.750961083137, 34762.38868706738
468, 34873.72858057964, 24658.476323940427, 34873.72858057964, 28905.72829760576, 24682.722062387722, 34778.50348865132
469, 34873.72858057964, 24658.476323940427, 34873.72858057964, 29663.150305715324, 24679.84642221401, 34775.239357495324
470, 34873.72858057964, 24658.476323940427, 34873.72858057964, 29467.2829398347, 24689.592659247235, 34761.29643539782
471, 34873.72858057964, 24658.476323940427, 34873.72858057964, 28710.437742940318, 24689.591984760245, 34756.658236465046
472, 34873.72858057964, 24658.476323940427, 34873.72858057964, 28148.824985460204, 24687.4128308945, 34764.10111290421
473, 34873.72858057964, 24658.476323940427, 34873.72858057964, 27961.89447464403, 24708.34413978646, 34766.63288332897
474, 34873.72858057964, 24658.476323940427, 34873.72858057964, 28535.464055201577, 24697.360962233608, 34772.954419389214
475, 34873.72858057964, 24658.476323940427, 34873.72858057964, 29095.454761597113, 24693.468785730427, 34768.50473910887
476, 34873.72858057964, 24658.476323940427, 34873.72858057964, 27962.216080728715, 24697.217674307496, 34760.497506384316
477, 34873.72858057964, 24658.476323940427, 34873.72858057964, 28907.902860039332, 24693.70793542168, 34772.81845904672
478, 34873.72858057964, 24658.476323940427, 34873.72858057964, 27956.999365791955, 24694.817986484177, 34764.09243987998
479, 34873.72858057964, 24658.476323940427, 34873.72858057964, 29287.11525944988, 24688.64559517515, 34761.49814150263
480, 34873.72858057964, 24658.476323940427, 34873.72858057964, 28338.91344771552, 24696.94953055904, 34759.021812540974
481, 34873.72858057964, 24658.476323940427, 34873.72858057964, 28720.96711567251, 24697.477912731432, 34772.14609894492
482, 34873.72858057964, 24658.476323940427, 34873.72858057964, 28337.851164456053, 24706.434059462154, 34763.113275906704
483, 34873.72858057964, 24658.476323940427, 34873.72858057964, 29286.356000660595, 24693.432184037134, 34775.2610866968
484, 34873.72858057964, 24658.476323940427, 34873.72858057964, 29089.323760647454, 24689.909194936336, 34759.58815389473
485, 34873.72858057964, 24658.476323940427, 34873.72858057964, 28717.301562711902, 24696.590053622524, 34761.06934541961
486, 34873.72858057964, 24658.476323940427, 34873.72858057964, 28338.479623316915, 24696.89739499678, 34771.287422353234
487, 34873.72858057964, 24658.476323940427, 34873.72858057964, 29662.86925168947, 24683.502890788455, 34775.128478395396
488, 34873.72858057964, 24658.476323940427, 34873.72858057964, 28155.846537145757, 24691.42624989555, 34771.44609103068
489, 34873.72858057964, 24658.476323940427, 34873.72858057964, 29285.86314941393, 24681.860545776046, 34766.971250975585
490, 34873.72858057964, 24658.476323940427, 34873.72858057964, 29281.55834001119, 24680.885206219176, 34760.558059012634
491, 34873.72858057964, 24658.476323940427, 34873.72858057964, 27961.966517184257, 24698.606993072997, 34771.755712219296
492, 34873.72858057964, 24658.476323940427, 34873.72858057964, 28716.206194214774, 24682.371619209873, 34764.24756825242
493, 34873.72858057964, 24658.476323940427, 34873.72858057964, 29279.269802007697, 24692.47029713053, 34757.336421751
494, 34873.72858057964, 24658.476323940427, 34873.72858057964, 28340.630558872974, 24692.18663075476, 34768.02882140872
495, 34873.72858057964, 24658.476323940427, 34873.72858057964, 28520.56056840117, 24687.703308663302, 34757.29230291904
496, 34873.72858057964, 24658.476323940427, 34873.72858057964, 27961.55827430656, 24699.171987789014, 34750.67651740573
497, 34873.72858057964, 24658.476323940427, 34873.72858057964, 29473.25825833056, 24688.224511917495, 34768.109130565914
498, 34873.72858057964, 24658.476323940427, 34873.72858057964, 28335.72227022447, 24697.003961972907, 34764.74166510311
499, 34873.72858057964, 24658.476323940427, 34873.72858057964, 28533.299238167612, 24693.776773498543, 34774.720287125994
500, 34873.72858057964, 24658.476323940427, 34873.72858057964, 27962.657395617458, 24700.11663282671, 34767.039545756
