1, 26838.70772917802, 24642.268158697843, 26838.70772917802, 25252.574506751906, 24656.86983244567, 25252.574506751906
2, 27057.7033984659, 24626.4893179828, 27057.7033984659, 23350.611194943394, 24639.76463605345, 26142.208978875147
3, 27364.168072796827, 24599.413626041125, 27364.168072796827, 23477.19392864141, 24607.256775172325, 26588.962382880545
4, 27528.10904997014, 24588.672026153035, 27528.10904997014, 24845.764122503944, 24584.807042709603, 26946.797800086755
5, 27782.998541890625, 24566.698115867857, 27782.998541890625, 25746.898504005432, 24557.829241205513, 27260.932640041803
6, 28115.6397686017, 24567.35188216481, 28115.6397686017, 27524.988880380984, 24493.892418615294, 27524.988880380984
7, 28298.364983156982, 24684.109609296633, 28298.364983156982, 25032.390586600904, 24497.82278610638, 27796.02416763038
8, 28477.16605113264, 24677.341801250095, 28477.16605113264, 26270.570838743064, 24496.817055653, 27970.73549242577
9, 28608.325471196687, 24538.943205158517, 28608.325471196687, 24133.7854635336, 24597.98388646028, 28184.383627904153
10, 28724.762928517222, 24478.707190215402, 28724.762928517222, 25995.118938474727, 24594.184880398807, 28334.89709041429
11, 28926.98943415089, 24618.63698111743, 28926.98943415089, 25512.578104700213, 24583.85421767283, 28508.71699735622
12, 29085.986653250144, 24438.332626202286, 29085.986653250144, 24840.752682965278, 24594.36119015868, 28638.10224819498
13, 29170.210457052057, 24585.557629367504, 29170.210457052057, 27824.358404451476, 24541.682920831303, 28777.993873088333
14, 29229.499225712447, 24555.843494404122, 29229.499225712447, 26069.244341078567, 24550.037456313712, 28940.924661396755
15, 29479.120733481737, 24435.6305799857, 29479.120733481737, 26167.703697663124, 24540.284243848466, 29035.533032486717
16, 29650.254422817583, 24509.758611613062, 29650.254422817583, 28173.00194739398, 24534.978504987645, 29139.800771263028
17, 29804.737242945666, 24658.34024040704, 29804.737242945666, 26883.18086644648, 24548.968333155397, 29314.55405771633
18, 29846.193748644582, 24611.932820682596, 29846.193748644582, 25249.135874547053, 24587.938922314668, 29472.850726002136
19, 30028.799490071957, 24441.129325443293, 30028.799490071957, 25858.073681176807, 24593.75115264738, 29601.11484119093
20, 30154.35656903949, 24489.094058909668, 30154.35656903949, 29064.830624888094, 24540.82838540979, 29716.361494981316
21, 30284.923555481586, 24660.842920638264, 30284.923555481586, 28059.19766282521, 24558.94125164229, 29867.573286368373
22, 30366.89200639208, 24578.77314002555, 30366.89200639208, 25039.78759928693, 24568.00283297387, 29995.199153538142
23, 30440.57394336672, 24631.48993633717, 30440.57394336672, 27248.44092637727, 24551.633134661253, 30068.412595171594
24, 30470.705041470323, 24490.06903784478, 30470.705041470323, 25671.895956742705, 24562.018914176027, 30155.51550198133
25, 30470.705041470323, 24490.06903784478, 30470.705041470323, 28211.81298649704, 24548.55543356565, 30203.994157222864
26, 30470.705041470323, 24490.06903784478, 30470.705041470323, 28445.524755906612, 24525.436234380442, 30272.78919431027
27, 30652.656453834414, 24349.61395198834, 30652.656453834414, 27018.85166548442, 24563.461593959266, 30352.318743839278
28, 30688.844991012742, 24498.294310074256, 30688.844991012742, 29889.303322409552, 24495.913112721697, 30389.22007782801
29, 30735.47020848299, 24477.96101572071, 30735.47020848299, 29622.06441719972, 24511.432284421626, 30457.787762101285
30, 30866.724716687197, 24351.775652303004, 30866.724716687197, 29174.97973913864, 24512.595990424146, 30513.834383542395
31, 30866.724716687197, 24351.775652303004, 30866.724716687197, 30084.09106315876, 24483.464166595182, 30592.1438683872
32, 30957.12164341894, 24482.799560561893, 30957.12164341894, 30480.160503755058, 24475.799904584, 30647.101821775086
33, 30995.27280608245, 24571.480850864642, 30995.27280608245, 28864.439995747063, 24485.124370215523, 30720.098729956157
34, 31000.410907421967, 24530.63526227788, 31000.410907421967, 27739.646160175547, 24503.007843504147, 30783.612184583333
35, 31027.290460472177, 24639.21029938327, 31027.290460472177, 29638.87662553853, 24497.36249949895, 30825.2683573393
36, 31107.805276837913, 24603.923430390485, 31107.805276837913, 27158.947824373412, 24515.175651356978, 30880.676393721576
37, 31107.805276837913, 24603.923430390485, 31107.805276837913, 26856.117030048747, 24511.707825132504, 30917.973905013387
38, 31147.23471325786, 24634.703038602554, 31147.23471325786, 26030.332002880667, 24573.161156891507, 30950.03141928367
39, 31158.736386169552, 24549.338078646848, 31158.736386169552, 26907.041017311552, 24564.754794379176, 30979.140012767868
40, 31192.284343705483, 24635.988336597504, 31192.284343705483, 27936.564603482533, 24563.770685460822, 30987.844294356695
41, 31218.576563474824, 24542.815139771028, 31218.576563474824, 28128.10995338789, 24561.21258877609, 31015.825842708717
42, 31218.576563474824, 24542.815139771028, 31218.576563474824, 29516.968420510017, 24564.1634562674, 31049.987217114267
43, 31226.705222371766, 24484.895751664368, 31226.705222371766, 29215.87961178539, 24543.177249028828, 31082.808664355984
44, 31226.705222371766, 24484.895751664368, 31226.705222371766, 29230.842463580713, 24575.032895491095, 31098.80291364225
45, 31239.834422593194, 24400.035531376176, 31239.834422593194, 30270.80439903432, 24543.595116361397, 31118.119494381986
46, 31354.295357874504, 24438.72368500751, 31354.295357874504, 30641.65065257043, 24499.570009846622, 31151.99019553107
47, 31399.50674266513, 24498.858153100755, 31399.50674266513, 30327.29907099214, 24546.438978175367, 31183.088694424176
48, 31412.791751461686, 24473.314555810928, 31412.791751461686, 29498.576921312753, 24514.813542349464, 31207.34013533917
49, 31416.378581094916, 24487.712910508268, 31416.378581094916, 29857.636188663066, 24499.787145796316, 31222.94053620051
50, 31416.378581094916, 24487.712910508268, 31416.378581094916, 29201.37657655749, 24474.665265001724, 31246.291745065788
51, 31510.76710816206, 24530.468712259906, 31510.76710816206, 29920.617867220215, 24497.655929938057, 31286.861470586115
52, 31510.76710816206, 24530.468712259906, 31510.76710816206, 29107.456036988217, 24519.7756902423, 31338.95302012965
53, 31511.226266949125, 24389.49136287405, 31511.226266949125, 30160.171702841144, 24511.7851809292, 31363.868647090145
54, 31557.584407912254, 24651.81051844302, 31557.584407912254, 28981.690243622103, 24562.604417852086, 31379.10309215274
55, 31557.584407912254, 24651.81051844302, 31557.584407912254, 26077.10768297539, 24574.784374747298, 31401.774041381188
56, 31576.70823424606, 24613.731122902263, 31576.70823424606, 26952.218969865127, 24576.859833680846, 31422.31664573196
57, 31615.63493118681, 24635.41298904341, 31615.63493118681, 26807.046633878796, 24586.292667411944, 31439.07996033868
58, 31615.63493118681, 24635.41298904341, 31615.63493118681, 27514.209229127842, 24585.539678320845, 31470.327484203637
59, 31636.821488140107, 24632.58594989114, 31636.821488140107, 26662.781069907098, 24586.688979905466, 31482.187170533944
60, 31636.821488140107, 24632.58594989114, 31636.821488140107, 27186.365878070064, 24603.387102358745, 31488.3863986833
61, 31636.821488140107, 24632.58594989114, 31636.821488140107, 27024.071132857553, 24629.71263534611, 31494.586263185694
62, 31898.5761273622, 24522.865293720894, 31898.5761273622, 29809.591123723385, 24605.27157789673, 31535.550238961718
63, 31898.5761273622, 24522.865293720894, 31898.5761273622, 28982.448287785493, 24603.90852987823, 31591.33629262597
64, 31921.208951418525, 24667.22456655171, 31921.208951418525, 29359.687798284987, 24590.611982920575, 31614.524427072636
65, 31921.451091228795, 24527.90609536825, 31921.451091228795, 27140.434128110628, 24602.08572992154, 31655.846360983727
66, 31921.451091228795, 24527.90609536825, 31921.451091228795, 28560.770825927942, 24558.521403752922, 31691.38013919292
67, 31921.451091228795, 24527.90609536825, 31921.451091228795, 28441.787249211382, 24561.63865669751, 31741.078437922224
68, 32032.395264949617, 24675.84241094429, 32032.395264949617, 28998.220342287972, 24565.615499907566, 31775.854008435148
69, 32086.608219431128, 24641.920426568406, 32086.608219431128, 28171.070720482097, 24582.019140747903, 31838.071727416715
70, 32086.608219431128, 24641.920426568406, 32086.608219431128, 26982.03996962305, 24628.178675230898, 31862.470153169153
71, 32086.608219431128, 24641.920426568406, 32086.608219431128, 27867.20920353019, 24610.930842507983, 31878.37120444344
72, 32086.608219431128, 24641.920426568406, 32086.608219431128, 27529.449560327, 24624.780217550608, 31891.775569590303
73, 32086.608219431128, 24641.920426568406, 32086.608219431128, 26665.061832452295, 24658.725317673405, 31899.67776401713
74, 32086.608219431128, 24641.920426568406, 32086.608219431128, 27021.320248258162, 24648.480988264873, 31903.877393250135
75, 32089.734001822264, 24628.749729375642, 32089.734001822264, 27216.613059058756, 24627.26905271206, 31922.67264929809
76, 32089.734001822264, 24628.749729375642, 32089.734001822264, 27591.956560485054, 24624.210287793492, 31961.82387322954
77, 32089.734001822264, 24628.749729375642, 32089.734001822264, 27958.15443471014, 24632.43789449851, 31970.871874961817
78, 32089.734001822264, 24628.749729375642, 32089.734001822264, 26759.486436495987, 24642.13739510005, 32001.041057383645
79, 32173.287086306198, 24597.301942080587, 32173.287086306198, 27657.062456871587, 24662.166785484573, 32025.217450277414
80, 32181.328633852376, 24600.902850770683, 32181.328633852376, 27311.419854890722, 24658.811602935384, 32031.620728018665
81, 32181.328633852376, 24600.902850770683, 32181.328633852376, 27829.83090784154, 24656.140633837298, 32031.885918177337
82, 32229.688296587916, 24587.34403216024, 32229.688296587916, 28192.401706246146, 24647.767330548566, 32040.42888277528
83, 32229.688296587916, 24587.34403216024, 32229.688296587916, 28199.465755598347, 24645.97140054312, 32061.974524592373
84, 32229.688296587916, 24587.34403216024, 32229.688296587916, 28737.095988304533, 24635.093898857845, 32064.505728018506
85, 32363.241176550113, 24644.068944177772, 32363.241176550113, 27522.234462416676, 24633.80217063161, 32072.14381471003
86, 32363.241176550113, 24644.068944177772, 32363.241176550113, 26323.726124306548, 24638.684123303563, 32126.828443577902
87, 32402.30733609845, 24665.3757572025, 32402.30733609845, 27392.87234664221, 24637.045354858245, 32147.563317253946
88, 32420.24257994005, 24580.138273259206, 32420.24257994005, 27409.43513468765, 24633.597146291046, 32170.469891448345
89, 32439.06266480465, 24629.068752734132, 32439.06266480465, 29349.684347708706, 24620.838340593375, 32174.44791957182
90, 32439.06266480465, 24629.068752734132, 32439.06266480465, 27256.586043074727, 24636.938938510615, 32190.194906821434
91, 32439.06266480465, 24629.068752734132, 32439.06266480465, 28522.127177843948, 24643.266453957163, 32224.67556218404
92, 32439.06266480465, 24629.068752734132, 32439.06266480465, 28031.36553302751, 24635.312009360365, 32265.011131444408
93, 32439.06266480465, 24629.068752734132, 32439.06266480465, 27347.23398053956, 24645.694012392676, 32283.55307078487
94, 32439.06266480465, 24629.068752734132, 32439.06266480465, 26844.15853394047, 24653.963319064966, 32317.50123190671
95, 32439.06266480465, 24629.068752734132, 32439.06266480465, 28273.69557187655, 24658.631941127154, 32325.39704931409
96, 32439.06266480465, 24629.068752734132, 32439.06266480465, 27234.86970852367, 24667.46753130345, 32342.291307766987
97, 32439.06266480465, 24629.068752734132, 32439.06266480465, 27947.7241993332, 24652.221898340984, 32350.33708200747
98, 32439.06266480465, 24629.068752734132, 32439.06266480465, 27781.30605359305, 24657.39439440598, 32367.94187296616
99, 32439.06266480465, 24629.068752734132, 32439.06266480465, 26889.14960953111, 24658.44461898837, 32359.236130301706
100, 32502.145185572776, 24660.212839239604, 32502.145185572776, 28133.177058922618, 24653.314804895697, 32359.757256911224
101, 32502.145185572776, 24660.212839239604, 32502.145185572776, 27427.90777539214, 24665.6272987304, 32373.027693427164
102, 32502.145185572776, 24660.212839239604, 32502.145185572776, 27250.101710667906, 24657.363144670755, 32374.05644354564
103, 32502.145185572776, 24660.212839239604, 32502.145185572776, 27071.977055714047, 24660.722014298648, 32366.280807857314
104, 32502.145185572776, 24660.212839239604, 32502.145185572776, 26190.133498831467, 24665.840452533, 32372.71272283927
105, 32534.010158802426, 24598.497799069402, 32534.010158802426, 27253.109875611153, 24658.3799103175, 32375.994409846826
106, 32543.49794770154, 24630.716302384517, 32543.49794770154, 27961.715770540435, 24650.80882825656, 32374.439539747593
107, 32543.49794770154, 24630.716302384517, 32543.49794770154, 27434.13011318333, 24658.81615777933, 32383.594838854413
108, 32631.915238391215, 24389.56090569475, 32631.915238391215, 28153.68213486488, 24647.81955475809, 32389.840046492867
109, 32634.252393800867, 24558.003075615114, 32634.252393800867, 31177.26489791084, 24594.055841087134, 32422.032604071323
110, 32634.252393800867, 24558.003075615114, 32634.252393800867, 28533.295097031765, 24611.01308909103, 32438.32256524919
111, 32634.252393800867, 24558.003075615114, 32634.252393800867, 29092.020133395683, 24588.921890697744, 32464.601892707098
112, 32747.482757781978, 24646.054215165037, 32747.482757781978, 28052.518105914034, 24609.98394871482, 32487.104259662945
113, 32747.482757781978, 24646.054215165037, 32747.482757781978, 27363.859426731782, 24594.29241027207, 32524.292800922933
114, 32804.34296841443, 24505.626022507844, 32804.34296841443, 28082.60792870223, 24569.14572201226, 32530.615048385498
115, 32804.34296841443, 24505.626022507844, 32804.34296841443, 29709.305686037394, 24501.153768255917, 32561.633935987662
116, 32804.34296841443, 24505.626022507844, 32804.34296841443, 29194.12121273093, 24489.487188349605, 32576.657828180476
117, 32804.34296841443, 24505.626022507844, 32804.34296841443, 30463.098017877295, 24490.33819711684, 32603.731135401966
118, 32804.34296841443, 24505.626022507844, 32804.34296841443, 30648.8804886772, 24527.506144889936, 32609.646150932498
119, 32804.34296841443, 24505.626022507844, 32804.34296841443, 29417.731529694192, 24583.493280940307, 32623.49545394583
120, 32804.34296841443, 24505.626022507844, 32804.34296841443, 29266.7127967032, 24573.484780228668, 32656.72607626225
121, 32804.34296841443, 24505.626022507844, 32804.34296841443, 29822.049246898274, 24593.97612536891, 32673.211560487336
122, 32804.34296841443, 24505.626022507844, 32804.34296841443, 30177.732089057365, 24615.211403335077, 32672.348767777712
123, 32804.34296841443, 24505.626022507844, 32804.34296841443, 29301.84237953433, 24589.5041019673, 32675.616466177777
124, 32971.956099398434, 24371.629307174368, 32971.956099398434, 31660.0448068619, 24525.046154880783, 32728.11448827521
125, 32971.956099398434, 24371.629307174368, 32971.956099398434, 31498.549400096985, 24506.101897800643, 32751.797990150106
126, 32971.956099398434, 24371.629307174368, 32971.956099398434, 31323.39103051026, 24506.27027218862, 32756.124727525665
127, 32971.956099398434, 24371.629307174368, 32971.956099398434, 30974.134400381936, 24505.194714291843, 32768.39034342615
128, 32971.956099398434, 24371.629307174368, 32971.956099398434, 31699.363995575444, 24478.642841676334, 32770.19015175741
129, 32971.956099398434, 24371.629307174368, 32971.956099398434, 31357.01622487826, 24464.403822251494, 32786.49557113705
130, 32971.956099398434, 24371.629307174368, 32971.956099398434, 32277.250925875836, 24459.151313798557, 32812.99073058328
131, 32971.956099398434, 24371.629307174368, 32971.956099398434, 31766.539751534994, 24474.072093943552, 32837.361914078974
132, 32990.72583034889, 24427.66597134839, 32990.72583034889, 30720.72252631168, 24458.599192905756, 32871.15328112211
133, 32990.72583034889, 24427.66597134839, 32990.72583034889, 30559.522638181235, 24433.57199887021, 32888.69267477785
134, 32990.72583034889, 24427.66597134839, 32990.72583034889, 31633.49333561835, 24420.70285491312, 32889.632504223344
135, 32990.72583034889, 24427.66597134839, 32990.72583034889, 30727.03817539959, 24414.010586692326, 32880.511517970604
136, 32990.72583034889, 24427.66597134839, 32990.72583034889, 30557.79124485652, 24425.927830333858, 32884.55159934778
137, 33106.118205424464, 24509.23002676605, 33106.118205424464, 30217.018235105068, 24440.543275202686, 32914.26135357456
138, 33106.118205424464, 24509.23002676605, 33106.118205424464, 30402.312468536762, 24441.748300928448, 32919.90558816709
139, 33165.02794872288, 24516.06635529038, 33165.02794872288, 30048.91744658637, 24465.69435687237, 32920.15536110231
140, 33165.02794872288, 24516.06635529038, 33165.02794872288, 29887.085269805462, 24485.68902107409, 32949.13377245577
141, 33165.02794872288, 24516.06635529038, 33165.02794872288, 29899.010935810456, 24494.610949628357, 32958.45432061099
142, 33165.02794872288, 24516.06635529038, 33165.02794872288, 29184.849504764115, 24523.226916101696, 32965.04055322603
143, 33165.02794872288, 24516.06635529038, 33165.02794872288, 29931.538476022062, 24533.10639244472, 32988.20695988177
144, 33165.02794872288, 24516.06635529038, 33165.02794872288, 29399.844439635417, 24577.989655100024, 32998.71513545584
145, 33165.02794872288, 24516.06635529038, 33165.02794872288, 29605.88341101381, 24591.81977035335, 33028.95212447098
146, 33165.02794872288, 24516.06635529038, 33165.02794872288, 28899.69345095862, 24582.93678008686, 33041.52290246208
147, 33165.02794872288, 24516.06635529038, 33165.02794872288, 30531.88561662136, 24575.302898946, 33058.099454648785
148, 33172.951728467815, 24545.39244986346, 33172.951728467815, 28919.971442749727, 24598.824489529787, 33054.541432415586
149, 33172.951728467815, 24545.39244986346, 33172.951728467815, 29821.818927852484, 24586.492186489035, 33055.47928452675
150, 33172.951728467815, 24545.39244986346, 33172.951728467815, 28569.0029876577, 24581.42351933927, 33062.41732573886
151, 33235.614487996616, 24404.80438401591, 33235.614487996616, 31827.659330867536, 24525.715563902922, 33087.76763795338
152, 33267.51601506178, 24580.160732480726, 33267.51601506178, 31832.55361793119, 24525.552674515704, 33095.093067899455
153, 33267.51601506178, 24580.160732480726, 33267.51601506178, 27868.010554218687, 24576.236140939996, 33107.73872949896
154, 33267.51601506178, 24580.160732480726, 33267.51601506178, 28409.835194480187, 24563.125084471336, 33108.85063124208
155, 33267.51601506178, 24580.160732480726, 33267.51601506178, 28953.670103980116, 24571.1021319284, 33096.9403347493
156, 33267.51601506178, 24580.160732480726, 33267.51601506178, 29142.26014736802, 24570.271546971308, 33115.13998850344
157, 33267.51601506178, 24580.160732480726, 33267.51601506178, 28416.264304740707, 24571.753806814057, 33110.586309867875
158, 33267.51601506178, 24580.160732480726, 33267.51601506178, 28791.846375334382, 24578.56393586064, 33123.54772479595
159, 33270.630667079546, 24504.9779568846, 33270.630667079546, 30253.314429679784, 24553.765207105695, 33143.32493857693
160, 33270.630667079546, 24504.9779568846, 33270.630667079546, 29360.545087612223, 24545.048048604152, 33154.0441282184
161, 33270.630667079546, 24504.9779568846, 33270.630667079546, 30824.5690893623, 24528.044653549965, 33171.614573501196
162, 33343.5879098549, 24663.955916569073, 33343.5879098549, 27757.60947709674, 24587.596072407556, 33190.26287261292
163, 33343.5879098549, 24663.955916569073, 33343.5879098549, 27219.88776625967, 24634.049258240233, 33185.65983941445
164, 33343.5879098549, 24663.955916569073, 33343.5879098549, 27580.03072745621, 24620.125565775666, 33193.77658663253
165, 33343.5879098549, 24663.955916569073, 33343.5879098549, 26860.015167561665, 24631.673690921034, 33191.75744193108
166, 33392.556570689754, 24658.133197443996, 33392.556570689754, 27045.369820193453, 24633.95885108178, 33201.42402724233
167, 33392.556570689754, 24658.133197443996, 33392.556570689754, 27226.993469280522, 24629.645966327513, 33207.217195809506
168, 33392.556570689754, 24658.133197443996, 33392.556570689754, 27593.838765332162, 24622.147593041238, 33221.248827032185
169, 33392.556570689754, 24658.133197443996, 33392.556570689754, 27781.677596765167, 24613.651400305695, 33224.183661890835
170, 33420.462670576424, 24640.658496987307, 33420.462670576424, 27605.64844611198, 24610.324544679836, 33232.99931049183
171, 33444.76549284398, 24652.315378812127, 33444.76549284398, 28350.900525116253, 24631.398352021235, 33255.391311712534
172, 33444.76549284398, 24652.315378812127, 33444.76549284398, 28197.449151602294, 24674.207166592958, 33275.46121639637
173, 33444.76549284398, 24652.315378812127, 33444.76549284398, 28204.63418498055, 24676.160495092452, 33282.7489210655
174, 33444.76549284398, 24652.315378812127, 33444.76549284398, 28214.29650122505, 24671.754123132047, 33290.117737441746
175, 33444.76549284398, 24652.315378812127, 33444.76549284398, 27319.54959397388, 24691.83117715194, 33314.30619655525
176, 33444.76549284398, 24652.315378812127, 33444.76549284398, 27692.249930399077, 24691.205516256796, 33323.50759847193
177, 33444.76549284398, 24652.315378812127, 33444.76549284398, 26420.777923193134, 24690.446146144943, 33333.05097445816
178, 33444.76549284398, 24652.315378812127, 33444.76549284398, 27334.527496003204, 24683.59736194527, 33325.70242508772
179, 33444.76549284398, 24652.315378812127, 33444.76549284398, 27887.28195764034, 24676.289627394886, 33342.08166751337
180, 33444.76549284398, 24652.315378812127, 33444.76549284398, 28078.758855082735, 24684.787863139227, 33346.08238415046
181, 33444.76549284398, 24652.315378812127, 33444.76549284398, 27353.170616087027, 24685.103715105237, 33346.3414400106
182, 33460.77102377013, 24651.48086556965, 33460.77102377013, 27897.917524008695, 24687.807708051245, 33346.31496539906
183, 33460.77102377013, 24651.48086556965, 33460.77102377013, 27726.381841368355, 24687.691286007306, 33359.27040318266
184, 33460.77102377013, 24651.48086556965, 33460.77102377013, 27362.25724153491, 24681.94802550051, 33349.70194081625
185, 33460.77102377013, 24651.48086556965, 33460.77102377013, 27361.068111243832, 24688.049442698728, 33357.031599121736
186, 33460.77102377013, 24651.48086556965, 33460.77102377013, 27360.02868967317, 24679.341325245598, 33354.38187448224
187, 33460.77102377013, 24651.48086556965, 33460.77102377013, 27729.935716051183, 24668.909565271922, 33364.846304997525
188, 33460.77102377013, 24651.48086556965, 33460.77102377013, 27905.819608666672, 24667.067267347793, 33362.61347465128
189, 33460.77102377013, 24651.48086556965, 33460.77102377013, 28641.29554659619, 24656.444428962066, 33365.26605494652
190, 33460.77102377013, 24651.48086556965, 33460.77102377013, 27729.106338891062, 24663.615801109554, 33369.31580428103
191, 33460.77102377013, 24651.48086556965, 33460.77102377013, 28279.315097111223, 24662.445452340056, 33368.970218622424
192, 33460.77102377013, 24651.48086556965, 33460.77102377013, 27007.755517390775, 24706.088932690313, 33365.787191770876
193, 33460.77102377013, 24651.48086556965, 33460.77102377013, 27742.56502770471, 24690.24443140233, 33366.04183556041
194, 33460.77102377013, 24651.48086556965, 33460.77102377013, 27553.78348147327, 24677.660996047136, 33370.837918908306
195, 33460.77102377013, 24651.48086556965, 33460.77102377013, 27553.743892799626, 24686.196466059384, 33370.78145577772
196, 33460.77102377013, 24651.48086556965, 33460.77102377013, 27375.05924348358, 24681.92512635766, 33378.14394104102
197, 33460.77102377013, 24651.48086556965, 33460.77102377013, 27737.13856562139, 24681.5362221556, 33380.16019932799
198, 33460.77102377013, 24651.48086556965, 33460.77102377013, 27738.133404452743, 24682.16276904538, 33360.37864786822
199, 33460.77102377013, 24651.48086556965, 33460.77102377013, 27375.865507455408, 24687.912185740806, 33364.340853425674
200, 33460.77102377013, 24651.48086556965, 33460.77102377013, 27193.28864786239, 24692.17983489681, 33363.23491588688
201, 33460.77102377013, 24651.48086556965, 33460.77102377013, 27918.980264806705, 24688.135532814504, 33366.79933893204
202, 33460.77102377013, 24651.48086556965, 33460.77102377013, 27741.96361058125, 24682.397691414662, 33374.60513811179
203, 33460.77102377013, 24651.48086556965, 33460.77102377013, 27189.705683252923, 24690.03663357741, 33365.01058198039
204, 33460.77102377013, 24651.48086556965, 33460.77102377013, 25921.169926550643, 24698.726641157704, 33378.017732554545
205, 33550.62595174799, 24610.246413916717, 33550.62595174799, 29017.351937881373, 24671.40473285491, 33389.2862562651
206, 33550.62595174799, 24610.246413916717, 33550.62595174799, 29019.749230964182, 24665.460208905555, 33384.001426778275
207, 33550.62595174799, 24610.246413916717, 33550.62595174799, 28109.375841318895, 24676.74123933194, 33387.79687738423
208, 33550.62595174799, 24610.246413916717, 33550.62595174799, 29023.74616795607, 24660.83845246248, 33388.64293072236
209, 33550.62595174799, 24610.246413916717, 33550.62595174799, 27563.59531044762, 24679.585801653953, 33399.83610068837
210, 33550.62595174799, 24610.246413916717, 33550.62595174799, 28843.41713633313, 24669.958661392266, 33399.28593706093
211, 33550.62595174799, 24610.246413916717, 33550.62595174799, 27749.992247719314, 24676.128724780916, 33400.50465894272
212, 33550.62595174799, 24610.246413916717, 33550.62595174799, 27757.180264488357, 24677.08356168608, 33403.342819438236
213, 33550.62595174799, 24610.246413916717, 33550.62595174799, 27579.24326388207, 24676.956141621362, 33397.81032130654
214, 33550.62595174799, 24610.246413916717, 33550.62595174799, 28503.02530800945, 24666.45099611239, 33422.97745816771
215, 33550.62595174799, 24610.246413916717, 33550.62595174799, 28158.833690523687, 24651.01430723197, 33440.125546824456
216, 33550.62595174799, 24610.246413916717, 33550.62595174799, 27262.944408740197, 24653.06957627535, 33465.37412230061
217, 33550.62595174799, 24610.246413916717, 33550.62595174799, 28725.961400087952, 24640.1969306875, 33461.261040791906
218, 33582.07287338849, 24613.270276862597, 33582.07287338849, 27999.238688320977, 24646.456671504697, 33469.49912201243
219, 33582.07287338849, 24613.270276862597, 33582.07287338849, 29267.878079578528, 24636.690011317423, 33449.26476121477
220, 33582.07287338849, 24613.270276862597, 33582.07287338849, 28541.529319314286, 24641.956237789444, 33452.391544959886
221, 33582.07287338849, 24613.270276862597, 33582.07287338849, 27992.542170628072, 24642.752804285406, 33474.37028359104
222, 33582.07287338849, 24613.270276862597, 33582.07287338849, 28003.539796928246, 24650.411205028784, 33478.67968681109
223, 33629.27962368876, 24637.49113040237, 33629.27962368876, 28372.314971251777, 24643.08025564355, 33484.85210236041
224, 33629.27962368876, 24637.49113040237, 33629.27962368876, 27822.45953880845, 24650.482491773713, 33488.685500928965
225, 33652.02569340078, 24627.01420576571, 33652.02569340078, 27649.802679422617, 24659.7844360783, 33484.183390462495
226, 33652.02569340078, 24627.01420576571, 33652.02569340078, 28202.370099083, 24643.110836527903, 33500.03523616561
227, 33652.02569340078, 24627.01420576571, 33652.02569340078, 28028.05827570202, 24657.291671333787, 33500.01219519162
228, 33652.02569340078, 24627.01420576571, 33652.02569340078, 27845.1988617973, 24656.43479966989, 33506.92569955945
229, 33652.02569340078, 24627.01420576571, 33652.02569340078, 27664.37104037337, 24660.32569765828, 33509.496948135486
230, 33668.15165726073, 24653.741167240183, 33668.15165726073, 28768.595964248394, 24650.580379512907, 33526.82593313583
231, 33668.15165726073, 24653.741167240183, 33668.15165726073, 26947.942458724843, 24665.898337470277, 33531.462068501154
232, 33668.15165726073, 24653.741167240183, 33668.15165726073, 27312.437810559208, 24666.494617865083, 33530.51292122229
233, 33668.15165726073, 24653.741167240183, 33668.15165726073, 28253.34981235785, 24671.031876658904, 33558.89535610163
234, 33668.15165726073, 24653.741167240183, 33668.15165726073, 29168.498148397066, 24664.266961166282, 33560.13575316091
235, 33668.15165726073, 24653.741167240183, 33668.15165726073, 28624.554261074372, 24664.353610381248, 33557.647021209086
236, 33668.15165726073, 24653.741167240183, 33668.15165726073, 27715.372011102645, 24668.111459282452, 33565.515129059866
237, 33668.15165726073, 24653.741167240183, 33668.15165726073, 27719.849572852145, 24663.00486399904, 33569.54054903571
238, 33668.15165726073, 24653.741167240183, 33668.15165726073, 27532.78751010219, 24680.672369994183, 33567.1090422105
239, 33668.15165726073, 24653.741167240183, 33668.15165726073, 27358.85971538097, 24676.058963836582, 33570.44538177907
240, 33668.15165726073, 24653.741167240183, 33668.15165726073, 27909.874705167516, 24680.55444698277, 33575.99183330746
241, 33726.92834843226, 24569.32873348187, 33726.92834843226, 29193.351693295368, 24671.137226363127, 33584.97750937515
242, 33726.92834843226, 24569.32873348187, 33726.92834843226, 29563.13477902053, 24663.10837140841, 33592.41563432585
243, 33726.92834843226, 24569.32873348187, 33726.92834843226, 30111.938537343955, 24658.002631206695, 33579.427035401444
244, 33726.92834843226, 24569.32873348187, 33726.92834843226, 29564.76523044943, 24667.43561434561, 33589.1763366518
245, 33726.92834843226, 24569.32873348187, 33726.92834843226, 30113.934393274936, 24657.528342259506, 33584.17362944326
246, 33726.92834843226, 24569.32873348187, 33726.92834843226, 28279.463315692432, 24671.216766578233, 33590.36956700499
247, 33726.92834843226, 24569.32873348187, 33726.92834843226, 29746.527900850666, 24660.323337921025, 33582.83802759955
248, 33726.92834843226, 24569.32873348187, 33726.92834843226, 29747.391685208328, 24668.298533787332, 33595.060191512115
249, 33726.92834843226, 24569.32873348187, 33726.92834843226, 29011.963141919936, 24665.78067601395, 33583.926351596754
250, 33726.92834843226, 24569.32873348187, 33726.92834843226, 29933.837987235485, 24646.657167096673, 33592.40022318836
251, 33726.92834843226, 24569.32873348187, 33726.92834843226, 29018.330391332456, 24643.415543564734, 33597.838797145756
252, 33726.92834843226, 24569.32873348187, 33726.92834843226, 29757.351446601224, 24626.10825753844, 33597.43610338188
253, 33726.92834843226, 24569.32873348187, 33726.92834843226, 28668.55015782167, 24623.370198427274, 33606.23409093991
254, 33749.800068245866, 24658.181623565066, 33749.800068245866, 27953.815513277536, 24616.963309725157, 33630.584991966825
255, 33749.800068245866, 24658.181623565066, 33749.800068245866, 27960.618364707403, 24623.240149409812, 33641.28241050644
256, 33749.800068245866, 24658.181623565066, 33749.800068245866, 27960.564757101776, 24629.267122608748, 33637.73835922851
257, 33812.04392430505, 24631.028462118407, 33812.04392430505, 28149.824086547273, 24621.291295141447, 33647.23002379468
258, 33812.04392430505, 24631.028462118407, 33812.04392430505, 28329.952866251628, 24616.83212317351, 33656.46018339265
259, 33812.04392430505, 24631.028462118407, 33812.04392430505, 28519.202116076078, 24619.66636869811, 33658.64062272175
260, 33812.04392430505, 24631.028462118407, 33812.04392430505, 27047.3883341763, 24625.962387287324, 33648.86044307756
261, 33812.04392430505, 24631.028462118407, 33812.04392430505, 28331.364169322693, 24619.072865617123, 33637.70678846353
262, 33812.04392430505, 24631.028462118407, 33812.04392430505, 27974.5195547375, 24624.120364582428, 33662.375974254806
263, 33812.04392430505, 24631.028462118407, 33812.04392430505, 28532.744382072513, 24617.514859514587, 33672.52666183463
264, 33812.04392430505, 24631.028462118407, 33812.04392430505, 27614.53163148278, 24621.85941506043, 33667.9853632587
265, 33812.04392430505, 24631.028462118407, 33812.04392430505, 28004.726631153386, 24611.191614127394, 33700.46427140758
266, 33812.04392430505, 24631.028462118407, 33812.04392430505, 28376.58356081103, 24616.311569207835, 33702.88281451408
267, 33812.04392430505, 24631.028462118407, 33812.04392430505, 28214.254659070735, 24674.347193854253, 33711.739520478885
268, 33812.04392430505, 24631.028462118407, 33812.04392430505, 28395.11016474745, 24661.04476850417, 33717.03718605487
269, 33812.04392430505, 24631.028462118407, 33812.04392430505, 28948.616816206562, 24653.28850594343, 33715.9165857936
270, 33812.04392430505, 24631.028462118407, 33812.04392430505, 27664.195291583084, 24674.330177211603, 33719.68985579016
271, 33812.04392430505, 24631.028462118407, 33812.04392430505, 28206.422505077855, 24665.96517960229, 33712.173308584446
272, 33840.400529743805, 24604.953297138727, 33840.400529743805, 27659.231335535947, 24670.109958975325, 33711.445051760325
273, 33840.400529743805, 24604.953297138727, 33840.400529743805, 29133.04686502634, 24655.597461900532, 33726.54382408143
274, 33840.400529743805, 24604.953297138727, 33840.400529743805, 28033.732780083155, 24665.085036191245, 33731.46541847077
275, 33840.400529743805, 24604.953297138727, 33840.400529743805, 28213.30340565649, 24658.55983019171, 33718.17112974094
276, 33842.5571495463, 24637.24244172969, 33842.5571495463, 28581.914347785565, 24656.143838124328, 33737.42177408661
277, 33842.5571495463, 24637.24244172969, 33842.5571495463, 27487.161316485784, 24672.862555675852, 33730.239023945396
278, 33842.5571495463, 24637.24244172969, 33842.5571495463, 27485.770270963014, 24681.520539174573, 33732.25836742382
279, 33842.5571495463, 24637.24244172969, 33842.5571495463, 28584.095891988974, 24662.350665126523, 33719.4359580326
280, 33842.5571495463, 24637.24244172969, 33842.5571495463, 27116.733385070893, 24668.989799698687, 33732.160511038775
281, 33842.5571495463, 24637.24244172969, 33842.5571495463, 28223.766001512005, 24666.676980668013, 33741.69545414915
282, 33842.5571495463, 24637.24244172969, 33842.5571495463, 27129.29742056749, 24670.114932819954, 33733.779610562655
283, 33842.5571495463, 24637.24244172969, 33842.5571495463, 28055.80497820483, 24656.967687684562, 33749.9023923738
284, 33842.5571495463, 24637.24244172969, 33842.5571495463, 28236.036371360435, 24670.426153923916, 33742.14095912588
285, 33874.21086669425, 24633.357157960403, 33874.21086669425, 27320.626665603228, 24669.20836260157, 33756.91152338348
286, 33874.21086669425, 24633.357157960403, 33874.21086669425, 26952.339091448826, 24681.969064377903, 33756.65249053872
287, 33874.21086669425, 24633.357157960403, 33874.21086669425, 27686.571392326343, 24678.21948801265, 33756.48094942317
288, 33874.21086669425, 24633.357157960403, 33874.21086669425, 28429.764085690465, 24671.485446140647, 33771.630792008305
289, 33874.21086669425, 24633.357157960403, 33874.21086669425, 27686.530685624657, 24678.11352258795, 33751.76242010032
290, 33874.21086669425, 24633.357157960403, 33874.21086669425, 28238.403054439415, 24675.02246772645, 33754.74709146202
291, 33918.36580229939, 24520.01056269358, 33918.36580229939, 30089.895273791386, 24641.461649361874, 33774.312614469636
292, 33918.36580229939, 24520.01056269358, 33918.36580229939, 29350.036184884757, 24650.479501971186, 33758.5460307707
293, 33918.36580229939, 24520.01056269358, 33918.36580229939, 29898.230980902743, 24657.824164543013, 33766.33808855867
294, 33918.36580229939, 24520.01056269358, 33918.36580229939, 30095.665324034595, 24650.660260568093, 33771.35397659379
295, 33918.36580229939, 24520.01056269358, 33918.36580229939, 30835.352142748874, 24634.306598988856, 33781.39067978986
296, 33954.613381663024, 24647.76420883891, 33954.613381663024, 28081.98303610308, 24671.21709031712, 33786.78178850057
297, 33954.613381663024, 24647.76420883891, 33954.613381663024, 28644.23108123817, 24662.957561429273, 33805.57080043581
298, 33954.613381663024, 24647.76420883891, 33954.613381663024, 28639.981957704385, 24653.383513718305, 33796.13632782154
299, 33954.613381663024, 24647.76420883891, 33954.613381663024, 27169.349778736967, 24651.455147603247, 33802.431265991865
300, 33954.613381663024, 24647.76420883891, 33954.613381663024, 27544.141622154606, 24646.10141861621, 33804.15136608094
301, 34128.00991784713, 24643.18681935519, 34128.00991784713, 27188.13743638588, 24632.40263943217, 33850.59686350532
302, 34128.00991784713, 24643.18681935519, 34128.00991784713, 28318.04326687548, 24585.209551180524, 33867.67803405502
303, 34128.00991784713, 24643.18681935519, 34128.00991784713, 28317.837371723854, 24590.026778421063, 33863.49474354519
304, 34128.00991784713, 24643.18681935519, 34128.00991784713, 28138.43372679618, 24592.557501333245, 33877.69349151268
305, 34128.00991784713, 24643.18681935519, 34128.00991784713, 28688.88037066674, 24598.380830613485, 33874.68182411746
306, 34128.00991784713, 24643.18681935519, 34128.00991784713, 27958.98563762552, 24620.845899360294, 33878.42852029526
307, 34128.00991784713, 24643.18681935519, 34128.00991784713, 28157.037615139256, 24628.199231969254, 33892.38936034358
308, 34128.00991784713, 24643.18681935519, 34128.00991784713, 27425.533845826616, 24654.23106499372, 33897.745427018104
309, 34128.00991784713, 24643.18681935519, 34128.00991784713, 27998.69862453646, 24641.585321916253, 33922.71748705797
310, 34128.00991784713, 24643.18681935519, 34128.00991784713, 28202.278069591594, 24624.164569984136, 33945.26154758234
311, 34128.00991784713, 24643.18681935519, 34128.00991784713, 27484.547903416165, 24650.668164426716, 33969.527274928936
312, 34128.00991784713, 24643.18681935519, 34128.00991784713, 28077.226405422818, 24668.585027389126, 34007.82531642703
313, 34128.00991784713, 24643.18681935519, 34128.00991784713, 27178.630258570993, 24683.549591160114, 34026.32355134552
314, 34128.00991784713, 24643.18681935519, 34128.00991784713, 28282.673552128403, 24678.493296560155, 34015.58646519171
315, 34128.00991784713, 24643.18681935519, 34128.00991784713, 29025.829649315463, 24671.12324488903, 34016.51349737564
316, 34128.00991784713, 24643.18681935519, 34128.00991784713, 28657.561457812488, 24670.003631195836, 34026.32909736543
317, 34128.00991784713, 24643.18681935519, 34128.00991784713, 29210.854472597894, 24672.571383758448, 34026.16042379393
318, 34128.00991784713, 24643.18681935519, 34128.00991784713, 27366.416233011092, 24680.578459097025, 34030.45771394991
319, 34128.00991784713, 24643.18681935519, 34128.00991784713, 28104.382860490772, 24675.782032144558, 34026.821000084274
320, 34128.00991784713, 24643.18681935519, 34128.00991784713, 28286.132828806894, 24683.119042208535, 34027.74453968935
321, 34128.00991784713, 24643.18681935519, 34128.00991784713, 28292.61299792544, 24685.18036530701, 34033.67160661533
322, 34128.00991784713, 24643.18681935519, 34128.00991784713, 28470.343197839185, 24680.648071137537, 34014.55668700419
323, 34128.00991784713, 24643.18681935519, 34128.00991784713, 29208.85832456123, 24668.44755544644, 34019.98013719609
324, 34128.00991784713, 24643.18681935519, 34128.00991784713, 28288.447021346485, 24677.66079008747, 34023.86362627107
325, 34128.00991784713, 24643.18681935519, 34128.00991784713, 27548.589353761814, 24692.950114947722, 34031.356687273925
326, 34128.00991784713, 24643.18681935519, 34128.00991784713, 27365.63442131536, 24679.641265816506, 34032.4511283918
327, 34128.00991784713, 24643.18681935519, 34128.00991784713, 28291.309313862446, 24677.920326615178, 34032.80666783067
328, 34128.00991784713, 24643.18681935519, 34128.00991784713, 27546.216500479768, 24694.86885185265, 34030.095195296984
329, 34128.00991784713, 24643.18681935519, 34128.00991784713, 27921.451345164754, 24682.37371237529, 34028.170249665905
330, 34128.00991784713, 24643.18681935519, 34128.00991784713, 28285.241367071914, 24680.949791257735, 34029.69590285854
331, 34128.00991784713, 24643.18681935519, 34128.00991784713, 26990.098326755447, 24683.577351242682, 34023.55231272483
332, 34190.85919781395, 24581.85120360862, 34190.85919781395, 28849.17065696999, 24669.12114449106, 34052.139671323916
333, 34190.85919781395, 24581.85120360862, 34190.85919781395, 29767.265514407885, 24656.29711951381, 34036.55570923637
334, 34190.85919781395, 24581.85120360862, 34190.85919781395, 30334.156562481112, 24661.000534983224, 34038.05679725159
335, 34190.85919781395, 24581.85120360862, 34190.85919781395, 28296.039615062804, 24665.262762559367, 34039.26024073029
336, 34190.85919781395, 24581.85120360862, 34190.85919781395, 28291.00307061031, 24676.21083987507, 34044.734550534675
337, 34227.37288034132, 24682.65945566427, 34227.37288034132, 27001.527439558417, 24688.163548907956, 34058.035506492335
338, 34227.37288034132, 24682.65945566427, 34227.37288034132, 27375.93501840556, 24684.821817693366, 34062.452861925936
339, 34227.37288034132, 24682.65945566427, 34227.37288034132, 28496.915104100834, 24670.48016401983, 34062.023537542336
340, 34227.37288034132, 24682.65945566427, 34227.37288034132, 26649.934660792216, 24670.849796010083, 34071.27401949315
341, 34227.37288034132, 24682.65945566427, 34227.37288034132, 27401.57279320035, 24657.379743296213, 34090.09388715098
342, 34227.37288034132, 24682.65945566427, 34227.37288034132, 27603.7808830935, 24650.606479129427, 34099.28591377282
343, 34265.63918318239, 24531.91921733871, 34265.63918318239, 29837.24100918412, 24634.385498120588, 34109.80439651708
344, 34265.63918318239, 24531.91921733871, 34265.63918318239, 29292.03486924314, 24652.615435381922, 34126.1881961228
345, 34265.63918318239, 24531.91921733871, 34265.63918318239, 29670.4073202916, 24671.478560468473, 34132.752205267534
346, 34265.63918318239, 24531.91921733871, 34265.63918318239, 29488.584146140693, 24688.662812963623, 34130.55241274229
347, 34265.63918318239, 24531.91921733871, 34265.63918318239, 30229.699207220532, 24683.29265395041, 34134.308091909894
348, 34265.63918318239, 24531.91921733871, 34265.63918318239, 30981.63842333588, 24676.728173109717, 34140.94464794489
349, 34265.63918318239, 24531.91921733871, 34265.63918318239, 28932.33472103016, 24690.450222131898, 34136.66487494598
350, 34265.63918318239, 24531.91921733871, 34265.63918318239, 29120.66644277499, 24674.803042101237, 34140.68824819981
351, 34265.63918318239, 24531.91921733871, 34265.63918318239, 30420.362342030374, 24656.03397941579, 34137.57036357087
352, 34265.63918318239, 24531.91921733871, 34265.63918318239, 28760.445981653607, 24642.65165148212, 34153.37761754193
353, 34291.1052580607, 24659.240294840332, 34291.1052580607, 29880.60364012781, 24613.587423400837, 34163.216863527574
354, 34291.1052580607, 24659.240294840332, 34291.1052580607, 27477.09627884922, 24605.7871413558, 34169.03071774465
355, 34291.1052580607, 24659.240294840332, 34291.1052580607, 28588.707875049386, 24596.99066615725, 34166.9768959896
356, 34291.1052580607, 24659.240294840332, 34291.1052580607, 27663.72607043669, 24606.557690459293, 34179.52163792061
357, 34291.1052580607, 24659.240294840332, 34291.1052580607, 28225.07362077559, 24599.953129923, 34181.696279073774
358, 34291.1052580607, 24659.240294840332, 34291.1052580607, 27851.54189798957, 24615.98306282744, 34165.87658748266
359, 34291.1052580607, 24659.240294840332, 34291.1052580607, 28035.73971993285, 24620.955710697923, 34169.78725431055
360, 34291.1052580607, 24659.240294840332, 34291.1052580607, 28413.515894930923, 24623.560014813953, 34173.581872644805
361, 34291.1052580607, 24659.240294840332, 34291.1052580607, 27854.479120008134, 24653.62400508142, 34171.91203428035
362, 34291.1052580607, 24659.240294840332, 34291.1052580607, 27863.596743365943, 24676.275794448986, 34184.60097028759
363, 34291.1052580607, 24659.240294840332, 34291.1052580607, 28055.60834440442, 24695.3220970797, 34204.14856531307
364, 34291.1052580607, 24659.240294840332, 34291.1052580607, 28240.1559711733, 24704.208227808642, 34191.71447588465
365, 34291.1052580607, 24659.240294840332, 34291.1052580607, 28237.163291310284, 24699.51734649335, 34193.52717635422
366, 34291.1052580607, 24659.240294840332, 34291.1052580607, 28049.219186544844, 24688.409133339035, 34191.52062423928
367, 34291.1052580607, 24659.240294840332, 34291.1052580607, 27865.61449349099, 24701.32334940917, 34186.20277945806
368, 34291.1052580607, 24659.240294840332, 34291.1052580607, 28607.05399615168, 24683.13739029254, 34184.0579177276
369, 34291.1052580607, 24659.240294840332, 34291.1052580607, 27679.37921017655, 24690.612885603947, 34186.82997632484
370, 34291.1052580607, 24659.240294840332, 34291.1052580607, 28239.1665915657, 24700.071920637718, 34197.76879567305
371, 34291.1052580607, 24659.240294840332, 34291.1052580607, 28051.099535635098, 24703.25365365686, 34195.533398139385
372, 34334.50564024585, 24654.110200766325, 34334.50564024585, 28608.052558244082, 24690.913117641103, 34194.80340941863
373, 34334.50564024585, 24654.110200766325, 34334.50564024585, 29165.304985643197, 24686.081221916953, 34195.334174979194
374, 34334.50564024585, 24654.110200766325, 34334.50564024585, 28424.642786225402, 24689.633344946735, 34191.64845842471
375, 34334.50564024585, 24654.110200766325, 34334.50564024585, 27308.626312637844, 24699.069179558002, 34199.726668217416
376, 34334.50564024585, 24654.110200766325, 34334.50564024585, 29357.44902991846, 24690.725327969456, 34201.63092155973
377, 34334.50564024585, 24654.110200766325, 34334.50564024585, 28796.106850093645, 24688.705108208596, 34196.186187649764
378, 34334.542216614784, 24663.58380679852, 34334.542216614784, 28056.670422527874, 24694.816707785543, 34204.16012500432
379, 34334.542216614784, 24663.58380679852, 34334.542216614784, 27873.00599758517, 24695.058173751757, 34196.229362287886
380, 34334.542216614784, 24663.58380679852, 34334.542216614784, 27688.060606842937, 24704.800149985953, 34203.48703515554
381, 34334.542216614784, 24663.58380679852, 34334.542216614784, 28068.32373780381, 24694.870413391232, 34210.5651677832
382, 34334.542216614784, 24663.58380679852, 34334.542216614784, 28076.441719019764, 24700.495197835306, 34222.73201941779
383, 34334.542216614784, 24663.58380679852, 34334.542216614784, 27531.557993014347, 24698.99066133363, 34242.70019103961
384, 34334.542216614784, 24663.58380679852, 34334.542216614784, 28650.149310568628, 24687.924596252742, 34240.43585929682
385, 34334.542216614784, 24663.58380679852, 34334.542216614784, 27903.612658038463, 24690.571632089774, 34235.105203502404
386, 34334.542216614784, 24663.58380679852, 34334.542216614784, 28645.597971803887, 24692.29112603703, 34226.186533056345
387, 34373.35266079235, 24684.99507938231, 34373.35266079235, 27344.384856909768, 24707.028155418462, 34242.74562775791
388, 34373.35266079235, 24684.99507938231, 34373.35266079235, 28093.189321467486, 24699.82588290242, 34241.26000356761
389, 34373.35266079235, 24684.99507938231, 34373.35266079235, 27532.014960725435, 24707.23960725783, 34237.79697340126
390, 34373.35266079235, 24684.99507938231, 34373.35266079235, 28087.3100692094, 24699.645596542192, 34236.84269146125
391, 34373.35266079235, 24684.99507938231, 34373.35266079235, 28454.563157443023, 24699.127207863545, 34234.19362088043
392, 34373.35266079235, 24684.99507938231, 34373.35266079235, 28091.482140364904, 24700.85909588528, 34242.80451295143
393, 34373.35266079235, 24684.99507938231, 34373.35266079235, 28464.1578438422, 24703.102140500647, 34238.753512595285
394, 34373.35266079235, 24684.99507938231, 34373.35266079235, 27528.236516785106, 24707.689038400404, 34239.749859397416
395, 34373.35266079235, 24684.99507938231, 34373.35266079235, 27722.459351411646, 24705.78918007883, 34251.23411253562
396, 34373.35266079235, 24684.99507938231, 34373.35266079235, 27161.967644067874, 24706.86231877036, 34240.689965333484
397, 34373.35266079235, 24684.99507938231, 34373.35266079235, 27723.923187314682, 24705.156380413202, 34240.7455924141
398, 34373.35266079235, 24684.99507938231, 34373.35266079235, 27912.8148265879, 24700.404414911325, 34260.568957924814
399, 34373.35266079235, 24684.99507938231, 34373.35266079235, 27355.30661993096, 24723.82202128449, 34253.64037373538
400, 34373.35266079235, 24684.99507938231, 34373.35266079235, 27551.244778489872, 24718.93230385342, 34252.43845171945
401, 34373.35266079235, 24684.99507938231, 34373.35266079235, 27744.01484896544, 24717.809416270626, 34274.457612956256
402, 34373.35266079235, 24684.99507938231, 34373.35266079235, 27932.903415861554, 24726.229539982272, 34278.52311072389
403, 34373.35266079235, 24684.99507938231, 34373.35266079235, 28491.70007178493, 24713.715144580423, 34270.74613037661
404, 34373.35266079235, 24684.99507938231, 34373.35266079235, 27374.637457480174, 24728.328608927804, 34273.39016634056
405, 34373.35266079235, 24684.99507938231, 34373.35266079235, 27746.588906729896, 24715.406592377654, 34273.77812590068
406, 34373.35266079235, 24684.99507938231, 34373.35266079235, 28302.176932943956, 24711.992021728976, 34280.718757316405
407, 34373.35266079235, 24684.99507938231, 34373.35266079235, 28119.279165312677, 24718.511564075052, 34281.26173994657
408, 34373.35266079235, 24684.99507938231, 34373.35266079235, 27749.103877812235, 24723.717530745078, 34273.05371774637
409, 34373.35266079235, 24684.99507938231, 34373.35266079235, 27001.60242620566, 24729.835091096047, 34273.77043202324
410, 34373.35266079235, 24684.99507938231, 34373.35266079235, 28865.44324998079, 24713.943340072456, 34258.707567592064
411, 34373.35266079235, 24684.99507938231, 34373.35266079235, 27560.929585196496, 24724.42161910567, 34274.6863862404
412, 34373.35266079235, 24684.99507938231, 34373.35266079235, 28494.778057551215, 24714.577708972138, 34279.52206285801
413, 34373.35266079235, 24684.99507938231, 34373.35266079235, 27562.18843586861, 24723.461453774085, 34271.81586378515
414, 34373.35266079235, 24684.99507938231, 34373.35266079235, 27559.705767354615, 24710.622092648726, 34281.02392439626
415, 34373.35266079235, 24684.99507938231, 34373.35266079235, 28683.672631685095, 24718.84611362633, 34267.31027007017
416, 34373.35266079235, 24684.99507938231, 34373.35266079235, 27745.472802949174, 24723.0500942305, 34272.18752726671
417, 34373.35266079235, 24684.99507938231, 34373.35266079235, 27748.026221143784, 24718.296804632308, 34265.338002484874
418, 34373.35266079235, 24684.99507938231, 34373.35266079235, 27181.727162570467, 24727.15475912196, 34270.62056468063
419, 34373.35266079235, 24684.99507938231, 34373.35266079235, 27744.913495952234, 24715.321322634623, 34264.63043741024
420, 34373.35266079235, 24684.99507938231, 34373.35266079235, 28124.004763183715, 24713.40774097102, 34273.47277210375
421, 34373.35266079235, 24684.99507938231, 34373.35266079235, 27933.006215687918, 24718.53946315234, 34279.5114305509
422, 34373.35266079235, 24684.99507938231, 34373.35266079235, 27555.642960115347, 24724.855175288685, 34278.85540181416
423, 34373.35266079235, 24684.99507938231, 34373.35266079235, 28123.02113232767, 24716.38729774981, 34278.76160623989
424, 34373.35266079235, 24684.99507938231, 34373.35266079235, 27184.148343726225, 24725.460191659502, 34279.56593987841
425, 34373.35266079235, 24684.99507938231, 34373.35266079235, 27372.748061304068, 24730.834812676498, 34270.337941701255
426, 34373.35266079235, 24684.99507938231, 34373.35266079235, 27563.007648411538, 24731.42778525415, 34274.16799027688
427, 34373.35266079235, 24684.99507938231, 34373.35266079235, 27559.036990228524, 24722.037496533612, 34270.800034720596
428, 34373.35266079235, 24684.99507938231, 34373.35266079235, 27374.47933415598, 24721.13549893868, 34271.363665747835
429, 34401.63335194501, 24675.707864641685, 34401.63335194501, 27371.041246362674, 24726.947256328913, 34270.440476609816
430, 34401.63335194501, 24675.707864641685, 34401.63335194501, 28675.762836781058, 24707.33223432199, 34272.74800414225
431, 34401.63335194501, 24675.707864641685, 34401.63335194501, 27374.54192750726, 24730.077613520974, 34280.30346132406
432, 34401.63335194501, 24675.707864641685, 34401.63335194501, 28870.210643060578, 24715.422773167717, 34285.92888848166
433, 34401.63335194501, 24675.707864641685, 34401.63335194501, 27750.869424097116, 24721.19515189462, 34300.635028303164
434, 34401.63335194501, 24675.707864641685, 34401.63335194501, 27746.095226206085, 24715.958437163164, 34271.71230951784
435, 34401.63335194501, 24675.707864641685, 34401.63335194501, 28313.97922889939, 24716.210053608324, 34286.02196489834
436, 34401.63335194501, 24675.707864641685, 34401.63335194501, 28120.77988841511, 24713.227410214182, 34274.15364802329
437, 34401.63335194501, 24675.707864641685, 34401.63335194501, 27941.30148517854, 24719.756550980583, 34283.569627704805
438, 34401.63335194501, 24675.707864641685, 34401.63335194501, 27387.04969136986, 24723.276970131737, 34296.10205640223
439, 34408.1419393512, 24521.07268004213, 34408.1419393512, 30184.483349472397, 24676.87444124971, 34276.94764293216
440, 34408.1419393512, 24521.07268004213, 34408.1419393512, 30385.723950179443, 24674.26987080733, 34310.92974135488
441, 34490.50313051945, 24261.647844252268, 34490.50313051945, 31694.375894794157, 24671.439259623192, 34303.27546069173
442, 34490.50313051945, 24261.647844252268, 34490.50313051945, 33950.56838667548, 24612.21576139052, 34325.14118735193
443, 34490.50313051945, 24261.647844252268, 34490.50313051945, 34337.649367670005, 24602.618054288654, 34337.649367670005
444, 34490.50313051945, 24261.647844252268, 34490.50313051945, 33759.18149448209, 24598.69462105429, 34320.324769479506
445, 34490.50313051945, 24261.647844252268, 34490.50313051945, 33576.9885397253, 24575.44057773275, 34327.99341658143
446, 34490.50313051945, 24261.647844252268, 34490.50313051945, 33763.46655919931, 24542.737453212747, 34326.632754627506
447, 34490.50313051945, 24261.647844252268, 34490.50313051945, 33779.209505849474, 24502.13904319799, 34337.91400352482
448, 34490.50313051945, 24261.647844252268, 34490.50313051945, 33604.114645201764, 24455.854474264554, 34351.4219335862
449, 34490.50313051945, 24261.647844252268, 34490.50313051945, 33814.43855448697, 24422.85113635302, 34373.32131954611
450, 34555.05899980242, 24581.908497023094, 34555.05899980242, 34205.49828429875, 24392.105372053447, 34391.59192251622
451, 34555.05899980242, 24581.908497023094, 34555.05899980242, 28779.71351645187, 24421.739511506275, 34398.43371349991
452, 34555.05899980242, 24581.908497023094, 34555.05899980242, 29727.185771255638, 24381.257081305226, 34410.7805898973
453, 34555.05899980242, 24581.908497023094, 34555.05899980242, 29909.75592075705, 24381.761821356715, 34410.836034024986
454, 34555.05899980242, 24581.908497023094, 34555.05899980242, 29524.773068573955, 24388.90455550443, 34395.40354203838
455, 34555.05899980242, 24581.908497023094, 34555.05899980242, 28221.638084180096, 24406.776179271583, 34401.11721567675
456, 34555.05899980242, 24581.908497023094, 34555.05899980242, 30107.429890852247, 24409.69552475193, 34417.58633558189
457, 34555.05899980242, 24581.908497023094, 34555.05899980242, 31046.30658181484, 24418.369495863382, 34421.48524053794
458, 34555.05899980242, 24581.908497023094, 34555.05899980242, 30115.912558452404, 24462.657425159086, 34427.71833470351
459, 34555.05899980242, 24581.908497023094, 34555.05899980242, 28996.086906667155, 24521.87153055709, 34432.882179971486
460, 34555.05899980242, 24581.908497023094, 34555.05899980242, 29949.525489273194, 24605.976998353224, 34450.02066130718
461, 34555.05899980242, 24581.908497023094, 34555.05899980242, 29397.27375231667, 24621.66388060499, 34461.10210068084
462, 34555.05899980242, 24581.908497023094, 34555.05899980242, 29583.785738881983, 24616.8893708505, 34462.35004299345
463, 34555.05899980242, 24581.908497023094, 34555.05899980242, 30705.771372833406, 24616.837829010587, 34448.6471726312
464, 34555.05899980242, 24581.908497023094, 34555.05899980242, 30140.97598261643, 24619.406212057365, 34456.980117102605
465, 34555.05899980242, 24581.908497023094, 34555.05899980242, 29018.813964646775, 24626.041252404317, 34454.67940083976
466, 34555.05899980242, 24581.908497023094, 34555.05899980242, 29953.345480185384, 24615.61770465107, 34449.1564575649
467, 34555.05899980242, 24581.908497023094, 34555.05899980242, 28830.21229907392, 24620.65329141313, 34451.100291576004
468, 34555.05899980242, 24581.908497023094, 34555.05899980242, 29768.45562727887, 24614.561101678257, 34453.16064642108
469, 34555.05899980242, 24581.908497023094, 34555.05899980242, 28834.377358939993, 24623.643009499847, 34456.308312254536
470, 34575.08740558635, 24650.009921209592, 34575.08740558635, 29584.70192932424, 24617.50953240076, 34458.40397973563
471, 34575.08740558635, 24650.009921209592, 34575.08740558635, 29394.063490060707, 24627.27654821199, 34469.08177147737
472, 34575.08740558635, 24650.009921209592, 34575.08740558635, 28270.759830850493, 24640.77167416925, 34448.382795595295
473, 34575.08740558635, 24650.009921209592, 34575.08740558635, 28456.849305919295, 24639.776226757596, 34451.44965564457
474, 34575.08740558635, 24650.009921209592, 34575.08740558635, 27332.074050947147, 24652.242481101854, 34457.723337017356
475, 34575.08740558635, 24650.009921209592, 34575.08740558635, 27709.106887811824, 24643.350550309293, 34457.182597445506
476, 34575.08740558635, 24650.009921209592, 34575.08740558635, 28085.291917071805, 24649.62706402668, 34464.417109417736
477, 34575.08740558635, 24650.009921209592, 34575.08740558635, 28454.88186331737, 24649.07818473645, 34465.73382442788
478, 34575.08740558635, 24650.009921209592, 34575.08740558635, 27898.618042112394, 24647.912395822324, 34463.144340247
479, 34575.08740558635, 24650.009921209592, 34575.08740558635, 27712.177424231882, 24665.48348076516, 34463.37110272684
480, 34575.08740558635, 24650.009921209592, 34575.08740558635, 28461.00808647215, 24670.665091389314, 34458.74345720923
481, 34575.08740558635, 24650.009921209592, 34575.08740558635, 28099.58887328621, 24691.22009473385, 34475.864758954755
482, 34575.08740558635, 24650.009921209592, 34575.08740558635, 27906.545935062884, 24691.62882361961, 34458.65365521271
483, 34575.08740558635, 24650.009921209592, 34575.08740558635, 28287.1421107034, 24686.887123125973, 34474.339616270656
484, 34575.08740558635, 24650.009921209592, 34575.08740558635, 28284.598134601765, 24691.3022290919, 34471.458876035496
485, 34575.08740558635, 24650.009921209592, 34575.08740558635, 28657.14109929302, 24675.45730918063, 34466.233455002905
486, 34687.572706331746, 24595.966436649393, 34687.572706331746, 28289.75413480917, 24687.79013162939, 34483.93227378529
487, 34687.572706331746, 24595.966436649393, 34687.572706331746, 27913.985592511453, 24684.133031963873, 34484.274551199895
488, 34687.572706331746, 24595.966436649393, 34687.572706331746, 28857.093978184304, 24669.07675829763, 34494.41904261342
489, 34687.572706331746, 24595.966436649393, 34687.572706331746, 28854.983114356983, 24681.241651378397, 34503.45104252369
490, 34687.572706331746, 24595.966436649393, 34687.572706331746, 29046.002891753884, 24678.21881126439, 34506.90634093986
491, 34687.572706331746, 24595.966436649393, 34687.572706331746, 28676.357320992895, 24671.570875360318, 34504.295023406936
492, 34687.572706331746, 24595.966436649393, 34687.572706331746, 29058.7438865708, 24665.84675056467, 34515.9707722516
493, 34687.572706331746, 24595.966436649393, 34687.572706331746, 28694.036798778176, 24656.483567909076, 34535.771416436495
494, 34687.572706331746, 24595.966436649393, 34687.572706331746, 28334.664117744516, 24650.764788371573, 34538.097620440814
495, 34687.572706331746, 24595.966436649393, 34687.572706331746, 29119.80077211881, 24626.473777557636, 34571.60564001469
496, 34687.572706331746, 24595.966436649393, 34687.572706331746, 30247.387313888765, 24617.06370247188, 34567.73294743899
497, 34687.572706331746, 24595.966436649393, 34687.572706331746, 28186.25037380011, 24647.846232807675, 34575.13655788445
498, 34687.572706331746, 24595.966436649393, 34687.572706331746, 28188.810721946553, 24639.614210106192, 34581.103278168695
499, 34687.572706331746, 24595.966436649393, 34687.572706331746, 29318.162009274623, 24634.719825652606, 34590.492509908836
500, 34687.572706331746, 24595.966436649393, 34687.572706331746, 30260.743971468815, 24628.437349103715, 34588.10160287826
