1, 26573.387248928368, 24653.295639279873, 26573.387248928368, 25015.31372943514, 24656.258720664893, 25015.31372943514
2, 26734.73137300436, 24651.184858502544, 26734.73137300436, 25525.790588328397, 24645.115357880975, 25525.790588328397
3, 26734.73137300436, 24651.184858502544, 26734.73137300436, 25710.46779166668, 24638.736816194352, 25710.46779166668
4, 26734.73137300436, 24651.184858502544, 26734.73137300436, 25857.17286000833, 24628.11805725084, 25857.17286000833
5, 26765.657212593298, 24634.76603309042, 26765.657212593298, 26068.685107767975, 24624.27404624362, 26068.685107767975
6, 26840.707598491714, 24618.087479731097, 26840.707598491714, 26139.283787355685, 24637.183744805436, 26139.283787355685
7, 26875.169060586926, 24602.74183566663, 26875.169060586926, 26198.69754601419, 24621.317365487503, 26198.69754601419
8, 27010.808157466305, 24399.959946037, 27010.808157466305, 26265.508960113926, 24602.145490488067, 26265.508960113926
9, 27010.808157466305, 24399.959946037, 27010.808157466305, 26263.981852371828, 24595.710306776302, 26263.981852371828
10, 27292.006960030638, 24430.694822323996, 27292.006960030638, 26353.143000064796, 24564.17778239862, 26353.143000064796
11, 27356.183615394326, 24491.84917395628, 27356.183615394326, 26381.608873023197, 24536.444861809767, 26381.608873023197
12, 27356.183615394326, 24491.84917395628, 27356.183615394326, 26473.601516723083, 24506.782320129638, 26473.601516723083
13, 27509.693443483106, 24543.772443718583, 27509.693443483106, 26500.74543234919, 24524.248652903818, 26500.74543234919
14, 27567.273866347616, 24510.78232486378, 27567.273866347616, 26567.600963614776, 24522.133222693876, 26567.600963614776
15, 27697.473230719006, 24298.44239665317, 27697.473230719006, 26714.44479135181, 24537.175248932654, 26714.44479135181
16, 27758.949738673313, 24634.900884072238, 27758.949738673313, 26719.117762257265, 24526.60101056681, 26719.117762257265
17, 27773.05717271706, 24607.840515418316, 27773.05717271706, 26780.160712924797, 24524.47218694969, 26780.160712924797
18, 27783.53033159155, 24488.845334126654, 27783.53033159155, 26814.133083518762, 24520.1639785837, 26814.133083518762
19, 27936.527740387053, 24422.292027197407, 27936.527740387053, 26868.461574494042, 24515.485196447233, 26868.461574494042
20, 27936.527740387053, 24422.292027197407, 27936.527740387053, 26956.58728625231, 24484.556489690578, 26956.58728625231
21, 28049.984898165163, 24654.37064665075, 28049.984898165163, 26996.556104089464, 24478.33157256013, 26996.556104089464
22, 28154.42787024115, 24261.83021132841, 28154.42787024115, 27045.99584294087, 24471.667627240626, 27045.99584294087
23, 28262.43653187367, 24375.553677445794, 28262.43653187367, 27065.724717794456, 24459.292400539856, 27065.724717794456
24, 28332.398913952424, 24545.830841953466, 28332.398913952424, 27101.431933667063, 24493.827231435393, 27101.431933667063
25, 28332.398913952424, 24545.830841953466, 28332.398913952424, 27187.78181143404, 24515.457339350014, 27187.78181143404
26, 28401.390042967523, 24241.80090208588, 28401.390042967523, 27229.390684452712, 24522.90415883009, 27229.390684452712
27, 28451.789186530677, 24113.034303658816, 28451.789186530677, 27277.32893099165, 24484.25598177799, 27277.32893099165
28, 28451.789186530677, 24113.034303658816, 28451.789186530677, 27372.36881328412, 24482.203279253725, 27372.36881328412
29, 28485.780677877683, 24331.109363412023, 28485.780677877683, 27365.50149404399, 24505.7193890899, 27365.50149404399
30, 28485.780677877683, 24331.109363412023, 28485.780677877683, 27408.658328225425, 24505.144683729442, 27408.658328225425
31, 28596.240507425395, 24561.236105033677, 28596.240507425395, 27379.42405670689, 24484.150084344717, 27379.42405670689
32, 28617.837994391826, 24429.861633450408, 28617.837994391826, 27475.114052386634, 24455.753650149352, 27475.114052386634
33, 28663.78845994373, 24344.91721595292, 28663.78845994373, 27430.67487879291, 24500.765583873577, 27430.67487879291
34, 28778.85952241885, 24581.307190883657, 28778.85952241885, 27518.456983540542, 24511.26881377811, 27518.456983540542
35, 28917.71273358184, 24176.32270444481, 28917.71273358184, 27554.138459560214, 24509.29223003538, 27554.138459560214
36, 28917.71273358184, 24176.32270444481, 28917.71273358184, 27594.71296073912, 24538.162651073857, 27594.71296073912
37, 29043.443216324864, 24573.013509229975, 29043.443216324864, 27662.679041071213, 24523.23345089574, 27662.679041071213
38, 29043.443216324864, 24573.013509229975, 29043.443216324864, 27631.134445834334, 24510.706151056907, 27631.134445834334
39, 29043.443216324864, 24573.013509229975, 29043.443216324864, 27699.188345934814, 24531.602095905357, 27699.188345934814
40, 29087.631832533352, 24665.012359835535, 29087.631832533352, 27668.29671732483, 24537.696864909147, 27668.29671732483
41, 29087.631832533352, 24665.012359835535, 29087.631832533352, 27795.12467331223, 24483.023099392067, 27795.12467331223
42, 29192.17535803529, 24597.753356663354, 29192.17535803529, 27807.373901898078, 24478.813634495185, 27807.373901898078
43, 29220.59894416691, 24313.467935019013, 29220.59894416691, 27815.24067223395, 24502.29351886565, 27815.24067223395
44, 29220.59894416691, 24313.467935019013, 29220.59894416691, 27860.632246134704, 24515.620607851568, 27860.632246134704
45, 29220.59894416691, 24313.467935019013, 29220.59894416691, 27887.400289224915, 24540.65521940107, 27887.400289224915
46, 29220.59894416691, 24313.467935019013, 29220.59894416691, 27952.420050462162, 24572.92544715246, 27952.420050462162
47, 29439.585887626108, 24176.009768864475, 29439.585887626108, 27912.9743335277, 24562.292392601088, 27912.9743335277
48, 29439.585887626108, 24176.009768864475, 29439.585887626108, 27973.929611454816, 24494.012340513767, 27973.929611454816
49, 29439.585887626108, 24176.009768864475, 29439.585887626108, 27992.69469169088, 24480.58160681103, 27992.69469169088
50, 29523.391802590708, 24543.0082482764, 29523.391802590708, 28068.66148650789, 24456.980567003357, 28068.66148650789
51, 29523.391802590708, 24543.0082482764, 29523.391802590708, 28065.615761940055, 24423.695429866853, 28065.615761940055
52, 29523.391802590708, 24543.0082482764, 29523.391802590708, 28065.12747031231, 24436.539844781342, 28065.12747031231
53, 29633.35654871417, 24517.149365337154, 29633.35654871417, 28124.02731040905, 24438.063252379005, 28124.02731040905
54, 29721.297414483768, 24652.23838101013, 29721.297414483768, 28111.103758288577, 24459.126837595453, 28111.103758288577
55, 29721.297414483768, 24652.23838101013, 29721.297414483768, 28163.17901348438, 24464.328328470663, 28163.17901348438
56, 29721.297414483768, 24652.23838101013, 29721.297414483768, 28225.53847839346, 24461.0852824801, 28225.53847839346
57, 29721.297414483768, 24652.23838101013, 29721.297414483768, 28238.18327577846, 24487.173566336092, 28238.18327577846
58, 29726.58679443499, 24634.864380057134, 29726.58679443499, 28240.105148134116, 24491.625407458083, 28240.105148134116
59, 29870.186105921613, 24016.210075603412, 29870.186105921613, 28295.480516889813, 24503.935278524634, 28295.480516889813
60, 29870.186105921613, 24016.210075603412, 29870.186105921613, 28323.70949145723, 24557.217805790944, 28323.70949145723
61, 29890.22344182823, 24479.260931809247, 29890.22344182823, 28345.38427624262, 24569.160689137545, 28345.38427624262
62, 29948.486953746364, 24262.789383799118, 29948.486953746364, 28395.49010400637, 24620.12331857182, 28395.49010400637
63, 29948.486953746364, 24262.789383799118, 29948.486953746364, 28402.416587951095, 24590.076891942696, 28402.416587951095
64, 29961.199019624964, 24302.426276264192, 29961.199019624964, 28370.59979838683, 24530.203953238208, 28370.59979838683
65, 29961.199019624964, 24302.426276264192, 29961.199019624964, 28436.987908770763, 24481.319847937706, 28436.987908770763
66, 29961.199019624964, 24302.426276264192, 29961.199019624964, 28394.528357804385, 24460.385604540483, 28394.528357804385
67, 30138.442720875282, 24379.73516283448, 30138.442720875282, 28528.203619906843, 24391.13264039935, 28528.203619906843
68, 30138.442720875282, 24379.73516283448, 30138.442720875282, 28454.955008036173, 24479.285866185368, 28454.955008036173
69, 30193.841223129242, 24412.035951739166, 30193.841223129242, 28482.215176786798, 24463.928616735568, 28482.215176786798
70, 30193.841223129242, 24412.035951739166, 30193.841223129242, 28512.154866419496, 24415.626635670415, 28512.154866419496
71, 30193.841223129242, 24412.035951739166, 30193.841223129242, 28529.64047605433, 24426.465188316724, 28529.64047605433
72, 30193.841223129242, 24412.035951739166, 30193.841223129242, 28570.285648732093, 24465.415727452226, 28570.285648732093
73, 30193.841223129242, 24412.035951739166, 30193.841223129242, 28627.958687451766, 24471.58815960372, 28627.958687451766
74, 30216.033934829255, 24444.758914726364, 30216.033934829255, 28589.069330609953, 24486.804058803828, 28589.069330609953
75, 30216.033934829255, 24444.758914726364, 30216.033934829255, 28651.131066006725, 24484.812558792386, 28651.131066006725
76, 30382.345360287818, 24655.69074932864, 30382.345360287818, 28666.160911953182, 24475.1612417788, 28666.160911953182
77, 30382.345360287818, 24655.69074932864, 30382.345360287818, 28677.84837476107, 24486.71884736623, 28677.84837476107
78, 30382.345360287818, 24655.69074932864, 30382.345360287818, 28710.982811459522, 24493.50913879048, 28710.982811459522
79, 30496.102763791678, 24525.173669002445, 30496.102763791678, 28642.491877009274, 24494.834894101405, 28642.491877009274
80, 30496.102763791678, 24525.173669002445, 30496.102763791678, 28735.70946518688, 24495.602503455608, 28735.70946518688
81, 30496.102763791678, 24525.173669002445, 30496.102763791678, 28710.039796752808, 24528.478953988175, 28710.039796752808
82, 30496.102763791678, 24525.173669002445, 30496.102763791678, 28739.982025163386, 24516.487593895272, 28739.982025163386
83, 30496.102763791678, 24525.173669002445, 30496.102763791678, 28816.852761445567, 24513.565728738176, 28816.852761445567
84, 30554.810526434467, 24502.88048513034, 30554.810526434467, 28793.026302100636, 24516.846099471146, 28793.026302100636
85, 30554.810526434467, 24502.88048513034, 30554.810526434467, 28846.19579631404, 24538.790580649125, 28846.19579631404
86, 30593.373317080685, 24483.02288787558, 30593.373317080685, 28842.606041482206, 24566.608013389803, 28842.606041482206
87, 30593.373317080685, 24483.02288787558, 30593.373317080685, 28866.725476182626, 24561.825433341266, 28866.725476182626
88, 30612.975104893503, 24498.235745216778, 30612.975104893503, 28887.50909334301, 24563.218781870604, 28887.50909334301
89, 30612.975104893503, 24498.235745216778, 30612.975104893503, 28919.478650299905, 24561.357476981193, 28919.478650299905
90, 30612.975104893503, 24498.235745216778, 30612.975104893503, 28866.269795241962, 24556.630540572976, 28866.269795241962
91, 30625.113438208708, 24488.409435449368, 30625.113438208708, 28880.738558843164, 24553.583690579086, 28880.738558843164
92, 30625.113438208708, 24488.409435449368, 30625.113438208708, 28925.986283481365, 24543.539135525712, 28925.986283481365
93, 30707.05494984208, 24526.220875709634, 30707.05494984208, 28957.12419417685, 24551.11665525981, 28957.12419417685
94, 30707.05494984208, 24526.220875709634, 30707.05494984208, 28930.674357520544, 24553.402537937676, 28930.674357520544
95, 30707.05494984208, 24526.220875709634, 30707.05494984208, 28993.597759035278, 24555.13853715599, 28993.597759035278
96, 30852.07009725372, 24499.621852811528, 30852.07009725372, 28946.859083930518, 24548.420759086843, 28946.859083930518
97, 30852.07009725372, 24499.621852811528, 30852.07009725372, 28981.796396970236, 24570.91515130787, 28981.796396970236
98, 30852.07009725372, 24499.621852811528, 30852.07009725372, 28988.41983264504, 24566.886871559578, 28988.41983264504
99, 30852.07009725372, 24499.621852811528, 30852.07009725372, 29029.39929906045, 24568.192168729976, 29029.39929906045
100, 30852.07009725372, 24499.621852811528, 30852.07009725372, 29061.949902955406, 24552.526225421774, 29061.949902955406
101, 30852.07009725372, 24499.621852811528, 30852.07009725372, 29044.35973457222, 24546.253460280554, 29044.35973457222
102, 30902.47712715776, 24522.033656808577, 30902.47712715776, 29096.1778602253, 24531.83006322099, 29096.1778602253
103, 30902.47712715776, 24522.033656808577, 30902.47712715776, 29093.974938295218, 24533.47723400769, 29093.974938295218
104, 30902.47712715776, 24522.033656808577, 30902.47712715776, 29122.119465351923, 24525.291946133788, 29122.119465351923
105, 30902.47712715776, 24522.033656808577, 30902.47712715776, 29131.016962493184, 24541.889812010377, 29131.016962493184
106, 30902.47712715776, 24522.033656808577, 30902.47712715776, 29175.767578793937, 24541.29426785484, 29175.767578793937
107, 30923.034933478873, 24455.057059694176, 30923.034933478873, 29173.23762988588, 24535.220962561714, 29173.23762988588
108, 30949.77653257647, 24201.66461089789, 30949.77653257647, 29178.733242927166, 24517.32269631394, 29178.733242927166
109, 30949.77653257647, 24201.66461089789, 30949.77653257647, 29156.11557958593, 24513.490502112963, 29156.11557958593
110, 30986.975261256383, 24586.264634808645, 30986.975261256383, 29175.02477526934, 24573.471614051374, 29175.02477526934
111, 31003.730724923356, 24540.94560253595, 31003.730724923356, 29194.374912996198, 24559.61516234874, 29194.374912996198
112, 31137.983891320102, 24594.128939475184, 31137.983891320102, 29196.240336076193, 24544.44334285351, 29196.240336076193
113, 31137.983891320102, 24594.128939475184, 31137.983891320102, 29193.9839256155, 24530.912061514577, 29193.9839256155
114, 31143.37963369212, 24676.323220767077, 31143.37963369212, 29223.635647778316, 24520.677928188165, 29223.635647778316
115, 31143.37963369212, 24676.323220767077, 31143.37963369212, 29225.62854750461, 24525.735498987415, 29225.62854750461
116, 31146.186711707483, 24395.689363815505, 31146.186711707483, 29195.875188575246, 24482.42806823081, 29195.875188575246
117, 31146.186711707483, 24395.689363815505, 31146.186711707483, 29231.061629112977, 24562.896100817532, 29231.061629112977
118, 31146.186711707483, 24395.689363815505, 31146.186711707483, 29276.072755025718, 24578.939717722293, 29276.072755025718
119, 31146.186711707483, 24395.689363815505, 31146.186711707483, 29306.656278011407, 24576.417285718235, 29306.656278011407
120, 31146.186711707483, 24395.689363815505, 31146.186711707483, 29289.572395140887, 24577.50253549962, 29289.572395140887
121, 31146.186711707483, 24395.689363815505, 31146.186711707483, 29368.210587633792, 24601.2433756962, 29368.210587633792
122, 31343.174014698292, 24579.678711106528, 31343.174014698292, 29355.223051066605, 24616.228342900646, 29355.223051066605
123, 31343.174014698292, 24579.678711106528, 31343.174014698292, 29326.26236174194, 24617.728763638126, 29326.26236174194
124, 31343.174014698292, 24579.678711106528, 31343.174014698292, 29345.63906195361, 24581.70763424464, 29345.63906195361
125, 31343.174014698292, 24579.678711106528, 31343.174014698292, 29351.807495607423, 24525.264450585066, 29351.807495607423
126, 31343.174014698292, 24579.678711106528, 31343.174014698292, 29377.443368472505, 24489.500767329813, 29377.443368472505
127, 31350.678966388226, 24603.790166609877, 31350.678966388226, 29438.544606803815, 24491.203171582267, 29438.544606803815
128, 31350.678966388226, 24603.790166609877, 31350.678966388226, 29402.385379182953, 24505.120886533754, 29402.385379182953
129, 31350.678966388226, 24603.790166609877, 31350.678966388226, 29452.384898817454, 24519.84591796733, 29452.384898817454
130, 31350.678966388226, 24603.790166609877, 31350.678966388226, 29490.329965601304, 24503.57399567327, 29490.329965601304
131, 31409.995049904206, 24597.29050067596, 31409.995049904206, 29448.54986228278, 24505.496879407718, 29448.54986228278
132, 31409.995049904206, 24597.29050067596, 31409.995049904206, 29470.567599366346, 24539.260488721524, 29470.567599366346
133, 31435.697036262856, 24433.5922487744, 31435.697036262856, 29431.057665322944, 24596.165365841356, 29431.057665322944
134, 31435.697036262856, 24433.5922487744, 31435.697036262856, 29479.658939270455, 24599.542895037775, 29479.658939270455
135, 31435.697036262856, 24433.5922487744, 31435.697036262856, 29479.09445076567, 24594.016092177026, 29479.09445076567
136, 31435.697036262856, 24433.5922487744, 31435.697036262856, 29548.734750904572, 24591.885544422363, 29548.734750904572
137, 31435.697036262856, 24433.5922487744, 31435.697036262856, 29511.179763057124, 24579.6958253388, 29511.179763057124
138, 31452.58216285335, 24643.474989370345, 31452.58216285335, 29468.5908955603, 24557.27325440296, 29468.5908955603
139, 31503.122659437286, 24304.616643641944, 31503.122659437286, 29540.861076970818, 24546.98597931278, 29540.861076970818
140, 31503.122659437286, 24304.616643641944, 31503.122659437286, 29560.98505030413, 24546.146542276012, 29560.98505030413
141, 31503.122659437286, 24304.616643641944, 31503.122659437286, 29538.89314503154, 24536.605082309005, 29538.89314503154
142, 31503.122659437286, 24304.616643641944, 31503.122659437286, 29571.76434442032, 24501.60074934298, 29571.76434442032
143, 31505.05330413291, 24429.587224156177, 31505.05330413291, 29569.236718187592, 24497.756698184996, 29569.236718187592
144, 31505.05330413291, 24429.587224156177, 31505.05330413291, 29588.08635378936, 24496.27945661059, 29588.08635378936
145, 31509.712265226783, 24667.541283783157, 31509.712265226783, 29557.011889755573, 24492.02909127714, 29557.011889755573
146, 31509.712265226783, 24667.541283783157, 31509.712265226783, 29562.9750859126, 24464.520570701985, 29562.9750859126
147, 31589.89498881774, 24332.67122676655, 31589.89498881774, 29579.87369687459, 24479.788866493618, 29579.87369687459
148, 31589.89498881774, 24332.67122676655, 31589.89498881774, 29595.259479360466, 24472.23553396929, 29595.259479360466
149, 31614.52457625991, 24319.229156759702, 31614.52457625991, 29614.63563955359, 24431.415843486353, 29614.63563955359
150, 31720.019238309407, 24251.8923650731, 31720.019238309407, 29612.217074410513, 24419.939168545257, 29612.217074410513
151, 31724.69022094164, 24364.44875381203, 31724.69022094164, 29601.687796608163, 24431.83928909247, 29601.687796608163
152, 31724.69022094164, 24364.44875381203, 31724.69022094164, 29650.092014332466, 24449.390847809344, 29650.092014332466
153, 31724.69022094164, 24364.44875381203, 31724.69022094164, 29673.407037890338, 24476.881236357054, 29673.407037890338
154, 31724.69022094164, 24364.44875381203, 31724.69022094164, 29656.266728984396, 24436.437348346546, 29656.266728984396
155, 31724.69022094164, 24364.44875381203, 31724.69022094164, 29730.026397347865, 24430.63091737124, 29730.026397347865
156, 31791.789225673812, 24289.846220177093, 31791.789225673812, 29737.02923325333, 24422.434590341407, 29737.02923325333
157, 31852.90698428149, 24359.14593751908, 31852.90698428149, 29747.83060485299, 24400.826983576757, 29747.83060485299
158, 31852.90698428149, 24359.14593751908, 31852.90698428149, 29750.516507681154, 24414.183601805835, 29750.516507681154
159, 31852.90698428149, 24359.14593751908, 31852.90698428149, 29777.357089211877, 24426.86158265815, 29777.357089211877
160, 31852.90698428149, 24359.14593751908, 31852.90698428149, 29772.878475536956, 24446.03320801222, 29772.878475536956
161, 31852.90698428149, 24359.14593751908, 31852.90698428149, 29762.113144369432, 24439.109499368416, 29762.113144369432
162, 31891.238419097434, 24422.280471964514, 31891.238419097434, 29805.46029959009, 24433.45070582008, 29805.46029959009
163, 31891.238419097434, 24422.280471964514, 31891.238419097434, 29803.231056952045, 24420.778303933315, 29803.231056952045
164, 31928.749484380332, 24381.530270124393, 31928.749484380332, 29821.59887726459, 24400.940762259488, 29821.59887726459
165, 31928.749484380332, 24381.530270124393, 31928.749484380332, 29816.06993011874, 24413.59528926544, 29816.06993011874
166, 31928.749484380332, 24381.530270124393, 31928.749484380332, 29864.67744988482, 24424.635973460154, 29864.67744988482
167, 31928.749484380332, 24381.530270124393, 31928.749484380332, 29807.062135479002, 24448.65040064844, 29807.062135479002
168, 31928.749484380332, 24381.530270124393, 31928.749484380332, 29872.843511042753, 24486.255650920724, 29872.843511042753
169, 31946.558609009844, 24429.29868051421, 31946.558609009844, 29799.56662912552, 24513.58284409853, 29799.56662912552
170, 31946.558609009844, 24429.29868051421, 31946.558609009844, 29870.984399926943, 24548.25054402783, 29870.984399926943
171, 32002.031116426795, 24384.17135955495, 32002.031116426795, 29815.0803580471, 24499.74979893454, 29815.0803580471
172, 32002.031116426795, 24384.17135955495, 32002.031116426795, 29821.230849558222, 24490.91993954929, 29821.230849558222
173, 32002.031116426795, 24384.17135955495, 32002.031116426795, 29870.159001806936, 24494.272737753075, 29870.159001806936
174, 32014.100916009575, 24448.07487754321, 32014.100916009575, 29873.542649744115, 24489.84024173676, 29873.542649744115
175, 32014.100916009575, 24448.07487754321, 32014.100916009575, 29908.211638361794, 24479.67845924463, 29908.211638361794
176, 32014.100916009575, 24448.07487754321, 32014.100916009575, 29918.21256568946, 24478.031624169642, 29918.21256568946
177, 32057.115292289545, 24484.154514785834, 32057.115292289545, 29879.07539217946, 24483.543834927455, 29879.07539217946
178, 32057.115292289545, 24484.154514785834, 32057.115292289545, 29931.96155447839, 24494.688653521593, 29931.96155447839
179, 32057.115292289545, 24484.154514785834, 32057.115292289545, 29923.29486692749, 24506.355485365904, 29923.29486692749
180, 32099.29618055012, 24447.844361837066, 32099.29618055012, 29970.133818074086, 24508.976301095627, 29970.133818074086
181, 32099.29618055012, 24447.844361837066, 32099.29618055012, 29944.8289964407, 24515.700617464478, 29944.8289964407
182, 32106.191841374657, 24516.944667213615, 32106.191841374657, 29963.240275111828, 24496.737312152283, 29963.240275111828
183, 32106.191841374657, 24516.944667213615, 32106.191841374657, 29967.088963874518, 24497.92946515788, 29967.088963874518
184, 32106.191841374657, 24516.944667213615, 32106.191841374657, 30012.463082505525, 24514.3984453974, 30012.463082505525
185, 32106.191841374657, 24516.944667213615, 32106.191841374657, 30000.20158296647, 24533.027479368393, 30000.20158296647
186, 32106.191841374657, 24516.944667213615, 32106.191841374657, 30005.440300202612, 24532.52236162171, 30005.440300202612
187, 32106.191841374657, 24516.944667213615, 32106.191841374657, 30045.1532426522, 24533.857956113625, 30045.1532426522
188, 32118.11595344984, 24442.070248903114, 32118.11595344984, 30045.68148739516, 24532.689056362036, 30045.68148739516
189, 32180.684821728286, 24580.67506412958, 32180.684821728286, 30006.119442378826, 24516.10216157396, 30006.119442378826
190, 32250.88106009428, 24620.17477391442, 32250.88106009428, 30013.10055862653, 24524.372722397045, 30013.10055862653
191, 32250.88106009428, 24620.17477391442, 32250.88106009428, 30017.122630412618, 24542.1986957084, 30017.122630412618
192, 32250.88106009428, 24620.17477391442, 32250.88106009428, 30021.03905812219, 24561.110358297858, 30021.03905812219
193, 32250.88106009428, 24620.17477391442, 32250.88106009428, 29998.229783507963, 24559.684362120865, 29998.229783507963
194, 32250.88106009428, 24620.17477391442, 32250.88106009428, 30064.25966242176, 24564.56395224743, 30064.25966242176
195, 32250.88106009428, 24620.17477391442, 32250.88106009428, 30037.35168696996, 24589.73644435126, 30037.35168696996
196, 32264.160776329078, 24505.172264201334, 32264.160776329078, 30095.070247771964, 24581.093851924645, 30095.070247771964
197, 32264.160776329078, 24505.172264201334, 32264.160776329078, 30099.51512075683, 24585.47122287419, 30099.51512075683
198, 32264.160776329078, 24505.172264201334, 32264.160776329078, 30110.227948825555, 24556.55743554141, 30110.227948825555
199, 32264.160776329078, 24505.172264201334, 32264.160776329078, 30096.592068992883, 24545.890011310625, 30096.592068992883
200, 32264.160776329078, 24505.172264201334, 32264.160776329078, 30147.800423257613, 24556.176745247845, 30147.800423257613
201, 32264.160776329078, 24505.172264201334, 32264.160776329078, 30140.75802211502, 24571.122958073112, 30140.75802211502
202, 32288.393686482596, 24592.797662459125, 32288.393686482596, 30159.31040433798, 24600.05572212778, 30159.31040433798
203, 32350.08626219252, 24565.02603399329, 32350.08626219252, 30087.698603518784, 24613.765939534154, 30087.698603518784
204, 32350.08626219252, 24565.02603399329, 32350.08626219252, 30114.471209201085, 24602.120767631837, 30114.471209201085
205, 32350.08626219252, 24565.02603399329, 32350.08626219252, 30172.29930210295, 24579.7824689116, 30172.29930210295
206, 32350.08626219252, 24565.02603399329, 32350.08626219252, 30121.684807743346, 24558.695967286123, 30121.684807743346
207, 32350.08626219252, 24565.02603399329, 32350.08626219252, 30099.4119743511, 24565.38623275233, 30099.4119743511
208, 32350.08626219252, 24565.02603399329, 32350.08626219252, 30157.805190881576, 24572.556185203586, 30157.805190881576
209, 32350.08626219252, 24565.02603399329, 32350.08626219252, 30135.62163818292, 24590.431711467787, 30135.62163818292
210, 32350.08626219252, 24565.02603399329, 32350.08626219252, 30166.296127193786, 24622.752282190697, 30166.296127193786
211, 32350.08626219252, 24565.02603399329, 32350.08626219252, 30168.517156836882, 24618.905977344435, 30168.517156836882
212, 32467.832844139244, 24487.46457321662, 32467.832844139244, 30236.66783949627, 24622.443385563198, 30236.66783949627
213, 32467.832844139244, 24487.46457321662, 32467.832844139244, 30201.565615389245, 24607.273429198838, 30201.565615389245
214, 32467.832844139244, 24487.46457321662, 32467.832844139244, 30190.790788033235, 24591.77839080279, 30190.790788033235
215, 32467.832844139244, 24487.46457321662, 32467.832844139244, 30197.23465429503, 24591.737146858137, 30197.23465429503
216, 32467.832844139244, 24487.46457321662, 32467.832844139244, 30151.83160803027, 24592.590805617758, 30151.83160803027
217, 32467.832844139244, 24487.46457321662, 32467.832844139244, 30205.178417471037, 24592.84296739649, 30205.178417471037
218, 32467.832844139244, 24487.46457321662, 32467.832844139244, 30239.54451442693, 24597.70295904415, 30239.54451442693
219, 32467.832844139244, 24487.46457321662, 32467.832844139244, 30225.566235902723, 24599.53248833635, 30225.566235902723
220, 32467.832844139244, 24487.46457321662, 32467.832844139244, 30277.01240671421, 24601.10591188933, 30277.01240671421
221, 32511.557034515652, 24346.2331842327, 32511.557034515652, 30266.766371624024, 24583.322478133123, 30266.766371624024
222, 32511.557034515652, 24346.2331842327, 32511.557034515652, 30285.625596162143, 24544.223524765577, 30285.625596162143
223, 32511.557034515652, 24346.2331842327, 32511.557034515652, 30256.833829335206, 24540.058260048492, 30256.833829335206
224, 32511.557034515652, 24346.2331842327, 32511.557034515652, 30310.644371722523, 24539.082673752528, 30310.644371722523
225, 32511.557034515652, 24346.2331842327, 32511.557034515652, 30221.891083003975, 24540.578223825698, 30221.891083003975
226, 32511.557034515652, 24346.2331842327, 32511.557034515652, 30258.126027712366, 24542.55031077516, 30258.126027712366
227, 32511.557034515652, 24346.2331842327, 32511.557034515652, 30306.70192080521, 24547.095985013428, 30306.70192080521
228, 32511.557034515652, 24346.2331842327, 32511.557034515652, 30259.996161657833, 24550.311198189145, 30259.996161657833
229, 32552.870160969127, 24523.374834641614, 32552.870160969127, 30258.260279532806, 24555.229225086852, 30258.260279532806
230, 32552.870160969127, 24523.374834641614, 32552.870160969127, 30301.054759549246, 24567.358204164157, 30301.054759549246
231, 32552.870160969127, 24523.374834641614, 32552.870160969127, 30284.53484005236, 24588.59743557193, 30284.53484005236
232, 32552.870160969127, 24523.374834641614, 32552.870160969127, 30249.795702043317, 24604.176389198386, 30249.795702043317
233, 32552.870160969127, 24523.374834641614, 32552.870160969127, 30298.307723846567, 24595.953706923545, 30298.307723846567
234, 32552.870160969127, 24523.374834641614, 32552.870160969127, 30285.601420196508, 24620.32384271299, 30285.601420196508
235, 32552.870160969127, 24523.374834641614, 32552.870160969127, 30322.349119209757, 24581.418770655877, 30322.349119209757
236, 32552.870160969127, 24523.374834641614, 32552.870160969127, 30357.782265956197, 24521.568890782837, 30357.782265956197
237, 32552.870160969127, 24523.374834641614, 32552.870160969127, 30278.548249137533, 24476.432786462916, 30278.548249137533
238, 32587.37061350104, 24163.36598024811, 32587.37061350104, 30300.080961580024, 24503.54807017792, 30300.080961580024
239, 32587.37061350104, 24163.36598024811, 32587.37061350104, 30346.128059982882, 24541.594135863885, 30346.128059982882
240, 32587.37061350104, 24163.36598024811, 32587.37061350104, 30347.616953244804, 24558.130167978117, 30347.616953244804
241, 32587.37061350104, 24163.36598024811, 32587.37061350104, 30326.04598188817, 24556.379825850454, 30326.04598188817
242, 32587.37061350104, 24163.36598024811, 32587.37061350104, 30364.142172951335, 24555.110365487424, 30364.142172951335
243, 32587.37061350104, 24163.36598024811, 32587.37061350104, 30320.01634772948, 24547.508668168746, 30320.01634772948
244, 32594.360669874633, 24679.296345442744, 32594.360669874633, 30350.369237443087, 24534.11289411556, 30350.369237443087
245, 32643.286672049944, 24504.97627629552, 32643.286672049944, 30327.547715299166, 24517.43928334287, 30327.547715299166
246, 32649.332186350264, 24659.467361946066, 32649.332186350264, 30327.25531558543, 24488.21858882891, 30327.25531558543
247, 32649.332186350264, 24659.467361946066, 32649.332186350264, 30348.336122303237, 24438.039373899144, 30348.336122303237
248, 32649.332186350264, 24659.467361946066, 32649.332186350264, 30331.71719962694, 24362.37712860683, 30331.71719962694
249, 32649.332186350264, 24659.467361946066, 32649.332186350264, 30378.361638482576, 24365.66503574733, 30378.361638482576
250, 32649.332186350264, 24659.467361946066, 32649.332186350264, 30389.424417753882, 24406.332182082533, 30389.424417753882
251, 32649.332186350264, 24659.467361946066, 32649.332186350264, 30391.39320311544, 24463.889294753284, 30391.39320311544
252, 32670.606076571537, 24549.409644324925, 32670.606076571537, 30374.096025749273, 24561.933157825628, 30374.096025749273
253, 32670.606076571537, 24549.409644324925, 32670.606076571537, 30400.802110299774, 24606.853436533347, 30400.802110299774
254, 32670.606076571537, 24549.409644324925, 32670.606076571537, 30427.88079480161, 24605.68767163773, 30427.88079480161
255, 32670.606076571537, 24549.409644324925, 32670.606076571537, 30369.136618765504, 24658.08028723325, 30369.136618765504
256, 32670.606076571537, 24549.409644324925, 32670.606076571537, 30372.24228044282, 24656.831337174, 30372.24228044282
257, 32670.606076571537, 24549.409644324925, 32670.606076571537, 30403.003733288868, 24656.05001086753, 30403.003733288868
258, 32670.606076571537, 24549.409644324925, 32670.606076571537, 30387.497186241693, 24652.279842080647, 30387.497186241693
259, 32673.843678042296, 24680.30580176516, 32673.843678042296, 30412.928968363445, 24649.096349248448, 30412.928968363445
260, 32673.843678042296, 24680.30580176516, 32673.843678042296, 30381.781363331927, 24643.79493872076, 30381.781363331927
261, 32673.843678042296, 24680.30580176516, 32673.843678042296, 30447.18601379096, 24631.04401703929, 30447.18601379096
262, 32673.843678042296, 24680.30580176516, 32673.843678042296, 30406.39905413763, 24618.467079497048, 30406.39905413763
263, 32737.213648924637, 24634.221721163383, 32737.213648924637, 30387.233254147464, 24590.119139071707, 30387.233254147464
264, 32737.213648924637, 24634.221721163383, 32737.213648924637, 30431.946564180296, 24590.327966549212, 30431.946564180296
265, 32737.213648924637, 24634.221721163383, 32737.213648924637, 30424.666345755722, 24588.59161127337, 30424.666345755722
266, 32737.213648924637, 24634.221721163383, 32737.213648924637, 30438.681419850524, 24597.88944302963, 30438.681419850524
267, 32752.07875931135, 24603.44131246227, 32752.07875931135, 30436.332829152605, 24606.622037862282, 30436.332829152605
268, 32810.6691804294, 24670.1696024366, 32810.6691804294, 30410.13744712498, 24628.239567762168, 30410.13744712498
269, 32810.6691804294, 24670.1696024366, 32810.6691804294, 30410.38274192438, 24660.369918723994, 30410.38274192438
270, 32810.6691804294, 24670.1696024366, 32810.6691804294, 30441.539353897257, 24650.60334274763, 30441.539353897257
271, 32810.6691804294, 24670.1696024366, 32810.6691804294, 30415.654341576723, 24630.280196129555, 30415.654341576723
272, 32810.6691804294, 24670.1696024366, 32810.6691804294, 30491.650674419172, 24617.81400931169, 30491.650674419172
273, 32810.6691804294, 24670.1696024366, 32810.6691804294, 30436.943860511674, 24628.283489984547, 30436.943860511674
274, 32810.6691804294, 24670.1696024366, 32810.6691804294, 30456.210351410966, 24638.188289487738, 30456.210351410966
275, 32810.6691804294, 24670.1696024366, 32810.6691804294, 30450.94613251522, 24636.67132074425, 30450.94613251522
276, 32810.6691804294, 24670.1696024366, 32810.6691804294, 30527.694497365268, 24638.319240115638, 30527.694497365268
277, 32810.6691804294, 24670.1696024366, 32810.6691804294, 30506.735963172927, 24658.214336516663, 30506.735963172927
278, 32810.6691804294, 24670.1696024366, 32810.6691804294, 30566.2673363923, 24665.94121402212, 30566.2673363923
279, 32810.6691804294, 24670.1696024366, 32810.6691804294, 30528.084639851986, 24666.819586557318, 30528.084639851986
280, 32810.6691804294, 24670.1696024366, 32810.6691804294, 30529.239467565447, 24666.38508493195, 30529.239467565447
281, 32810.6691804294, 24670.1696024366, 32810.6691804294, 30474.83215840434, 24664.347831934992, 30474.83215840434
282, 32810.6691804294, 24670.1696024366, 32810.6691804294, 30548.7512111985, 24666.214119475684, 30548.7512111985
283, 32810.6691804294, 24670.1696024366, 32810.6691804294, 30529.216432846046, 24667.054666595253, 30529.216432846046
284, 32810.6691804294, 24670.1696024366, 32810.6691804294, 30522.489954351153, 24667.589508102294, 30522.489954351153
285, 32810.6691804294, 24670.1696024366, 32810.6691804294, 30497.319361010683, 24665.406875568166, 30497.319361010683
286, 32810.6691804294, 24670.1696024366, 32810.6691804294, 30484.329462611953, 24667.546425406654, 30484.329462611953
287, 32815.91102940074, 24609.071943290543, 32815.91102940074, 30556.96743992567, 24664.53446899499, 30556.96743992567
288, 32815.91102940074, 24609.071943290543, 32815.91102940074, 30524.328404492204, 24666.68944208616, 30524.328404492204
289, 32815.91102940074, 24609.071943290543, 32815.91102940074, 30548.529862010015, 24664.014878805334, 30548.529862010015
290, 32936.46334812856, 24579.036957986176, 32936.46334812856, 30533.023832326406, 24665.435722565548, 30533.023832326406
291, 32936.46334812856, 24579.036957986176, 32936.46334812856, 30554.15382011143, 24663.84295048369, 30554.15382011143
292, 32936.46334812856, 24579.036957986176, 32936.46334812856, 30471.292290900274, 24665.078277375338, 30471.292290900274
293, 32936.46334812856, 24579.036957986176, 32936.46334812856, 30522.618939191936, 24663.033249202417, 30522.618939191936
294, 32936.46334812856, 24579.036957986176, 32936.46334812856, 30517.64947664923, 24663.52128618995, 30517.64947664923
295, 32936.46334812856, 24579.036957986176, 32936.46334812856, 30550.42791115656, 24662.255862282687, 30550.42791115656
296, 32936.46334812856, 24579.036957986176, 32936.46334812856, 30556.89162290519, 24660.778269731567, 30556.89162290519
297, 32936.46334812856, 24579.036957986176, 32936.46334812856, 30538.064346215633, 24656.58664074989, 30538.064346215633
298, 32936.46334812856, 24579.036957986176, 32936.46334812856, 30535.019464493325, 24653.67850394776, 30535.019464493325
299, 32936.46334812856, 24579.036957986176, 32936.46334812856, 30553.548884114636, 24643.194070401238, 30553.548884114636
300, 32936.46334812856, 24579.036957986176, 32936.46334812856, 30567.54221566261, 24637.422154916603, 30567.54221566261
301, 32953.319631559374, 24603.969808539663, 32953.319631559374, 30529.718996147978, 24622.986262728624, 30529.718996147978
302, 32953.319631559374, 24603.969808539663, 32953.319631559374, 30598.79703991464, 24602.19646450329, 30598.79703991464
303, 32953.319631559374, 24603.969808539663, 32953.319631559374, 30628.510775308147, 24602.78547119191, 30628.510775308147
304, 32953.319631559374, 24603.969808539663, 32953.319631559374, 30652.43687842234, 24603.495280998726, 30652.43687842234
305, 32953.319631559374, 24603.969808539663, 32953.319631559374, 30621.435566388023, 24602.844350849788, 30621.435566388023
306, 32959.22438164113, 24547.63133039916, 32959.22438164113, 30609.03971436856, 24604.353349838868, 30609.03971436856
307, 32959.22438164113, 24547.63133039916, 32959.22438164113, 30627.19576284296, 24605.233685403062, 30627.19576284296
308, 32959.22438164113, 24547.63133039916, 32959.22438164113, 30625.91513650555, 24604.467031427746, 30625.91513650555
309, 32959.22438164113, 24547.63133039916, 32959.22438164113, 30649.467500162988, 24605.796770180445, 30649.467500162988
310, 32959.22438164113, 24547.63133039916, 32959.22438164113, 30650.964371233964, 24607.115976554836, 30650.964371233964
311, 32959.22438164113, 24547.63133039916, 32959.22438164113, 30638.71642916251, 24610.17775500983, 30638.71642916251
312, 32959.22438164113, 24547.63133039916, 32959.22438164113, 30602.528869582584, 24611.04568465688, 30602.528869582584
313, 32959.22438164113, 24547.63133039916, 32959.22438164113, 30665.137340227593, 24607.426806150324, 30665.137340227593
314, 32959.22438164113, 24547.63133039916, 32959.22438164113, 30619.91301907878, 24598.451778917122, 30619.91301907878
315, 32959.22438164113, 24547.63133039916, 32959.22438164113, 30586.627509894828, 24588.07260271445, 30586.627509894828
316, 33080.44950921429, 24540.15399459969, 33080.44950921429, 30644.934870600697, 24579.092449037198, 30644.934870600697
317, 33080.44950921429, 24540.15399459969, 33080.44950921429, 30613.63006060133, 24579.832475726515, 30613.63006060133
318, 33080.44950921429, 24540.15399459969, 33080.44950921429, 30615.162348167767, 24580.581688128812, 30615.162348167767
319, 33080.44950921429, 24540.15399459969, 33080.44950921429, 30640.22715545535, 24580.6985275638, 30640.22715545535
320, 33080.44950921429, 24540.15399459969, 33080.44950921429, 30631.05851238357, 24581.951921629552, 30631.05851238357
321, 33080.44950921429, 24540.15399459969, 33080.44950921429, 30601.958712069998, 24583.498550985856, 30601.958712069998
322, 33080.44950921429, 24540.15399459969, 33080.44950921429, 30610.123809122942, 24584.1313828984, 30610.123809122942
323, 33080.44950921429, 24540.15399459969, 33080.44950921429, 30631.224964493904, 24586.01989045373, 30631.224964493904
324, 33080.44950921429, 24540.15399459969, 33080.44950921429, 30622.876116873962, 24587.265922215523, 30622.876116873962
325, 33080.44950921429, 24540.15399459969, 33080.44950921429, 30672.725184327162, 24593.597292874063, 30672.725184327162
326, 33080.44950921429, 24540.15399459969, 33080.44950921429, 30684.70268959072, 24597.112061224743, 30684.70268959072
327, 33080.44950921429, 24540.15399459969, 33080.44950921429, 30704.316246814247, 24574.205861743794, 30704.316246814247
328, 33080.44950921429, 24540.15399459969, 33080.44950921429, 30699.367233936293, 24575.82340359994, 30699.367233936293
329, 33080.44950921429, 24540.15399459969, 33080.44950921429, 30688.48783203643, 24574.015736380345, 30688.48783203643
330, 33080.44950921429, 24540.15399459969, 33080.44950921429, 30733.05884426611, 24575.994411969506, 30733.05884426611
331, 33080.44950921429, 24540.15399459969, 33080.44950921429, 30702.367171970982, 24575.303204885033, 30702.367171970982
332, 33080.44950921429, 24540.15399459969, 33080.44950921429, 30711.234411702713, 24575.685183600657, 30711.234411702713
333, 33080.44950921429, 24540.15399459969, 33080.44950921429, 30684.491092757507, 24575.273827186935, 30684.491092757507
334, 33080.44950921429, 24540.15399459969, 33080.44950921429, 30705.718671434475, 24575.19991471014, 30705.718671434475
335, 33082.24869890041, 24630.293868477755, 33082.24869890041, 30653.796614794326, 24575.992178163346, 30653.796614794326
336, 33082.24869890041, 24630.293868477755, 33082.24869890041, 30718.010910346544, 24575.659705156893, 30718.010910346544
337, 33082.24869890041, 24630.293868477755, 33082.24869890041, 30711.74715781509, 24575.434056340622, 30711.74715781509
338, 33082.24869890041, 24630.293868477755, 33082.24869890041, 30658.114636595248, 24575.97350785913, 30658.114636595248
339, 33194.7391324498, 24638.923840895364, 33194.7391324498, 30678.94139871207, 24577.907974250495, 30678.94139871207
340, 33194.7391324498, 24638.923840895364, 33194.7391324498, 30699.896911203392, 24582.298439897037, 30699.896911203392
341, 33194.7391324498, 24638.923840895364, 33194.7391324498, 30692.119520147204, 24586.72073718303, 30692.119520147204
342, 33194.7391324498, 24638.923840895364, 33194.7391324498, 30710.631275733223, 24595.68118978762, 30710.631275733223
343, 33194.7391324498, 24638.923840895364, 33194.7391324498, 30695.706884933243, 24603.72941653708, 30695.706884933243
344, 33194.7391324498, 24638.923840895364, 33194.7391324498, 30726.62049944055, 24626.33227460958, 30726.62049944055
345, 33194.7391324498, 24638.923840895364, 33194.7391324498, 30740.32462396363, 24638.76998188952, 30740.32462396363
346, 33194.7391324498, 24638.923840895364, 33194.7391324498, 30705.635758487402, 24638.518228163943, 30705.635758487402
347, 33194.7391324498, 24638.923840895364, 33194.7391324498, 30701.294127687124, 24637.348606455256, 30701.294127687124
348, 33194.7391324498, 24638.923840895364, 33194.7391324498, 30766.336612866406, 24634.96735704554, 30766.336612866406
349, 33194.7391324498, 24638.923840895364, 33194.7391324498, 30731.114903181828, 24632.087186999855, 30731.114903181828
350, 33194.7391324498, 24638.923840895364, 33194.7391324498, 30769.5081755929, 24644.7801287591, 30769.5081755929
351, 33194.7391324498, 24638.923840895364, 33194.7391324498, 30788.56863419972, 24644.192832355107, 30788.56863419972
352, 33203.91929154375, 24517.458127777747, 33203.91929154375, 30818.47387526627, 24643.1019692332, 30818.47387526627
353, 33203.91929154375, 24517.458127777747, 33203.91929154375, 30790.0294903677, 24642.481886841873, 30790.0294903677
354, 33203.91929154375, 24517.458127777747, 33203.91929154375, 30776.601809931068, 24641.495434646364, 30776.601809931068
355, 33203.91929154375, 24517.458127777747, 33203.91929154375, 30747.742464082603, 24642.56040195129, 30747.742464082603
356, 33203.91929154375, 24517.458127777747, 33203.91929154375, 30736.856141942724, 24638.243562412685, 30736.856141942724
357, 33203.91929154375, 24517.458127777747, 33203.91929154375, 30749.75009545065, 24638.233902821714, 30749.75009545065
358, 33203.91929154375, 24517.458127777747, 33203.91929154375, 30777.139316627137, 24639.582441122137, 30777.139316627137
359, 33203.91929154375, 24517.458127777747, 33203.91929154375, 30786.876585660637, 24635.335439260405, 30786.876585660637
360, 33203.91929154375, 24517.458127777747, 33203.91929154375, 30795.836343358536, 24628.71878868623, 30795.836343358536
361, 33203.91929154375, 24517.458127777747, 33203.91929154375, 30815.715296384507, 24618.032198682366, 30815.715296384507
362, 33203.91929154375, 24517.458127777747, 33203.91929154375, 30781.079059342504, 24603.345724111692, 30781.079059342504
363, 33203.91929154375, 24517.458127777747, 33203.91929154375, 30842.824415409043, 24576.642570212414, 30842.824415409043
364, 33203.91929154375, 24517.458127777747, 33203.91929154375, 30765.70754155634, 24558.308562581908, 30765.70754155634
365, 33203.91929154375, 24517.458127777747, 33203.91929154375, 30775.168121027713, 24558.58934264747, 30775.168121027713
366, 33203.91929154375, 24517.458127777747, 33203.91929154375, 30775.975638564312, 24560.74128853896, 30775.975638564312
367, 33293.32060845332, 24531.757940367228, 33293.32060845332, 30815.007995748943, 24560.69472469566, 30815.007995748943
368, 33293.32060845332, 24531.757940367228, 33293.32060845332, 30805.631690238406, 24559.598302140104, 30805.631690238406
369, 33293.32060845332, 24531.757940367228, 33293.32060845332, 30817.004919955056, 24559.300117900675, 30817.004919955056
370, 33293.32060845332, 24531.757940367228, 33293.32060845332, 30819.179111124864, 24560.08164279063, 30819.179111124864
371, 33293.32060845332, 24531.757940367228, 33293.32060845332, 30779.205699131544, 24563.00797855617, 30779.205699131544
372, 33293.32060845332, 24531.757940367228, 33293.32060845332, 30814.25943504876, 24559.80317814043, 30814.25943504876
373, 33293.32060845332, 24531.757940367228, 33293.32060845332, 30790.98585492374, 24561.39841550614, 30790.98585492374
374, 33293.32060845332, 24531.757940367228, 33293.32060845332, 30799.423251762524, 24564.177121079956, 30799.423251762524
375, 33293.32060845332, 24531.757940367228, 33293.32060845332, 30841.67825638509, 24566.530129280338, 30841.67825638509
376, 33293.32060845332, 24531.757940367228, 33293.32060845332, 30805.678078926914, 24571.259014534517, 30805.678078926914
377, 33293.32060845332, 24531.757940367228, 33293.32060845332, 30862.5061979374, 24569.909528793647, 30862.5061979374
378, 33367.994482850496, 24318.937310917147, 33367.994482850496, 30851.884382116627, 24568.475349039258, 30851.884382116627
379, 33367.994482850496, 24318.937310917147, 33367.994482850496, 30882.002081180817, 24567.816660989727, 30882.002081180817
380, 33367.994482850496, 24318.937310917147, 33367.994482850496, 30874.83867945289, 24567.819584007357, 30874.83867945289
381, 33367.994482850496, 24318.937310917147, 33367.994482850496, 30847.50275041532, 24566.33472686159, 30847.50275041532
382, 33367.994482850496, 24318.937310917147, 33367.994482850496, 30869.262881982155, 24560.808216983452, 30869.262881982155
383, 33367.994482850496, 24318.937310917147, 33367.994482850496, 30868.824521888833, 24551.097015718577, 30868.824521888833
384, 33367.994482850496, 24318.937310917147, 33367.994482850496, 30842.350583266845, 24547.79584083345, 30842.350583266845
385, 33367.994482850496, 24318.937310917147, 33367.994482850496, 30804.561864836658, 24527.041356134396, 30804.561864836658
386, 33367.994482850496, 24318.937310917147, 33367.994482850496, 30848.441760781207, 24498.596003379822, 30848.441760781207
387, 33367.994482850496, 24318.937310917147, 33367.994482850496, 30844.675086424166, 24457.206397284404, 30844.675086424166
388, 33408.07914150354, 24528.602351686855, 33408.07914150354, 30926.031191348426, 24439.363432252117, 30926.031191348426
389, 33408.07914150354, 24528.602351686855, 33408.07914150354, 30911.64903128694, 24424.41414521115, 30911.64903128694
390, 33409.756478476564, 24311.894279571443, 33409.756478476564, 30917.722301759655, 24421.27342808637, 30917.722301759655
391, 33409.756478476564, 24311.894279571443, 33409.756478476564, 30946.62395479693, 24422.994583707885, 30946.62395479693
392, 33409.756478476564, 24311.894279571443, 33409.756478476564, 30929.74624483631, 24426.77317278184, 30929.74624483631
393, 33409.756478476564, 24311.894279571443, 33409.756478476564, 30849.576853392162, 24429.193005946538, 30849.576853392162
394, 33409.756478476564, 24311.894279571443, 33409.756478476564, 30974.560448667133, 24432.504333412973, 30974.560448667133
395, 33450.596368391656, 24397.13646826289, 33450.596368391656, 30928.882029723358, 24442.09230131995, 30928.882029723358
396, 33450.596368391656, 24397.13646826289, 33450.596368391656, 30881.66322398953, 24454.558493466106, 30881.66322398953
397, 33450.596368391656, 24397.13646826289, 33450.596368391656, 30917.883437574055, 24476.7206254393, 30917.883437574055
398, 33450.596368391656, 24397.13646826289, 33450.596368391656, 30942.945409126718, 24499.498320104085, 30942.945409126718
399, 33450.596368391656, 24397.13646826289, 33450.596368391656, 30908.350615262, 24487.98245778317, 30908.350615262
400, 33450.596368391656, 24397.13646826289, 33450.596368391656, 30968.12462552601, 24447.75894204265, 30968.12462552601
401, 33459.184506502825, 24292.257209505733, 33459.184506502825, 30990.59712002287, 24422.138478137804, 30990.59712002287
402, 33459.184506502825, 24292.257209505733, 33459.184506502825, 30937.288836120846, 24426.138769171514, 30937.288836120846
403, 33459.184506502825, 24292.257209505733, 33459.184506502825, 30947.71051509135, 24433.09124024259, 30947.71051509135
404, 33459.184506502825, 24292.257209505733, 33459.184506502825, 30953.243444154155, 24443.45501620432, 30953.243444154155
405, 33465.90436094029, 24565.414865427687, 33465.90436094029, 30935.52252472408, 24461.483734145128, 30935.52252472408
406, 33465.90436094029, 24565.414865427687, 33465.90436094029, 30960.247728823844, 24468.172942722405, 30960.247728823844
407, 33465.90436094029, 24565.414865427687, 33465.90436094029, 30998.223583230785, 24465.680727313273, 30998.223583230785
408, 33465.90436094029, 24565.414865427687, 33465.90436094029, 31022.158456005527, 24459.24302034687, 31022.158456005527
409, 33465.90436094029, 24565.414865427687, 33465.90436094029, 30957.081134755415, 24451.744959966316, 30957.081134755415
410, 33465.90436094029, 24565.414865427687, 33465.90436094029, 30934.197097856482, 24440.526581813094, 30934.197097856482
411, 33465.90436094029, 24565.414865427687, 33465.90436094029, 30930.532428202325, 24420.486807941023, 30930.532428202325
412, 33465.90436094029, 24565.414865427687, 33465.90436094029, 30977.41880606617, 24408.6826745122, 30977.41880606617
413, 33465.90436094029, 24565.414865427687, 33465.90436094029, 30984.43851732288, 24413.161817378415, 30984.43851732288
414, 33465.90436094029, 24565.414865427687, 33465.90436094029, 30962.363712171573, 24426.23764127732, 30962.363712171573
415, 33465.90436094029, 24565.414865427687, 33465.90436094029, 30997.109276396342, 24440.502930306615, 30997.109276396342
416, 33468.84688640435, 24455.60169411898, 33468.84688640435, 30993.0422005899, 24468.01228602394, 30993.0422005899
417, 33468.84688640435, 24455.60169411898, 33468.84688640435, 30952.42202359729, 24510.960815054812, 30952.42202359729
418, 33468.84688640435, 24455.60169411898, 33468.84688640435, 30994.902625404364, 24555.192660002187, 30994.902625404364
419, 33468.84688640435, 24455.60169411898, 33468.84688640435, 30981.001553544756, 24588.107152118664, 30981.001553544756
420, 33468.84688640435, 24455.60169411898, 33468.84688640435, 30986.25323613906, 24587.452685090495, 30986.25323613906
421, 33468.84688640435, 24455.60169411898, 33468.84688640435, 30965.959233689333, 24583.885549883613, 30965.959233689333
422, 33468.84688640435, 24455.60169411898, 33468.84688640435, 30945.94769346043, 24583.6291719756, 30945.94769346043
423, 33468.84688640435, 24455.60169411898, 33468.84688640435, 31005.68523642552, 24576.763514446313, 31005.68523642552
424, 33468.84688640435, 24455.60169411898, 33468.84688640435, 30918.297319532012, 24567.289753109693, 30918.297319532012
425, 33468.84688640435, 24455.60169411898, 33468.84688640435, 31013.923735676784, 24552.491520153137, 31013.923735676784
426, 33468.84688640435, 24455.60169411898, 33468.84688640435, 30977.731789027574, 24531.689228020477, 30977.731789027574
427, 33524.22981175431, 24299.966332805667, 33524.22981175431, 31005.933336653907, 24515.711463563075, 31005.933336653907
428, 33524.22981175431, 24299.966332805667, 33524.22981175431, 30985.56643849849, 24513.84974037143, 30985.56643849849
429, 33524.22981175431, 24299.966332805667, 33524.22981175431, 30964.06741860202, 24514.527081247365, 30964.06741860202
430, 33524.22981175431, 24299.966332805667, 33524.22981175431, 30993.879174071342, 24512.370913801762, 30993.879174071342
431, 33524.22981175431, 24299.966332805667, 33524.22981175431, 30977.50158621983, 24512.05253624246, 30977.50158621983
432, 33524.22981175431, 24299.966332805667, 33524.22981175431, 30992.43490637397, 24506.230534973005, 30992.43490637397
433, 33524.22981175431, 24299.966332805667, 33524.22981175431, 30988.960802746577, 24495.06623645083, 30988.960802746577
434, 33524.22981175431, 24299.966332805667, 33524.22981175431, 30974.090982907823, 24480.30590924134, 30974.090982907823
435, 33524.22981175431, 24299.966332805667, 33524.22981175431, 30963.35556833651, 24452.583306741013, 30963.35556833651
436, 33524.22981175431, 24299.966332805667, 33524.22981175431, 31009.81614229757, 24407.214053482203, 31009.81614229757
437, 33524.22981175431, 24299.966332805667, 33524.22981175431, 31005.748645099313, 24407.046633451526, 31005.748645099313
438, 33546.96801998921, 24246.032448727547, 33546.96801998921, 30988.78267455155, 24408.030381600707, 30988.78267455155
439, 33546.96801998921, 24246.032448727547, 33546.96801998921, 31024.27260116201, 24405.767886568574, 31024.27260116201
440, 33546.96801998921, 24246.032448727547, 33546.96801998921, 31015.321205540495, 24405.08250353509, 31015.321205540495
441, 33546.96801998921, 24246.032448727547, 33546.96801998921, 31012.523304421407, 24406.69276344043, 31012.523304421407
442, 33546.96801998921, 24246.032448727547, 33546.96801998921, 31019.12192184934, 24407.194706363854, 31019.12192184934
443, 33546.96801998921, 24246.032448727547, 33546.96801998921, 31026.423329330286, 24403.213958664535, 31026.423329330286
444, 33546.96801998921, 24246.032448727547, 33546.96801998921, 31027.506008915, 24401.917954814377, 31027.506008915
445, 33546.96801998921, 24246.032448727547, 33546.96801998921, 30983.007597159245, 24401.644908498707, 30983.007597159245
446, 33546.96801998921, 24246.032448727547, 33546.96801998921, 31042.986589005428, 24394.219746373692, 31042.986589005428
447, 33546.96801998921, 24246.032448727547, 33546.96801998921, 31004.2508346936, 24389.044724079744, 31004.2508346936
448, 33555.84765013578, 24099.407454433458, 33555.84765013578, 31066.048093675803, 24382.13727206353, 31066.048093675803
449, 33555.84765013578, 24099.407454433458, 33555.84765013578, 31029.852108403757, 24367.609226374185, 31029.852108403757
450, 33555.84765013578, 24099.407454433458, 33555.84765013578, 31027.95041487062, 24367.96949586786, 31027.95041487062
451, 33555.84765013578, 24099.407454433458, 33555.84765013578, 31023.104168215323, 24367.783383905138, 31023.104168215323
452, 33555.84765013578, 24099.407454433458, 33555.84765013578, 31006.00183554725, 24368.17779603989, 31006.00183554725
453, 33555.84765013578, 24099.407454433458, 33555.84765013578, 31089.768214568718, 24366.177003068333, 31089.768214568718
454, 33555.84765013578, 24099.407454433458, 33555.84765013578, 31026.352480254285, 24364.260804715115, 31026.352480254285
455, 33597.05852789913, 24504.827322581867, 33597.05852789913, 31052.120383064746, 24364.536234893483, 31052.120383064746
456, 33597.05852789913, 24504.827322581867, 33597.05852789913, 31083.46726074113, 24357.696707564424, 31083.46726074113
457, 33597.05852789913, 24504.827322581867, 33597.05852789913, 30985.168323054277, 24352.880524658864, 30985.168323054277
458, 33597.05852789913, 24504.827322581867, 33597.05852789913, 31051.50061344275, 24346.553265253875, 31051.50061344275
459, 33620.71063387034, 24671.167356234604, 33620.71063387034, 31033.397255671, 24339.451065091795, 31033.397255671
460, 33620.71063387034, 24671.167356234604, 33620.71063387034, 31053.115945110974, 24318.760573918316, 31053.115945110974
461, 33620.71063387034, 24671.167356234604, 33620.71063387034, 31046.187869933503, 24291.43403395172, 31046.187869933503
462, 33620.71063387034, 24671.167356234604, 33620.71063387034, 31048.902998907906, 24299.16561071393, 31048.902998907906
463, 33620.71063387034, 24671.167356234604, 33620.71063387034, 31065.41612555085, 24319.36989892543, 31065.41612555085
464, 33620.71063387034, 24671.167356234604, 33620.71063387034, 31038.27281458465, 24348.976102939374, 31038.27281458465
465, 33620.71063387034, 24671.167356234604, 33620.71063387034, 31032.044279924656, 24382.857702989866, 31032.044279924656
466, 33620.71063387034, 24671.167356234604, 33620.71063387034, 31065.986134702205, 24465.784207053464, 31065.986134702205
467, 33620.71063387034, 24671.167356234604, 33620.71063387034, 31005.676448487866, 24572.275325158284, 31005.676448487866
468, 33620.71063387034, 24671.167356234604, 33620.71063387034, 31053.899678762664, 24586.275816511014, 31053.899678762664
469, 33620.71063387034, 24671.167356234604, 33620.71063387034, 31092.163777609134, 24610.04732879279, 31092.163777609134
470, 33620.71063387034, 24671.167356234604, 33620.71063387034, 31086.328753015205, 24636.837229813613, 31086.328753015205
471, 33620.71063387034, 24671.167356234604, 33620.71063387034, 31081.58555528179, 24665.693828716474, 31081.58555528179
472, 33620.71063387034, 24671.167356234604, 33620.71063387034, 31149.55645611515, 24667.221205762482, 31149.55645611515
473, 33620.71063387034, 24671.167356234604, 33620.71063387034, 31042.17372708098, 24666.7394568431, 31042.17372708098
474, 33620.71063387034, 24671.167356234604, 33620.71063387034, 31012.69769735097, 24666.515985598187, 31012.69769735097
475, 33620.71063387034, 24671.167356234604, 33620.71063387034, 31070.293069749154, 24665.998034733533, 31070.293069749154
476, 33620.71063387034, 24671.167356234604, 33620.71063387034, 31067.461181686565, 24667.434080491028, 31067.461181686565
477, 33620.71063387034, 24671.167356234604, 33620.71063387034, 31124.937832861036, 24668.308706021573, 31124.937832861036
478, 33620.71063387034, 24671.167356234604, 33620.71063387034, 31091.98350800426, 24666.550290979507, 31091.98350800426
479, 33620.71063387034, 24671.167356234604, 33620.71063387034, 31064.331852155432, 24667.94904324273, 31064.331852155432
480, 33620.71063387034, 24671.167356234604, 33620.71063387034, 31084.768407377484, 24666.54216454804, 31084.768407377484
481, 33620.71063387034, 24671.167356234604, 33620.71063387034, 31131.152586736178, 24665.616206346243, 31131.152586736178
482, 33620.71063387034, 24671.167356234604, 33620.71063387034, 31052.512584204465, 24666.76598262508, 31052.512584204465
483, 33653.89350974773, 24598.319730612195, 33653.89350974773, 31065.01728959412, 24666.85476065977, 31065.01728959412
484, 33653.89350974773, 24598.319730612195, 33653.89350974773, 31146.81918056891, 24666.151327023716, 31146.81918056891
485, 33653.89350974773, 24598.319730612195, 33653.89350974773, 31106.84812797698, 24664.11684697698, 31106.84812797698
486, 33653.89350974773, 24598.319730612195, 33653.89350974773, 31099.061338234296, 24663.4340703333, 31099.061338234296
487, 33653.89350974773, 24598.319730612195, 33653.89350974773, 31109.245698038318, 24663.577761157685, 31109.245698038318
488, 33653.89350974773, 24598.319730612195, 33653.89350974773, 31112.707352698926, 24664.790382851003, 31112.707352698926
489, 33653.89350974773, 24598.319730612195, 33653.89350974773, 31057.31867191066, 24664.196773587875, 31057.31867191066
490, 33653.89350974773, 24598.319730612195, 33653.89350974773, 31058.382764608446, 24662.316364866925, 31058.382764608446
491, 33653.89350974773, 24598.319730612195, 33653.89350974773, 31059.478971605775, 24658.824370455714, 31059.478971605775
492, 33653.89350974773, 24598.319730612195, 33653.89350974773, 31082.34658665047, 24653.666898980373, 31082.34658665047
493, 33653.89350974773, 24598.319730612195, 33653.89350974773, 31092.272444477625, 24644.725709745417, 31092.272444477625
494, 33653.89350974773, 24598.319730612195, 33653.89350974773, 31072.252856077626, 24633.10648487537, 31072.252856077626
495, 33653.89350974773, 24598.319730612195, 33653.89350974773, 31076.807848470955, 24614.767966926916, 31076.807848470955
496, 33653.89350974773, 24598.319730612195, 33653.89350974773, 31126.445981739733, 24615.758557419056, 31126.445981739733
497, 33653.89350974773, 24598.319730612195, 33653.89350974773, 31096.46987939436, 24615.428930795886, 31096.46987939436
498, 33653.89350974773, 24598.319730612195, 33653.89350974773, 31121.64589007799, 24615.150849667625, 31121.64589007799
499, 33653.89350974773, 24598.319730612195, 33653.89350974773, 31132.427013915833, 24615.26933585753, 31132.427013915833
500, 33653.89350974773, 24598.319730612195, 33653.89350974773, 31088.11508360718, 24614.926597345326, 31088.11508360718
