1, 26851.379675485518, 24621.9345768883, 26851.379675485518, 25146.781918773493, 24653.49194088507, 25146.781918773493
2, 27093.99864324163, 24575.58522627667, 27093.99864324163, 22708.721065328456, 24644.67752956695, 26096.185696690485
3, 27414.53778848041, 24462.042330709683, 27414.53778848041, 23031.717864256865, 24628.45214473162, 26594.861317093444
4, 27665.92581601903, 24216.875615273548, 27665.92581601903, 25659.8146544031, 24568.574948230616, 27009.88309213305
5, 28055.82898930667, 24424.6586416506, 28055.82898930667, 27353.23666544897, 24467.960709823612, 27353.23666544897
6, 28197.09203124606, 24586.2992507294, 28197.09203124606, 26597.067044847834, 24395.901770074553, 27674.805478066726
7, 28475.439782649697, 24551.52544811445, 28475.439782649697, 22830.097542606454, 24487.820829816777, 27944.118083589547
8, 28625.84906964857, 24628.03010359814, 28625.84906964857, 25447.9140127377, 24509.28715390774, 28092.92854680524
9, 29013.407658605192, 24672.164678875462, 29013.407658605192, 27048.432169026823, 24523.233226411598, 28300.69146621795
10, 29109.009336905412, 24680.88581369402, 29109.009336905412, 23353.576825689688, 24576.01120240222, 28595.15391993135
11, 29109.009336905412, 24680.88581369402, 29109.009336905412, 23954.711501304664, 24573.215593922378, 28723.156832173103
12, 29157.06479283993, 24675.691101421886, 29157.06479283993, 23774.10256963491, 24629.395195744557, 28873.78181525073
13, 29475.641913959284, 24483.188525273952, 29475.641913959284, 26270.55545424517, 24619.60467089181, 28982.109350148123
14, 29665.93547532886, 24641.898369171693, 29665.93547532886, 27688.962317786583, 24591.044028361932, 29140.737657148933
15, 29672.30294740089, 24591.36334600493, 29672.30294740089, 23948.086788098517, 24605.725857852933, 29297.28459286072
16, 29777.287366533714, 24607.49774129405, 29777.287366533714, 26151.304389639605, 24563.11290462272, 29391.638965548518
17, 29874.122101631165, 24658.09989681323, 29874.122101631165, 26103.36506169521, 24570.43609522342, 29521.70625095365
18, 29878.57660831478, 24680.125858900286, 29878.57660831478, 24575.74125839932, 24602.46867120099, 29638.38272396388
19, 29921.596861370403, 24634.03337535481, 29921.596861370403, 24971.46421595027, 24624.79435496024, 29699.64144680825
20, 30034.20858419528, 24525.648268761834, 30034.20858419528, 25183.87043219257, 24618.480157375812, 29760.225567528294
21, 30089.052673958788, 24534.77426962729, 30089.052673958788, 27526.99085740395, 24607.78641015023, 29822.562044789673
22, 30183.58844309973, 24605.682226443434, 30183.58844309973, 27098.15061623047, 24606.983246314252, 29888.692580567684
23, 30221.992041305493, 24664.51972786481, 30221.992041305493, 25835.304445938233, 24616.385127110043, 29955.154372592202
24, 30229.748002912558, 24525.014523534745, 30229.748002912558, 24572.77697624824, 24627.181793130472, 30016.34000201596
25, 30550.646141591755, 24414.980868816696, 30550.646141591755, 25275.311410097736, 24612.556422812973, 30063.611312206864
26, 30595.433789677674, 24450.82771411253, 30595.433789677674, 29173.417611610497, 24553.870140058403, 30172.386801433815
27, 30709.43368995563, 24685.1316766049, 30709.43368995563, 28641.34837041467, 24523.2537565394, 30305.050126235506
28, 30709.43368995563, 24685.1316766049, 30709.43368995563, 25076.8140024703, 24562.117756606283, 30422.258600551253
29, 30709.43368995563, 24685.1316766049, 30709.43368995563, 24958.044967506445, 24546.306524139385, 30490.705530557883
30, 30738.229689207838, 24616.421709920654, 30738.229689207838, 25331.836401135864, 24565.687642676156, 30528.272986472202
31, 31026.920321462123, 24589.6493411692, 31026.920321462123, 25877.783808605254, 24563.39532705464, 30575.245969743137
32, 31133.717963560932, 24605.7238706368, 31133.717963560932, 26947.98974090515, 24557.12570949388, 30673.57977013777
33, 31284.965229051235, 24493.350389364423, 31284.965229051235, 26183.970539748414, 24603.631617150022, 30776.14666057885
34, 31360.366589825073, 24353.17802014507, 31360.366589825073, 29704.26745481466, 24578.431002481942, 30899.94243211775
35, 31360.366589825073, 24353.17802014507, 31360.366589825073, 29870.792016425625, 24556.621539964966, 31069.265006801466
36, 31398.619804426355, 24445.238595578197, 31398.619804426355, 30819.78794958629, 24488.510903482027, 31163.051690967775
37, 31398.619804426355, 24445.238595578197, 31398.619804426355, 29674.72150224286, 24508.55794293834, 31210.196907271744
38, 31398.619804426355, 24445.238595578197, 31398.619804426355, 29039.195412871104, 24515.114660425832, 31255.097274486518
39, 31477.171714899818, 24682.693257575393, 31477.171714899818, 30259.765704370067, 24487.816622256993, 31283.74530648601
40, 31477.171714899818, 24682.693257575393, 31477.171714899818, 25656.44893336456, 24548.68573755009, 31308.33321833038
41, 31477.171714899818, 24682.693257575393, 31477.171714899818, 26185.791475702004, 24560.928204393418, 31327.421062418576
42, 31477.171714899818, 24682.693257575393, 31477.171714899818, 25173.648746310322, 24531.870124981815, 31345.13058330302
43, 31539.142215141375, 24611.584301172483, 31539.142215141375, 28785.860055872265, 24526.9157280142, 31362.847231275337
44, 31736.76928519439, 24539.83691018497, 31736.76928519439, 27798.84480718902, 24572.177945079045, 31424.771547330667
45, 31874.31579904038, 24613.374269106876, 31874.31579904038, 28004.607560703167, 24580.552628540358, 31460.362485802918
46, 31874.31579904038, 24613.374269106876, 31874.31579904038, 27701.584205421346, 24604.111208111914, 31521.392319064358
47, 31874.31579904038, 24613.374269106876, 31874.31579904038, 27400.162767930287, 24620.839809741243, 31556.189302390845
48, 31886.583127595903, 24600.590257585107, 31886.583127595903, 27639.01099448511, 24603.214849604377, 31626.59078626847
49, 31886.583127595903, 24600.590257585107, 31886.583127595903, 26486.0349373402, 24617.70511222048, 31694.602025367232
50, 31886.583127595903, 24600.590257585107, 31886.583127595903, 25997.93199568529, 24623.43189112462, 31723.918356661092
51, 31918.532265379956, 24570.110830103815, 31918.532265379956, 27767.155658433832, 24615.5557732305, 31763.52835532371
52, 32045.97182073995, 24502.377178006176, 32045.97182073995, 29716.484595053196, 24584.53342345409, 31800.50515341265
53, 32105.64892378875, 24575.928593482116, 32105.64892378875, 28865.185519164428, 24599.28903739368, 31828.856287929957
54, 32105.64892378875, 24575.928593482116, 32105.64892378875, 27502.037509160225, 24615.607555264447, 31870.78160615755
55, 32114.590117701122, 24542.169257654532, 32114.590117701122, 27871.101562143238, 24608.70814762258, 31886.692507365886
56, 32123.385840851977, 24471.482220014987, 32123.385840851977, 27897.59759907939, 24589.875376486354, 31912.203327042505
57, 32209.37542128131, 24590.31956469522, 32209.37542128131, 29161.672386524246, 24550.379150098113, 31961.481794012983
58, 32209.37542128131, 24590.31956469522, 32209.37542128131, 26746.464819596422, 24570.13955681869, 31994.030682031433
59, 32345.592610290674, 24576.592974557705, 32345.592610290674, 27828.81633962872, 24576.798484656058, 32032.377681409802
60, 32390.178121516754, 24628.79262824498, 32390.178121516754, 28933.10131334708, 24581.032032110248, 32098.84447488265
61, 32444.819088844517, 24584.534350950304, 32444.819088844517, 27377.464065764318, 24614.95773936356, 32134.801267323473
62, 32444.819088844517, 24584.534350950304, 32444.819088844517, 28470.42145894001, 24607.726709611674, 32171.209782918006
63, 32444.819088844517, 24584.534350950304, 32444.819088844517, 29031.214988217023, 24614.47451883514, 32204.99495124681
64, 32444.819088844517, 24584.534350950304, 32444.819088844517, 27295.295846056168, 24600.838707770872, 32235.44233723501
65, 32444.819088844517, 24584.534350950304, 32444.819088844517, 28037.810720336434, 24594.69042563859, 32270.2275674297
66, 32444.819088844517, 24584.534350950304, 32444.819088844517, 27704.371972099234, 24599.32164348965, 32282.19609500474
67, 32444.819088844517, 24584.534350950304, 32444.819088844517, 28434.0023527856, 24595.871577704842, 32314.01154014328
68, 32519.754112360923, 24468.588429714382, 32519.754112360923, 27390.752348066173, 24600.541051641147, 32325.29511768806
69, 32664.981161801752, 24623.425604888555, 32664.981161801752, 31308.408972429366, 24553.723916055296, 32366.949481759762
70, 32664.981161801752, 24623.425604888555, 32664.981161801752, 26904.442346790922, 24581.451161517332, 32412.359449443324
71, 32664.981161801752, 24623.425604888555, 32664.981161801752, 27638.090126925286, 24593.095342660235, 32426.967831363156
72, 32664.981161801752, 24623.425604888555, 32664.981161801752, 27484.425216940563, 24612.012027959878, 32458.186508539435
73, 32664.981161801752, 24623.425604888555, 32664.981161801752, 26092.83704278985, 24615.42559736734, 32489.920071062326
74, 32664.981161801752, 24623.425604888555, 32664.981161801752, 26472.509594718194, 24625.157599516624, 32507.4884127769
75, 32701.055000199474, 24545.022707886477, 32701.055000199474, 27035.15014714687, 24614.11835247394, 32541.571467416485
76, 32701.055000199474, 24545.022707886477, 32701.055000199474, 29003.16809428759, 24561.60178772705, 32554.555647394016
77, 32720.80368311944, 24579.80862594482, 32720.80368311944, 28127.310989355257, 24579.92731631632, 32579.05822982463
78, 32720.80368311944, 24579.80862594482, 32720.80368311944, 28505.333787393552, 24624.287713989765, 32596.58017103351
79, 32720.80368311944, 24579.80862594482, 32720.80368311944, 28336.24684645548, 24646.639261342672, 32605.22604526135
80, 32720.80368311944, 24579.80862594482, 32720.80368311944, 27804.609032653338, 24642.615290474212, 32607.077852417253
81, 32720.80368311944, 24579.80862594482, 32720.80368311944, 27984.04467204977, 24638.600549452665, 32607.61578471474
82, 32731.95871262856, 24622.156449178892, 32731.95871262856, 28001.975454822084, 24627.377862234483, 32633.616072985038
83, 32731.95871262856, 24622.156449178892, 32731.95871262856, 27645.86961913148, 24614.94876260135, 32627.911963983526
84, 32731.95871262856, 24622.156449178892, 32731.95871262856, 27665.451386634533, 24618.832799418942, 32644.704207407904
85, 32731.95871262856, 24622.156449178892, 32731.95871262856, 27127.90260822637, 24634.17009387465, 32642.901277183366
86, 32741.515723293665, 24649.31433125562, 32741.515723293665, 26953.407890877406, 24634.31184357657, 32649.524507047896
87, 32741.515723293665, 24649.31433125562, 32741.515723293665, 27312.725928418946, 24627.31771835573, 32651.135461326634
88, 32890.039772853255, 24641.906240272663, 32890.039772853255, 28747.871406443228, 24617.25476018432, 32667.88032095453
89, 32902.14451111564, 24639.127231179624, 32902.14451111564, 26433.711707822018, 24646.489014603307, 32691.816871468258
90, 32902.14451111564, 24639.127231179624, 32902.14451111564, 26622.252783920907, 24644.519005816917, 32699.566480073187
91, 32955.56285821831, 24618.77746938909, 32955.56285821831, 27170.958346699503, 24647.681114493793, 32724.117387081285
92, 32958.4381797994, 24652.534802399485, 32958.4381797994, 27374.300626296234, 24656.77497020569, 32760.956645573708
93, 32958.4381797994, 24652.534802399485, 32958.4381797994, 27397.917498120372, 24652.224934484373, 32774.08144398554
94, 32958.4381797994, 24652.534802399485, 32958.4381797994, 26006.65362429839, 24678.64919157381, 32825.818017143545
95, 32958.4381797994, 24652.534802399485, 32958.4381797994, 27099.705779818476, 24680.556004492828, 32826.75986635567
96, 32958.4381797994, 24652.534802399485, 32958.4381797994, 26391.976287765992, 24689.033622193412, 32840.87396278314
97, 33017.37979430131, 24647.784669551056, 33017.37979430131, 26760.219707413522, 24684.277373905745, 32865.94439386096
98, 33017.37979430131, 24647.784669551056, 33017.37979430131, 26411.55387147189, 24682.559126648903, 32876.22241547536
99, 33017.37979430131, 24647.784669551056, 33017.37979430131, 27681.74330726282, 24664.103557326212, 32882.707361070854
100, 33017.37979430131, 24647.784669551056, 33017.37979430131, 26785.0300498717, 24684.738620110274, 32883.69853335495
101, 33017.37979430131, 24647.784669551056, 33017.37979430131, 26424.807835675383, 24691.168276472134, 32878.43124012535
102, 33017.37979430131, 24647.784669551056, 33017.37979430131, 26434.214635364548, 24698.972017801847, 32895.28147840193
103, 33017.37979430131, 24647.784669551056, 33017.37979430131, 26971.961084444287, 24691.22320762487, 32892.07487719051
104, 33017.37979430131, 24647.784669551056, 33017.37979430131, 26967.817806216917, 24690.759225858063, 32897.95398827404
105, 33017.37979430131, 24647.784669551056, 33017.37979430131, 27513.420455325908, 24684.456520579293, 32895.131365832545
106, 33017.37979430131, 24647.784669551056, 33017.37979430131, 27161.804247124495, 24687.46713424101, 32900.699314384074
107, 33017.37979430131, 24647.784669551056, 33017.37979430131, 27173.075417185923, 24688.5448326387, 32917.90571664811
108, 33017.37979430131, 24647.784669551056, 33017.37979430131, 27722.868838224953, 24683.836065598247, 32929.524610769964
109, 33057.2256425968, 24584.86425738597, 33057.2256425968, 27557.500663190232, 24676.48541854348, 32933.916913284425
110, 33057.2256425968, 24584.86425738597, 33057.2256425968, 27910.281358690667, 24673.899132159793, 32939.93532919461
111, 33057.2256425968, 24584.86425738597, 33057.2256425968, 28453.48270184366, 24669.967492267493, 32946.36760746261
112, 33057.2256425968, 24584.86425738597, 33057.2256425968, 27915.90183662638, 24673.087556751758, 32946.25595837441
113, 33057.2256425968, 24584.86425738597, 33057.2256425968, 28089.73732936723, 24668.97236571713, 32938.281129267714
114, 33059.38302536237, 24506.71052223092, 33059.38302536237, 27377.428002081244, 24679.106543124002, 32936.876859255055
115, 33059.38302536237, 24506.71052223092, 33059.38302536237, 30438.415923897915, 24644.269096200547, 32955.422349907356
116, 33099.791454792176, 24642.746155361994, 33099.791454792176, 27024.039737095027, 24671.861888264884, 32964.29110311247
117, 33099.791454792176, 24642.746155361994, 33099.791454792176, 27387.74279220537, 24664.141821600584, 32974.739537326626
118, 33114.31670938472, 24574.956906201867, 33114.31670938472, 27036.927816738862, 24654.626589096995, 32980.87437758954
119, 33114.31670938472, 24574.956906201867, 33114.31670938472, 28491.695219782043, 24622.633113453303, 32989.73608056242
120, 33114.31670938472, 24574.956906201867, 33114.31670938472, 28321.76837509738, 24625.369641585177, 32998.889155417186
121, 33114.31670938472, 24574.956906201867, 33114.31670938472, 27950.19707083842, 24624.443125051446, 32987.666163850896
122, 33195.84228232266, 24623.132771842567, 33195.84228232266, 28318.88152943038, 24622.978499787758, 33001.72484902602
123, 33195.84228232266, 24623.132771842567, 33195.84228232266, 27609.50848842422, 24630.91527303302, 33029.60000068759
124, 33195.84228232266, 24623.132771842567, 33195.84228232266, 27438.514803870654, 24625.787468341183, 33036.02957562198
125, 33215.21725122314, 24552.66922489602, 33215.21725122314, 27461.65860158307, 24645.631378428934, 33060.36355832863
126, 33215.21725122314, 24552.66922489602, 33215.21725122314, 29090.392958565768, 24616.073964221025, 33056.42778857243
127, 33269.218786464226, 24628.498336989673, 33269.218786464226, 28014.710706006197, 24623.288574264345, 33073.59132927663
128, 33269.218786464226, 24628.498336989673, 33269.218786464226, 27303.06414939716, 24632.69683581248, 33091.7837249015
129, 33269.218786464226, 24628.498336989673, 33269.218786464226, 27678.621931112833, 24645.082378959054, 33095.697571907134
130, 33269.218786464226, 24628.498336989673, 33269.218786464226, 27336.472518182047, 24642.100795973216, 33124.19457192723
131, 33269.218786464226, 24628.498336989673, 33269.218786464226, 26627.60854750115, 24657.830008182387, 33127.1166618982
132, 33269.218786464226, 24628.498336989673, 33269.218786464226, 27718.59025154074, 24634.009911625835, 33141.639869909246
133, 33293.38274338831, 24663.660192593343, 33293.38274338831, 26638.92240447265, 24648.927045464337, 33152.85104080534
134, 33293.38274338831, 24663.660192593343, 33293.38274338831, 27734.92225897091, 24620.326590830973, 33166.132102889205
135, 33293.38274338831, 24663.660192593343, 33293.38274338831, 27022.47949654112, 24642.064694566452, 33177.61002044327
136, 33293.38274338831, 24663.660192593343, 33293.38274338831, 27761.052409276617, 24648.655020871072, 33185.562870237154
137, 33293.38274338831, 24663.660192593343, 33293.38274338831, 26857.21468324457, 24676.658683419337, 33189.36654153333
138, 33293.38274338831, 24663.660192593343, 33293.38274338831, 27036.999826054696, 24681.505726983418, 33185.2636936634
139, 33293.38274338831, 24663.660192593343, 33293.38274338831, 26681.8709414814, 24685.31043995382, 33203.273805329154
140, 33293.38274338831, 24663.660192593343, 33293.38274338831, 27400.012822507048, 24682.912029482322, 33184.8680028242
141, 33293.38274338831, 24663.660192593343, 33293.38274338831, 26684.2387744451, 24683.293243839176, 33206.214098290846
142, 33449.483424647806, 24650.30759273194, 33449.483424647806, 27598.16246276802, 24689.2436428449, 33237.452501308646
143, 33449.483424647806, 24650.30759273194, 33449.483424647806, 26513.49059044207, 24696.136688796636, 33240.49316015368
144, 33449.483424647806, 24650.30759273194, 33449.483424647806, 28156.263831310385, 24691.155965374313, 33253.584730946815
145, 33466.23464332217, 24629.59223984265, 33466.23464332217, 27072.580712988543, 24702.254795000965, 33253.507127635356
146, 33466.23464332217, 24629.59223984265, 33466.23464332217, 27982.462252328256, 24691.9987395897, 33249.91300799603
147, 33466.23464332217, 24629.59223984265, 33466.23464332217, 27076.801323586827, 24689.276064116897, 33263.859890749154
148, 33466.23464332217, 24629.59223984265, 33466.23464332217, 27276.202505302062, 24678.617617154683, 33275.26805065064
149, 33466.23464332217, 24629.59223984265, 33466.23464332217, 27837.363264864547, 24686.006081230647, 33300.64535100809
150, 33466.23464332217, 24629.59223984265, 33466.23464332217, 26964.291971365565, 24678.859290967634, 33327.28017695327
151, 33466.23464332217, 24629.59223984265, 33466.23464332217, 27729.22384758375, 24658.69188327614, 33374.60238063495
152, 33466.23464332217, 24629.59223984265, 33466.23464332217, 27002.609066832712, 24690.70961347855, 33373.301639951045
153, 33491.08265548922, 24630.403348134943, 33491.08265548922, 27740.6656428754, 24674.951614498754, 33381.74363868463
154, 33491.08265548922, 24630.403348134943, 33491.08265548922, 27929.403288042824, 24668.387550973235, 33387.017959333316
155, 33491.08265548922, 24630.403348134943, 33491.08265548922, 27561.979602910324, 24671.216202991942, 33386.751796859084
156, 33491.08265548922, 24630.403348134943, 33491.08265548922, 27565.01440785348, 24670.224129795097, 33384.53632547936
157, 33491.08265548922, 24630.403348134943, 33491.08265548922, 26657.183593936337, 24675.031524239912, 33397.26391669713
158, 33491.08265548922, 24630.403348134943, 33491.08265548922, 27380.852927226006, 24672.5335990267, 33387.963153564655
159, 33491.08265548922, 24630.403348134943, 33491.08265548922, 27933.955805902267, 24669.631920883618, 33400.45192698133
160, 33511.63633003495, 24628.237040029308, 33511.63633003495, 27752.315563564905, 24670.28142355526, 33399.78507173761
161, 33511.63633003495, 24628.237040029308, 33511.63633003495, 27931.997475670436, 24663.575277261978, 33393.10082721431
162, 33511.63633003495, 24628.237040029308, 33511.63633003495, 26669.120509921988, 24686.00827027207, 33402.28346231311
163, 33569.79392372873, 24661.982631427418, 33569.79392372873, 27221.553226303018, 24669.983395818483, 33418.10708342735
164, 33569.79392372873, 24661.982631427418, 33569.79392372873, 27771.76363411069, 24673.167248839352, 33421.58542603139
165, 33569.79392372873, 24661.982631427418, 33569.79392372873, 27588.93912195116, 24684.07097503593, 33419.660821698846
166, 33569.79392372873, 24661.982631427418, 33569.79392372873, 27228.36479234873, 24679.22377157438, 33423.4888577361
167, 33569.79392372873, 24661.982631427418, 33569.79392372873, 26498.6158708414, 24681.036634764157, 33436.946030196246
168, 33569.79392372873, 24661.982631427418, 33569.79392372873, 26692.089339046408, 24682.12706489927, 33434.364265414464
169, 33708.16993053432, 24654.513507582178, 33708.16993053432, 27071.060290089517, 24682.377207368325, 33493.25290987439
170, 33708.16993053432, 24654.513507582178, 33708.16993053432, 26711.492337392818, 24684.35973024765, 33493.53884086945
171, 33708.16993053432, 24654.513507582178, 33708.16993053432, 27820.008170702342, 24680.09896125719, 33495.87461987568
172, 33708.16993053432, 24654.513507582178, 33708.16993053432, 27480.783115529164, 24688.131538685197, 33528.262439431026
173, 33708.16993053432, 24654.513507582178, 33708.16993053432, 27847.84966392298, 24678.984611947973, 33520.862184389065
174, 33708.16993053432, 24654.513507582178, 33708.16993053432, 28034.09833446339, 24666.560431063575, 33532.362274327614
175, 33708.16993053432, 24654.513507582178, 33708.16993053432, 27496.96465241923, 24662.593042805398, 33537.17524573414
176, 33708.16993053432, 24654.513507582178, 33708.16993053432, 26232.28229547758, 24660.843255018528, 33558.4130653657
177, 33708.16993053432, 24654.513507582178, 33708.16993053432, 26973.050467548277, 24644.47851650535, 33563.94980296362
178, 33708.16993053432, 24654.513507582178, 33708.16993053432, 26972.78705518668, 24637.706692997668, 33558.23524686045
179, 33708.16993053432, 24654.513507582178, 33708.16993053432, 27525.188591733062, 24638.800654938495, 33569.17374622438
180, 33708.16993053432, 24654.513507582178, 33708.16993053432, 27712.91256059648, 24636.40724222767, 33572.06029302497
181, 33848.49064683555, 24618.68449962944, 33848.49064683555, 27359.02064868922, 24639.212991974633, 33590.38553166855
182, 33848.49064683555, 24618.68449962944, 33848.49064683555, 27740.29793938496, 24623.226206448548, 33618.992874574
183, 33848.49064683555, 24618.68449962944, 33848.49064683555, 27755.319763380267, 24646.19377094792, 33646.800953385085
184, 33848.49064683555, 24618.68449962944, 33848.49064683555, 27402.263892263916, 24686.068759743037, 33653.71952620377
185, 33848.49064683555, 24618.68449962944, 33848.49064683555, 28324.883415075095, 24676.383350635653, 33659.28952015267
186, 33848.49064683555, 24618.68449962944, 33848.49064683555, 28144.15102117915, 24682.647041448618, 33653.0050907328
187, 33848.49064683555, 24618.68449962944, 33848.49064683555, 27962.644279602577, 24679.749907104397, 33660.87515630567
188, 33848.49064683555, 24618.68449962944, 33848.49064683555, 27791.468445782302, 24685.3199066048, 33672.9141337021
189, 33848.49064683555, 24618.68449962944, 33848.49064683555, 27623.937892320777, 24679.400250134247, 33696.17296807857
190, 33848.49064683555, 24618.68449962944, 33848.49064683555, 27102.195919546826, 24664.714927383207, 33717.891231101814
191, 33848.49064683555, 24618.68449962944, 33848.49064683555, 28058.0538829391, 24656.466608912713, 33760.000025715664
192, 33848.49064683555, 24618.68449962944, 33848.49064683555, 28434.775940946947, 24657.137895517135, 33761.01909214368
193, 33863.126132844445, 24604.663454858684, 33863.126132844445, 27693.080506954942, 24667.21711170248, 33759.094658862996
194, 33863.126132844445, 24604.663454858684, 33863.126132844445, 28238.09023724012, 24658.832350356828, 33748.91291361055
195, 33974.51645735503, 24682.77606022519, 33974.51645735503, 28252.135655644423, 24664.891787328375, 33785.50179584843
196, 33974.51645735503, 24682.77606022519, 33974.51645735503, 26591.697203322314, 24677.885040944217, 33787.817871009014
197, 33974.51645735503, 24682.77606022519, 33974.51645735503, 26965.020610710086, 24677.647639519484, 33799.05346198464
198, 33974.51645735503, 24682.77606022519, 33974.51645735503, 26780.047604735377, 24676.550702635694, 33775.48424444263
199, 33974.51645735503, 24682.77606022519, 33974.51645735503, 27339.376631148596, 24676.66427436713, 33793.88707406486
200, 33974.51645735503, 24682.77606022519, 33974.51645735503, 26604.32172405799, 24685.662124469432, 33809.39017885983
201, 33974.51645735503, 24682.77606022519, 33974.51645735503, 27167.029329277888, 24678.96638816146, 33810.49167553786
202, 33974.51645735503, 24682.77606022519, 33974.51645735503, 28104.45497924792, 24676.249078437897, 33826.06514033415
203, 33974.51645735503, 24682.77606022519, 33974.51645735503, 27196.32203833531, 24695.65611354218, 33833.44296713669
204, 33974.51645735503, 24682.77606022519, 33974.51645735503, 26847.3915913379, 24708.6113393762, 33854.40379396905
205, 33974.51645735503, 24682.77606022519, 33974.51645735503, 27584.75337550544, 24703.015953905386, 33861.36703222598
206, 33974.51645735503, 24682.77606022519, 33974.51645735503, 26670.219231298768, 24708.849608398057, 33868.07703497283
207, 33974.51645735503, 24682.77606022519, 33974.51645735503, 27232.415266030206, 24721.820672575584, 33872.64029263778
208, 34089.845315098, 24637.14518122639, 34089.845315098, 27983.975800755583, 24713.92066066284, 33888.473989289596
209, 34089.845315098, 24637.14518122639, 34089.845315098, 27430.27702381189, 24713.029172564744, 33909.55340015571
210, 34089.845315098, 24637.14518122639, 34089.845315098, 28357.491539684896, 24711.560376157013, 33900.98083859769
211, 34089.845315098, 24637.14518122639, 34089.845315098, 28538.462925927837, 24711.011644692084, 33903.529190499365
212, 34089.845315098, 24637.14518122639, 34089.845315098, 26881.122658976903, 24713.718585452, 33919.73952648808
213, 34089.845315098, 24637.14518122639, 34089.845315098, 28184.33021958854, 24715.175066187614, 33920.26840921368
214, 34089.845315098, 24637.14518122639, 34089.845315098, 27441.049817697665, 24709.39664588842, 33904.23216763199
215, 34089.845315098, 24637.14518122639, 34089.845315098, 27456.005724781673, 24713.02049363455, 33931.44207387013
216, 34089.845315098, 24637.14518122639, 34089.845315098, 27477.75542426489, 24697.22345545836, 33951.86506266516
217, 34089.845315098, 24637.14518122639, 34089.845315098, 27312.24708721901, 24699.181035011137, 33968.096160033216
218, 34089.845315098, 24637.14518122639, 34089.845315098, 27323.487499029852, 24704.377378656343, 33979.59319197937
219, 34089.845315098, 24637.14518122639, 34089.845315098, 27334.65115711488, 24677.33918644582, 34003.930432406814
220, 34089.845315098, 24637.14518122639, 34089.845315098, 28257.38196933964, 24685.102211027377, 33994.262100545006
221, 34137.90062584486, 24671.561676229732, 34137.90062584486, 27332.897273167317, 24691.590207793106, 34003.160086631055
222, 34137.90062584486, 24671.561676229732, 34137.90062584486, 27706.61616141503, 24688.377467998518, 34007.86002752349
223, 34137.90062584486, 24671.561676229732, 34137.90062584486, 27515.507903955913, 24682.317778789202, 34004.04586733669
224, 34137.90062584486, 24671.561676229732, 34137.90062584486, 26781.92772442518, 24696.26264530097, 34007.880445871146
225, 34137.90062584486, 24671.561676229732, 34137.90062584486, 27708.509070091783, 24692.08036031615, 34017.550713098004
226, 34137.90062584486, 24671.561676229732, 34137.90062584486, 28078.352193633964, 24684.508749640496, 34011.83991386982
227, 34137.90062584486, 24671.561676229732, 34137.90062584486, 28079.44420040142, 24684.98955332741, 34011.23478300274
228, 34137.90062584486, 24671.561676229732, 34137.90062584486, 27338.951530208895, 24701.119046266685, 33996.24281734518
229, 34195.291274054325, 24427.349718638503, 34195.291274054325, 31427.235702610848, 24640.815449891095, 34026.940124918285
230, 34195.291274054325, 24427.349718638503, 34195.291274054325, 32365.145023088702, 24633.521611089214, 34035.69520192315
231, 34195.291274054325, 24427.349718638503, 34195.291274054325, 31267.655376610775, 24657.792623667236, 34051.59766898157
232, 34195.291274054325, 24427.349718638503, 34195.291274054325, 32380.0658675531, 24644.519710550605, 34054.37919407749
233, 34195.291274054325, 24427.349718638503, 34195.291274054325, 31277.67569537091, 24651.026249075512, 34055.60428392338
234, 34195.291274054325, 24427.349718638503, 34195.291274054325, 32205.70451737521, 24638.045265675053, 34064.04382640142
235, 34195.291274054325, 24427.349718638503, 34195.291274054325, 31097.75840956141, 24632.325255612883, 34055.5079915822
236, 34195.291274054325, 24427.349718638503, 34195.291274054325, 32042.730565551356, 24615.786582446304, 34079.29719926172
237, 34195.291274054325, 24427.349718638503, 34195.291274054325, 31687.034675621908, 24591.360501263716, 34104.255614164176
238, 34195.291274054325, 24427.349718638503, 34195.291274054325, 32240.069096676187, 24595.25617052241, 34094.8192667642
239, 34195.291274054325, 24427.349718638503, 34195.291274054325, 31305.22502524188, 24570.251330147876, 34084.42112510369
240, 34240.11153825172, 24427.015207153465, 34240.11153825172, 31318.221012997175, 24527.5076047293, 34103.09955487075
241, 34240.11153825172, 24427.015207153465, 34240.11153825172, 32245.73090895618, 24474.31497613669, 34096.85264164504
242, 34240.11153825172, 24427.015207153465, 34240.11153825172, 32808.81119948309, 24464.362958876416, 34107.89039843836
243, 34240.11153825172, 24427.015207153465, 34240.11153825172, 31696.116392235268, 24474.060937113078, 34105.807013609025
244, 34240.11153825172, 24427.015207153465, 34240.11153825172, 32243.468732151894, 24464.781741127434, 34101.58847850115
245, 34244.243894783656, 24672.10402772569, 34244.243894783656, 27235.293649075058, 24529.043879791727, 34112.97182934856
246, 34244.243894783656, 24672.10402772569, 34244.243894783656, 27050.140947662054, 24544.561577065164, 34116.82092467726
247, 34244.243894783656, 24672.10402772569, 34244.243894783656, 27424.426645510834, 24538.91719496399, 34109.187387130354
248, 34244.243894783656, 24672.10402772569, 34244.243894783656, 26868.40063846902, 24552.872949750297, 34124.15296111469
249, 34244.243894783656, 24672.10402772569, 34244.243894783656, 27242.066181666058, 24549.638505293726, 34116.22015602308
250, 34244.243894783656, 24672.10402772569, 34244.243894783656, 27246.474770746303, 24565.553183114047, 34131.825356619695
251, 34300.37508235913, 24557.641686517596, 34300.37508235913, 29119.7650195723, 24572.1483944793, 34152.30744012282
252, 34300.37508235913, 24557.641686517596, 34300.37508235913, 29683.50230073327, 24581.911116155068, 34156.70335566724
253, 34300.37508235913, 24557.641686517596, 34300.37508235913, 29506.96910059061, 24581.35379194142, 34157.95969771519
254, 34300.37508235913, 24557.641686517596, 34300.37508235913, 30059.273839944057, 24621.302489338646, 34162.973868388726
255, 34300.37508235913, 24557.641686517596, 34300.37508235913, 29700.32722197443, 24683.85690281087, 34162.937277594974
256, 34300.37508235913, 24557.641686517596, 34300.37508235913, 29133.877287741245, 24683.620679533426, 34165.907207324024
257, 34300.37508235913, 24557.641686517596, 34300.37508235913, 28391.159419484466, 24693.422384071517, 34163.328258761416
258, 34300.37508235913, 24557.641686517596, 34300.37508235913, 29511.207620646604, 24678.75291086509, 34162.708632138696
259, 34300.37508235913, 24557.641686517596, 34300.37508235913, 29518.359973175266, 24668.49562842252, 34175.765232558406
260, 34300.37508235913, 24557.641686517596, 34300.37508235913, 29521.209794643986, 24652.86072118405, 34181.072950705755
261, 34300.37508235913, 24557.641686517596, 34300.37508235913, 28976.17179290441, 24640.653081280234, 34199.38015368677
262, 34300.37508235913, 24557.641686517596, 34300.37508235913, 29547.42357298889, 24601.245945416023, 34201.266373681545
263, 34300.37508235913, 24557.641686517596, 34300.37508235913, 28617.335472916253, 24609.414254162904, 34201.08235645423
264, 34300.37508235913, 24557.641686517596, 34300.37508235913, 29742.823913199183, 24595.550359725537, 34212.12133568957
265, 34300.37508235913, 24557.641686517596, 34300.37508235913, 29735.612883920065, 24595.19778812389, 34206.01613447057
266, 34300.37508235913, 24557.641686517596, 34300.37508235913, 28438.888155495017, 24605.15318140112, 34198.05274103617
267, 34359.0387586167, 24575.43843433629, 34359.0387586167, 29367.140303003278, 24598.289870953413, 34206.05204101119
268, 34359.0387586167, 24575.43843433629, 34359.0387586167, 28440.538749083156, 24609.236150475102, 34216.889235890994
269, 34359.0387586167, 24575.43843433629, 34359.0387586167, 28438.65694718266, 24616.668472487014, 34215.08836349051
270, 34359.0387586167, 24575.43843433629, 34359.0387586167, 30304.846373627817, 24593.547008948564, 34223.71774128001
271, 34359.0387586167, 24575.43843433629, 34359.0387586167, 29184.785583045646, 24610.364854955576, 34221.8474976878
272, 34359.0387586167, 24575.43843433629, 34359.0387586167, 28631.470944729957, 24611.15629816894, 34224.95982883863
273, 34359.0387586167, 24575.43843433629, 34359.0387586167, 28996.263482861974, 24605.344703872874, 34220.27152483338
274, 34359.0387586167, 24575.43843433629, 34359.0387586167, 28631.15780125614, 24618.306141125002, 34224.37568364669
275, 34359.0387586167, 24575.43843433629, 34359.0387586167, 29755.999083419683, 24604.95508195861, 34226.69295318252
276, 34359.0387586167, 24575.43843433629, 34359.0387586167, 28829.663735644135, 24620.316834955403, 34244.42461501683
277, 34373.84736775786, 24676.936614079485, 34373.84736775786, 29217.806490693405, 24615.43728482119, 34246.56286243773
278, 34373.84736775786, 24676.936614079485, 34373.84736775786, 28107.762663276757, 24642.883200674856, 34264.1240189517
279, 34373.84736775786, 24676.936614079485, 34373.84736775786, 26990.872837725998, 24643.729631247676, 34267.3677197178
280, 34376.70486881639, 24469.887253077344, 34376.70486881639, 29976.79045084647, 24605.560948693517, 34263.02424145298
281, 34456.62346711345, 24474.039203979024, 34456.62346711345, 30728.591180534753, 24601.59448120781, 34279.2335035817
282, 34456.62346711345, 24474.039203979024, 34456.62346711345, 30175.131062435554, 24609.736631708973, 34274.403828306655
283, 34456.62346711345, 24474.039203979024, 34456.62346711345, 30182.70343810509, 24615.90844252158, 34294.29741640783
284, 34456.62346711345, 24474.039203979024, 34456.62346711345, 30553.695717061768, 24617.123844058882, 34294.91021510718
285, 34531.30878569827, 24547.84134883044, 34531.30878569827, 30557.24586524125, 24632.763561532673, 34301.0142386841
286, 34531.30878569827, 24547.84134883044, 34531.30878569827, 29997.74253312852, 24628.264861027146, 34296.88912730739
287, 34531.30878569827, 24547.84134883044, 34531.30878569827, 30012.39487385188, 24601.150119058904, 34320.48905349832
288, 34531.30878569827, 24547.84134883044, 34531.30878569827, 29447.65980746114, 24547.94587591493, 34308.8230473037
289, 34625.914417858505, 24674.78327647874, 34625.914417858505, 29268.11758864441, 24559.722706588236, 34323.65951272925
290, 34625.914417858505, 24674.78327647874, 34625.914417858505, 27585.365480701388, 24599.405841385786, 34343.460732595195
291, 34625.914417858505, 24674.78327647874, 34625.914417858505, 27404.236814861288, 24624.357674082174, 34351.36672931813
292, 34625.914417858505, 24674.78327647874, 34625.914417858505, 27411.329069055122, 24639.824935320852, 34367.3828778133
293, 34625.914417858505, 24674.78327647874, 34625.914417858505, 27797.12832224441, 24633.22968019667, 34376.73433569981
294, 34625.914417858505, 24674.78327647874, 34625.914417858505, 26687.423979509735, 24589.46073262925, 34399.138059145684
295, 34625.914417858505, 24674.78327647874, 34625.914417858505, 27263.226325495343, 24596.909325684606, 34399.617772302045
296, 34625.914417858505, 24674.78327647874, 34625.914417858505, 27276.717385224227, 24604.22023225771, 34413.53359066518
297, 34625.914417858505, 24674.78327647874, 34625.914417858505, 27099.509613135666, 24630.420436755892, 34421.44908991587
298, 34625.914417858505, 24674.78327647874, 34625.914417858505, 27309.22745744086, 24665.68069649733, 34449.62115117273
299, 34625.914417858505, 24674.78327647874, 34625.914417858505, 26950.119053347855, 24664.297018072106, 34457.697429045984
300, 34625.914417858505, 24674.78327647874, 34625.914417858505, 27144.309345843732, 24682.246474101565, 34482.2584986216
301, 34625.914417858505, 24674.78327647874, 34625.914417858505, 26970.133082767876, 24705.70550360719, 34486.92639411231
302, 34625.914417858505, 24674.78327647874, 34625.914417858505, 27363.114356057155, 24710.691850512343, 34492.829711688275
303, 34625.914417858505, 24674.78327647874, 34625.914417858505, 27384.14497849263, 24723.59086700076, 34521.46508341875
304, 34625.914417858505, 24674.78327647874, 34625.914417858505, 28132.158200917864, 24724.105676414107, 34512.24632310235
305, 34625.914417858505, 24674.78327647874, 34625.914417858505, 27577.082647563904, 24715.602147017453, 34532.6492506859
306, 34625.914417858505, 24674.78327647874, 34625.914417858505, 27384.82681848193, 24717.093641156735, 34519.95840437362
307, 34625.914417858505, 24674.78327647874, 34625.914417858505, 27763.43923286098, 24722.268470331965, 34524.18038819497
308, 34705.758839628994, 24650.23366812256, 34705.758839628994, 27391.902004867658, 24719.16830193865, 34525.70555783124
309, 34705.758839628994, 24650.23366812256, 34705.758839628994, 28524.16218664228, 24708.629821677783, 34547.29912375567
310, 34705.758839628994, 24650.23366812256, 34705.758839628994, 28898.176456255576, 24706.362781016447, 34547.073609082414
311, 34705.758839628994, 24650.23366812256, 34705.758839628994, 27389.114570376136, 24718.843454979193, 34549.95475614002
312, 34705.758839628994, 24650.23366812256, 34705.758839628994, 28707.558621763223, 24708.361497191458, 34538.07748700853
313, 34705.758839628994, 24650.23366812256, 34705.758839628994, 27769.314135953344, 24710.26450662583, 34551.34908628893
314, 34705.758839628994, 24650.23366812256, 34705.758839628994, 27395.194543760463, 24719.200475394387, 34548.67125524988
315, 34705.758839628994, 24650.23366812256, 34705.758839628994, 28340.873715988124, 24713.701914610894, 34548.35279308116
316, 34705.758839628994, 24650.23366812256, 34705.758839628994, 28910.152965177545, 24691.761418543734, 34562.6268583835
317, 34705.758839628994, 24650.23366812256, 34705.758839628994, 28912.164889405052, 24705.330205007846, 34549.869147297984
318, 34740.101471939786, 24685.777713761712, 34740.101471939786, 28000.40651320356, 24697.327114160453, 34593.53607436932
319, 34740.101471939786, 24685.777713761712, 34740.101471939786, 27453.05165740358, 24704.747984305573, 34601.40333071218
320, 34740.101471939786, 24685.777713761712, 34740.101471939786, 27074.239336915627, 24709.709016597903, 34619.44294738472
321, 34740.101471939786, 24685.777713761712, 34740.101471939786, 27264.006611515644, 24710.920730706275, 34613.824136081945
322, 34740.101471939786, 24685.777713761712, 34740.101471939786, 27639.718088720707, 24705.796052083777, 34612.7248094827
323, 34740.101471939786, 24685.777713761712, 34740.101471939786, 27263.58078104716, 24712.503801331037, 34605.71294835785
324, 34740.101471939786, 24685.777713761712, 34740.101471939786, 27642.006938461916, 24713.937085500907, 34617.55367653855
325, 34740.101471939786, 24685.777713761712, 34740.101471939786, 27645.02189555189, 24708.358517578563, 34614.16945566136
326, 34740.101471939786, 24685.777713761712, 34740.101471939786, 27271.676728019353, 24718.739623630863, 34619.75553443632
327, 34740.101471939786, 24685.777713761712, 34740.101471939786, 28221.69830461847, 24719.010450728376, 34630.0067137554
328, 34740.101471939786, 24685.777713761712, 34740.101471939786, 28228.848577301367, 24736.53560275169, 34630.95018138452
329, 34740.101471939786, 24685.777713761712, 34740.101471939786, 26723.15497841519, 24736.788433461035, 34631.35394182233
330, 34740.101471939786, 24685.777713761712, 34740.101471939786, 27476.54240245675, 24735.78897296451, 34626.93059584822
331, 34740.101471939786, 24685.777713761712, 34740.101471939786, 27288.976950641252, 24741.40685401747, 34647.03593153756
332, 34740.101471939786, 24685.777713761712, 34740.101471939786, 28041.152517547664, 24729.54003740393, 34644.68109116173
333, 34740.101471939786, 24685.777713761712, 34740.101471939786, 27853.120028524645, 24732.508331765595, 34627.68914202791
334, 34740.101471939786, 24685.777713761712, 34740.101471939786, 27856.07916729117, 24732.178172970056, 34649.21372799156
335, 34740.101471939786, 24685.777713761712, 34740.101471939786, 27478.044119354767, 24731.509036813397, 34638.319746851856
336, 34740.101471939786, 24685.777713761712, 34740.101471939786, 27860.52749384188, 24724.7621882926, 34644.183923903554
337, 34740.101471939786, 24685.777713761712, 34740.101471939786, 27664.475920745055, 24735.368207452262, 34636.853283446995
338, 34740.101471939786, 24685.777713761712, 34740.101471939786, 27853.01532119967, 24735.317592289226, 34639.64633897621
339, 34740.101471939786, 24685.777713761712, 34740.101471939786, 28229.932761717853, 24724.84102707982, 34628.96983462895
340, 34740.101471939786, 24685.777713761712, 34740.101471939786, 27472.053284151745, 24735.52605893197, 34636.24080831382
341, 34740.101471939786, 24685.777713761712, 34740.101471939786, 28039.276744288138, 24719.119675129637, 34640.74529554999
342, 34740.101471939786, 24685.777713761712, 34740.101471939786, 27667.297502131507, 24737.92340798054, 34637.23880374064
343, 34740.101471939786, 24685.777713761712, 34740.101471939786, 27854.669823412532, 24730.527439703197, 34640.91720452778
344, 34740.101471939786, 24685.777713761712, 34740.101471939786, 27284.919583619132, 24736.773252730443, 34636.2118809946
345, 34740.101471939786, 24685.777713761712, 34740.101471939786, 27664.59465148941, 24732.363917398456, 34640.75650134857
346, 34740.101471939786, 24685.777713761712, 34740.101471939786, 27660.329934293808, 24726.60040249443, 34628.06126845782
347, 34766.0805310462, 24556.960103789796, 34766.0805310462, 27666.292270618982, 24729.470334738628, 34640.13633891865
348, 34766.0805310462, 24556.960103789796, 34766.0805310462, 30116.502111100373, 24697.418177608084, 34640.39775517215
349, 34766.0805310462, 24556.960103789796, 34766.0805310462, 28798.318303833188, 24705.910118644122, 34632.845019677894
350, 34766.0805310462, 24556.960103789796, 34766.0805310462, 28984.74193006852, 24704.66157725617, 34643.38166112664
351, 34766.0805310462, 24556.960103789796, 34766.0805310462, 29931.511180472797, 24690.635441105576, 34650.23272509244
352, 34766.0805310462, 24556.960103789796, 34766.0805310462, 29181.473823665317, 24698.911496979472, 34648.17642783008
353, 34766.0805310462, 24556.960103789796, 34766.0805310462, 29751.453357245962, 24683.704657234477, 34659.89706269581
354, 34766.0805310462, 24556.960103789796, 34766.0805310462, 28993.54123711741, 24678.81666257421, 34641.61335910701
355, 34766.0805310462, 24556.960103789796, 34766.0805310462, 28999.787791414714, 24660.367561327315, 34653.15047147806
356, 34766.0805310462, 24556.960103789796, 34766.0805310462, 28996.691162391555, 24640.955927170424, 34648.33195754952
357, 34766.0805310462, 24556.960103789796, 34766.0805310462, 29948.122659413966, 24599.661505493816, 34662.79111403923
358, 34766.0805310462, 24556.960103789796, 34766.0805310462, 29194.396246532855, 24612.82444589048, 34661.56363677768
359, 34766.0805310462, 24556.960103789796, 34766.0805310462, 29574.170771462603, 24606.969373609, 34663.04222762139
360, 34766.0805310462, 24556.960103789796, 34766.0805310462, 28440.872252437297, 24615.20806724662, 34653.21563886219
361, 34766.0805310462, 24556.960103789796, 34766.0805310462, 29385.191644988518, 24601.69646020383, 34662.865801974294
362, 34812.388588440146, 24647.80806320957, 34812.388588440146, 28060.286931196886, 24626.156305293905, 34687.36557540907
363, 34812.388588440146, 24647.80806320957, 34812.388588440146, 28630.563806244943, 24621.707461443966, 34676.79759048586
364, 34812.388588440146, 24647.80806320957, 34812.388588440146, 28632.91719534326, 24623.219469959964, 34677.165293630715
365, 34812.388588440146, 24647.80806320957, 34812.388588440146, 28631.975813883157, 24622.529644596187, 34678.85491363766
366, 34812.388588440146, 24647.80806320957, 34812.388588440146, 28255.44579511545, 24632.046559548813, 34670.15937832415
367, 34812.388588440146, 24647.80806320957, 34812.388588440146, 27693.01689267749, 24631.24169130442, 34682.09208975577
368, 34812.388588440146, 24647.80806320957, 34812.388588440146, 28072.098962944496, 24633.003814335443, 34686.08931897701
369, 34812.388588440146, 24647.80806320957, 34812.388588440146, 27316.57547547703, 24649.84449839488, 34684.043260222046
370, 34812.388588440146, 24647.80806320957, 34812.388588440146, 28078.012104959016, 24648.570071856324, 34689.45846744805
371, 34812.388588440146, 24647.80806320957, 34812.388588440146, 28647.30788727656, 24658.071602077565, 34691.78495473884
372, 34812.388588440146, 24647.80806320957, 34812.388588440146, 27900.548936239145, 24679.19090765001, 34695.28487796842
373, 34812.388588440146, 24647.80806320957, 34812.388588440146, 27913.88459800354, 24695.26682332115, 34713.244845507244
374, 34812.388588440146, 24647.80806320957, 34812.388588440146, 27723.56019740554, 24701.747129979118, 34699.47083256578
375, 34812.388588440146, 24647.80806320957, 34812.388588440146, 28102.77362716501, 24691.9173914306, 34718.60971184768
376, 34812.388588440146, 24647.80806320957, 34812.388588440146, 27533.112745588693, 24699.57502588968, 34697.00909281842
377, 34812.388588440146, 24647.80806320957, 34812.388588440146, 27155.63892918303, 24708.65606465121, 34703.27119672012
378, 34829.24508922487, 24504.842148349882, 34829.24508922487, 28102.281230394285, 24698.49698828832, 34706.16110858348
379, 34829.24508922487, 24504.842148349882, 34829.24508922487, 29981.263880996095, 24666.318992322125, 34700.940463400315
380, 34829.24508922487, 24504.842148349882, 34829.24508922487, 30372.51896593643, 24658.6490303339, 34720.87858537264
381, 34829.24508922487, 24504.842148349882, 34829.24508922487, 29613.178482421736, 24666.80536821257, 34707.83427443861
382, 34829.24508922487, 24504.842148349882, 34829.24508922487, 30562.850517680065, 24649.417946199206, 34717.03930984156
383, 34829.24508922487, 24504.842148349882, 34829.24508922487, 29430.090296538106, 24655.12630827676, 34706.107619676404
384, 34829.24508922487, 24504.842148349882, 34829.24508922487, 30366.081378113857, 24641.23144259908, 34698.464682734106
385, 34829.24508922487, 24504.842148349882, 34829.24508922487, 30371.379683833668, 24634.1353865274, 34714.88818758237
386, 34829.24508922487, 24504.842148349882, 34829.24508922487, 29239.28554623023, 24616.42260080624, 34714.63392356357
387, 34829.24508922487, 24504.842148349882, 34829.24508922487, 31131.75962016803, 24575.088404308233, 34718.89196000448
388, 34844.11990008948, 24629.430341128358, 34844.11990008948, 30384.0658725895, 24563.510646276653, 34726.90359080156
389, 34844.11990008948, 24629.430341128358, 34844.11990008948, 30003.386055909046, 24569.665949437014, 34722.60112331536
390, 34844.11990008948, 24629.430341128358, 34844.11990008948, 28488.708958311556, 24574.128157684263, 34716.50440493988
391, 34844.11990008948, 24629.430341128358, 34844.11990008948, 28685.428779191523, 24579.641380158566, 34733.15719674615
392, 34871.29902835468, 24661.70137267647, 34871.29902835468, 27546.93268992543, 24588.929704047863, 34729.476590728824
393, 34871.29902835468, 24661.70137267647, 34871.29902835468, 28303.38029509816, 24602.418801147403, 34729.33776618724
394, 34871.29902835468, 24661.70137267647, 34871.29902835468, 27934.5773118055, 24603.89713255319, 34735.63724033333
395, 34951.308280483114, 24608.213863949986, 34951.308280483114, 28691.805419839387, 24602.027927888234, 34763.46870679994
396, 34951.308280483114, 24608.213863949986, 34951.308280483114, 28690.84856564027, 24628.075873061898, 34754.128677659945
397, 34951.308280483114, 24608.213863949986, 34951.308280483114, 28889.459917363998, 24671.6866537994, 34757.00512039648
398, 34951.308280483114, 24608.213863949986, 34951.308280483114, 28510.451855935473, 24670.738567702407, 34767.41488695204
399, 34951.308280483114, 24608.213863949986, 34951.308280483114, 29649.14702330166, 24661.310327221476, 34756.5524650843
400, 34951.308280483114, 24608.213863949986, 34951.308280483114, 28520.235517856843, 24680.11132858899, 34769.09241421833
401, 34951.308280483114, 24608.213863949986, 34951.308280483114, 29276.994522431618, 24670.59254914296, 34779.25368972444
402, 34951.308280483114, 24608.213863949986, 34951.308280483114, 28526.144840936344, 24682.883177144315, 34779.924882878375
403, 34951.308280483114, 24608.213863949986, 34951.308280483114, 29854.00079377659, 24680.116548869304, 34774.704260678714
404, 34951.308280483114, 24608.213863949986, 34951.308280483114, 28539.70822976776, 24689.135918354477, 34792.33592806645
405, 34951.308280483114, 24608.213863949986, 34951.308280483114, 28924.29180125342, 24682.3348735174, 34799.263661275734
406, 34951.308280483114, 24608.213863949986, 34951.308280483114, 28747.782501850317, 24670.56826185825, 34809.489451614914
407, 34951.308280483114, 24608.213863949986, 34951.308280483114, 28945.20215736678, 24663.78828302495, 34820.80869330372
408, 34951.308280483114, 24608.213863949986, 34951.308280483114, 27646.39654399319, 24667.044319778972, 34840.334954803344
409, 34951.308280483114, 24608.213863949986, 34951.308280483114, 28218.1957216384, 24657.001876313745, 34862.57858103034
410, 34951.308280483114, 24608.213863949986, 34951.308280483114, 29540.427585591697, 24643.444165229947, 34849.24019732637
411, 34951.308280483114, 24608.213863949986, 34951.308280483114, 28403.87856224059, 24656.749083631054, 34847.276180745466
412, 34951.308280483114, 24608.213863949986, 34951.308280483114, 28022.108966994514, 24657.5539675796, 34846.91922540857
413, 34951.308280483114, 24608.213863949986, 34951.308280483114, 28777.826753077246, 24666.95744846638, 34838.9055845116
414, 34951.308280483114, 24608.213863949986, 34951.308280483114, 29924.773176997696, 24646.819144817448, 34847.2441251844
415, 34951.308280483114, 24608.213863949986, 34951.308280483114, 28399.050148207243, 24660.697390085305, 34844.1854769153
416, 34951.308280483114, 24608.213863949986, 34951.308280483114, 28591.549263035522, 24647.50786167939, 34849.78491207234
417, 34972.33376950955, 24593.64632079748, 34972.33376950955, 29354.29319388465, 24645.962953995866, 34851.57231457108
418, 34985.59736800838, 24681.503059240073, 34985.59736800838, 28592.911003356185, 24654.048801881752, 34843.83522594975
419, 34985.59736800838, 24681.503059240073, 34985.59736800838, 27836.57973153047, 24669.699212337757, 34856.371238573935
420, 34985.59736800838, 24681.503059240073, 34985.59736800838, 27457.603180854203, 24672.291446974185, 34851.76013467785
421, 34985.59736800838, 24681.503059240073, 34985.59736800838, 27458.22538509034, 24677.610515370296, 34855.362244803015
422, 34985.59736800838, 24681.503059240073, 34985.59736800838, 28025.79504216304, 24673.970418627363, 34850.52658134726
423, 34985.59736800838, 24681.503059240073, 34985.59736800838, 27834.533537375428, 24676.230192887757, 34851.05036598817
424, 34985.59736800838, 24681.503059240073, 34985.59736800838, 27840.07522158081, 24670.764981291537, 34872.660967371296
425, 34985.59736800838, 24681.503059240073, 34985.59736800838, 27846.078655042387, 24682.26175347166, 34861.07308243981
426, 34985.59736800838, 24681.503059240073, 34985.59736800838, 27663.31735576456, 24696.35020439957, 34870.53969220751
427, 34985.59736800838, 24681.503059240073, 34985.59736800838, 27477.837675817853, 24708.158333724205, 34867.23377369027
428, 34985.59736800838, 24681.503059240073, 34985.59736800838, 27671.18485578564, 24735.824126434614, 34886.22960117909
429, 34985.59736800838, 24681.503059240073, 34985.59736800838, 28234.045727629356, 24736.642092422193, 34878.43971276188
430, 34985.59736800838, 24681.503059240073, 34985.59736800838, 27672.43935717291, 24727.980915974786, 34877.33854751221
431, 34985.59736800838, 24681.503059240073, 34985.59736800838, 27859.17170383648, 24723.351990544466, 34886.60984488664
432, 34985.59736800838, 24681.503059240073, 34985.59736800838, 28427.693953464626, 24719.128580285662, 34877.52054959783
433, 34985.59736800838, 24681.503059240073, 34985.59736800838, 27668.260816693586, 24726.019299405893, 34874.65072173725
434, 34985.59736800838, 24681.503059240073, 34985.59736800838, 27858.82584094684, 24734.087038526988, 34883.625523331415
435, 34985.59736800838, 24681.503059240073, 34985.59736800838, 28048.679197324556, 24719.105956141393, 34882.03028229813
436, 34985.59736800838, 24681.503059240073, 34985.59736800838, 27861.36411795954, 24729.369086252664, 34890.3084906177
437, 34985.59736800838, 24681.503059240073, 34985.59736800838, 28051.221954755023, 24728.65280597965, 34873.036556459905
438, 34985.59736800838, 24681.503059240073, 34985.59736800838, 27291.723747991466, 24734.509847800826, 34882.55774994551
439, 34985.59736800838, 24681.503059240073, 34985.59736800838, 27101.496176463326, 24740.606343559153, 34883.91375491796
440, 34985.59736800838, 24681.503059240073, 34985.59736800838, 27860.792078468396, 24727.954831240964, 34878.644097005745
441, 34985.59736800838, 24681.503059240073, 34985.59736800838, 28431.76796290408, 24726.50358289867, 34880.45970491324
442, 34985.59736800838, 24681.503059240073, 34985.59736800838, 27860.36817193951, 24727.11303215271, 34880.36002391474
443, 34985.59736800838, 24681.503059240073, 34985.59736800838, 28238.517346785946, 24724.339375649706, 34883.79900430232
444, 34985.59736800838, 24681.503059240073, 34985.59736800838, 27863.751012027285, 24727.81554550031, 34880.01891161218
445, 34985.59736800838, 24681.503059240073, 34985.59736800838, 28240.404552712065, 24725.213064899974, 34874.81717739582
446, 34995.38618890334, 24511.839120820205, 34995.38618890334, 30514.95812362534, 24686.150779941294, 34880.90821393955
447, 34995.38618890334, 24511.839120820205, 34995.38618890334, 30138.523790406947, 24693.053202651467, 34874.62318371973
448, 34995.38618890334, 24511.839120820205, 34995.38618890334, 30714.17241721561, 24681.571788569054, 34884.083939312
449, 34995.38618890334, 24511.839120820205, 34995.38618890334, 30706.522444961643, 24682.410208372723, 34880.9840370781
450, 34995.38618890334, 24511.839120820205, 34995.38618890334, 30139.876807448578, 24691.17998340429, 34873.13278114518
451, 34995.38618890334, 24511.839120820205, 34995.38618890334, 29003.017873734705, 24686.958793388978, 34890.16297951341
452, 34995.38618890334, 24511.839120820205, 34995.38618890334, 30141.240756355288, 24678.39765491405, 34871.06633342757
453, 34995.38618890334, 24511.839120820205, 34995.38618890334, 31283.492814415826, 24660.22696784083, 34887.318938071934
454, 34995.38618890334, 24511.839120820205, 34995.38618890334, 29576.486644093227, 24652.82634527746, 34889.07778454791
455, 34995.38618890334, 24511.839120820205, 34995.38618890334, 30335.430037901526, 24630.029415359855, 34886.653456490654
456, 34995.38618890334, 24511.839120820205, 34995.38618890334, 29764.447748005212, 24596.380846199077, 34887.12161321193
457, 34995.38618890334, 24511.839120820205, 34995.38618890334, 29958.619303351657, 24563.97375821078, 34892.6895269814
458, 34995.38618890334, 24511.839120820205, 34995.38618890334, 31285.18828244733, 24558.150696593773, 34886.22238537027
459, 34995.38618890334, 24511.839120820205, 34995.38618890334, 29960.443635494503, 24562.153020303784, 34891.729984410005
460, 34995.38618890334, 24511.839120820205, 34995.38618890334, 29384.481332968317, 24567.157913749423, 34881.03501302729
461, 34995.38618890334, 24511.839120820205, 34995.38618890334, 31092.292148038152, 24548.405789933495, 34882.90389463692
462, 34995.38618890334, 24511.839120820205, 34995.38618890334, 30335.68815796939, 24558.23511268186, 34889.21778090903
463, 34995.38618890334, 24511.839120820205, 34995.38618890334, 30701.069539648415, 24551.18465413473, 34873.36842217206
464, 34995.38618890334, 24511.839120820205, 34995.38618890334, 30710.565105105452, 24554.27472230684, 34891.8051973228
465, 34995.38618890334, 24511.839120820205, 34995.38618890334, 31857.67512931176, 24550.62778457842, 34890.42958240006
466, 34995.38618890334, 24511.839120820205, 34995.38618890334, 29767.985314646423, 24563.850925423987, 34881.07154920921
467, 34995.38618890334, 24511.839120820205, 34995.38618890334, 30909.40586468194, 24553.426405748716, 34892.63360156846
468, 34995.38618890334, 24511.839120820205, 34995.38618890334, 31095.437281841965, 24556.139625107553, 34892.963895365276
469, 34995.38618890334, 24511.839120820205, 34995.38618890334, 30716.89462874393, 24554.36244894301, 34894.363236371195
470, 34995.38618890334, 24511.839120820205, 34995.38618890334, 30146.065922323123, 24560.329856554526, 34879.893155742524
471, 34995.38618890334, 24511.839120820205, 34995.38618890334, 30142.479984292127, 24562.14350316487, 34887.98646842063
472, 34995.38618890334, 24511.839120820205, 34995.38618890334, 29390.99845624281, 24568.91638296352, 34882.083285446286
473, 34995.38618890334, 24511.839120820205, 34995.38618890334, 30339.318273289908, 24559.72783853786, 34893.02692984417
474, 34995.38618890334, 24511.839120820205, 34995.38618890334, 29578.872903750627, 24565.78680282623, 34887.57184896657
475, 34995.38618890334, 24511.839120820205, 34995.38618890334, 30721.78285796846, 24556.271199540428, 34892.877317579245
476, 35006.79973820538, 24683.78153668903, 35006.79973820538, 31471.13176013666, 24550.515690701886, 34886.561191280205
477, 35006.79973820538, 24683.78153668903, 35006.79973820538, 27868.47045607329, 24598.767462429983, 34887.08148910987
478, 35006.79973820538, 24683.78153668903, 35006.79973820538, 28436.580799786076, 24594.596865421827, 34896.07863395567
479, 35006.79973820538, 24683.78153668903, 35006.79973820538, 27681.04361826915, 24606.9612740154, 34886.49137059309
480, 35006.79973820538, 24683.78153668903, 35006.79973820538, 27870.381904746024, 24590.430572603716, 34883.84656751627
481, 35006.79973820538, 24683.78153668903, 35006.79973820538, 27489.967085063832, 24595.89321435935, 34899.42396669271
482, 35006.79973820538, 24683.78153668903, 35006.79973820538, 27108.061262911957, 24605.91045953263, 34883.23259212995
483, 35006.79973820538, 24683.78153668903, 35006.79973820538, 27680.926920818652, 24596.633486219132, 34894.24820591295
484, 35006.79973820538, 24683.78153668903, 35006.79973820538, 27872.052205189222, 24593.518615070512, 34895.157370481815
485, 35006.79973820538, 24683.78153668903, 35006.79973820538, 27490.738574825806, 24598.64264776472, 34889.224800976765
486, 35006.79973820538, 24683.78153668903, 35006.79973820538, 27868.950730391945, 24609.220856977176, 34891.105846492166
487, 35006.79973820538, 24683.78153668903, 35006.79973820538, 28438.231006361533, 24607.42889484646, 34880.56072109841
488, 35006.79973820538, 24683.78153668903, 35006.79973820538, 27678.37874541576, 24614.581127715184, 34885.35626079959
489, 35006.79973820538, 24683.78153668903, 35006.79973820538, 27489.762117689465, 24616.34145118933, 34901.36845607632
490, 35006.79973820538, 24683.78153668903, 35006.79973820538, 27682.727078922948, 24621.179859072156, 34896.13269562763
491, 35006.79973820538, 24683.78153668903, 35006.79973820538, 28060.948570641296, 24638.6915498082, 34884.41053404159
492, 35006.79973820538, 24683.78153668903, 35006.79973820538, 27877.627184646026, 24665.793416779994, 34896.170069648935
493, 35006.79973820538, 24683.78153668903, 35006.79973820538, 27497.263569959297, 24713.08467547159, 34908.75476010224
494, 35006.79973820538, 24683.78153668903, 35006.79973820538, 28066.92176112359, 24725.3931074882, 34915.286384285886
495, 35006.79973820538, 24683.78153668903, 35006.79973820538, 27687.221744960178, 24734.10615772342, 34895.8888610345
496, 35006.79973820538, 24683.78153668903, 35006.79973820538, 27876.230584203215, 24729.032693967114, 34903.36282982397
497, 35006.79973820538, 24683.78153668903, 35006.79973820538, 27877.01935125159, 24723.996551682707, 34904.359770346404
498, 35006.79973820538, 24683.78153668903, 35006.79973820538, 28259.97711215255, 24720.9358330853, 34900.47331507474
499, 35006.79973820538, 24683.78153668903, 35006.79973820538, 27877.10636120524, 24735.697508120506, 34891.286788373436
500, 35006.79973820538, 24683.78153668903, 35006.79973820538, 27310.713788324912, 24733.18269191339, 34905.07919221852
