1, 27251.88896677735, 24659.25280053434, 27251.88896677735, 25223.28624134424, 24655.89463757786, 25223.28624134424
2, 27483.248662992013, 24670.544062659843, 27483.248662992013, 22797.250272470435, 24645.780813275454, 26238.251910771178
3, 28063.40330276658, 24623.979215230553, 28063.40330276658, 26279.173679811123, 24569.691227583997, 26887.675480277092
4, 28589.36094973431, 24679.098508455234, 28589.36094973431, 25875.135652918834, 24522.751981229056, 27726.902677300237
5, 28733.770948885827, 24646.14589317194, 28733.770948885827, 23278.55502427819, 24570.864167138938, 28132.16444914424
6, 28945.819221928534, 24516.981784137297, 28945.819221928534, 23931.516956837593, 24608.71016485273, 28347.856455832403
7, 28993.42812548369, 24476.43252986745, 28993.42812548369, 25989.60807973139, 24566.128150924113, 28523.741290590147
8, 29195.54475001448, 24439.69774965094, 29195.54475001448, 26689.458346621057, 24576.048288815793, 28755.305503325333
9, 29431.176797722237, 24568.329638468076, 29431.176797722237, 27664.427944467414, 24535.34840001167, 28949.54726784109
10, 29464.15800513014, 24662.612686402597, 29464.15800513014, 25732.86454465162, 24567.522288590833, 29104.303927084813
11, 29698.89540900995, 24466.487008230695, 29698.89540900995, 27477.64718307267, 24546.660100951725, 29256.769869990407
12, 29826.092242421408, 24252.337542048583, 29826.092242421408, 27793.57927776084, 24542.180359281036, 29413.054749145438
13, 29957.53284755701, 24330.237627247425, 29957.53284755701, 29388.40549051558, 24472.360044967965, 29552.843918485476
14, 30121.777297997407, 24266.801951767906, 30121.777297997407, 29203.30220645301, 24455.22563116488, 29693.47182253783
15, 30242.98768263346, 24515.64309597905, 30242.98768263346, 29834.068251665427, 24424.32645133095, 29834.068251665427
16, 30418.582480486122, 24580.128927803045, 30418.582480486122, 27338.224997367328, 24447.703672985397, 29976.593257364035
17, 30497.103746770143, 24531.56741678044, 30497.103746770143, 27127.32498016341, 24501.807553732982, 30114.825771826472
18, 30693.637077001087, 24651.59738570654, 30693.637077001087, 27414.387824850324, 24521.64079473675, 30240.403477174958
19, 30754.786183979068, 24652.916638252693, 30754.786183979068, 25521.980745228193, 24587.259135580643, 30376.32705778798
20, 30918.469637738206, 24630.45801747888, 30918.469637738206, 25422.6441743848, 24591.536434253525, 30455.793899117016
21, 30996.641639766374, 24665.160033274202, 30996.641639766374, 26007.43367077064, 24608.707063002235, 30558.79136954821
22, 31262.95983983853, 24650.19473003767, 31262.95983983853, 26432.482335114797, 24621.393636977096, 30666.241879041005
23, 31318.67434965298, 24371.0000928037, 31318.67434965298, 25336.454401895935, 24648.77621924939, 30777.64542758671
24, 31360.542121195336, 24203.314283125303, 31360.542121195336, 29849.580706879085, 24581.61373582338, 30871.64529635206
25, 31433.56679830588, 24388.530496853247, 31433.56679830588, 30855.824030462813, 24501.62352457722, 31026.958988212224
26, 31433.56679830588, 24388.530496853247, 31433.56679830588, 29779.522031345237, 24488.210550284493, 31153.075005453597
27, 31474.86308634034, 24682.97257278863, 31474.86308634034, 25582.01092977643, 24554.862844243788, 31225.79948476861
28, 31474.86308634034, 24682.97257278863, 31474.86308634034, 25277.385322475777, 24568.877975448322, 31272.32487502772
29, 31474.86308634034, 24682.97257278863, 31474.86308634034, 25645.803022404165, 24556.09956341978, 31307.228046178796
30, 31554.076974166986, 24664.07519201116, 31554.076974166986, 25663.79652067848, 24557.103504254985, 31318.55309001753
31, 31554.076974166986, 24664.07519201116, 31554.076974166986, 25688.695802390615, 24541.494119149058, 31361.111147126045
32, 31554.076974166986, 24664.07519201116, 31554.076974166986, 25369.95238959058, 24557.848484058424, 31393.91093147006
33, 31554.076974166986, 24664.07519201116, 31554.076974166986, 25737.321742520464, 24623.99826387657, 31404.682347482565
34, 31554.076974166986, 24664.07519201116, 31554.076974166986, 25760.917791745498, 24683.487808682614, 31431.764837617065
35, 31606.64187893737, 24687.9039787157, 31606.64187893737, 25944.04055262246, 24705.82292900938, 31455.984388295146
36, 31606.64187893737, 24687.9039787157, 31606.64187893737, 25779.437651185504, 24703.063778515036, 31459.488783927663
37, 31606.64187893737, 24687.9039787157, 31606.64187893737, 25790.89714859022, 24686.430753499157, 31472.314359513868
38, 31751.881303008937, 24562.02697295669, 31751.881303008937, 27202.241201335415, 24649.380394706528, 31526.333421561852
39, 31751.881303008937, 24562.02697295669, 31751.881303008937, 28090.554714647664, 24659.99658505893, 31534.656902430703
40, 31789.323313626013, 24487.296163300678, 31789.323313626013, 28626.3253255109, 24631.684626953804, 31561.068079157394
41, 31862.275579395267, 24614.49967437097, 31862.275579395267, 28996.729124200483, 24603.27586272385, 31590.536799842823
42, 31862.275579395267, 24614.49967437097, 31862.275579395267, 26089.07088486343, 24644.977800695153, 31631.625978895954
43, 31867.124545370134, 24530.696244419887, 31867.124545370134, 26627.68584617546, 24623.189443236955, 31658.796737640972
44, 31913.938463012044, 24313.641644136966, 31913.938463012044, 27696.29547365102, 24600.96279149034, 31693.362006659885
45, 31913.938463012044, 24313.641644136966, 31913.938463012044, 30674.58989835917, 24524.54301010772, 31715.31784932946
46, 32029.900698569356, 24553.450916651636, 32029.900698569356, 30191.662987236483, 24504.48095092287, 31749.677233533734
47, 32034.870607942416, 24644.413170011736, 32034.870607942416, 28829.35636962778, 24519.704286698267, 31795.40552283314
48, 32034.870607942416, 24644.413170011736, 32034.870607942416, 26065.383002290386, 24547.095525302266, 31824.41606126108
49, 32034.870607942416, 24644.413170011736, 32034.870607942416, 25916.57119086021, 24532.870718611015, 31853.7835954985
50, 32034.870607942416, 24644.413170011736, 32034.870607942416, 26288.45478231841, 24579.906182761904, 31872.17727152488
51, 32034.870607942416, 24644.413170011736, 32034.870607942416, 25957.908238472937, 24572.730665109375, 31883.847660249045
52, 32041.393892246575, 24552.86277763085, 32041.393892246575, 28076.121988023606, 24557.57601018954, 31909.85781613293
53, 32041.393892246575, 24552.86277763085, 32041.393892246575, 28448.363953992925, 24620.725024118226, 31938.480747534682
54, 32098.074813626325, 24606.1206288999, 32098.074813626325, 27608.156087148007, 24611.296256549445, 31974.3030149215
55, 32199.330925494472, 24494.9402195736, 32199.330925494472, 26394.682317028866, 24631.545793580768, 31991.085381090503
56, 32279.671513292527, 24568.780981382337, 32279.671513292527, 29385.05545000603, 24606.89868272461, 32014.969201568023
57, 32338.28246793363, 24628.086842598088, 32338.28246793363, 28004.66665898004, 24636.297199125234, 32043.405055539082
58, 32338.28246793363, 24628.086842598088, 32338.28246793363, 26092.23460298908, 24638.92855739863, 32078.690750920403
59, 32338.28246793363, 24628.086842598088, 32338.28246793363, 26829.07978003199, 24634.279506879193, 32108.075871992667
60, 32370.03990944545, 24679.15628282499, 32370.03990944545, 27752.463363227234, 24633.126149348598, 32141.27131653356
61, 32370.03990944545, 24679.15628282499, 32370.03990944545, 26026.812357484654, 24640.315344860766, 32210.6291927896
62, 32377.817203150327, 24480.8267287573, 32377.817203150327, 29402.700089060283, 24599.996073159637, 32223.022081231407
63, 32403.690360232504, 24466.963049140955, 32403.690360232504, 28720.275865578813, 24588.540591920755, 32245.09646902096
64, 32484.07129542547, 24652.21840556056, 32484.07129542547, 29613.774528014364, 24582.488144351508, 32253.82389906665
65, 32484.07129542547, 24652.21840556056, 32484.07129542547, 25931.495202865215, 24609.95862782358, 32299.677819066692
66, 32593.127923363583, 24665.79510401321, 32593.127923363583, 26830.32762786087, 24608.79751344819, 32311.188824494864
67, 32593.127923363583, 24665.79510401321, 32593.127923363583, 26671.308147677497, 24568.79024837401, 32333.65169957562
68, 32593.127923363583, 24665.79510401321, 32593.127923363583, 26495.422038627854, 24572.717532443818, 32341.777356599403
69, 32593.127923363583, 24665.79510401321, 32593.127923363583, 25979.354736217414, 24671.81775804911, 32360.905002060048
70, 32593.127923363583, 24665.79510401321, 32593.127923363583, 27050.43232929751, 24650.348001633116, 32375.249603902157
71, 32593.127923363583, 24665.79510401321, 32593.127923363583, 26004.003193989847, 24630.92983681652, 32388.361577425363
72, 32661.6851581606, 24637.168896484414, 32661.6851581606, 26383.34359702032, 24644.63164653207, 32412.83029860254
73, 32669.51695249697, 24572.68591661066, 32669.51695249697, 28017.992119834304, 24664.382997169352, 32464.570210916114
74, 32669.51695249697, 24572.68591661066, 32669.51695249697, 27514.287717527463, 24653.175773782703, 32487.302060233767
75, 32669.51695249697, 24572.68591661066, 32669.51695249697, 27181.539548526885, 24636.923472661434, 32516.039432933627
76, 32669.51695249697, 24572.68591661066, 32669.51695249697, 27903.033072472725, 24623.588848641768, 32528.846871725626
77, 32669.51695249697, 24572.68591661066, 32669.51695249697, 26847.479558286122, 24639.68984927581, 32537.459995431513
78, 32669.51695249697, 24572.68591661066, 32669.51695249697, 26676.2852201033, 24653.461691903885, 32539.10923200609
79, 32669.51695249697, 24572.68591661066, 32669.51695249697, 28474.302965444276, 24659.240338987856, 32565.879564257717
80, 32717.686547761536, 24411.62504635231, 32717.686547761536, 30972.848107395595, 24619.90337271519, 32578.01875749043
81, 32717.686547761536, 24411.62504635231, 32717.686547761536, 31168.456382964236, 24609.031693845795, 32593.350303698084
82, 32717.686547761536, 24411.62504635231, 32717.686547761536, 30104.092995741692, 24620.208379189626, 32598.757781085937
83, 32717.686547761536, 24411.62504635231, 32717.686547761536, 31174.201024054168, 24593.346328006708, 32597.92983072673
84, 32717.686547761536, 24411.62504635231, 32717.686547761536, 30110.08111118391, 24590.69934158391, 32601.02677333532
85, 32854.381487224084, 24608.429771257834, 32854.381487224084, 30836.61647096987, 24568.787778119295, 32615.337094574024
86, 32854.381487224084, 24608.429771257834, 32854.381487224084, 26749.66718507922, 24610.27876815295, 32654.06486950193
87, 32856.520215931545, 24671.6159702163, 32856.520215931545, 27463.60609006168, 24598.622948269553, 32645.903918405027
88, 32856.520215931545, 24671.6159702163, 32856.520215931545, 26047.20277037756, 24595.126853815535, 32653.7347496021
89, 32856.520215931545, 24671.6159702163, 32856.520215931545, 26603.876739413543, 24588.242185483137, 32684.41711566018
90, 32856.520215931545, 24671.6159702163, 32856.520215931545, 25727.462285210564, 24604.242215458893, 32692.481662618007
91, 32900.44780906359, 24529.5673847304, 32900.44780906359, 26105.425769051853, 24605.018844718867, 32718.440954299003
92, 32900.44780906359, 24529.5673847304, 32900.44780906359, 28646.639387158415, 24630.979812633163, 32767.37610758699
93, 32942.34091257157, 24657.292523919983, 32942.34091257157, 29741.508150617705, 24639.83329991811, 32789.39827461784
94, 32942.73060857, 24633.00568706751, 32942.73060857, 26709.42328376835, 24693.226874756416, 32805.671304059964
95, 32942.73060857, 24633.00568706751, 32942.73060857, 27070.19201503987, 24695.373674611208, 32798.12085032575
96, 32951.4847428905, 24669.129491492342, 32951.4847428905, 26713.07614680785, 24690.157600740313, 32801.164031942106
97, 33022.91413287135, 24588.8877051238, 33022.91413287135, 26547.222495169823, 24694.806672635434, 32833.56721448037
98, 33022.91413287135, 24588.8877051238, 33022.91413287135, 27993.755904629263, 24661.56660067656, 32847.505989855505
99, 33022.91413287135, 24588.8877051238, 33022.91413287135, 28372.71773622691, 24643.459200928355, 32863.94045923965
100, 33022.91413287135, 24588.8877051238, 33022.91413287135, 26411.343585849994, 24659.429687499323, 32876.6931473141
101, 33022.91413287135, 24588.8877051238, 33022.91413287135, 27680.99292193682, 24662.74879903426, 32884.365791607794
102, 33022.91413287135, 24588.8877051238, 33022.91413287135, 27859.713815017512, 24657.041853078048, 32885.9985802302
103, 33022.91413287135, 24588.8877051238, 33022.91413287135, 27524.819734190703, 24642.301396028357, 32916.235229853395
104, 33022.91413287135, 24588.8877051238, 33022.91413287135, 28613.6849404288, 24605.097640598546, 32922.59376209397
105, 33215.38916432903, 24576.95509295579, 33215.38916432903, 27377.942003605072, 24607.03409640754, 32975.88564680069
106, 33215.38916432903, 24576.95509295579, 33215.38916432903, 28293.38458445084, 24620.01258858374, 32987.181648028745
107, 33215.38916432903, 24576.95509295579, 33215.38916432903, 27940.21981036486, 24630.30104611853, 32992.586908087505
108, 33215.38916432903, 24576.95509295579, 33215.38916432903, 27036.894082460833, 24643.811118147638, 32990.94571831053
109, 33215.38916432903, 24576.95509295579, 33215.38916432903, 27583.03508761672, 24639.453288732246, 33004.295781146444
110, 33215.38916432903, 24576.95509295579, 33215.38916432903, 27763.630345869835, 24630.606068251716, 33002.555247094904
111, 33215.38916432903, 24576.95509295579, 33215.38916432903, 28159.604767462013, 24634.945323455435, 33033.932914527286
112, 33215.38916432903, 24576.95509295579, 33215.38916432903, 28707.96210975132, 24620.502786213456, 33041.17108962789
113, 33215.38916432903, 24576.95509295579, 33215.38916432903, 28012.442866886286, 24635.317240446457, 33072.92735504532
114, 33215.38916432903, 24576.95509295579, 33215.38916432903, 27128.314379995514, 24633.59569948092, 33097.53524545612
115, 33215.38916432903, 24576.95509295579, 33215.38916432903, 27695.755208779563, 24619.71753226588, 33115.423457360666
116, 33215.38916432903, 24576.95509295579, 33215.38916432903, 27708.9182737283, 24572.577158424894, 33126.32549436105
117, 33241.1275914094, 24622.36936257282, 33241.1275914094, 26814.116036328705, 24633.605207412078, 33145.29635394364
118, 33325.28632334148, 24554.639324853466, 33325.28632334148, 29173.37011797788, 24607.621291806317, 33149.095980264516
119, 33510.87337803588, 24302.461088376556, 33510.87337803588, 29357.73158359548, 24609.65531413827, 33164.7547094087
120, 33582.07758409753, 24343.729423448352, 33582.07758409753, 32131.696722861987, 24571.39305968756, 33223.1188714103
121, 33654.95439064929, 24383.036975676347, 33654.95439064929, 31965.256100359144, 24556.204532163807, 33242.77906691278
122, 33654.95439064929, 24383.036975676347, 33654.95439064929, 30762.632757085405, 24540.9413642398, 33319.43926352264
123, 33654.95439064929, 24383.036975676347, 33654.95439064929, 32100.65469865593, 24505.940092151384, 33382.422381885444
124, 33676.68334852011, 24675.101803375546, 33676.68334852011, 31792.967112438462, 24491.34307360542, 33437.37852676662
125, 33676.68334852011, 24675.101803375546, 33676.68334852011, 26718.587622538256, 24541.93537037081, 33487.81477494973
126, 33676.68334852011, 24675.101803375546, 33676.68334852011, 27298.295387710637, 24554.365141700022, 33519.42114737033
127, 33676.68334852011, 24675.101803375546, 33676.68334852011, 27503.31833362739, 24567.99844136613, 33547.6406301509
128, 33676.68334852011, 24675.101803375546, 33676.68334852011, 26787.04276694551, 24600.81824349614, 33566.788116503034
129, 33676.68334852011, 24675.101803375546, 33676.68334852011, 27719.771702573056, 24665.315233855737, 33583.05834291504
130, 33685.606282391214, 24630.86461531193, 33685.606282391214, 27906.367137538764, 24638.9571182533, 33578.571540813784
131, 33685.606282391214, 24630.86461531193, 33685.606282391214, 27365.091723529345, 24638.646928426082, 33605.041758950116
132, 33685.606282391214, 24630.86461531193, 33685.606282391214, 27728.353753920674, 24699.166247252975, 33595.69558408519
133, 33685.606282391214, 24630.86461531193, 33685.606282391214, 28647.707800507116, 24699.551349567424, 33591.580061138025
134, 33685.606282391214, 24630.86461531193, 33685.606282391214, 28104.862920658623, 24705.888559054078, 33602.33348563
135, 33685.606282391214, 24630.86461531193, 33685.606282391214, 26639.530913110797, 24714.954387117457, 33598.17057321567
136, 33685.606282391214, 24630.86461531193, 33685.606282391214, 27186.734173215205, 24707.89535128052, 33591.20094602108
137, 33685.606282391214, 24630.86461531193, 33685.606282391214, 28284.59929499612, 24698.225550400297, 33596.540913696736
138, 33685.606282391214, 24630.86461531193, 33685.606282391214, 26820.767084057294, 24705.32859982638, 33589.6395351199
139, 33685.606282391214, 24630.86461531193, 33685.606282391214, 27369.199109182908, 24703.2469123173, 33585.7369681869
140, 33685.606282391214, 24630.86461531193, 33685.606282391214, 27372.29745709161, 24693.050545935923, 33594.278678806775
141, 33685.606282391214, 24630.86461531193, 33685.606282391214, 28288.96703180497, 24674.056414531606, 33597.80855480003
142, 33685.606282391214, 24630.86461531193, 33685.606282391214, 27010.821572098626, 24672.23899990354, 33599.266813603615
143, 33685.606282391214, 24630.86461531193, 33685.606282391214, 27375.592713672577, 24673.004781448035, 33602.81650558107
144, 33685.606282391214, 24630.86461531193, 33685.606282391214, 27188.970094004428, 24680.844460388133, 33589.39161358031
145, 33704.03509492901, 24684.17631841853, 33704.03509492901, 26645.974815461926, 24691.775234204983, 33605.10168360005
146, 33704.03509492901, 24684.17631841853, 33704.03509492901, 27015.76252633803, 24675.62609764654, 33615.62599521098
147, 33704.03509492901, 24684.17631841853, 33704.03509492901, 26278.55640970421, 24687.899989442776, 33603.49200279405
148, 33704.03509492901, 24684.17631841853, 33704.03509492901, 26461.768931596278, 24689.96748539629, 33612.055023344794
149, 33704.03509492901, 24684.17631841853, 33704.03509492901, 27192.314002273768, 24687.670450657264, 33598.31289735137
150, 33704.03509492901, 24684.17631841853, 33704.03509492901, 26829.87735913874, 24687.9468794487, 33598.17123650414
151, 33704.03509492901, 24684.17631841853, 33704.03509492901, 26827.372660599187, 24690.63051342004, 33604.6729864465
152, 33704.03509492901, 24684.17631841853, 33704.03509492901, 27193.931046320864, 24690.172098529187, 33602.79001119584
153, 33704.03509492901, 24684.17631841853, 33704.03509492901, 27746.977804837803, 24686.95773957301, 33603.44807528976
154, 33704.03509492901, 24684.17631841853, 33704.03509492901, 27379.70070755176, 24686.331198182852, 33598.814886584485
155, 33704.03509492901, 24684.17631841853, 33704.03509492901, 26286.53709021796, 24718.541296292373, 33599.19483137986
156, 33704.03509492901, 24684.17631841853, 33704.03509492901, 26474.40932625287, 24729.824322791366, 33615.86454926053
157, 33704.03509492901, 24684.17631841853, 33704.03509492901, 27210.81736091503, 24728.25921375413, 33613.38558977968
158, 33704.03509492901, 24684.17631841853, 33704.03509492901, 27388.805252497754, 24723.999019473875, 33605.72712329934
159, 33704.03509492901, 24684.17631841853, 33704.03509492901, 27574.099894411123, 24717.647441375357, 33622.6429715081
160, 33704.03509492901, 24684.17631841853, 33704.03509492901, 27207.001057066853, 24720.782247429073, 33610.203054616286
161, 33704.03509492901, 24684.17631841853, 33704.03509492901, 27207.12989504293, 24725.334922766782, 33616.457722988605
162, 33704.03509492901, 24684.17631841853, 33704.03509492901, 27570.963688794873, 24723.69965220016, 33622.04879995238
163, 33704.03509492901, 24684.17631841853, 33704.03509492901, 27571.643701807134, 24723.908797270782, 33618.74610875145
164, 33704.03509492901, 24684.17631841853, 33704.03509492901, 26293.431864995273, 24728.35665181489, 33613.804429927004
165, 33709.22398704704, 24651.122769598016, 33709.22398704704, 27394.80457617493, 24719.085082488407, 33615.128908337865
166, 33795.00064053779, 24607.521381320035, 33795.00064053779, 28316.836212042526, 24702.49668565083, 33641.978141029176
167, 33795.00064053779, 24607.521381320035, 33795.00064053779, 27765.08567414871, 24708.067774369505, 33640.49021409185
168, 33795.00064053779, 24607.521381320035, 33795.00064053779, 28130.402924245125, 24701.199103704443, 33642.436905605
169, 33795.00064053779, 24607.521381320035, 33795.00064053779, 27766.807079495044, 24706.140678145566, 33644.89665358992
170, 33795.00064053779, 24607.521381320035, 33795.00064053779, 27580.042930420816, 24707.031831501616, 33635.884270399685
171, 33795.00064053779, 24607.521381320035, 33795.00064053779, 28323.91071542127, 24696.004213681317, 33638.69382963119
172, 33795.00064053779, 24607.521381320035, 33795.00064053779, 27777.67032246192, 24693.811346065733, 33660.091321125445
173, 33795.00064053779, 24607.521381320035, 33795.00064053779, 26496.42879093545, 24700.741082988265, 33665.45933975019
174, 33833.91536541169, 24544.99835577882, 33833.91536541169, 28167.367058922147, 24676.814023373343, 33669.79357718011
175, 33833.91536541169, 24544.99835577882, 33833.91536541169, 28919.593440113476, 24647.188046914423, 33699.019407124964
176, 33833.91536541169, 24544.99835577882, 33833.91536541169, 29111.491307606408, 24643.01848804509, 33700.38670653717
177, 33833.91536541169, 24544.99835577882, 33833.91536541169, 28941.251693011687, 24635.129772565942, 33722.936171953865
178, 33833.91536541169, 24544.99835577882, 33833.91536541169, 28206.011390904758, 24645.7160027119, 33719.44557468406
179, 33833.91536541169, 24544.99835577882, 33833.91536541169, 29491.404299231846, 24644.2840643877, 33722.591022310764
180, 33833.91536541169, 24544.99835577882, 33833.91536541169, 28018.6179562891, 24644.204455092633, 33725.775743776096
181, 33848.81229481816, 24539.445051388564, 33848.81229481816, 29859.902584746542, 24631.449044792786, 33717.00105751146
182, 33848.81229481816, 24539.445051388564, 33848.81229481816, 28757.564273107066, 24638.706164414645, 33718.61710917566
183, 33848.81229481816, 24539.445051388564, 33848.81229481816, 28212.960115022328, 24639.251521895025, 33721.074483938195
184, 33848.81229481816, 24539.445051388564, 33848.81229481816, 29872.520962517912, 24622.837892771346, 33744.41268185286
185, 33848.81229481816, 24539.445051388564, 33848.81229481816, 30054.967905967336, 24611.500326957237, 33734.88977020113
186, 33848.81229481816, 24539.445051388564, 33848.81229481816, 28226.342778604336, 24626.545143353225, 33737.46949931637
187, 33964.568644734834, 24538.30259383356, 33964.568644734834, 28604.32298188503, 24608.612263842588, 33755.084775080235
188, 33964.568644734834, 24538.30259383356, 33964.568644734834, 29537.659114175578, 24603.421700932926, 33784.145354327826
189, 33964.568644734834, 24538.30259383356, 33964.568644734834, 29358.058144786104, 24613.863079335028, 33785.86296153534
190, 33964.568644734834, 24538.30259383356, 33964.568644734834, 29543.247716695998, 24623.584097899795, 33791.43013746986
191, 33964.568644734834, 24538.30259383356, 33964.568644734834, 30282.248008574523, 24616.805808410398, 33786.32510214362
192, 33964.568644734834, 24538.30259383356, 33964.568644734834, 30106.88088888635, 24589.73910931651, 33797.92280889546
193, 33964.568644734834, 24538.30259383356, 33964.568644734834, 29922.202299656507, 24583.72236922002, 33795.07116755534
194, 33964.568644734834, 24538.30259383356, 33964.568644734834, 28995.546894306935, 24601.088372510094, 33784.75118004884
195, 33964.568644734834, 24538.30259383356, 33964.568644734834, 28635.51811416432, 24608.738514289398, 33797.49707384716
196, 33981.19309790392, 24641.14089997922, 33981.19309790392, 29576.341940371884, 24615.678236247768, 33821.94139643181
197, 33981.19309790392, 24641.14089997922, 33981.19309790392, 27747.335961886165, 24641.731316934696, 33849.73562131538
198, 34003.60188658352, 24599.866416556226, 34003.60188658352, 27584.015494089086, 24631.046195531173, 33859.861841027334
199, 34022.70855641329, 24533.358044858654, 34022.70855641329, 27785.909539903027, 24607.809742476653, 33876.61867063024
200, 34022.70855641329, 24533.358044858654, 34022.70855641329, 30560.99123502914, 24582.629784859553, 33894.818498397326
201, 34022.70855641329, 24533.358044858654, 34022.70855641329, 29645.52454986821, 24590.321284886588, 33895.03769986652
202, 34022.70855641329, 24533.358044858654, 34022.70855641329, 29833.969572336362, 24599.451399582555, 33890.53977730784
203, 34221.44197077258, 24648.048695794805, 34221.44197077258, 30020.907332769442, 24601.433572681683, 33903.29298488011
204, 34221.44197077258, 24648.048695794805, 34221.44197077258, 27823.121495310257, 24646.586935876967, 33953.9275645663
205, 34221.44197077258, 24648.048695794805, 34221.44197077258, 27463.930859458145, 24668.39884592809, 33970.14410705169
206, 34221.44197077258, 24648.048695794805, 34221.44197077258, 27097.96016905112, 24664.200689764093, 33979.60587753565
207, 34221.44197077258, 24648.048695794805, 34221.44197077258, 27492.907891370938, 24648.304264717757, 33997.605998163264
208, 34221.44197077258, 24648.048695794805, 34221.44197077258, 28262.442140123214, 24629.25611493071, 34017.167785962345
209, 34221.44197077258, 24648.048695794805, 34221.44197077258, 27563.560146038093, 24648.10795791126, 34074.50300533462
210, 34221.44197077258, 24648.048695794805, 34221.44197077258, 27970.426896330828, 24661.13888867698, 34099.432526606986
211, 34221.44197077258, 24648.048695794805, 34221.44197077258, 27440.947253452403, 24693.5570641579, 34135.51421604054
212, 34221.44197077258, 24648.048695794805, 34221.44197077258, 28552.895309885476, 24692.574040144897, 34125.85166157302
213, 34221.44197077258, 24648.048695794805, 34221.44197077258, 27255.188767163665, 24690.301894137072, 34122.076909108735
214, 34221.44197077258, 24648.048695794805, 34221.44197077258, 27625.135973402215, 24689.58360126903, 34135.42617442218
215, 34221.44197077258, 24648.048695794805, 34221.44197077258, 27624.79146835326, 24695.695450761115, 34121.16949277572
216, 34221.44197077258, 24648.048695794805, 34221.44197077258, 27809.12104293264, 24692.915364392502, 34120.00158479307
217, 34221.44197077258, 24648.048695794805, 34221.44197077258, 27436.99034018591, 24694.260063663784, 34126.35719647894
218, 34221.44197077258, 24648.048695794805, 34221.44197077258, 28746.46370494159, 24688.439272200263, 34134.62249922534
219, 34221.44197077258, 24648.048695794805, 34221.44197077258, 28182.6860515067, 24690.400375589878, 34134.00643671453
220, 34221.44197077258, 24648.048695794805, 34221.44197077258, 28552.25269050232, 24689.48857098127, 34121.211376503285
221, 34221.44197077258, 24648.048695794805, 34221.44197077258, 28364.383955290046, 24678.97099165557, 34121.389719173385
222, 34221.44197077258, 24648.048695794805, 34221.44197077258, 28181.447016921935, 24694.863472960613, 34113.96423256189
223, 34221.44197077258, 24648.048695794805, 34221.44197077258, 27997.774017546024, 24687.376965307332, 34118.234098871406
224, 34221.44197077258, 24648.048695794805, 34221.44197077258, 27811.825490621934, 24687.855154556197, 34131.023507598344
225, 34221.44197077258, 24648.048695794805, 34221.44197077258, 27248.121782694947, 24697.399936765207, 34120.4527393071
226, 34221.44197077258, 24648.048695794805, 34221.44197077258, 27255.208634851955, 24695.03625280342, 34130.98605192803
227, 34221.44197077258, 24648.048695794805, 34221.44197077258, 28183.240783121048, 24696.10123428925, 34129.56919345735
228, 34221.44197077258, 24648.048695794805, 34221.44197077258, 28743.43765087961, 24684.911125406696, 34132.70933620153
229, 34221.44197077258, 24648.048695794805, 34221.44197077258, 27996.45551272352, 24686.87138506559, 34128.30515792487
230, 34221.44197077258, 24648.048695794805, 34221.44197077258, 27628.806703812577, 24691.542347757546, 34139.94778525728
231, 34221.44197077258, 24648.048695794805, 34221.44197077258, 28370.269595118683, 24688.928615614637, 34134.195071226844
232, 34221.44197077258, 24648.048695794805, 34221.44197077258, 27442.805796518704, 24692.029054359562, 34139.13756214856
233, 34221.44197077258, 24648.048695794805, 34221.44197077258, 27251.561227187638, 24697.173005839246, 34130.99529298345
234, 34263.936466037136, 24656.67098217615, 34263.936466037136, 27811.17721416192, 24693.170813761073, 34142.862231526975
235, 34263.936466037136, 24656.67098217615, 34263.936466037136, 27811.822897234248, 24702.620599914648, 34131.68472120397
236, 34263.936466037136, 24656.67098217615, 34263.936466037136, 27442.67543922721, 24701.80596853735, 34144.489130056805
237, 34345.44107437168, 24616.63290163192, 34345.44107437168, 28564.74394706735, 24677.4424157162, 34158.452574599505
238, 34345.44107437168, 24616.63290163192, 34345.44107437168, 27820.05883889838, 24684.625038929003, 34168.76898975166
239, 34345.44107437168, 24616.63290163192, 34345.44107437168, 28193.083913562165, 24683.156811843073, 34156.380424685965
240, 34345.44107437168, 24616.63290163192, 34345.44107437168, 28570.470933679087, 24689.301811003596, 34166.35576119711
241, 34357.46881463565, 24673.568022226667, 34357.46881463565, 28758.727548505394, 24678.770499421877, 34161.2912339327
242, 34357.46881463565, 24673.568022226667, 34357.46881463565, 27646.768270753433, 24696.08579908533, 34178.126237755285
243, 34357.46881463565, 24673.568022226667, 34357.46881463565, 27659.633500413664, 24699.368502140343, 34190.65312260542
244, 34357.46881463565, 24673.568022226667, 34357.46881463565, 27675.25608535779, 24692.053156259295, 34218.02067495102
245, 34357.46881463565, 24673.568022226667, 34357.46881463565, 27684.946991970723, 24691.04447459411, 34219.122627226134
246, 34357.46881463565, 24673.568022226667, 34357.46881463565, 27705.76244363108, 24680.425228031807, 34239.90069442785
247, 34357.46881463565, 24673.568022226667, 34357.46881463565, 27349.45516607304, 24678.85891012339, 34248.776570802685
248, 34357.46881463565, 24673.568022226667, 34357.46881463565, 28283.384060961056, 24673.614203492758, 34250.67418159438
249, 34357.46881463565, 24673.568022226667, 34357.46881463565, 27164.714882094046, 24684.610504154163, 34249.72628261291
250, 34357.46881463565, 24673.568022226667, 34357.46881463565, 27354.46138511607, 24705.91373537923, 34257.21064103901
251, 34357.46881463565, 24673.568022226667, 34357.46881463565, 28107.10551245876, 24715.149753670343, 34269.03220812259
252, 34357.46881463565, 24673.568022226667, 34357.46881463565, 27174.458304286818, 24722.382157402066, 34265.33094277644
253, 34357.46881463565, 24673.568022226667, 34357.46881463565, 27922.35271246066, 24706.366928839903, 34272.18483486491
254, 34357.46881463565, 24673.568022226667, 34357.46881463565, 27548.754555810567, 24713.038745816517, 34265.05342622146
255, 34371.49796117701, 24651.140499493238, 34371.49796117701, 27737.023557316927, 24714.45659802676, 34260.55501988394
256, 34371.49796117701, 24651.140499493238, 34371.49796117701, 29222.160919320835, 24698.046237883154, 34266.91853775125
257, 34371.49796117701, 24651.140499493238, 34371.49796117701, 28110.137942608657, 24702.069813694627, 34268.122401120585
258, 34371.49796117701, 24651.140499493238, 34371.49796117701, 27362.546697697107, 24722.757719849626, 34263.00441077827
259, 34371.49796117701, 24651.140499493238, 34371.49796117701, 28297.31862111236, 24705.188354849728, 34266.18425876101
260, 34371.49796117701, 24651.140499493238, 34371.49796117701, 27920.180243682604, 24709.310586888874, 34279.295869646034
261, 34371.49796117701, 24651.140499493238, 34371.49796117701, 27172.307622156848, 24711.756391584448, 34270.487656860096
262, 34371.49796117701, 24651.140499493238, 34371.49796117701, 27173.263612421833, 24718.104657046853, 34264.30016894072
263, 34371.49796117701, 24651.140499493238, 34371.49796117701, 27919.587559188087, 24715.34039102, 34275.69646803746
264, 34371.49796117701, 24651.140499493238, 34371.49796117701, 27550.747437649876, 24714.18117549954, 34274.64560542158
265, 34371.49796117701, 24651.140499493238, 34371.49796117701, 28294.3996517237, 24708.165541290153, 34268.615081587384
266, 34371.49796117701, 24651.140499493238, 34371.49796117701, 27177.480889700633, 24723.779319384714, 34260.542430841255
267, 34371.49796117701, 24651.140499493238, 34371.49796117701, 28109.81062675349, 24715.416863620234, 34265.36626257719
268, 34371.49796117701, 24651.140499493238, 34371.49796117701, 28296.32481184988, 24703.354758948022, 34266.33943280979
269, 34371.49796117701, 24651.140499493238, 34371.49796117701, 27366.47762726878, 24711.477858239872, 34262.781990410374
270, 34371.49796117701, 24651.140499493238, 34371.49796117701, 28117.9565303751, 24701.60198474548, 34279.25241419606
271, 34371.49796117701, 24651.140499493238, 34371.49796117701, 27186.804887065085, 24700.80157482034, 34272.84397414216
272, 34371.49796117701, 24651.140499493238, 34371.49796117701, 27930.710447937676, 24694.392388773293, 34264.63332305291
273, 34371.49796117701, 24651.140499493238, 34371.49796117701, 27747.483482269316, 24686.647406879696, 34272.393572900044
274, 34371.49796117701, 24651.140499493238, 34371.49796117701, 27186.429154359586, 24697.051387611224, 34289.37250041674
275, 34371.49796117701, 24651.140499493238, 34371.49796117701, 27187.336177899524, 24704.304918281447, 34277.50288801514
276, 34371.49796117701, 24651.140499493238, 34371.49796117701, 27371.95405885167, 24705.085269415697, 34266.69158226575
277, 34371.49796117701, 24651.140499493238, 34371.49796117701, 27930.7222298617, 24694.719357146318, 34272.120108540345
278, 34371.49796117701, 24651.140499493238, 34371.49796117701, 28492.49769010144, 24693.558526225705, 34273.326684927946
279, 34371.49796117701, 24651.140499493238, 34371.49796117701, 28306.412860644945, 24692.11761955202, 34282.18404014006
280, 34371.49796117701, 24651.140499493238, 34371.49796117701, 27748.49976353822, 24700.137388287858, 34283.540671224335
281, 34371.49796117701, 24651.140499493238, 34371.49796117701, 28111.404782512498, 24693.96770818049, 34261.78307728776
282, 34371.49796117701, 24651.140499493238, 34371.49796117701, 27742.613649740575, 24704.809161016718, 34275.13617682485
283, 34371.49796117701, 24651.140499493238, 34371.49796117701, 27370.606575658974, 24701.934919752068, 34278.66839490375
284, 34389.10818417753, 24666.40453624257, 34389.10818417753, 27749.373609268714, 24694.92957820439, 34284.425272530956
285, 34404.88543464684, 24670.074918823648, 34404.88543464684, 28497.169833058382, 24687.678297974646, 34290.80811482975
286, 34404.88543464684, 24670.074918823648, 34404.88543464684, 27190.446364942225, 24703.721660357834, 34288.74388359567
287, 34404.88543464684, 24670.074918823648, 34404.88543464684, 27561.24600597912, 24703.03165938061, 34282.23557546913
288, 34404.88543464684, 24670.074918823648, 34404.88543464684, 27561.264653390892, 24703.372401704826, 34282.80141143163
289, 34404.88543464684, 24670.074918823648, 34404.88543464684, 27377.086915337382, 24700.685427785484, 34308.86218927467
290, 34435.607764091605, 24621.166906530216, 34435.607764091605, 28125.921025879936, 24688.70193094926, 34296.810333157206
291, 34435.607764091605, 24621.166906530216, 34435.607764091605, 28129.012674093978, 24683.99772028357, 34292.56987756268
292, 34435.607764091605, 24621.166906530216, 34435.607764091605, 30002.3276369688, 24682.060704745538, 34292.64469125095
293, 34435.607764091605, 24621.166906530216, 34435.607764091605, 27954.894291878027, 24703.07057208788, 34312.41903997154
294, 34435.607764091605, 24621.166906530216, 34435.607764091605, 28323.826139673216, 24707.831586387674, 34313.22090576921
295, 34435.607764091605, 24621.166906530216, 34435.607764091605, 28517.790550774098, 24699.29472305335, 34310.03974941712
296, 34435.607764091605, 24621.166906530216, 34435.607764091605, 28708.447343075066, 24697.340637175173, 34331.55626386567
297, 34435.607764091605, 24621.166906530216, 34435.607764091605, 28335.79119914083, 24696.83329210695, 34318.207308173776
298, 34435.607764091605, 24621.166906530216, 34435.607764091605, 28521.82798239716, 24690.392292817436, 34327.82769296297
299, 34435.607764091605, 24621.166906530216, 34435.607764091605, 28343.049657127092, 24690.334537158742, 34325.454985083656
300, 34435.607764091605, 24621.166906530216, 34435.607764091605, 28162.820334479715, 24687.80356475755, 34325.48684616155
301, 34435.607764091605, 24621.166906530216, 34435.607764091605, 28360.4334317445, 24661.517885155066, 34342.02166953364
302, 34435.607764091605, 24621.166906530216, 34435.607764091605, 28170.128790549534, 24664.950830649752, 34348.46899464518
303, 34435.607764091605, 24621.166906530216, 34435.607764091605, 29669.1368610535, 24654.899042914254, 34339.61801213408
304, 34435.607764091605, 24621.166906530216, 34435.607764091605, 27612.957459931007, 24670.169689010414, 34337.9946410284
305, 34435.607764091605, 24621.166906530216, 34435.607764091605, 28360.186100965162, 24664.311636075854, 34343.949532351464
306, 34435.607764091605, 24621.166906530216, 34435.607764091605, 28170.851860300583, 24663.993926231586, 34333.04126616614
307, 34435.607764091605, 24621.166906530216, 34435.607764091605, 27800.14810667453, 24672.296695232504, 34342.63754264008
308, 34435.607764091605, 24621.166906530216, 34435.607764091605, 28730.58269284102, 24667.47038408697, 34336.99313489221
309, 34435.607764091605, 24621.166906530216, 34435.607764091605, 28167.87107608229, 24664.668723735937, 34335.37935849521
310, 34435.607764091605, 24621.166906530216, 34435.607764091605, 28357.195895057175, 24669.630478668078, 34328.23118715341
311, 34435.607764091605, 24621.166906530216, 34435.607764091605, 28172.875080245598, 24666.45486429156, 34342.280439634764
312, 34435.607764091605, 24621.166906530216, 34435.607764091605, 27984.570491787108, 24676.12641111259, 34336.01226488528
313, 34435.607764091605, 24621.166906530216, 34435.607764091605, 27982.715837170246, 24669.914571919995, 34341.995783999155
314, 34435.607764091605, 24621.166906530216, 34435.607764091605, 28741.06658810723, 24664.51910911756, 34353.07917998816
315, 34435.607764091605, 24621.166906530216, 34435.607764091605, 27986.504129326484, 24670.79719151188, 34330.882138549256
316, 34457.98520663097, 24658.065265766763, 34457.98520663097, 27991.050119241096, 24666.873478426878, 34350.15269509679
317, 34457.98520663097, 24658.065265766763, 34457.98520663097, 27798.479847537892, 24679.52819508376, 34341.162543661245
318, 34457.98520663097, 24658.065265766763, 34457.98520663097, 27609.824490722043, 24672.002124942766, 34335.66132813415
319, 34457.98520663097, 24658.065265766763, 34457.98520663097, 27426.622691259403, 24678.54824973669, 34330.39169292422
320, 34457.98520663097, 24658.065265766763, 34457.98520663097, 27609.23898792035, 24681.187404916596, 34340.11232240445
321, 34488.530025252716, 24530.718597946077, 34488.530025252716, 28548.776857297995, 24654.892257243944, 34344.56149272371
322, 34488.530025252716, 24530.718597946077, 34488.530025252716, 31174.950647768175, 24631.878291384983, 34352.70273617925
323, 34503.05617888532, 24482.05392828348, 34503.05617888532, 28548.782368663014, 24656.630851867318, 34347.12041252819
324, 34503.05617888532, 24482.05392828348, 34503.05617888532, 30991.379764987763, 24634.393196744302, 34361.76229724703
325, 34503.05617888532, 24482.05392828348, 34503.05617888532, 30241.065900650432, 24650.016396199087, 34352.53805198664
326, 34503.05617888532, 24482.05392828348, 34503.05617888532, 30054.903497741598, 24646.825598626565, 34362.59318687813
327, 34503.05617888532, 24482.05392828348, 34503.05617888532, 31184.4275014904, 24641.296634629798, 34369.75684802656
328, 34503.05617888532, 24482.05392828348, 34503.05617888532, 31362.73443409123, 24640.173110694963, 34361.4109317084
329, 34503.05617888532, 24482.05392828348, 34503.05617888532, 30815.255620642365, 24646.620674222962, 34383.68368244317
330, 34503.05617888532, 24482.05392828348, 34503.05617888532, 31388.491171171558, 24633.89092139322, 34381.52956171886
331, 34503.05617888532, 24482.05392828348, 34503.05617888532, 29701.37112667998, 24630.101105470247, 34373.97317103056
332, 34621.7548368264, 24666.22514346606, 34621.7548368264, 28400.702609649743, 24626.746673906244, 34402.84347756723
333, 34621.7548368264, 24666.22514346606, 34621.7548368264, 28033.039370860606, 24633.809033265694, 34421.40872895698
334, 34621.7548368264, 24666.22514346606, 34621.7548368264, 27474.837285814916, 24599.114561485872, 34422.988350885316
335, 34621.7548368264, 24666.22514346606, 34621.7548368264, 27671.302838242056, 24578.96242233128, 34439.25308725434
336, 34621.7548368264, 24666.22514346606, 34621.7548368264, 28801.42453506288, 24576.526217274717, 34438.68862167038
337, 34621.7548368264, 24666.22514346606, 34621.7548368264, 28056.594829906233, 24600.936599880748, 34441.829844045205
338, 34621.7548368264, 24666.22514346606, 34621.7548368264, 28820.87151469644, 24608.772095067285, 34459.5107569656
339, 34621.7548368264, 24666.22514346606, 34621.7548368264, 27519.215082471044, 24654.786298388903, 34475.96376745972
340, 34621.7548368264, 24666.22514346606, 34621.7548368264, 28285.145687805423, 24658.443785476284, 34486.69841670384
341, 34621.7548368264, 24666.22514346606, 34621.7548368264, 27736.57406442757, 24664.935829402515, 34498.79930216298
342, 34621.7548368264, 24666.22514346606, 34621.7548368264, 27365.354157167836, 24667.62019510276, 34502.42317505007
343, 34621.7548368264, 24666.22514346606, 34621.7548368264, 27735.67454169509, 24657.362939043247, 34491.514942761
344, 34621.7548368264, 24666.22514346606, 34621.7548368264, 27364.585164719447, 24654.14484411668, 34513.49843044469
345, 34621.7548368264, 24666.22514346606, 34621.7548368264, 28490.397857051306, 24656.387119615636, 34506.4306890416
346, 34621.7548368264, 24666.22514346606, 34621.7548368264, 28303.901822228214, 24648.469147041236, 34503.77196188858
347, 34679.57114376623, 24568.07952743535, 34679.57114376623, 29067.64993640718, 24636.40203425233, 34524.691360782046
348, 34679.57114376623, 24568.07952743535, 34679.57114376623, 29268.740463437043, 24690.071075106454, 34528.52488644512
349, 34679.57114376623, 24568.07952743535, 34679.57114376623, 29461.477411000364, 24677.803858089257, 34544.56386643227
350, 34679.57114376623, 24568.07952743535, 34679.57114376623, 28322.757269054124, 24690.82171692421, 34533.73760967395
351, 34679.57114376623, 24568.07952743535, 34679.57114376623, 28892.577997462104, 24685.205123586366, 34534.09970431411
352, 34679.57114376623, 24568.07952743535, 34679.57114376623, 29463.71654512046, 24678.501589557523, 34547.279789267894
353, 34679.57114376623, 24568.07952743535, 34679.57114376623, 28708.53906102037, 24678.326943482, 34538.407595540404
354, 34679.57114376623, 24568.07952743535, 34679.57114376623, 29094.25545785171, 24665.56257321486, 34543.576655086945
355, 34679.57114376623, 24568.07952743535, 34679.57114376623, 28545.901447768374, 24646.0388237614, 34563.697610312905
356, 34679.57114376623, 24568.07952743535, 34679.57114376623, 29873.930933359832, 24615.899908758005, 34581.87488186091
357, 34740.294166917796, 24569.97083183916, 34740.294166917796, 28369.90050840908, 24612.2238552956, 34585.41739272258
358, 34740.294166917796, 24569.97083183916, 34740.294166917796, 30064.827515392186, 24602.71199883114, 34593.60653103049
359, 34740.294166917796, 24569.97083183916, 34740.294166917796, 29692.84900256949, 24612.399259929687, 34588.161344078086
360, 34740.294166917796, 24569.97083183916, 34740.294166917796, 29318.487047291586, 24611.234328181676, 34594.82508276658
361, 34740.294166917796, 24569.97083183916, 34740.294166917796, 28375.671516744467, 24616.453854177995, 34590.972044054695
362, 34740.294166917796, 24569.97083183916, 34740.294166917796, 28751.533319643884, 24621.567268611558, 34601.404415910605
363, 34740.294166917796, 24569.97083183916, 34740.294166917796, 29504.43124807776, 24616.00594386579, 34603.732239197736
364, 34740.294166917796, 24569.97083183916, 34740.294166917796, 29131.788034689664, 24616.151802053802, 34596.300285622696
365, 34740.294166917796, 24569.97083183916, 34740.294166917796, 28948.20612125199, 24621.109701268753, 34594.28179290904
366, 34740.294166917796, 24569.97083183916, 34740.294166917796, 29136.043835063203, 24621.89619455669, 34599.09096537687
367, 34740.294166917796, 24569.97083183916, 34740.294166917796, 29892.18322480597, 24614.251303074365, 34600.058413742154
368, 34740.294166917796, 24569.97083183916, 34740.294166917796, 29901.951442246416, 24617.037565606563, 34619.22595541082
369, 34740.294166917796, 24569.97083183916, 34740.294166917796, 29163.599036800537, 24628.187249719627, 34633.8626583523
370, 34740.294166917796, 24569.97083183916, 34740.294166917796, 28039.583912095623, 24631.832088671043, 34632.821903880846
371, 34740.294166917796, 24569.97083183916, 34740.294166917796, 29358.16975901224, 24615.74205889642, 34634.24955925181
372, 34740.294166917796, 24569.97083183916, 34740.294166917796, 28424.078783942114, 24624.29308562464, 34641.42480141042
373, 34756.706118820985, 24641.804229722442, 34756.706118820985, 29172.391462579104, 24623.869192304966, 34633.14794740373
374, 34756.706118820985, 24641.804229722442, 34756.706118820985, 28982.373318191778, 24628.76030976076, 34635.32769445347
375, 34795.77298809676, 24679.627469105173, 34795.77298809676, 27861.294356344402, 24639.239447854598, 34653.704840099585
376, 34795.77298809676, 24679.627469105173, 34795.77298809676, 28801.52603555452, 24633.741310279907, 34659.56972739686
377, 34795.77298809676, 24679.627469105173, 34795.77298809676, 27669.861879680113, 24646.98143727444, 34669.842867986634
378, 34795.77298809676, 24679.627469105173, 34795.77298809676, 27671.64492954761, 24663.312647267598, 34669.56323757158
379, 34795.77298809676, 24679.627469105173, 34795.77298809676, 27485.992855742224, 24670.12724862974, 34668.83300710428
380, 34795.77298809676, 24679.627469105173, 34795.77298809676, 27678.82110856098, 24683.691394366826, 34674.74285938277
381, 34795.77298809676, 24679.627469105173, 34795.77298809676, 27682.62014958748, 24715.239301277965, 34668.21898227034
382, 34795.77298809676, 24679.627469105173, 34795.77298809676, 27498.211123920864, 24704.47446963889, 34673.68775581667
383, 34795.77298809676, 24679.627469105173, 34795.77298809676, 27879.062615440103, 24702.698915258487, 34679.51417201168
384, 34795.77298809676, 24679.627469105173, 34795.77298809676, 27696.269145300023, 24710.791750077056, 34683.55072176706
385, 34795.77298809676, 24679.627469105173, 34795.77298809676, 28269.804034800683, 24712.836193210773, 34688.76309939169
386, 34795.77298809676, 24679.627469105173, 34795.77298809676, 28659.22868106124, 24716.904793850885, 34688.99715961895
387, 34795.77298809676, 24679.627469105173, 34795.77298809676, 27710.44312200801, 24726.949915540896, 34685.546353814556
388, 34795.77298809676, 24679.627469105173, 34795.77298809676, 28464.829780015978, 24720.295162563274, 34701.000939649115
389, 34795.77298809676, 24679.627469105173, 34795.77298809676, 28278.13685478469, 24723.26632408888, 34696.20131460169
390, 34839.52101512085, 24445.925060118458, 34839.52101512085, 31111.706399641578, 24677.882004038584, 34705.04229185312
391, 34839.52101512085, 24445.925060118458, 34839.52101512085, 30928.85802483292, 24678.693526101648, 34704.10237639853
392, 34839.52101512085, 24445.925060118458, 34839.52101512085, 31122.044289876987, 24653.988348422812, 34709.251246568354
393, 34839.52101512085, 24445.925060118458, 34839.52101512085, 31124.429578890784, 24654.482998674965, 34712.244064835344
394, 34839.52101512085, 24445.925060118458, 34839.52101512085, 31881.475426448098, 24638.048007036206, 34718.26749474384
395, 34839.52101512085, 24445.925060118458, 34839.52101512085, 30929.90570976928, 24634.086155739828, 34704.87332424172
396, 34839.52101512085, 24445.925060118458, 34839.52101512085, 31883.274228174734, 24589.756847178185, 34723.78226218573
397, 34839.52101512085, 24445.925060118458, 34839.52101512085, 30948.068545785158, 24557.579455071333, 34730.964549346594
398, 34839.52101512085, 24445.925060118458, 34839.52101512085, 31720.507421339073, 24499.330192233487, 34748.54580471618
399, 34839.52101512085, 24445.925060118458, 34839.52101512085, 32281.704267693065, 24486.073867321433, 34737.38720800506
400, 34870.47363215466, 24468.02936180147, 34870.47363215466, 31722.114190772412, 24500.54290489276, 34742.99919549487
401, 34870.52893505179, 24661.158826385697, 34870.52893505179, 28313.112668083766, 24544.096940376785, 34746.91859406669
402, 34870.52893505179, 24661.158826385697, 34870.52893505179, 28120.8870887739, 24539.55996200164, 34737.08091104074
403, 34870.52893505179, 24661.158826385697, 34870.52893505179, 28700.156075830637, 24535.994879293285, 34747.91484941273
404, 34870.52893505179, 24661.158826385697, 34870.52893505179, 28317.87342702822, 24536.18033183686, 34748.932268346965
405, 34870.52893505179, 24661.158826385697, 34870.52893505179, 27746.031263897192, 24546.951167177373, 34750.913163168945
406, 34870.52893505179, 24661.158826385697, 34870.52893505179, 27558.59153840257, 24561.61272285454, 34743.40943953076
407, 34870.52893505179, 24661.158826385697, 34870.52893505179, 28131.39895978067, 24553.781903865958, 34758.24691239245
408, 34870.52893505179, 24661.158826385697, 34870.52893505179, 29081.839263570924, 24551.68707125669, 34755.547109854975
409, 34870.52893505179, 24661.158826385697, 34870.52893505179, 27386.731572996534, 24587.829750181456, 34756.69553262528
410, 34870.52893505179, 24661.158826385697, 34870.52893505179, 27957.103076560874, 24579.176532895326, 34774.75518448074
411, 34870.52893505179, 24661.158826385697, 34870.52893505179, 27954.17187445301, 24591.764250755652, 34757.41132263563
412, 34870.52893505179, 24661.158826385697, 34870.52893505179, 28337.131684360615, 24615.59198444819, 34776.035202280196
413, 34870.52893505179, 24661.158826385697, 34870.52893505179, 28145.897907267026, 24645.727678923755, 34768.03720735636
414, 34870.52893505179, 24661.158826385697, 34870.52893505179, 28529.97881386308, 24692.253422638958, 34782.82531764593
415, 34876.26662917438, 24632.968201443968, 34876.26662917438, 29472.91515378985, 24689.196756574573, 34758.04145979332
416, 34876.26662917438, 24632.968201443968, 34876.26662917438, 27772.69924120414, 24702.516300043455, 34760.8802278177
417, 34876.26662917438, 24632.968201443968, 34876.26662917438, 27388.7530665524, 24711.58718202545, 34771.81136934534
418, 34876.26662917438, 24632.968201443968, 34876.26662917438, 28151.90227334425, 24699.179421563076, 34769.98654198017
419, 34876.26662917438, 24632.968201443968, 34876.26662917438, 28342.36693858355, 24698.329489946438, 34760.39150301623
420, 34876.26662917438, 24632.968201443968, 34876.26662917438, 28522.886096953524, 24693.696902793934, 34759.167301012385
421, 34876.26662917438, 24632.968201443968, 34876.26662917438, 28152.034972694175, 24693.45739754062, 34777.97508334316
422, 34876.26662917438, 24632.968201443968, 34876.26662917438, 27960.829092941458, 24701.941905705975, 34766.161082250575
423, 34876.26662917438, 24632.968201443968, 34876.26662917438, 28713.163847292548, 24698.41310725661, 34767.651974485045
424, 34876.26662917438, 24632.968201443968, 34876.26662917438, 28148.439279531063, 24706.993863608193, 34770.88510043211
425, 34876.26662917438, 24632.968201443968, 34876.26662917438, 27771.06281495598, 24698.675506182182, 34767.80210253611
426, 34904.18093395261, 24561.879784593482, 34904.18093395261, 30230.092042660122, 24678.367320839217, 34773.8177542831
427, 34904.18093395261, 24561.879784593482, 34904.18093395261, 29104.06205718643, 24674.296810436153, 34785.826280802874
428, 34904.18093395261, 24561.879784593482, 34904.18093395261, 30051.858419659333, 24657.03376032145, 34781.68867673719
429, 34904.18093395261, 24561.879784593482, 34904.18093395261, 29671.419492833164, 24654.35136246681, 34780.07366087084
430, 34904.18093395261, 24561.879784593482, 34904.18093395261, 28723.62323995091, 24660.702422662085, 34782.67350552925
431, 34904.18093395261, 24561.879784593482, 34904.18093395261, 29287.370226358827, 24657.550903675714, 34777.57452396228
432, 34904.18093395261, 24561.879784593482, 34904.18093395261, 29293.852805926388, 24650.659789425208, 34780.174213957966
433, 34904.18093395261, 24561.879784593482, 34904.18093395261, 29297.05706496989, 24636.6944267856, 34781.654088131465
434, 34904.18093395261, 24561.879784593482, 34904.18093395261, 29306.706759024877, 24642.09417785967, 34790.02966639192
435, 34904.18093395261, 24561.879784593482, 34904.18093395261, 29308.0856704123, 24620.1716233375, 34801.47999749568
436, 34904.18093395261, 24561.879784593482, 34904.18093395261, 29879.226335193845, 24607.562448143974, 34803.87510556319
437, 34904.18093395261, 24561.879784593482, 34904.18093395261, 29881.876456866838, 24601.661367918816, 34805.0298130177
438, 34904.18093395261, 24561.879784593482, 34904.18093395261, 29310.175165556677, 24617.933714231138, 34802.36685718813
439, 34904.18093395261, 24561.879784593482, 34904.18093395261, 29496.666631838456, 24606.764991979166, 34799.2834481525
440, 34904.18093395261, 24561.879784593482, 34904.18093395261, 28938.28154612419, 24623.353215740706, 34803.201854972795
441, 34904.18093395261, 24561.879784593482, 34904.18093395261, 28170.559174948223, 24618.0690228712, 34797.5331163752
442, 34904.18093395261, 24561.879784593482, 34904.18093395261, 29502.287525635846, 24614.30423907237, 34805.83165909287
443, 34904.18093395261, 24561.879784593482, 34904.18093395261, 29505.58413721641, 24607.032190048463, 34805.062764262344
444, 34904.18093395261, 24561.879784593482, 34904.18093395261, 30069.081975844827, 24606.882154454237, 34798.801184527714
445, 34904.18093395261, 24561.879784593482, 34904.18093395261, 29123.08747045822, 24607.377119529487, 34801.35295890757
446, 34904.18093395261, 24561.879784593482, 34904.18093395261, 28173.64049101992, 24620.410840935903, 34793.9695679547
447, 34904.18093395261, 24561.879784593482, 34904.18093395261, 28740.43115051099, 24611.334340542162, 34796.40719534356
448, 34904.18093395261, 24561.879784593482, 34904.18093395261, 29123.672802190824, 24607.616220062162, 34803.437801766915
449, 34904.18093395261, 24561.879784593482, 34904.18093395261, 28938.201991545153, 24613.159664467723, 34808.52699509896
450, 34904.18093395261, 24561.879784593482, 34904.18093395261, 27987.278280704304, 24618.655433543037, 34805.14578943759
451, 34904.18093395261, 24561.879784593482, 34904.18093395261, 30066.09691285465, 24598.27734918457, 34797.05856630001
452, 34904.18093395261, 24561.879784593482, 34904.18093395261, 28931.536212466108, 24614.97350735497, 34802.601304052594
453, 34904.18093395261, 24561.879784593482, 34904.18093395261, 28744.2316832754, 24618.361438057662, 34799.18828388885
454, 34904.18093395261, 24561.879784593482, 34904.18093395261, 29310.981472759668, 24610.546736585722, 34803.16262761506
455, 34904.18093395261, 24561.879784593482, 34904.18093395261, 29499.452145386334, 24609.589810945028, 34793.85479205515
456, 34904.18093395261, 24561.879784593482, 34904.18093395261, 29879.876149764557, 24603.675112337576, 34790.06741109222
457, 34904.18093395261, 24561.879784593482, 34904.18093395261, 29309.414082591524, 24613.985237522695, 34801.36235197004
458, 34904.18093395261, 24561.879784593482, 34904.18093395261, 29121.31763597536, 24613.87866347739, 34798.702386162324
459, 34904.18093395261, 24561.879784593482, 34904.18093395261, 28935.62805717841, 24619.35567764438, 34806.64737562553
460, 35007.940036538756, 24580.21182755388, 35007.940036538756, 28744.091997633346, 24620.340052514162, 34801.28128735038
461, 35007.940036538756, 24580.21182755388, 35007.940036538756, 29512.461113999216, 24613.79320189664, 34828.64728223902
462, 35007.940036538756, 24580.21182755388, 35007.940036538756, 27800.56694677594, 24623.156126402144, 34825.94238337427
463, 35007.940036538756, 24580.21182755388, 35007.940036538756, 29505.462812833273, 24606.869383687226, 34818.3664645613
464, 35007.940036538756, 24580.21182755388, 35007.940036538756, 29131.356481986135, 24607.644174344285, 34830.02997579704
465, 35007.940036538756, 24580.21182755388, 35007.940036538756, 28945.36732886063, 24616.16356480473, 34839.85788204708
466, 35007.940036538756, 24580.21182755388, 35007.940036538756, 29135.234014942776, 24620.04537927439, 34838.8457450931
467, 35007.940036538756, 24580.21182755388, 35007.940036538756, 29137.02640909109, 24619.524155903473, 34836.47465936143
468, 35007.940036538756, 24580.21182755388, 35007.940036538756, 28192.53797750286, 24638.093743011377, 34842.11282118307
469, 35007.940036538756, 24580.21182755388, 35007.940036538756, 30105.47272266407, 24633.176975637893, 34853.57896882873
470, 35007.940036538756, 24580.21182755388, 35007.940036538756, 29362.399490663294, 24643.728602273728, 34880.691924702056
471, 35007.940036538756, 24580.21182755388, 35007.940036538756, 29001.4425357162, 24655.929817363773, 34890.26290385918
472, 35007.940036538756, 24580.21182755388, 35007.940036538756, 29013.873138866988, 24632.502341234227, 34901.99761860405
473, 35007.940036538756, 24580.21182755388, 35007.940036538756, 30531.792395258148, 24617.485631815372, 34899.47887175078
474, 35053.9642811219, 24688.4709473619, 35053.9642811219, 27499.379351657502, 24649.787290557782, 34914.10758165369
475, 35053.9642811219, 24688.4709473619, 35053.9642811219, 27688.832830984727, 24658.978778219924, 34912.20363548971
476, 35053.9642811219, 24688.4709473619, 35053.9642811219, 27692.103503958508, 24654.6074300436, 34917.066602466584
477, 35053.9642811219, 24688.4709473619, 35053.9642811219, 27690.885814023193, 24655.196894772813, 34922.34599216734
478, 35053.9642811219, 24688.4709473619, 35053.9642811219, 27499.484427707826, 24661.572952398586, 34914.96326556809
479, 35053.9642811219, 24688.4709473619, 35053.9642811219, 27690.210094153997, 24657.220096244942, 34913.76432394817
480, 35053.9642811219, 24688.4709473619, 35053.9642811219, 27884.652857402474, 24663.35719794443, 34925.02563322073
481, 35053.9642811219, 24688.4709473619, 35053.9642811219, 27130.210596284825, 24686.651047826028, 34927.862961058185
482, 35053.9642811219, 24688.4709473619, 35053.9642811219, 28082.701511221338, 24687.78050856674, 34920.7927179578
483, 35053.9642811219, 24688.4709473619, 35053.9642811219, 27900.717950323953, 24708.3838150592, 34919.01392492237
484, 35053.9642811219, 24688.4709473619, 35053.9642811219, 27908.11416707325, 24722.64574490007, 34946.451944494525
485, 35053.9642811219, 24688.4709473619, 35053.9642811219, 27726.888330563685, 24730.427231989986, 34955.859910789986
486, 35053.9642811219, 24688.4709473619, 35053.9642811219, 27156.367662137993, 24734.40281912187, 34954.2701292507
487, 35059.18673576537, 24565.065195489315, 35059.18673576537, 29431.186685680714, 24711.093653250187, 34942.597567265584
488, 35059.18673576537, 24565.065195489315, 35059.18673576537, 28675.19570244549, 24709.104690821812, 34949.132756066974
489, 35059.18673576537, 24565.065195489315, 35059.18673576537, 30203.76051243077, 24705.752783034524, 34954.567310802486
490, 35059.18673576537, 24565.065195489315, 35059.18673576537, 29249.57667979163, 24701.50670047712, 34951.67145249703
491, 35059.18673576537, 24565.065195489315, 35059.18673576537, 28485.988320941255, 24711.230242230915, 34935.703369356146
492, 35059.18673576537, 24565.065195489315, 35059.18673576537, 29821.831177914977, 24698.67394280246, 34956.88002965482
493, 35059.18673576537, 24565.065195489315, 35059.18673576537, 30767.54231699444, 24688.159765838784, 34951.49838289264
494, 35059.18673576537, 24565.065195489315, 35059.18673576537, 29057.92620036567, 24694.239430230537, 34947.76381890492
495, 35059.18673576537, 24565.065195489315, 35059.18673576537, 29055.157786534874, 24690.26677815669, 34945.05338973443
496, 35092.07304477736, 24660.02118470578, 35092.07304477736, 27538.738605524453, 24698.531739766273, 34954.67962971774
497, 35092.07304477736, 24660.02118470578, 35092.07304477736, 29061.822706630035, 24660.027668976993, 34964.05484395494
498, 35092.07304477736, 24660.02118470578, 35092.07304477736, 28113.26572739756, 24632.91021849229, 34960.47793447851
499, 35092.07304477736, 24660.02118470578, 35092.07304477736, 27917.950304484646, 24637.00706058929, 34966.80261835717
500, 35092.07304477736, 24660.02118470578, 35092.07304477736, 28115.60470890117, 24645.47616357318, 34959.87078726953
