1, 26827.090355861677, 24645.516905503766, 26827.090355861677, 25207.943937660617, 24653.967208001748, 25207.943937660617
2, 26827.090355861677, 24645.516905503766, 26827.090355861677, 25702.43769668377, 24635.85701002169, 25702.43769668377
3, 26864.145181769076, 24657.625325924968, 26864.145181769076, 25885.864576963875, 24629.41693027028, 25885.864576963875
4, 26954.99462740877, 24604.173770413756, 26954.99462740877, 26071.605825588245, 24624.23717110915, 26071.605825588245
5, 27038.64747734713, 24679.028670372947, 27038.64747734713, 26114.633118755268, 24621.752378693513, 26114.633118755268
6, 27113.261876512435, 24593.023715380506, 27113.261876512435, 26237.180663096548, 24624.470533178475, 26237.180663096548
7, 27171.774483790774, 24277.307123956754, 27171.774483790774, 26277.55798087175, 24613.50040139162, 26277.55798087175
8, 27171.774483790774, 24277.307123956754, 27171.774483790774, 26346.548749866834, 24615.240589393205, 26346.548749866834
9, 27275.901437827077, 24382.170579520483, 27275.901437827077, 26407.141130818996, 24601.48252715197, 26407.141130818996
10, 27275.901437827077, 24382.170579520483, 27275.901437827077, 26454.18825897463, 24577.709279152976, 26454.18825897463
11, 27427.568332641044, 24651.890832137724, 27427.568332641044, 26501.06007687418, 24564.390971488276, 26501.06007687418
12, 27427.568332641044, 24651.890832137724, 27427.568332641044, 26546.25730548807, 24554.206279791546, 26546.25730548807
13, 27458.20895272125, 24594.06368134864, 27458.20895272125, 26577.253738738003, 24534.355540892513, 26577.253738738003
14, 27650.327650729872, 24118.051799293746, 27650.327650729872, 26673.584766924858, 24523.255343935998, 26673.584766924858
15, 27650.327650729872, 24118.051799293746, 27650.327650729872, 26681.603302743773, 24520.881477714236, 26681.603302743773
16, 27701.57310210178, 24589.44801523325, 27701.57310210178, 26733.55786723323, 24538.781007088553, 26733.55786723323
17, 27717.090752484146, 24562.269190532053, 27717.090752484146, 26823.410920719893, 24491.84163667815, 26823.410920719893
18, 27724.67197408469, 24168.892049960083, 27724.67197408469, 26821.690815996888, 24460.522193339802, 26821.690815996888
19, 27903.053977408246, 24127.337325057408, 27903.053977408246, 26896.49374295571, 24372.80359290038, 26896.49374295571
20, 27903.053977408246, 24127.337325057408, 27903.053977408246, 26920.24654174365, 24343.583021030398, 26920.24654174365
21, 27997.749255366252, 24665.285115909388, 27997.749255366252, 26975.093407554414, 24410.017962569957, 26975.093407554414
22, 28083.397443090344, 24341.05223132315, 28083.397443090344, 27005.435105999986, 24381.87070980987, 27005.435105999986
23, 28093.661241983526, 24005.31818848193, 28093.661241983526, 27032.35664908461, 24387.371135895177, 27032.35664908461
24, 28093.661241983526, 24005.31818848193, 28093.661241983526, 27071.063353789268, 24410.681346887955, 27071.063353789268
25, 28146.474626985575, 23999.849287350808, 28146.474626985575, 27099.653342889484, 24384.81689910468, 27099.653342889484
26, 28198.82347002928, 24407.740685303186, 28198.82347002928, 27114.908990890548, 24405.013234299873, 27114.908990890548
27, 28359.776048074353, 24648.46622182741, 28359.776048074353, 27155.68522571155, 24452.434437662607, 27155.68522571155
28, 28414.118576224835, 24376.053953715033, 28414.118576224835, 27194.56958275844, 24491.95173715691, 27194.56958275844
29, 28414.118576224835, 24376.053953715033, 28414.118576224835, 27253.586809571683, 24435.504848210185, 27253.586809571683
30, 28469.161440630258, 24295.879629352105, 28469.161440630258, 27292.287521340866, 24412.217143312133, 27292.287521340866
31, 28638.826699276666, 24484.88525699305, 28638.826699276666, 27290.900727415385, 24447.426546997463, 27290.900727415385
32, 28638.826699276666, 24484.88525699305, 28638.826699276666, 27404.425433116652, 24438.13420217257, 27404.425433116652
33, 28638.826699276666, 24484.88525699305, 28638.826699276666, 27409.412768331684, 24469.499214274405, 27409.412768331684
34, 28638.826699276666, 24484.88525699305, 28638.826699276666, 27418.98422224841, 24421.35499662474, 27418.98422224841
35, 28692.71948814413, 24354.859306687966, 28692.71948814413, 27466.25803214353, 24413.094576208092, 27466.25803214353
36, 28734.768705346774, 24491.309878691027, 28734.768705346774, 27489.242677426882, 24428.663448066247, 27489.242677426882
37, 28736.454397340563, 24367.959232328485, 28736.454397340563, 27555.263092752928, 24466.366485341856, 27555.263092752928
38, 28786.746456580153, 24647.878495597066, 28786.746456580153, 27613.293991448492, 24445.299958988115, 27613.293991448492
39, 28810.51448926119, 23957.430673353225, 28810.51448926119, 27582.009565782013, 24483.132724154577, 27582.009565782013
40, 28900.3612455582, 24478.590464986923, 28900.3612455582, 27572.0260818421, 24512.297156748646, 27572.0260818421
41, 28900.3612455582, 24478.590464986923, 28900.3612455582, 27649.433236023433, 24496.268301970602, 27649.433236023433
42, 28920.691378521275, 24186.8214742782, 28920.691378521275, 27754.333623209182, 24495.094804911194, 27754.333623209182
43, 29131.366579573038, 24364.030563468026, 29131.366579573038, 27710.435583714174, 24469.4905256562, 27710.435583714174
44, 29131.366579573038, 24364.030563468026, 29131.366579573038, 27790.011564154454, 24459.51406918333, 27790.011564154454
45, 29200.203801692405, 24370.726430719926, 29200.203801692405, 27778.820208011908, 24458.650025048446, 27778.820208011908
46, 29200.203801692405, 24370.726430719926, 29200.203801692405, 27798.16324158993, 24479.697770694253, 27798.16324158993
47, 29234.85429018694, 24556.222679289353, 29234.85429018694, 27830.59649160552, 24446.55497537182, 27830.59649160552
48, 29234.85429018694, 24556.222679289353, 29234.85429018694, 27858.775052210414, 24500.183413102804, 27858.775052210414
49, 29234.85429018694, 24556.222679289353, 29234.85429018694, 27896.023929293915, 24476.990015129057, 27896.023929293915
50, 29313.438504413065, 24680.17747566163, 29313.438504413065, 27968.27950219647, 24459.11362298941, 27968.27950219647
51, 29313.438504413065, 24680.17747566163, 29313.438504413065, 27912.026907299794, 24504.75226835128, 27912.026907299794
52, 29313.438504413065, 24680.17747566163, 29313.438504413065, 27985.33776241539, 24504.116465367242, 27985.33776241539
53, 29313.438504413065, 24680.17747566163, 29313.438504413065, 27990.233261030302, 24517.555898941104, 27990.233261030302
54, 29355.812120210885, 24654.6742013109, 29355.812120210885, 28012.483896521164, 24513.688388778348, 28012.483896521164
55, 29355.812120210885, 24654.6742013109, 29355.812120210885, 28011.312299031015, 24540.076445431263, 28011.312299031015
56, 29484.724474455317, 24628.19074271892, 29484.724474455317, 28033.168691600396, 24543.254716730073, 28033.168691600396
57, 29559.667598584758, 23996.286226466953, 29559.667598584758, 28072.769519554262, 24536.497491354017, 28072.769519554262
58, 29571.342380092236, 24537.983241368027, 29571.342380092236, 28096.02134482934, 24559.966877068688, 28096.02134482934
59, 29571.342380092236, 24537.983241368027, 29571.342380092236, 28113.502828252385, 24566.496826542527, 28113.502828252385
60, 29628.074691899732, 24603.420238924584, 29628.074691899732, 28117.923435234345, 24542.79332359609, 28117.923435234345
61, 29657.94225863849, 24577.79350506189, 29657.94225863849, 28140.623010237683, 24504.344091253704, 28140.623010237683
62, 29690.66532576731, 24174.70032573651, 29690.66532576731, 28212.491303641345, 24491.829059174586, 28212.491303641345
63, 29714.944369894987, 24470.463187405247, 29714.944369894987, 28226.00096613801, 24444.123549946285, 28226.00096613801
64, 29714.944369894987, 24470.463187405247, 29714.944369894987, 28258.467731596083, 24381.660049819973, 28258.467731596083
65, 29760.68237216179, 24519.3769341172, 29760.68237216179, 28284.58855795169, 24504.683173140627, 28284.58855795169
66, 29760.68237216179, 24519.3769341172, 29760.68237216179, 28332.262094419613, 24500.708659020816, 28332.262094419613
67, 29769.203580210313, 24457.516015321035, 29769.203580210313, 28366.10832589638, 24493.387221665656, 28366.10832589638
68, 29837.89718964378, 24328.487859674115, 29837.89718964378, 28320.472717528453, 24447.518516257973, 28320.472717528453
69, 29922.953208903553, 24317.358003548845, 29922.953208903553, 28344.44494828661, 24418.71006336256, 28344.44494828661
70, 29922.953208903553, 24317.358003548845, 29922.953208903553, 28333.419539205413, 24467.802879022012, 28333.419539205413
71, 29922.953208903553, 24317.358003548845, 29922.953208903553, 28383.99388999009, 24507.982059507412, 28383.99388999009
72, 29981.525495341248, 24276.275556016433, 29981.525495341248, 28368.94934239026, 24483.489538385405, 28368.94934239026
73, 30015.403715897395, 24506.064478327826, 30015.403715897395, 28423.05168556473, 24469.459425733192, 28423.05168556473
74, 30015.403715897395, 24506.064478327826, 30015.403715897395, 28411.99200809789, 24468.212027316553, 28411.99200809789
75, 30015.403715897395, 24506.064478327826, 30015.403715897395, 28426.359179568808, 24472.53657259387, 28426.359179568808
76, 30041.976182204042, 24497.17693704734, 30041.976182204042, 28463.889050625432, 24497.326975743912, 28463.889050625432
77, 30041.976182204042, 24497.17693704734, 30041.976182204042, 28524.75503960941, 24507.934352224762, 28524.75503960941
78, 30041.976182204042, 24497.17693704734, 30041.976182204042, 28522.014898834623, 24490.22611364857, 28522.014898834623
79, 30170.01424859989, 24307.12642693047, 30170.01424859989, 28514.59446103748, 24485.763698536757, 28514.59446103748
80, 30180.584134889406, 24412.27748850494, 30180.584134889406, 28554.751947057965, 24491.352049296416, 28554.751947057965
81, 30180.584134889406, 24412.27748850494, 30180.584134889406, 28600.941103147794, 24534.450310683682, 28600.941103147794
82, 30350.997502080845, 24552.83387861817, 30350.997502080845, 28580.47111988592, 24547.569039857946, 28580.47111988592
83, 30350.997502080845, 24552.83387861817, 30350.997502080845, 28578.32197378778, 24540.00701580804, 28578.32197378778
84, 30350.997502080845, 24552.83387861817, 30350.997502080845, 28588.701881104782, 24504.18670143232, 28588.701881104782
85, 30350.997502080845, 24552.83387861817, 30350.997502080845, 28668.86946321798, 24485.717447344003, 28668.86946321798
86, 30350.997502080845, 24552.83387861817, 30350.997502080845, 28640.57712676007, 24498.172650522276, 28640.57712676007
87, 30407.896201316922, 24525.003654200267, 30407.896201316922, 28681.465367251585, 24515.821474546057, 28681.465367251585
88, 30407.896201316922, 24525.003654200267, 30407.896201316922, 28680.313247355487, 24473.944044611395, 28680.313247355487
89, 30432.80119817067, 24517.989011361602, 30432.80119817067, 28720.943133402347, 24486.53851333856, 28720.943133402347
90, 30572.678389123834, 24641.812222357414, 30572.678389123834, 28735.707663923407, 24498.11074045512, 28735.707663923407
91, 30572.678389123834, 24641.812222357414, 30572.678389123834, 28769.236376002325, 24485.514178597205, 28769.236376002325
92, 30572.678389123834, 24641.812222357414, 30572.678389123834, 28796.63908577945, 24507.718443713664, 28796.63908577945
93, 30572.678389123834, 24641.812222357414, 30572.678389123834, 28833.044961323678, 24566.2980927752, 28833.044961323678
94, 30572.678389123834, 24641.812222357414, 30572.678389123834, 28800.87144068885, 24550.552663686438, 28800.87144068885
95, 30694.99450668984, 24474.750332105752, 30694.99450668984, 28844.996275404184, 24539.6236949427, 28844.996275404184
96, 30694.99450668984, 24474.750332105752, 30694.99450668984, 28892.37394048092, 24558.3704574222, 28892.37394048092
97, 30694.99450668984, 24474.750332105752, 30694.99450668984, 28934.836592747146, 24546.65956690118, 28934.836592747146
98, 30694.99450668984, 24474.750332105752, 30694.99450668984, 28926.412234222895, 24547.99780261067, 28926.412234222895
99, 30694.99450668984, 24474.750332105752, 30694.99450668984, 28966.563165995678, 24565.309145627045, 28966.563165995678
100, 30694.99450668984, 24474.750332105752, 30694.99450668984, 28926.05000633103, 24597.508826900725, 28926.05000633103
101, 30694.99450668984, 24474.750332105752, 30694.99450668984, 28986.861041511605, 24606.690890533595, 28986.861041511605
102, 30712.00481245511, 24584.894447529565, 30712.00481245511, 28993.619191828504, 24571.503009044736, 28993.619191828504
103, 30722.371499765555, 24202.17898962311, 30722.371499765555, 29031.06086645655, 24541.92609372662, 29031.06086645655
104, 30760.22875969209, 24567.059599101543, 30760.22875969209, 29038.3747929469, 24530.98816625909, 29038.3747929469
105, 30760.22875969209, 24567.059599101543, 30760.22875969209, 29066.52330632345, 24533.32867002657, 29066.52330632345
106, 30909.79311422983, 24442.231099859415, 30909.79311422983, 29012.133493205463, 24531.50445783173, 29012.133493205463
107, 30909.79311422983, 24442.231099859415, 30909.79311422983, 29035.936738320073, 24527.860776069192, 29035.936738320073
108, 30909.79311422983, 24442.231099859415, 30909.79311422983, 29055.064830968146, 24522.960009725568, 29055.064830968146
109, 30969.21735975602, 24062.284720525608, 30969.21735975602, 29053.691407868184, 24494.63755694823, 29053.691407868184
110, 30969.21735975602, 24062.284720525608, 30969.21735975602, 29066.31816742218, 24511.91107528224, 29066.31816742218
111, 30969.21735975602, 24062.284720525608, 30969.21735975602, 29072.68979412132, 24542.820952266902, 29072.68979412132
112, 31038.34147077866, 24068.58322552781, 31038.34147077866, 29140.97576950075, 24514.284081749283, 29140.97576950075
113, 31038.34147077866, 24068.58322552781, 31038.34147077866, 29148.430505124372, 24511.043356736845, 29148.430505124372
114, 31038.34147077866, 24068.58322552781, 31038.34147077866, 29135.714107788437, 24476.90519897646, 29135.714107788437
115, 31038.34147077866, 24068.58322552781, 31038.34147077866, 29203.9164438333, 24410.404937994987, 29203.9164438333
116, 31038.34147077866, 24068.58322552781, 31038.34147077866, 29218.05412189463, 24397.798210606095, 29218.05412189463
117, 31038.34147077866, 24068.58322552781, 31038.34147077866, 29182.48031423568, 24339.365182614056, 29182.48031423568
118, 31038.34147077866, 24068.58322552781, 31038.34147077866, 29232.546469589583, 24254.575935367375, 29232.546469589583
119, 31105.405296232428, 24394.553260551653, 31105.405296232428, 29246.486351971886, 24262.90518387222, 29246.486351971886
120, 31105.405296232428, 24394.553260551653, 31105.405296232428, 29222.442892950825, 24271.23815462924, 29222.442892950825
121, 31105.405296232428, 24394.553260551653, 31105.405296232428, 29245.46835028863, 24276.720844236235, 29245.46835028863
122, 31126.73489491137, 24018.743115262125, 31126.73489491137, 29311.635158373345, 24304.67730531613, 29311.635158373345
123, 31126.73489491137, 24018.743115262125, 31126.73489491137, 29231.277628460215, 24316.40239298753, 29231.277628460215
124, 31151.42211583714, 24513.08814609679, 31151.42211583714, 29260.96917984996, 24277.927171708172, 29260.96917984996
125, 31151.42211583714, 24513.08814609679, 31151.42211583714, 29256.815644779454, 24273.525115233286, 29256.815644779454
126, 31151.42211583714, 24513.08814609679, 31151.42211583714, 29257.712967933643, 24293.942393456156, 29257.712967933643
127, 31156.053478525904, 24256.105890433126, 31156.053478525904, 29317.707699993498, 24333.557990004705, 29317.707699993498
128, 31156.053478525904, 24256.105890433126, 31156.053478525904, 29313.022989860354, 24405.0448990948, 29313.022989860354
129, 31224.849901491925, 24316.985140983194, 31224.849901491925, 29345.47610159593, 24404.929531508787, 29345.47610159593
130, 31224.849901491925, 24316.985140983194, 31224.849901491925, 29344.133316414227, 24353.51770263218, 29344.133316414227
131, 31247.941605483902, 24451.638269802643, 31247.941605483902, 29328.81897290877, 24275.33643650345, 29328.81897290877
132, 31302.33058075718, 24447.903328737975, 31302.33058075718, 29337.514785102336, 24271.57304764654, 29337.514785102336
133, 31302.33058075718, 24447.903328737975, 31302.33058075718, 29344.04138153598, 24313.08610151535, 29344.04138153598
134, 31302.33058075718, 24447.903328737975, 31302.33058075718, 29343.41783229129, 24369.542645445494, 29343.41783229129
135, 31302.33058075718, 24447.903328737975, 31302.33058075718, 29304.575437929863, 24409.701108560315, 29304.575437929863
136, 31302.33058075718, 24447.903328737975, 31302.33058075718, 29402.025689808997, 24433.50107609609, 29402.025689808997
137, 31302.33058075718, 24447.903328737975, 31302.33058075718, 29366.289469570438, 24444.284299832038, 29366.289469570438
138, 31328.665535777385, 24399.96412145389, 31328.665535777385, 29381.27458375088, 24461.28717117279, 29381.27458375088
139, 31328.665535777385, 24399.96412145389, 31328.665535777385, 29409.189452315724, 24450.393412574445, 29409.189452315724
140, 31328.665535777385, 24399.96412145389, 31328.665535777385, 29436.390371575668, 24448.80367744285, 29436.390371575668
141, 31328.665535777385, 24399.96412145389, 31328.665535777385, 29480.32207811271, 24435.431144584116, 29480.32207811271
142, 31328.665535777385, 24399.96412145389, 31328.665535777385, 29449.23633662013, 24511.845257666206, 29449.23633662013
143, 31328.665535777385, 24399.96412145389, 31328.665535777385, 29459.633833353044, 24511.54797883048, 29459.633833353044
144, 31346.895406719654, 24608.583675501723, 31346.895406719654, 29423.42677104751, 24518.56948508671, 29423.42677104751
145, 31496.29260650967, 24275.871097356576, 31496.29260650967, 29441.373410861957, 24529.787413465605, 29441.373410861957
146, 31496.29260650967, 24275.871097356576, 31496.29260650967, 29484.220335085207, 24504.709781178226, 29484.220335085207
147, 31496.29260650967, 24275.871097356576, 31496.29260650967, 29510.913075946482, 24455.37851646543, 29510.913075946482
148, 31496.29260650967, 24275.871097356576, 31496.29260650967, 29482.114897745483, 24503.185742944526, 29482.114897745483
149, 31496.29260650967, 24275.871097356576, 31496.29260650967, 29532.09863438632, 24523.136418621765, 29532.09863438632
150, 31496.29260650967, 24275.871097356576, 31496.29260650967, 29493.295378211486, 24554.027036148826, 29493.295378211486
151, 31522.659056018936, 24594.947274379836, 31522.659056018936, 29520.64977736108, 24566.95136811398, 29520.64977736108
152, 31522.659056018936, 24594.947274379836, 31522.659056018936, 29536.92819606731, 24532.970167314154, 29536.92819606731
153, 31522.659056018936, 24594.947274379836, 31522.659056018936, 29588.098517438557, 24483.251030844935, 29588.098517438557
154, 31522.659056018936, 24594.947274379836, 31522.659056018936, 29587.430103349805, 24414.110587166888, 29587.430103349805
155, 31580.625275255465, 24412.334518273055, 31580.625275255465, 29574.938982475967, 24402.555522245984, 29574.938982475967
156, 31580.625275255465, 24412.334518273055, 31580.625275255465, 29567.26131606854, 24409.061209228006, 29567.26131606854
157, 31580.625275255465, 24412.334518273055, 31580.625275255465, 29636.184316612776, 24419.235553852737, 29636.184316612776
158, 31580.625275255465, 24412.334518273055, 31580.625275255465, 29608.162170743057, 24434.756240358856, 29608.162170743057
159, 31616.642821784422, 24424.95735418628, 31616.642821784422, 29632.645546315023, 24475.767069081376, 29632.645546315023
160, 31616.642821784422, 24424.95735418628, 31616.642821784422, 29586.611457571682, 24545.292941299904, 29586.611457571682
161, 31616.642821784422, 24424.95735418628, 31616.642821784422, 29621.788967119883, 24537.01870624778, 29621.788967119883
162, 31675.96827166716, 24431.55492814736, 31675.96827166716, 29626.376418994725, 24489.01517318394, 29626.376418994725
163, 31680.78533655291, 24224.249006823895, 31680.78533655291, 29663.37999445263, 24434.82409594572, 29663.37999445263
164, 31680.78533655291, 24224.249006823895, 31680.78533655291, 29670.374236602613, 24467.095504447614, 29670.374236602613
165, 31680.78533655291, 24224.249006823895, 31680.78533655291, 29582.59873873197, 24457.735614250367, 29582.59873873197
166, 31680.78533655291, 24224.249006823895, 31680.78533655291, 29653.109029611234, 24442.59171263133, 29653.109029611234
167, 31695.362326197268, 24398.588897206777, 31695.362326197268, 29663.782871094587, 24413.223473381317, 29663.782871094587
168, 31695.362326197268, 24398.588897206777, 31695.362326197268, 29674.313105477555, 24436.765198609122, 29674.313105477555
169, 31695.362326197268, 24398.588897206777, 31695.362326197268, 29741.90897952287, 24469.986517503927, 29741.90897952287
170, 31740.294986813937, 24492.802859267667, 31740.294986813937, 29695.668865644308, 24467.010254070712, 29695.668865644308
171, 31740.294986813937, 24492.802859267667, 31740.294986813937, 29718.69270003456, 24443.769214387088, 29718.69270003456
172, 31740.294986813937, 24492.802859267667, 31740.294986813937, 29723.793739895016, 24435.933823185278, 29723.793739895016
173, 31740.294986813937, 24492.802859267667, 31740.294986813937, 29772.103143363558, 24397.663953317042, 29772.103143363558
174, 31934.601343368377, 24171.3722523564, 31934.601343368377, 29693.50982634046, 24387.47431903188, 29693.50982634046
175, 31934.601343368377, 24171.3722523564, 31934.601343368377, 29716.41977612443, 24403.097915600905, 29716.41977612443
176, 31934.601343368377, 24171.3722523564, 31934.601343368377, 29739.10959444084, 24446.023414269657, 29739.10959444084
177, 31934.601343368377, 24171.3722523564, 31934.601343368377, 29750.378196409525, 24488.11791254351, 29750.378196409525
178, 31934.601343368377, 24171.3722523564, 31934.601343368377, 29759.320356269716, 24495.873274630267, 29759.320356269716
179, 31934.601343368377, 24171.3722523564, 31934.601343368377, 29765.067122525837, 24503.964962605703, 29765.067122525837
180, 31941.983349987095, 24301.386142264968, 31941.983349987095, 29758.215294692545, 24532.216695777446, 29758.215294692545
181, 31941.983349987095, 24301.386142264968, 31941.983349987095, 29776.781811952984, 24521.193027224428, 29776.781811952984
182, 31941.983349987095, 24301.386142264968, 31941.983349987095, 29786.024399232883, 24512.046359902615, 29786.024399232883
183, 31941.983349987095, 24301.386142264968, 31941.983349987095, 29771.56072586436, 24490.142185343364, 29771.56072586436
184, 31941.983349987095, 24301.386142264968, 31941.983349987095, 29825.67738698889, 24455.867322795526, 29825.67738698889
185, 31941.983349987095, 24301.386142264968, 31941.983349987095, 29848.677104409104, 24384.285033328604, 29848.677104409104
186, 31941.983349987095, 24301.386142264968, 31941.983349987095, 29932.252890760847, 24339.184263683102, 29932.252890760847
187, 31960.215780423736, 24297.959919885572, 31960.215780423736, 29889.37784932249, 24321.246555900314, 29889.37784932249
188, 32013.77265961547, 24182.26716848135, 32013.77265961547, 29920.55147745214, 24320.41811206789, 29920.55147745214
189, 32018.207101177864, 24142.39502274049, 32018.207101177864, 29890.90812693045, 24323.558852766237, 29890.90812693045
190, 32018.207101177864, 24142.39502274049, 32018.207101177864, 29902.374195947246, 24327.9078661485, 29902.374195947246
191, 32018.207101177864, 24142.39502274049, 32018.207101177864, 29951.292600528053, 24335.145599544318, 29951.292600528053
192, 32084.0150051168, 24356.12323830112, 32084.0150051168, 29894.628172634035, 24347.550330064536, 29894.628172634035
193, 32084.0150051168, 24356.12323830112, 32084.0150051168, 29923.87223855386, 24370.106512902676, 29923.87223855386
194, 32084.0150051168, 24356.12323830112, 32084.0150051168, 29928.69661375564, 24399.522104107407, 29928.69661375564
195, 32084.0150051168, 24356.12323830112, 32084.0150051168, 29919.285061128652, 24410.91137298436, 29919.285061128652
196, 32084.0150051168, 24356.12323830112, 32084.0150051168, 29861.37536218432, 24411.031018143458, 29861.37536218432
197, 32084.0150051168, 24356.12323830112, 32084.0150051168, 29937.01821511939, 24418.12627451702, 29937.01821511939
198, 32084.0150051168, 24356.12323830112, 32084.0150051168, 29979.335847481027, 24424.915851319904, 29979.335847481027
199, 32084.0150051168, 24356.12323830112, 32084.0150051168, 30014.415625581856, 24370.296800204535, 30014.415625581856
200, 32084.0150051168, 24356.12323830112, 32084.0150051168, 29981.632456654548, 24382.71061259091, 29981.632456654548
201, 32084.0150051168, 24356.12323830112, 32084.0150051168, 29945.848272105315, 24426.301967559135, 29945.848272105315
202, 32084.0150051168, 24356.12323830112, 32084.0150051168, 30028.009720257152, 24446.2452960124, 30028.009720257152
203, 32103.53488958807, 24362.7086966149, 32103.53488958807, 29999.785186457648, 24447.60538239691, 29999.785186457648
204, 32103.53488958807, 24362.7086966149, 32103.53488958807, 29964.406233664868, 24446.101352653975, 29964.406233664868
205, 32147.406797142285, 24419.322025804482, 32147.406797142285, 30026.765405353126, 24447.3885460015, 30026.765405353126
206, 32167.863721106278, 24341.852249394065, 32167.863721106278, 30025.214740097257, 24445.89548908184, 30025.214740097257
207, 32167.863721106278, 24341.852249394065, 32167.863721106278, 29962.60469140194, 24444.9727150122, 29962.60469140194
208, 32167.863721106278, 24341.852249394065, 32167.863721106278, 30036.787336162404, 24447.353291648236, 30036.787336162404
209, 32167.863721106278, 24341.852249394065, 32167.863721106278, 29972.71833535377, 24445.815981506184, 29972.71833535377
210, 32193.658988925206, 24452.864225675672, 32193.658988925206, 30026.178506338754, 24446.331742436425, 30026.178506338754
211, 32193.658988925206, 24452.864225675672, 32193.658988925206, 30053.898473399393, 24447.444871634394, 30053.898473399393
212, 32193.658988925206, 24452.864225675672, 32193.658988925206, 30010.223732395403, 24448.093123360366, 30010.223732395403
213, 32193.658988925206, 24452.864225675672, 32193.658988925206, 30053.84860996791, 24446.37454221447, 30053.84860996791
214, 32193.658988925206, 24452.864225675672, 32193.658988925206, 30020.370477220164, 24442.430854177484, 30020.370477220164
215, 32193.658988925206, 24452.864225675672, 32193.658988925206, 30024.569791180642, 24443.337238890574, 30024.569791180642
216, 32193.658988925206, 24452.864225675672, 32193.658988925206, 30082.139720149775, 24450.467300075023, 30082.139720149775
217, 32207.266555014663, 24337.506594727, 32207.266555014663, 30057.96422042924, 24459.486080099618, 30057.96422042924
218, 32207.266555014663, 24337.506594727, 32207.266555014663, 30097.83786196659, 24478.18655715099, 30097.83786196659
219, 32280.64140414558, 24448.752284511516, 32280.64140414558, 30080.08422138971, 24503.777466635573, 30080.08422138971
220, 32280.64140414558, 24448.752284511516, 32280.64140414558, 30098.765564305253, 24512.862651661482, 30098.765564305253
221, 32280.64140414558, 24448.752284511516, 32280.64140414558, 30106.818858374943, 24514.540508664424, 30106.818858374943
222, 32280.64140414558, 24448.752284511516, 32280.64140414558, 30122.610091622955, 24513.89983188339, 30122.610091622955
223, 32288.700258693083, 24357.74560463354, 32288.700258693083, 30034.058259727248, 24513.087889705446, 30034.058259727248
224, 32288.700258693083, 24357.74560463354, 32288.700258693083, 30081.347640754888, 24512.76089449519, 30081.347640754888
225, 32288.700258693083, 24357.74560463354, 32288.700258693083, 30082.78193987046, 24513.199511242394, 30082.78193987046
226, 32288.700258693083, 24357.74560463354, 32288.700258693083, 30130.99867075384, 24511.68966482172, 30130.99867075384
227, 32288.700258693083, 24357.74560463354, 32288.700258693083, 30122.32280612146, 24513.78553510122, 30122.32280612146
228, 32288.700258693083, 24357.74560463354, 32288.700258693083, 30105.642575907466, 24537.273700082354, 30105.642575907466
229, 32303.05418670074, 24622.3590748273, 32303.05418670074, 30085.162860443088, 24593.10208753818, 30085.162860443088
230, 32303.05418670074, 24622.3590748273, 32303.05418670074, 30116.287056201298, 24550.48140147941, 30116.287056201298
231, 32303.05418670074, 24622.3590748273, 32303.05418670074, 30099.370971137705, 24486.62406566027, 30099.370971137705
232, 32303.05418670074, 24622.3590748273, 32303.05418670074, 30149.140883126696, 24496.895164104448, 30149.140883126696
233, 32303.05418670074, 24622.3590748273, 32303.05418670074, 30148.70387829023, 24504.172244585065, 30148.70387829023
234, 32303.05418670074, 24622.3590748273, 32303.05418670074, 30168.958427728256, 24500.91592285849, 30168.958427728256
235, 32361.989772806097, 24563.02207002566, 32361.989772806097, 30108.68329331595, 24494.907861907563, 30108.68329331595
236, 32361.989772806097, 24563.02207002566, 32361.989772806097, 30174.85734649047, 24506.801298141847, 30174.85734649047
237, 32361.989772806097, 24563.02207002566, 32361.989772806097, 30161.23780125786, 24530.196434349316, 30161.23780125786
238, 32361.989772806097, 24563.02207002566, 32361.989772806097, 30129.499602724216, 24589.623979444594, 30129.499602724216
239, 32361.989772806097, 24563.02207002566, 32361.989772806097, 30183.00271604549, 24623.501329394458, 30183.00271604549
240, 32361.989772806097, 24563.02207002566, 32361.989772806097, 30229.674954879665, 24616.661166890935, 30229.674954879665
241, 32361.989772806097, 24563.02207002566, 32361.989772806097, 30165.868410036113, 24608.757712993185, 30165.868410036113
242, 32361.989772806097, 24563.02207002566, 32361.989772806097, 30144.976611792426, 24597.443054265175, 30144.976611792426
243, 32361.989772806097, 24563.02207002566, 32361.989772806097, 30206.322704656035, 24580.8009597949, 30206.322704656035
244, 32361.989772806097, 24563.02207002566, 32361.989772806097, 30195.543888915618, 24561.036498421417, 30195.543888915618
245, 32488.130744895225, 24500.899210534713, 32488.130744895225, 30247.810147359, 24584.413353303677, 30247.810147359
246, 32488.130744895225, 24500.899210534713, 32488.130744895225, 30198.73079426206, 24589.85610297643, 30198.73079426206
247, 32488.130744895225, 24500.899210534713, 32488.130744895225, 30215.9880293864, 24591.37230320751, 30215.9880293864
248, 32488.130744895225, 24500.899210534713, 32488.130744895225, 30156.465671755323, 24590.113342227552, 30156.465671755323
249, 32488.130744895225, 24500.899210534713, 32488.130744895225, 30233.223185164665, 24590.85148419077, 30233.223185164665
250, 32488.130744895225, 24500.899210534713, 32488.130744895225, 30202.746678695035, 24589.024803626897, 30202.746678695035
251, 32488.130744895225, 24500.899210534713, 32488.130744895225, 30208.414221267984, 24587.575317401457, 30208.414221267984
252, 32488.130744895225, 24500.899210534713, 32488.130744895225, 30246.34783312608, 24592.288453311412, 30246.34783312608
253, 32488.130744895225, 24500.899210534713, 32488.130744895225, 30267.316185622025, 24583.744577625937, 30267.316185622025
254, 32488.130744895225, 24500.899210534713, 32488.130744895225, 30232.73300374638, 24583.13165803393, 30232.73300374638
255, 32524.050649273035, 24669.176800297133, 32524.050649273035, 30285.11568688084, 24610.264087447365, 30285.11568688084
256, 32524.050649273035, 24669.176800297133, 32524.050649273035, 30240.94075617515, 24614.657302284635, 30240.94075617515
257, 32651.181890927255, 24639.19899729704, 32651.181890927255, 30285.210616120705, 24592.963412005654, 30285.210616120705
258, 32651.181890927255, 24639.19899729704, 32651.181890927255, 30312.260707699126, 24545.823963118968, 30312.260707699126
259, 32746.454699272137, 24657.24552990759, 32746.454699272137, 30312.329004525338, 24510.468075709105, 30312.329004525338
260, 32746.454699272137, 24657.24552990759, 32746.454699272137, 30369.206409016373, 24530.40917813217, 30369.206409016373
261, 32746.454699272137, 24657.24552990759, 32746.454699272137, 30313.960693335623, 24557.52535762874, 30313.960693335623
262, 32746.454699272137, 24657.24552990759, 32746.454699272137, 30315.802989367032, 24563.882804215664, 30315.802989367032
263, 32746.454699272137, 24657.24552990759, 32746.454699272137, 30335.58038905185, 24576.887769918154, 30335.58038905185
264, 32746.454699272137, 24657.24552990759, 32746.454699272137, 30349.06612800487, 24588.860836011696, 30349.06612800487
265, 32746.454699272137, 24657.24552990759, 32746.454699272137, 30418.30383777573, 24623.567559875413, 30418.30383777573
266, 32746.454699272137, 24657.24552990759, 32746.454699272137, 30416.14912657681, 24645.12591044527, 30416.14912657681
267, 32746.454699272137, 24657.24552990759, 32746.454699272137, 30427.757954083107, 24644.973017698816, 30427.757954083107
268, 32746.454699272137, 24657.24552990759, 32746.454699272137, 30422.111266756725, 24649.54141893461, 30422.111266756725
269, 32746.454699272137, 24657.24552990759, 32746.454699272137, 30416.33397266639, 24651.919692709263, 30416.33397266639
270, 32746.454699272137, 24657.24552990759, 32746.454699272137, 30478.698135251947, 24654.313024956267, 30478.698135251947
271, 32801.13143806065, 24571.977796685514, 32801.13143806065, 30430.867605810752, 24655.7800005646, 30430.867605810752
272, 32849.88718505902, 24534.380652079104, 32849.88718505902, 30440.31412677055, 24654.183831736475, 30440.31412677055
273, 32849.88718505902, 24534.380652079104, 32849.88718505902, 30422.71087561436, 24654.327720823567, 30422.71087561436
274, 32849.88718505902, 24534.380652079104, 32849.88718505902, 30459.24875707179, 24655.76529903527, 30459.24875707179
275, 32849.88718505902, 24534.380652079104, 32849.88718505902, 30495.224694742566, 24655.522008806303, 30495.224694742566
276, 32849.88718505902, 24534.380652079104, 32849.88718505902, 30448.424704411987, 24652.687074483954, 30448.424704411987
277, 32849.88718505902, 24534.380652079104, 32849.88718505902, 30507.564535167057, 24653.957559728377, 30507.564535167057
278, 32849.88718505902, 24534.380652079104, 32849.88718505902, 30499.254799285456, 24649.256614941234, 30499.254799285456
279, 32849.88718505902, 24534.380652079104, 32849.88718505902, 30475.023930553594, 24647.003010719964, 30475.023930553594
280, 32864.80107644151, 24604.64722928307, 32864.80107644151, 30474.626659588703, 24638.48100432487, 30474.626659588703
281, 32864.80107644151, 24604.64722928307, 32864.80107644151, 30494.71459487087, 24623.87015775668, 30494.71459487087
282, 32864.80107644151, 24604.64722928307, 32864.80107644151, 30523.80575989594, 24605.072794051313, 30523.80575989594
283, 32864.80107644151, 24604.64722928307, 32864.80107644151, 30541.054430521675, 24579.643841972393, 30541.054430521675
284, 32864.80107644151, 24604.64722928307, 32864.80107644151, 30516.369485380594, 24571.69317557149, 30516.369485380594
285, 32864.80107644151, 24604.64722928307, 32864.80107644151, 30537.28221814341, 24572.883189639073, 30537.28221814341
286, 32864.80107644151, 24604.64722928307, 32864.80107644151, 30536.957889172554, 24573.876025561265, 30536.957889172554
287, 32864.80107644151, 24604.64722928307, 32864.80107644151, 30545.00091185928, 24575.486881830508, 30545.00091185928
288, 32864.80107644151, 24604.64722928307, 32864.80107644151, 30554.3835696592, 24582.136944695914, 30554.3835696592
289, 32864.80107644151, 24604.64722928307, 32864.80107644151, 30524.75128143848, 24586.441515094146, 30524.75128143848
290, 32864.80107644151, 24604.64722928307, 32864.80107644151, 30511.529873132524, 24596.41684048243, 30511.529873132524
291, 32871.64443860315, 24492.40619912635, 32871.64443860315, 30581.066194326984, 24609.551607253867, 30581.066194326984
292, 32871.64443860315, 24492.40619912635, 32871.64443860315, 30563.511909286502, 24620.575552094127, 30563.511909286502
293, 32871.64443860315, 24492.40619912635, 32871.64443860315, 30554.250904497505, 24619.84189143819, 30554.250904497505
294, 32871.64443860315, 24492.40619912635, 32871.64443860315, 30555.376500399023, 24617.938495320115, 30555.376500399023
295, 32883.708970511165, 24433.795465552885, 32883.708970511165, 30538.099066423136, 24613.62361957414, 30538.099066423136
296, 32883.708970511165, 24433.795465552885, 32883.708970511165, 30573.465404658447, 24608.31033746083, 30573.465404658447
297, 32883.708970511165, 24433.795465552885, 32883.708970511165, 30545.12286996371, 24603.132774889167, 30545.12286996371
298, 32937.03368892307, 24622.880601563822, 32937.03368892307, 30562.72719604876, 24593.116409340026, 30562.72719604876
299, 32937.03368892307, 24622.880601563822, 32937.03368892307, 30594.972289198864, 24573.073250543923, 30594.972289198864
300, 32951.796296595465, 24620.985340524858, 32951.796296595465, 30550.798197685745, 24543.844845813794, 30550.798197685745
301, 32951.796296595465, 24620.985340524858, 32951.796296595465, 30559.03013538942, 24544.82728685819, 30559.03013538942
302, 32954.72910062766, 24549.299429294348, 32954.72910062766, 30516.536542989983, 24545.105465740344, 30516.536542989983
303, 32954.72910062766, 24549.299429294348, 32954.72910062766, 30584.93189801199, 24544.27479310776, 30584.93189801199
304, 32954.72910062766, 24549.299429294348, 32954.72910062766, 30545.33398385321, 24540.42507720885, 30545.33398385321
305, 32996.89494520234, 24219.776995472563, 32996.89494520234, 30566.86135816255, 24563.366714642056, 30566.86135816255
306, 32996.89494520234, 24219.776995472563, 32996.89494520234, 30600.84741892559, 24604.83195484944, 30600.84741892559
307, 32996.89494520234, 24219.776995472563, 32996.89494520234, 30644.200013384285, 24622.18785543217, 30644.200013384285
308, 32996.89494520234, 24219.776995472563, 32996.89494520234, 30596.77426720189, 24618.056804268374, 30596.77426720189
309, 32996.89494520234, 24219.776995472563, 32996.89494520234, 30631.66671701917, 24611.0413769368, 30631.66671701917
310, 32996.89494520234, 24219.776995472563, 32996.89494520234, 30588.71967019936, 24596.487746514566, 30588.71967019936
311, 32996.89494520234, 24219.776995472563, 32996.89494520234, 30631.86543378048, 24576.58827603396, 30631.86543378048
312, 32996.89494520234, 24219.776995472563, 32996.89494520234, 30638.08297874373, 24561.38767973738, 30638.08297874373
313, 32996.89494520234, 24219.776995472563, 32996.89494520234, 30650.607451693122, 24554.256273242176, 30650.607451693122
314, 32996.89494520234, 24219.776995472563, 32996.89494520234, 30609.425867600916, 24539.48723215942, 30609.425867600916
315, 32996.89494520234, 24219.776995472563, 32996.89494520234, 30589.42657945578, 24501.84463599353, 30589.42657945578
316, 32996.89494520234, 24219.776995472563, 32996.89494520234, 30668.68338935872, 24466.35634970324, 30668.68338935872
317, 32996.89494520234, 24219.776995472563, 32996.89494520234, 30595.48474492596, 24400.333412634158, 30595.48474492596
318, 32996.89494520234, 24219.776995472563, 32996.89494520234, 30638.801566054273, 24349.87784059502, 30638.801566054273
319, 32996.89494520234, 24219.776995472563, 32996.89494520234, 30650.46451891654, 24350.95326450286, 30650.46451891654
320, 32998.76856139571, 24082.98281805863, 32998.76856139571, 30595.393873610483, 24350.74013359175, 30595.393873610483
321, 32998.76856139571, 24082.98281805863, 32998.76856139571, 30699.239038598524, 24349.640934915533, 30699.239038598524
322, 32998.76856139571, 24082.98281805863, 32998.76856139571, 30647.08050785312, 24350.13121793081, 30647.08050785312
323, 33057.972411834926, 24137.373245504095, 33057.972411834926, 30622.087669541463, 24350.30549103729, 30622.087669541463
324, 33057.972411834926, 24137.373245504095, 33057.972411834926, 30632.82992152785, 24349.71894099337, 30632.82992152785
325, 33057.972411834926, 24137.373245504095, 33057.972411834926, 30670.47343873494, 24344.832313933166, 30670.47343873494
326, 33057.972411834926, 24137.373245504095, 33057.972411834926, 30667.42756067289, 24342.33766464521, 30667.42756067289
327, 33057.972411834926, 24137.373245504095, 33057.972411834926, 30678.28964473237, 24338.74945119142, 30678.28964473237
328, 33057.972411834926, 24137.373245504095, 33057.972411834926, 30652.190894456267, 24334.75403168787, 30652.190894456267
329, 33057.972411834926, 24137.373245504095, 33057.972411834926, 30657.164113783558, 24323.289265040905, 30657.164113783558
330, 33057.972411834926, 24137.373245504095, 33057.972411834926, 30650.39068234689, 24309.920650372314, 30650.39068234689
331, 33057.972411834926, 24137.373245504095, 33057.972411834926, 30641.115468407028, 24289.445961576726, 30641.115468407028
332, 33057.972411834926, 24137.373245504095, 33057.972411834926, 30656.966621693493, 24288.62767362437, 30656.966621693493
333, 33057.972411834926, 24137.373245504095, 33057.972411834926, 30669.83461482168, 24295.75112131401, 30669.83461482168
334, 33057.972411834926, 24137.373245504095, 33057.972411834926, 30654.113984983494, 24291.239840121754, 30654.113984983494
335, 33057.972411834926, 24137.373245504095, 33057.972411834926, 30687.54321176289, 24293.336818319014, 30687.54321176289
336, 33057.972411834926, 24137.373245504095, 33057.972411834926, 30670.271601928034, 24294.499214900297, 30670.271601928034
337, 33067.26244665169, 23969.040587437372, 33067.26244665169, 30697.046262134136, 24292.669964650213, 30697.046262134136
338, 33067.26244665169, 23969.040587437372, 33067.26244665169, 30673.885066158655, 24292.3381038502, 30673.885066158655
339, 33067.26244665169, 23969.040587437372, 33067.26244665169, 30721.593580547094, 24292.31842713732, 30721.593580547094
340, 33153.372998477906, 24111.48151351695, 33153.372998477906, 30677.670706458735, 24289.576901892302, 30677.670706458735
341, 33153.372998477906, 24111.48151351695, 33153.372998477906, 30749.92119235995, 24288.343375494187, 30749.92119235995
342, 33153.372998477906, 24111.48151351695, 33153.372998477906, 30720.32401720178, 24286.382467214797, 30720.32401720178
343, 33153.372998477906, 24111.48151351695, 33153.372998477906, 30738.089363125964, 24278.625162061584, 30738.089363125964
344, 33153.372998477906, 24111.48151351695, 33153.372998477906, 30737.576213832148, 24268.634222071047, 30737.576213832148
345, 33153.372998477906, 24111.48151351695, 33153.372998477906, 30727.134455382296, 24248.91094424957, 30727.134455382296
346, 33153.372998477906, 24111.48151351695, 33153.372998477906, 30679.953211415406, 24217.55999669898, 30679.953211415406
347, 33153.372998477906, 24111.48151351695, 33153.372998477906, 30680.248247304975, 24211.683986224885, 30680.248247304975
348, 33153.372998477906, 24111.48151351695, 33153.372998477906, 30653.712583565895, 24231.347565365635, 30653.712583565895
349, 33153.372998477906, 24111.48151351695, 33153.372998477906, 30725.27373485786, 24261.450474164194, 30725.27373485786
350, 33153.372998477906, 24111.48151351695, 33153.372998477906, 30783.928570592274, 24276.71825871116, 30783.928570592274
351, 33153.372998477906, 24111.48151351695, 33153.372998477906, 30768.150841190807, 24275.201099437705, 30768.150841190807
352, 33153.372998477906, 24111.48151351695, 33153.372998477906, 30773.496240059616, 24275.63143580318, 30773.496240059616
353, 33153.372998477906, 24111.48151351695, 33153.372998477906, 30744.58050295202, 24276.125295472677, 30744.58050295202
354, 33182.98230399455, 24152.483394458533, 33182.98230399455, 30786.244294608445, 24273.999131951627, 30786.244294608445
355, 33182.98230399455, 24152.483394458533, 33182.98230399455, 30758.427112293914, 24275.286076974542, 30758.427112293914
356, 33182.98230399455, 24152.483394458533, 33182.98230399455, 30742.88889821767, 24277.70983883007, 30742.88889821767
357, 33182.98230399455, 24152.483394458533, 33182.98230399455, 30768.806919962095, 24278.17881520033, 30768.806919962095
358, 33182.98230399455, 24152.483394458533, 33182.98230399455, 30779.930171787695, 24276.784186060755, 30779.930171787695
359, 33182.98230399455, 24152.483394458533, 33182.98230399455, 30770.25696610402, 24277.429541773567, 30770.25696610402
360, 33216.4782878026, 24219.951077573132, 33216.4782878026, 30724.9186722721, 24281.78771986781, 30724.9186722721
361, 33216.4782878026, 24219.951077573132, 33216.4782878026, 30755.850779486573, 24286.960787100907, 30755.850779486573
362, 33216.4782878026, 24219.951077573132, 33216.4782878026, 30786.00030176805, 24294.322765289446, 30786.00030176805
363, 33216.4782878026, 24219.951077573132, 33216.4782878026, 30776.756756271814, 24304.996489148947, 30776.756756271814
364, 33216.4782878026, 24219.951077573132, 33216.4782878026, 30731.255958047914, 24308.3445681524, 30731.255958047914
365, 33227.13677838193, 24369.835445907735, 33227.13677838193, 30804.62505281475, 24312.234225006094, 30804.62505281475
366, 33227.13677838193, 24369.835445907735, 33227.13677838193, 30820.14235287075, 24316.99954164166, 30820.14235287075
367, 33227.13677838193, 24369.835445907735, 33227.13677838193, 30774.697020956366, 24327.367233824716, 30774.697020956366
368, 33227.13677838193, 24369.835445907735, 33227.13677838193, 30799.383491935452, 24341.665081149295, 30799.383491935452
369, 33266.68256267827, 24514.321693781207, 33266.68256267827, 30788.44957299902, 24362.37771690424, 30788.44957299902
370, 33266.68256267827, 24514.321693781207, 33266.68256267827, 30756.087830808527, 24361.97914941968, 30756.087830808527
371, 33266.68256267827, 24514.321693781207, 33266.68256267827, 30773.322825206742, 24373.89817085642, 30773.322825206742
372, 33266.68256267827, 24514.321693781207, 33266.68256267827, 30794.65275536353, 24387.83180796783, 30794.65275536353
373, 33266.68256267827, 24514.321693781207, 33266.68256267827, 30785.167311231344, 24411.424344084924, 30785.167311231344
374, 33266.68256267827, 24514.321693781207, 33266.68256267827, 30797.172912352074, 24445.776309064942, 30797.172912352074
375, 33266.68256267827, 24514.321693781207, 33266.68256267827, 30832.2652981803, 24455.45740604672, 30832.2652981803
376, 33266.68256267827, 24514.321693781207, 33266.68256267827, 30795.942982411, 24450.666909239142, 30795.942982411
377, 33266.68256267827, 24514.321693781207, 33266.68256267827, 30780.147597854724, 24442.067725288383, 30780.147597854724
378, 33266.68256267827, 24514.321693781207, 33266.68256267827, 30809.396629387327, 24444.423049116107, 30809.396629387327
379, 33266.68256267827, 24514.321693781207, 33266.68256267827, 30841.96987007297, 24526.20697995788, 30841.96987007297
380, 33266.68256267827, 24514.321693781207, 33266.68256267827, 30844.97965353821, 24556.9188039571, 30844.97965353821
381, 33266.68256267827, 24514.321693781207, 33266.68256267827, 30864.557940496175, 24556.38995603647, 30864.557940496175
382, 33308.60013047266, 24606.78544647186, 33308.60013047266, 30809.71795670331, 24556.499933907486, 30809.71795670331
383, 33308.60013047266, 24606.78544647186, 33308.60013047266, 30839.16229571152, 24556.55334326463, 30839.16229571152
384, 33308.60013047266, 24606.78544647186, 33308.60013047266, 30821.95843103955, 24556.777279541628, 30821.95843103955
385, 33308.60013047266, 24606.78544647186, 33308.60013047266, 30834.812282128238, 24558.265306600457, 30834.812282128238
386, 33308.60013047266, 24606.78544647186, 33308.60013047266, 30828.583864261447, 24557.57237853813, 30828.583864261447
387, 33308.60013047266, 24606.78544647186, 33308.60013047266, 30901.890745306242, 24557.19849151795, 30901.890745306242
388, 33308.60013047266, 24606.78544647186, 33308.60013047266, 30838.03205406476, 24557.989729670055, 30838.03205406476
389, 33308.60013047266, 24606.78544647186, 33308.60013047266, 30826.868852935397, 24555.384080879703, 30826.868852935397
390, 33308.60013047266, 24606.78544647186, 33308.60013047266, 30839.28837250702, 24551.475214014383, 30839.28837250702
391, 33308.60013047266, 24606.78544647186, 33308.60013047266, 30868.74794105361, 24546.342402444185, 30868.74794105361
392, 33308.60013047266, 24606.78544647186, 33308.60013047266, 30866.740147858658, 24543.447024255238, 30866.740147858658
393, 33308.60013047266, 24606.78544647186, 33308.60013047266, 30880.45714536469, 24575.946196008554, 30880.45714536469
394, 33308.60013047266, 24606.78544647186, 33308.60013047266, 30869.167885471583, 24620.079179225708, 30869.167885471583
395, 33308.60013047266, 24606.78544647186, 33308.60013047266, 30866.414603573387, 24620.576601929835, 30866.414603573387
396, 33308.60013047266, 24606.78544647186, 33308.60013047266, 30901.065674215628, 24622.194754998527, 30901.065674215628
397, 33308.60013047266, 24606.78544647186, 33308.60013047266, 30868.080313025213, 24618.830564554195, 30868.080313025213
398, 33308.60013047266, 24606.78544647186, 33308.60013047266, 30867.340377361368, 24620.93211974923, 30867.340377361368
399, 33308.60013047266, 24606.78544647186, 33308.60013047266, 30901.148413385203, 24621.345838142388, 30901.148413385203
400, 33308.60013047266, 24606.78544647186, 33308.60013047266, 30821.745404630736, 24622.656202029182, 30821.745404630736
401, 33308.60013047266, 24606.78544647186, 33308.60013047266, 30907.86701027984, 24620.88044895944, 30907.86701027984
402, 33308.60013047266, 24606.78544647186, 33308.60013047266, 30850.348722504637, 24620.734117099506, 30850.348722504637
403, 33308.60013047266, 24606.78544647186, 33308.60013047266, 30843.94500969375, 24621.61550172118, 30843.94500969375
404, 33308.60013047266, 24606.78544647186, 33308.60013047266, 30813.66508747057, 24621.376065812656, 30813.66508747057
405, 33308.60013047266, 24606.78544647186, 33308.60013047266, 30831.953873231458, 24621.69094843078, 30831.953873231458
406, 33308.60013047266, 24606.78544647186, 33308.60013047266, 30867.9029258411, 24620.292319004187, 30867.9029258411
407, 33308.60013047266, 24606.78544647186, 33308.60013047266, 30863.15572299097, 24621.378585252583, 30863.15572299097
408, 33308.60013047266, 24606.78544647186, 33308.60013047266, 30865.040666172386, 24621.742108306185, 30865.040666172386
409, 33308.60013047266, 24606.78544647186, 33308.60013047266, 30857.16242741113, 24620.025232991884, 30857.16242741113
410, 33308.60013047266, 24606.78544647186, 33308.60013047266, 30902.823373019626, 24624.619169914935, 30902.823373019626
411, 33308.60013047266, 24606.78544647186, 33308.60013047266, 30884.460042809704, 24621.31254360353, 30884.460042809704
412, 33308.60013047266, 24606.78544647186, 33308.60013047266, 30865.12441199614, 24621.95817920025, 30865.12441199614
413, 33308.60013047266, 24606.78544647186, 33308.60013047266, 30849.836861799777, 24620.24139536003, 30849.836861799777
414, 33308.60013047266, 24606.78544647186, 33308.60013047266, 30850.455211276087, 24622.962736451533, 30850.455211276087
415, 33308.60013047266, 24606.78544647186, 33308.60013047266, 30879.020940618077, 24620.71492341154, 30879.020940618077
416, 33308.60013047266, 24606.78544647186, 33308.60013047266, 30842.649817781738, 24620.96253631188, 30842.649817781738
417, 33308.60013047266, 24606.78544647186, 33308.60013047266, 30908.208415685993, 24621.44615854272, 30908.208415685993
418, 33308.60013047266, 24606.78544647186, 33308.60013047266, 30814.43279082075, 24621.517077106797, 30814.43279082075
419, 33308.60013047266, 24606.78544647186, 33308.60013047266, 30826.898095309447, 24621.498972212812, 30826.898095309447
420, 33308.60013047266, 24606.78544647186, 33308.60013047266, 30832.41925587412, 24622.321686282234, 30832.41925587412
421, 33333.982841257275, 24592.48776466249, 33333.982841257275, 30849.408975671166, 24619.99341275056, 30849.408975671166
422, 33333.982841257275, 24592.48776466249, 33333.982841257275, 30879.165292679027, 24621.475670756474, 30879.165292679027
423, 33333.982841257275, 24592.48776466249, 33333.982841257275, 30873.829653937242, 24621.593055413243, 30873.829653937242
424, 33333.982841257275, 24592.48776466249, 33333.982841257275, 30859.691011966523, 24617.28675341038, 30859.691011966523
425, 33333.982841257275, 24592.48776466249, 33333.982841257275, 30834.684124887503, 24618.24578325742, 30834.684124887503
426, 33333.982841257275, 24592.48776466249, 33333.982841257275, 30821.698489860402, 24616.964343557516, 30821.698489860402
427, 33333.982841257275, 24592.48776466249, 33333.982841257275, 30895.83786196885, 24613.782447540005, 30895.83786196885
428, 33333.982841257275, 24592.48776466249, 33333.982841257275, 30910.144949934915, 24609.772550931983, 30910.144949934915
429, 33333.982841257275, 24592.48776466249, 33333.982841257275, 30859.15806930281, 24601.44902591055, 30859.15806930281
430, 33333.982841257275, 24592.48776466249, 33333.982841257275, 30885.43722847259, 24610.16511489323, 30885.43722847259
431, 33500.06901297174, 24443.739900797336, 33500.06901297174, 30904.252503655523, 24611.33734303157, 30904.252503655523
432, 33500.06901297174, 24443.739900797336, 33500.06901297174, 30897.59089628682, 24611.07257958661, 30897.59089628682
433, 33500.06901297174, 24443.739900797336, 33500.06901297174, 30908.391521594192, 24613.109944408192, 30908.391521594192
434, 33500.06901297174, 24443.739900797336, 33500.06901297174, 30870.78837581527, 24610.37433631114, 30870.78837581527
435, 33500.06901297174, 24443.739900797336, 33500.06901297174, 30926.611559226865, 24610.66179344221, 30926.611559226865
436, 33500.06901297174, 24443.739900797336, 33500.06901297174, 30892.03548424704, 24609.331453107414, 30892.03548424704
437, 33500.06901297174, 24443.739900797336, 33500.06901297174, 30878.460587377325, 24608.08246702415, 30878.460587377325
438, 33500.06901297174, 24443.739900797336, 33500.06901297174, 30867.3352731348, 24607.476885755244, 30867.3352731348
439, 33500.06901297174, 24443.739900797336, 33500.06901297174, 30878.958026302676, 24606.10424093585, 30878.958026302676
440, 33500.06901297174, 24443.739900797336, 33500.06901297174, 30870.37401889523, 24605.250454694946, 30870.37401889523
441, 33500.06901297174, 24443.739900797336, 33500.06901297174, 30905.06494882122, 24598.54283456491, 30905.06494882122
442, 33500.06901297174, 24443.739900797336, 33500.06901297174, 30854.73392895183, 24587.43621490379, 30854.73392895183
443, 33500.06901297174, 24443.739900797336, 33500.06901297174, 30973.731568536095, 24572.95248943316, 30973.731568536095
444, 33509.44648084867, 24407.655870760333, 33509.44648084867, 30944.713340830196, 24556.31111082641, 30944.713340830196
445, 33509.44648084867, 24407.655870760333, 33509.44648084867, 30991.966050539013, 24515.13125003881, 30991.966050539013
446, 33509.44648084867, 24407.655870760333, 33509.44648084867, 31006.38906911403, 24506.829450646117, 31006.38906911403
447, 33509.44648084867, 24407.655870760333, 33509.44648084867, 31050.498445270994, 24507.434231636835, 31050.498445270994
448, 33509.44648084867, 24407.655870760333, 33509.44648084867, 31014.02826782359, 24507.628431107652, 31014.02826782359
449, 33509.44648084867, 24407.655870760333, 33509.44648084867, 31051.677762864158, 24507.18404464021, 31051.677762864158
450, 33509.44648084867, 24407.655870760333, 33509.44648084867, 30985.9430681811, 24505.17435771032, 30985.9430681811
451, 33509.44648084867, 24407.655870760333, 33509.44648084867, 31004.949034034657, 24505.741437772325, 31004.949034034657
452, 33509.44648084867, 24407.655870760333, 33509.44648084867, 31033.69154244293, 24502.391140186508, 31033.69154244293
453, 33509.44648084867, 24407.655870760333, 33509.44648084867, 31037.608281464243, 24498.533684313395, 31037.608281464243
454, 33509.44648084867, 24407.655870760333, 33509.44648084867, 30948.18174818675, 24495.170940345655, 30948.18174818675
455, 33509.44648084867, 24407.655870760333, 33509.44648084867, 30968.04075913286, 24483.917627942352, 30968.04075913286
456, 33509.44648084867, 24407.655870760333, 33509.44648084867, 31020.98763884112, 24482.40547385196, 31020.98763884112
457, 33509.44648084867, 24407.655870760333, 33509.44648084867, 31031.423841248183, 24482.205928099727, 31031.423841248183
458, 33509.44648084867, 24407.655870760333, 33509.44648084867, 31023.54036694499, 24481.857225731153, 31023.54036694499
459, 33509.44648084867, 24407.655870760333, 33509.44648084867, 30993.40219929678, 24481.239402515468, 30993.40219929678
460, 33509.44648084867, 24407.655870760333, 33509.44648084867, 31047.921427532914, 24481.283348057535, 31047.921427532914
461, 33509.44648084867, 24407.655870760333, 33509.44648084867, 31018.694911611867, 24483.250726741375, 31018.694911611867
462, 33509.44648084867, 24407.655870760333, 33509.44648084867, 30953.650530917825, 24482.81513447132, 30953.650530917825
463, 33509.44648084867, 24407.655870760333, 33509.44648084867, 31042.02491616183, 24483.67532056626, 31042.02491616183
464, 33509.44648084867, 24407.655870760333, 33509.44648084867, 31018.226458809502, 24481.73901255839, 31018.226458809502
465, 33509.44648084867, 24407.655870760333, 33509.44648084867, 30999.658175663833, 24482.035724479734, 30999.658175663833
466, 33509.44648084867, 24407.655870760333, 33509.44648084867, 31018.07011630692, 24483.971077610142, 31018.07011630692
467, 33509.44648084867, 24407.655870760333, 33509.44648084867, 31014.112585099858, 24483.334910810394, 31014.112585099858
468, 33509.44648084867, 24407.655870760333, 33509.44648084867, 31001.482972418296, 24482.457393910157, 31001.482972418296
469, 33509.44648084867, 24407.655870760333, 33509.44648084867, 31016.73702328967, 24482.330788978707, 31016.73702328967
470, 33509.44648084867, 24407.655870760333, 33509.44648084867, 31022.59805715841, 24481.245375076793, 31022.59805715841
471, 33509.44648084867, 24407.655870760333, 33509.44648084867, 30987.191073104354, 24482.001962610502, 30987.191073104354
472, 33509.44648084867, 24407.655870760333, 33509.44648084867, 30997.43249295636, 24483.28319013912, 30997.43249295636
473, 33509.44648084867, 24407.655870760333, 33509.44648084867, 31025.773941937623, 24483.378687751392, 31025.773941937623
474, 33509.44648084867, 24407.655870760333, 33509.44648084867, 30995.555363480213, 24482.428309446997, 30995.555363480213
475, 33554.25657671868, 24411.6964221511, 33554.25657671868, 31078.871831123637, 24482.184823711603, 31078.871831123637
476, 33554.25657671868, 24411.6964221511, 33554.25657671868, 30989.495214990773, 24482.891563921563, 30989.495214990773
477, 33554.25657671868, 24411.6964221511, 33554.25657671868, 30946.909754511136, 24483.155655754646, 30946.909754511136
478, 33554.25657671868, 24411.6964221511, 33554.25657671868, 31025.629058525377, 24481.476949141208, 31025.629058525377
479, 33554.25657671868, 24411.6964221511, 33554.25657671868, 31018.106205655506, 24483.108635751287, 31018.106205655506
480, 33554.25657671868, 24411.6964221511, 33554.25657671868, 30995.94109066787, 24484.231174908597, 30995.94109066787
481, 33554.25657671868, 24411.6964221511, 33554.25657671868, 30984.613882585647, 24482.35933068025, 30984.613882585647
482, 33554.25657671868, 24411.6964221511, 33554.25657671868, 31041.366728190864, 24482.373700151824, 31041.366728190864
483, 33554.25657671868, 24411.6964221511, 33554.25657671868, 30973.89159365393, 24484.350305610784, 30973.89159365393
484, 33554.25657671868, 24411.6964221511, 33554.25657671868, 30973.425282917535, 24481.306760894797, 30973.425282917535
485, 33554.25657671868, 24411.6964221511, 33554.25657671868, 31013.538659779726, 24483.5230081083, 31013.538659779726
486, 33554.25657671868, 24411.6964221511, 33554.25657671868, 31018.445581750697, 24482.37582933374, 31018.445581750697
487, 33554.25657671868, 24411.6964221511, 33554.25657671868, 31083.479232912257, 24483.05626906396, 31083.479232912257
488, 33567.6632534233, 24208.261022632414, 33567.6632534233, 31020.914056302496, 24483.951904011934, 31020.914056302496
489, 33567.6632534233, 24208.261022632414, 33567.6632534233, 31069.26907982569, 24483.849620171342, 31069.26907982569
490, 33567.6632534233, 24208.261022632414, 33567.6632534233, 31089.84473517898, 24481.997136174374, 31089.84473517898
491, 33567.6632534233, 24208.261022632414, 33567.6632534233, 31039.889892773623, 24479.68967532742, 31039.889892773623
492, 33567.6632534233, 24208.261022632414, 33567.6632534233, 30988.67534598924, 24476.43219939055, 30988.67534598924
493, 33567.6632534233, 24208.261022632414, 33567.6632534233, 31028.661457120754, 24471.337602309228, 31028.661457120754
494, 33567.6632534233, 24208.261022632414, 33567.6632534233, 31023.24020769963, 24464.754794306988, 31023.24020769963
495, 33567.6632534233, 24208.261022632414, 33567.6632534233, 31036.945503772182, 24451.64618955902, 31036.945503772182
496, 33567.6632534233, 24208.261022632414, 33567.6632534233, 31061.837345153162, 24433.9217548256, 31061.837345153162
497, 33567.6632534233, 24208.261022632414, 33567.6632534233, 31023.520070003626, 24397.366248953018, 31023.520070003626
498, 33567.6632534233, 24208.261022632414, 33567.6632534233, 31027.260253001015, 24348.538730909633, 31027.260253001015
499, 33567.6632534233, 24208.261022632414, 33567.6632534233, 31054.486095114626, 24341.5537420516, 31054.486095114626
500, 33567.6632534233, 24208.261022632414, 33567.6632534233, 31041.170146472283, 24341.56567043628, 31041.170146472283
