1, 27515.775070211384, 24659.462258735388, 27515.775070211384, 25159.193032862673, 24653.679678365388, 25159.193032862673
2, 27515.775070211384, 24659.462258735388, 27515.775070211384, 25717.394173452878, 24632.527408198417, 25717.394173452878
3, 27515.775070211384, 24659.462258735388, 27515.775070211384, 26068.71900747909, 24622.405420288473, 26068.71900747909
4, 27515.775070211384, 24659.462258735388, 27515.775070211384, 26328.813616940297, 24596.970680401726, 26328.813616940297
5, 27515.775070211384, 24659.462258735388, 27515.775070211384, 26548.118095283844, 24601.842028092164, 26548.118095283844
6, 27515.775070211384, 24659.462258735388, 27515.775070211384, 26723.90004514033, 24574.340799690784, 26723.90004514033
7, 27526.213272243123, 24685.927713996145, 27526.213272243123, 26867.660599079085, 24568.092913546963, 26867.660599079085
8, 27526.213272243123, 24685.927713996145, 27526.213272243123, 27036.653452916707, 24529.092793644595, 27036.653452916707
9, 27703.028080766562, 24567.882776960778, 27703.028080766562, 27235.602944782848, 24554.664007512638, 27235.602944782848
10, 27930.747106696344, 24292.241894185896, 27930.747106696344, 27444.630302843558, 24602.54386973576, 27444.630302843558
11, 27930.747106696344, 24292.241894185896, 27930.747106696344, 27535.39176176169, 24601.77985611347, 27535.39176176169
12, 27930.747106696344, 24292.241894185896, 27930.747106696344, 27599.454302867427, 24570.269997591375, 27599.454302867427
13, 27961.59945911323, 24501.185864117142, 27961.59945911323, 27679.55028781784, 24523.13678180995, 27679.55028781784
14, 28038.60536407075, 24676.14984449059, 28038.60536407075, 27764.860339095936, 24511.647501528685, 27764.860339095936
15, 28252.79802218964, 24585.54781931499, 28252.79802218964, 27850.129590534274, 24488.355499445606, 27850.129590534274
16, 28252.79802218964, 24585.54781931499, 28252.79802218964, 27925.97509428214, 24482.058660576688, 27925.97509428214
17, 28252.79802218964, 24585.54781931499, 28252.79802218964, 27991.029297569756, 24457.943236739156, 27991.029297569756
18, 28350.487196068032, 24650.03176538695, 28350.487196068032, 28057.48244871731, 24503.30890494653, 28057.48244871731
19, 28428.63009131253, 24441.07331619722, 28428.63009131253, 28120.636040134956, 24488.33902173256, 28120.636040134956
20, 28532.524166385785, 24626.488986198976, 28532.524166385785, 28180.83802012242, 24475.540493019937, 28180.83802012242
21, 28597.11581598725, 24217.074669487156, 28597.11581598725, 28245.403844765133, 24506.76971522689, 28245.403844765133
22, 28676.99734058171, 24275.17802839629, 28676.99734058171, 28308.45849429906, 24472.465357661542, 28308.45849429906
23, 28935.288628841998, 23995.785548027354, 28935.288628841998, 28387.09303743804, 24430.7361597644, 28387.09303743804
24, 28935.288628841998, 23995.785548027354, 28935.288628841998, 28471.35417192153, 24393.375105027997, 28471.35417192153
25, 28935.288628841998, 23995.785548027354, 28935.288628841998, 28557.991298350167, 24395.162133310085, 28557.991298350167
26, 29068.868187601052, 24272.548813935016, 29068.868187601052, 28614.42621234317, 24392.33430324277, 28614.42621234317
27, 29068.868187601052, 24272.548813935016, 29068.868187601052, 28677.897238104277, 24352.487491950393, 28677.897238104277
28, 29167.522157104897, 24454.25807567067, 29167.522157104897, 28754.815511926623, 24365.634411868217, 28754.815511926623
29, 29167.522157104897, 24454.25807567067, 29167.522157104897, 28839.236940005314, 24397.007850992242, 28839.236940005314
30, 29167.522157104897, 24454.25807567067, 29167.522157104897, 28899.514915068125, 24368.335871108553, 28899.514915068125
31, 29167.522157104897, 24454.25807567067, 29167.522157104897, 28967.81185769601, 24311.658005960187, 28967.81185769601
32, 29274.10107183866, 23945.82529293687, 29274.10107183866, 29019.009847702193, 24378.462537242678, 29019.009847702193
33, 29274.10107183866, 23945.82529293687, 29274.10107183866, 29069.575544735253, 24433.03992692053, 29069.575544735253
34, 29283.958424239256, 24461.204765077593, 29283.958424239256, 29102.585301648523, 24385.181766831683, 29102.585301648523
35, 29327.31684347082, 24149.85993714951, 29327.31684347082, 29135.35508058305, 24418.979499351404, 29135.35508058305
36, 29522.160401656492, 24371.54351105859, 29522.160401656492, 29177.012718141712, 24424.36488314798, 29177.012718141712
37, 29606.984696590454, 24676.32806933513, 29606.984696590454, 29223.50973866318, 24388.049516615356, 29223.50973866318
38, 29606.984696590454, 24676.32806933513, 29606.984696590454, 29263.759379878567, 24369.61963312435, 29263.759379878567
39, 29606.984696590454, 24676.32806933513, 29606.984696590454, 29307.300275081452, 24308.919975031535, 29307.300275081452
40, 29606.984696590454, 24676.32806933513, 29606.984696590454, 29347.80930551448, 24374.845239745442, 29347.80930551448
41, 29694.526820741303, 24637.06778642845, 29694.526820741303, 29392.214296767066, 24415.704190316228, 29392.214296767066
42, 29780.694335570668, 24415.84621230927, 29780.694335570668, 29449.600930800756, 24487.225379280957, 29449.600930800756
43, 29780.694335570668, 24415.84621230927, 29780.694335570668, 29516.44298600314, 24545.778812613356, 29516.44298600314
44, 29780.694335570668, 24415.84621230927, 29780.694335570668, 29559.36147276606, 24546.353673911057, 29559.36147276606
45, 29780.694335570668, 24415.84621230927, 29780.694335570668, 29608.211068195043, 24581.47725386171, 29608.211068195043
46, 30036.34499731995, 24561.77145225179, 30036.34499731995, 29641.186283606403, 24598.0012446473, 29641.186283606403
47, 30036.34499731995, 24561.77145225179, 30036.34499731995, 29664.63782455115, 24539.982021809537, 29664.63782455115
48, 30036.34499731995, 24561.77145225179, 30036.34499731995, 29702.800184081858, 24529.60273561479, 29702.800184081858
49, 30036.34499731995, 24561.77145225179, 30036.34499731995, 29741.799922956125, 24526.447897071223, 29741.799922956125
50, 30102.9507760332, 24574.293204025023, 30102.9507760332, 29781.220453467886, 24470.61954386715, 29781.220453467886
51, 30102.9507760332, 24574.293204025023, 30102.9507760332, 29807.165668019657, 24452.861373037344, 29807.165668019657
52, 30139.99543815473, 24536.35682351395, 30139.99543815473, 29832.091632034808, 24480.185566790802, 29832.091632034808
53, 30176.535987899126, 24535.16653114524, 30176.535987899126, 29872.39468130176, 24503.822174281944, 29872.39468130176
54, 30188.663989478333, 24613.16600252036, 30188.663989478333, 29916.921282892312, 24505.147578294927, 29916.921282892312
55, 30188.663989478333, 24613.16600252036, 30188.663989478333, 29952.855669903453, 24511.14560548067, 29952.855669903453
56, 30242.930423255653, 24617.076523690568, 30242.930423255653, 30016.372975820337, 24522.475945356917, 30016.372975820337
57, 30243.55288705699, 24668.290969960326, 30243.55288705699, 30074.207869360078, 24535.636213896243, 30074.207869360078
58, 30243.55288705699, 24668.290969960326, 30243.55288705699, 30123.033531135792, 24553.304005301536, 30123.033531135792
59, 30251.60643439479, 24471.119840825, 30251.60643439479, 30145.345350186362, 24555.231972307087, 30145.345350186362
60, 30418.68985751336, 24625.789797981404, 30418.68985751336, 30168.54324861137, 24565.89173275625, 30168.54324861137
61, 30418.68985751336, 24625.789797981404, 30418.68985751336, 30194.236373532753, 24538.209726747504, 30194.236373532753
62, 30418.68985751336, 24625.789797981404, 30418.68985751336, 30216.284824042927, 24554.930692226546, 30216.284824042927
63, 30418.68985751336, 24625.789797981404, 30418.68985751336, 30243.712925641303, 24564.717131914433, 30243.712925641303
64, 30464.251015976977, 24583.831453979947, 30464.251015976977, 30279.558593483263, 24562.37413331464, 30279.558593483263
65, 30464.251015976977, 24583.831453979947, 30464.251015976977, 30309.373267696323, 24547.87632142017, 30309.373267696323
66, 30524.64901311374, 24231.803235717907, 30524.64901311374, 30348.572051787, 24514.100262430948, 30348.572051787
67, 30524.64901311374, 24231.803235717907, 30524.64901311374, 30379.908605581517, 24489.658692001554, 30379.908605581517
68, 30534.73808964445, 23961.58493151717, 30534.73808964445, 30408.51444620109, 24411.348372040033, 30408.51444620109
69, 30756.940602579863, 24175.96100345127, 30756.940602579863, 30422.4745813925, 24486.825905254904, 30422.4745813925
70, 30825.64754449672, 24146.561796218102, 30825.64754449672, 30435.41374656109, 24560.549247862524, 30435.41374656109
71, 30825.64754449672, 24146.561796218102, 30825.64754449672, 30452.788553374907, 24503.47650558842, 30452.788553374907
72, 30825.64754449672, 24146.561796218102, 30825.64754449672, 30476.42132865371, 24417.796760417, 30476.42132865371
73, 30825.64754449672, 24146.561796218102, 30825.64754449672, 30521.51804150804, 24382.662797414636, 30521.51804150804
74, 30825.64754449672, 24146.561796218102, 30825.64754449672, 30570.267202778265, 24324.648181711018, 30570.267202778265
75, 30825.64754449672, 24146.561796218102, 30825.64754449672, 30611.592739318996, 24302.259413798492, 30611.592739318996
76, 30832.04372662151, 24394.040144202598, 30832.04372662151, 30671.09785474585, 24317.447631667404, 30671.09785474585
77, 30966.361122885068, 24415.141641244678, 30966.361122885068, 30733.769950436897, 24318.047321518374, 30733.769950436897
78, 30966.361122885068, 24415.141641244678, 30966.361122885068, 30777.137275534238, 24238.648076470337, 30777.137275534238
79, 30966.361122885068, 24415.141641244678, 30966.361122885068, 30801.00385070862, 24213.80079980496, 30801.00385070862
80, 30966.361122885068, 24415.141641244678, 30966.361122885068, 30830.640639387526, 24236.615085210666, 30830.640639387526
81, 30972.13343420686, 24458.544568247697, 30972.13343420686, 30839.815773602935, 24204.89092577696, 30839.815773602935
82, 31075.058479818446, 24401.40040477453, 31075.058479818446, 30854.97346854962, 24266.27183505394, 30854.97346854962
83, 31075.058479818446, 24401.40040477453, 31075.058479818446, 30880.72197990588, 24352.752912121032, 30880.72197990588
84, 31101.45031227787, 24237.72297445155, 31101.45031227787, 30909.649942114618, 24299.941532767305, 30909.649942114618
85, 31101.45031227787, 24237.72297445155, 31101.45031227787, 30943.120303417378, 24344.206214812853, 30943.120303417378
86, 31101.45031227787, 24237.72297445155, 31101.45031227787, 30968.98688092236, 24374.89136868402, 30968.98688092236
87, 31212.299373851638, 24391.286432603094, 31212.299373851638, 30983.100156091175, 24381.712822834284, 30983.100156091175
88, 31286.52660342077, 24322.744374793394, 31286.52660342077, 30997.527469338384, 24356.597569855392, 30997.527469338384
89, 31286.52660342077, 24322.744374793394, 31286.52660342077, 31017.581154536096, 24312.597692749725, 31017.581154536096
90, 31286.52660342077, 24322.744374793394, 31286.52660342077, 31043.37972217072, 24279.3684441711, 31043.37972217072
91, 31286.52660342077, 24322.744374793394, 31286.52660342077, 31072.60876104075, 24336.78213936139, 31072.60876104075
92, 31286.52660342077, 24322.744374793394, 31286.52660342077, 31109.73401478912, 24320.957514876405, 31109.73401478912
93, 31286.52660342077, 24322.744374793394, 31286.52660342077, 31147.921356492694, 24340.488274951495, 31147.921356492694
94, 31362.493129165574, 24677.53039783003, 31362.493129165574, 31190.178401631216, 24398.34417714077, 31190.178401631216
95, 31362.493129165574, 24677.53039783003, 31362.493129165574, 31216.833802433324, 24404.685782408407, 31216.833802433324
96, 31362.493129165574, 24677.53039783003, 31362.493129165574, 31232.093973759973, 24436.150021141424, 31232.093973759973
97, 31382.7618521919, 24503.278961724656, 31382.7618521919, 31246.627990226472, 24461.57053008919, 31246.627990226472
98, 31382.7618521919, 24503.278961724656, 31382.7618521919, 31260.81720568248, 24430.07300862907, 31260.81720568248
99, 31404.996046314867, 24624.551944882776, 31404.996046314867, 31273.190669743184, 24367.74067107023, 31273.190669743184
100, 31404.996046314867, 24624.551944882776, 31404.996046314867, 31289.51492106772, 24367.079519313076, 31289.51492106772
101, 31404.996046314867, 24624.551944882776, 31404.996046314867, 31307.354134935333, 24392.384527787195, 31307.354134935333
102, 31597.429424631035, 24502.270540251026, 31597.429424631035, 31321.294000999587, 24439.137715558303, 31321.294000999587
103, 31597.429424631035, 24502.270540251026, 31597.429424631035, 31341.083634624578, 24503.621112260917, 31341.083634624578
104, 31597.429424631035, 24502.270540251026, 31597.429424631035, 31360.668749715733, 24485.174880061986, 31360.668749715733
105, 31597.429424631035, 24502.270540251026, 31597.429424631035, 31373.39506771201, 24501.978205750725, 31373.39506771201
106, 31597.429424631035, 24502.270540251026, 31597.429424631035, 31381.25195726145, 24487.45632326846, 31381.25195726145
107, 31597.429424631035, 24502.270540251026, 31597.429424631035, 31390.529478483728, 24453.927723804954, 31390.529478483728
108, 31597.429424631035, 24502.270540251026, 31597.429424631035, 31400.479161479776, 24423.076228060705, 31400.479161479776
109, 31597.429424631035, 24502.270540251026, 31597.429424631035, 31411.70733108435, 24437.106746335958, 31411.70733108435
110, 31681.491996176555, 24512.411187743226, 31681.491996176555, 31425.615790305394, 24498.603822763256, 31425.615790305394
111, 31681.491996176555, 24512.411187743226, 31681.491996176555, 31444.331283147825, 24493.216948327354, 31444.331283147825
112, 31681.491996176555, 24512.411187743226, 31681.491996176555, 31471.046645499784, 24476.120660996483, 31471.046645499784
113, 31681.491996176555, 24512.411187743226, 31681.491996176555, 31511.49791314844, 24454.00034347548, 31511.49791314844
114, 31681.491996176555, 24512.411187743226, 31681.491996176555, 31547.004887173505, 24481.732121346522, 31547.004887173505
115, 31710.79768728715, 24529.587630781887, 31710.79768728715, 31572.128175118374, 24473.657540897686, 31572.128175118374
116, 31784.88729166153, 24530.813150070368, 31784.88729166153, 31599.394368093694, 24489.749180055594, 31599.394368093694
117, 31784.88729166153, 24530.813150070368, 31784.88729166153, 31618.1794007591, 24513.767719196356, 31618.1794007591
118, 31784.88729166153, 24530.813150070368, 31784.88729166153, 31631.759235731854, 24523.633343039026, 31631.759235731854
119, 31784.88729166153, 24530.813150070368, 31784.88729166153, 31651.940892409366, 24529.330049359593, 31651.940892409366
120, 31811.27921996485, 24613.644373156156, 31811.27921996485, 31678.65918474756, 24523.208085380047, 31678.65918474756
121, 31811.27921996485, 24613.644373156156, 31811.27921996485, 31694.513969817814, 24524.332153809137, 31694.513969817814
122, 31811.27921996485, 24613.644373156156, 31811.27921996485, 31705.15041869667, 24535.58888266031, 31705.15041869667
123, 31826.438318045286, 24578.08807818428, 31826.438318045286, 31720.481754774777, 24543.635029553767, 31720.481754774777
124, 31826.438318045286, 24578.08807818428, 31826.438318045286, 31744.314252205462, 24577.070002150704, 31744.314252205462
125, 31826.438318045286, 24578.08807818428, 31826.438318045286, 31761.135165184915, 24588.985315106893, 31761.135165184915
126, 31852.19104676614, 24493.97506390454, 31852.19104676614, 31785.769861450288, 24544.51808154026, 31785.769861450288
127, 31852.19104676614, 24493.97506390454, 31852.19104676614, 31792.449149546275, 24539.46749916739, 31792.449149546275
128, 31967.684461758385, 24484.915040278574, 31967.684461758385, 31798.44199610224, 24547.031417604867, 31798.44199610224
129, 31976.531105604732, 24664.113357536142, 31976.531105604732, 31808.03720985237, 24555.04248850006, 31808.03720985237
130, 31976.531105604732, 24664.113357536142, 31976.531105604732, 31823.364528881546, 24544.949641322648, 31823.364528881546
131, 31976.531105604732, 24664.113357536142, 31976.531105604732, 31832.078168780197, 24571.44370083413, 31832.078168780197
132, 31976.531105604732, 24664.113357536142, 31976.531105604732, 31850.109736732833, 24545.0770912121, 31850.109736732833
133, 32005.981563202105, 24570.71817983697, 32005.981563202105, 31865.630867066167, 24551.658180041883, 31865.630867066167
134, 32005.981563202105, 24570.71817983697, 32005.981563202105, 31893.60573297904, 24550.545879398727, 31893.60573297904
135, 32007.79921266778, 24565.314629423472, 32007.79921266778, 31919.486899977564, 24570.235004890605, 31919.486899977564
136, 32007.79921266778, 24565.314629423472, 32007.79921266778, 31953.313081688648, 24587.62451277365, 31953.313081688648
137, 32027.50251812826, 24619.033418911044, 32027.50251812826, 31975.86494347323, 24613.2086654518, 31975.86494347323
138, 32144.396197412516, 24684.8858727796, 32144.396197412516, 31981.55438443962, 24655.38600667496, 31981.55438443962
139, 32144.396197412516, 24684.8858727796, 32144.396197412516, 31984.136579787973, 24649.82773213097, 31984.136579787973
140, 32144.396197412516, 24684.8858727796, 32144.396197412516, 31989.828397478952, 24640.919826136855, 31989.828397478952
141, 32144.396197412516, 24684.8858727796, 32144.396197412516, 31997.867016708416, 24629.929284721446, 31997.867016708416
142, 32145.080349187196, 24678.69221349493, 32145.080349187196, 32007.256960094077, 24615.125998081003, 32007.256960094077
143, 32145.080349187196, 24678.69221349493, 32145.080349187196, 32023.134731682, 24594.484619264054, 32023.134731682
144, 32145.080349187196, 24678.69221349493, 32145.080349187196, 32031.742724770997, 24605.135206506508, 32031.742724770997
145, 32145.080349187196, 24678.69221349493, 32145.080349187196, 32049.722181281108, 24624.522225979155, 32049.722181281108
146, 32155.00452567452, 24661.786393195845, 32155.00452567452, 32074.837110570745, 24650.97937679841, 32074.837110570745
147, 32155.00452567452, 24661.786393195845, 32155.00452567452, 32108.704677578193, 24658.414621570464, 32108.704677578193
148, 32155.00452567452, 24661.786393195845, 32155.00452567452, 32138.18291867361, 24673.718575452585, 32138.18291867361
149, 32155.208656444338, 24495.07886553559, 32155.208656444338, 32144.965183311895, 24681.09866511479, 32144.965183311895
150, 32163.004202524466, 24623.95401941847, 32163.004202524466, 32145.391496407534, 24678.967959126363, 32145.391496407534
151, 32171.447478746955, 24630.292631666667, 32171.447478746955, 32146.15342460686, 24673.718356607416, 32146.15342460686
152, 32171.447478746955, 24630.292631666667, 32171.447478746955, 32147.035288026163, 24669.442101718374, 32147.035288026163
153, 32171.447478746955, 24630.292631666667, 32171.447478746955, 32148.3010912825, 24664.4087016974, 32148.3010912825
154, 32171.447478746955, 24630.292631666667, 32171.447478746955, 32150.03271445908, 24654.46476187389, 32150.03271445908
155, 32171.447478746955, 24630.292631666667, 32171.447478746955, 32152.75913142997, 24640.704671513322, 32152.75913142997
156, 32211.207482934005, 24459.682076307567, 32211.207482934005, 32157.471104239692, 24622.228088545893, 32157.471104239692
157, 32211.207482934005, 24459.682076307567, 32211.207482934005, 32158.889345661577, 24607.522358817147, 32158.889345661577
158, 32213.466312719895, 24669.465138297594, 32213.466312719895, 32161.17871521044, 24568.922250956486, 32161.17871521044
159, 32213.466312719895, 24669.465138297594, 32213.466312719895, 32163.765850048316, 24590.446951250196, 32163.765850048316
160, 32213.466312719895, 24669.465138297594, 32213.466312719895, 32167.374407065017, 24620.433580950707, 32167.374407065017
161, 32268.857284228074, 24460.130893824225, 32268.857284228074, 32170.23827953088, 24617.500076696266, 32170.23827953088
162, 32268.857284228074, 24460.130893824225, 32268.857284228074, 32173.639690699394, 24615.221376807996, 32173.639690699394
163, 32268.857284228074, 24460.130893824225, 32268.857284228074, 32178.88596528606, 24609.90647301111, 32178.88596528606
164, 32268.857284228074, 24460.130893824225, 32268.857284228074, 32181.931745209637, 24599.61732188724, 32181.931745209637
165, 32361.236657091875, 24687.114408330555, 32361.236657091875, 32189.026753413546, 24584.64860600908, 32189.026753413546
166, 32361.236657091875, 24687.114408330555, 32361.236657091875, 32199.96520112038, 24555.482029804472, 32199.96520112038
167, 32361.236657091875, 24687.114408330555, 32361.236657091875, 32216.878840447127, 24518.98165915013, 32216.878840447127
168, 32361.236657091875, 24687.114408330555, 32361.236657091875, 32223.787433820147, 24503.498242587346, 32223.787433820147
169, 32361.236657091875, 24687.114408330555, 32361.236657091875, 32232.866867903238, 24536.436740679965, 32232.866867903238
170, 32361.236657091875, 24687.114408330555, 32361.236657091875, 32242.44793293382, 24572.499357397264, 32242.44793293382
171, 32361.236657091875, 24687.114408330555, 32361.236657091875, 32265.957221857378, 24562.098532984066, 32265.957221857378
172, 32361.236657091875, 24687.114408330555, 32361.236657091875, 32290.711784680097, 24536.24429448307, 32290.711784680097
173, 32361.236657091875, 24687.114408330555, 32361.236657091875, 32309.493556970785, 24567.17988633231, 32309.493556970785
174, 32361.236657091875, 24687.114408330555, 32361.236657091875, 32329.88627508659, 24620.393694267572, 32329.88627508659
175, 32361.236657091875, 24687.114408330555, 32361.236657091875, 32361.121330301914, 24685.705589181478, 32361.121330301914
176, 32361.236657091875, 24687.114408330555, 32361.236657091875, 32361.236657091715, 24687.1144083306, 32361.236657091715
177, 32361.236657091875, 24687.114408330555, 32361.236657091875, 32361.236657091715, 24687.1144083306, 32361.236657091715
178, 32361.236657091875, 24687.114408330555, 32361.236657091875, 32361.236657091715, 24687.1144083306, 32361.236657091715
179, 32398.834685662176, 24598.20955285867, 32398.834685662176, 32361.606841105833, 24686.176523885275, 32361.606841105833
180, 32398.834685662176, 24598.20955285867, 32398.834685662176, 32362.029819062584, 24685.577897558916, 32362.029819062584
181, 32398.834685662176, 24598.20955285867, 32398.834685662176, 32362.51749698365, 24684.562962089087, 32362.51749698365
182, 32398.834685662176, 24598.20955285867, 32398.834685662176, 32363.346269787227, 24682.26743594216, 32363.346269787227
183, 32398.834685662176, 24598.20955285867, 32398.834685662176, 32364.736734051505, 24678.670675884234, 32364.736734051505
184, 32398.834685662176, 24598.20955285867, 32398.834685662176, 32367.134647686893, 24672.203854699732, 32367.134647686893
185, 32573.033462383773, 24536.344181787423, 32573.033462383773, 32371.631394909033, 24661.882554931002, 32371.631394909033
186, 32573.033462383773, 24536.344181787423, 32573.033462383773, 32376.41451058753, 24649.68137172581, 32376.41451058753
187, 32573.033462383773, 24536.344181787423, 32573.033462383773, 32383.58642952309, 24633.656955833532, 32383.58642952309
188, 32573.033462383773, 24536.344181787423, 32573.033462383773, 32390.910823127884, 24629.46016514047, 32390.910823127884
189, 32573.033462383773, 24536.344181787423, 32573.033462383773, 32399.164864148992, 24617.7603400935, 32399.164864148992
190, 32573.033462383773, 24536.344181787423, 32573.033462383773, 32408.265328412133, 24595.94370315651, 32408.265328412133
191, 32573.033462383773, 24536.344181787423, 32573.033462383773, 32414.602836851547, 24593.426452623262, 32414.602836851547
192, 32573.033462383773, 24536.344181787423, 32573.033462383773, 32426.430708637166, 24591.382613562386, 32426.430708637166
193, 32604.69824223374, 24493.152828018123, 32604.69824223374, 32439.541137377637, 24588.546778333013, 32439.541137377637
194, 32604.69824223374, 24493.152828018123, 32604.69824223374, 32462.294110178762, 24584.397018505526, 32462.294110178762
195, 32615.146175499503, 24417.976220022996, 32615.146175499503, 32498.25138807268, 24577.08650694482, 32498.25138807268
196, 32656.21715296408, 24567.932643637963, 32656.21715296408, 32533.57638119198, 24561.314993487988, 32533.57638119198
197, 32656.21715296408, 24567.932643637963, 32656.21715296408, 32573.281161408857, 24534.75678220025, 32573.281161408857
198, 32656.21715296408, 24567.932643637963, 32656.21715296408, 32577.793967397767, 24536.544926337767, 32577.793967397767
199, 32700.621746350986, 24542.19280472543, 32700.621746350986, 32580.60469365735, 24537.51807769609, 32580.60469365735
200, 32700.621746350986, 24542.19280472543, 32700.621746350986, 32586.56657290256, 24539.26590677431, 32586.56657290256
201, 32700.621746350986, 24542.19280472543, 32700.621746350986, 32594.898739605098, 24540.573205967987, 32594.898739605098
202, 32700.621746350986, 24542.19280472543, 32700.621746350986, 32606.606943409904, 24544.477465735803, 32606.606943409904
203, 32700.621746350986, 24542.19280472543, 32700.621746350986, 32622.85297008497, 24552.594694153373, 32622.85297008497
204, 32731.614793118304, 24435.235863048423, 32731.614793118304, 32640.690406935293, 24560.356786759785, 32640.690406935293
205, 32731.614793118304, 24435.235863048423, 32731.614793118304, 32652.53568031612, 24581.811819723553, 32652.53568031612
206, 32738.75418671959, 24640.660172053136, 32738.75418671959, 32664.253163613084, 24566.630285141604, 32664.253163613084
207, 32749.69287314846, 24526.719505385998, 32749.69287314846, 32671.004841050642, 24564.571904917284, 32671.004841050642
208, 32749.69287314846, 24526.719505385998, 32749.69287314846, 32680.58903711357, 24560.446311331467, 32680.58903711357
209, 32749.69287314846, 24526.719505385998, 32749.69287314846, 32691.401343657155, 24555.989828683123, 32691.401343657155
210, 32778.594227261245, 24523.163804358803, 32778.594227261245, 32706.016346623295, 24533.109571032193, 32706.016346623295
211, 32778.594227261245, 24523.163804358803, 32778.594227261245, 32711.62694902859, 24523.023082025244, 32711.62694902859
212, 32778.594227261245, 24523.163804358803, 32778.594227261245, 32716.96280912968, 24514.049857725306, 32716.96280912968
213, 32778.594227261245, 24523.163804358803, 32778.594227261245, 32728.20175319468, 24497.48207991755, 32728.20175319468
214, 32795.2538434273, 24636.451003296315, 32795.2538434273, 32739.234294749316, 24493.54051813443, 32739.234294749316
215, 32795.2538434273, 24636.451003296315, 32795.2538434273, 32743.363892629255, 24526.40318496524, 32743.363892629255
216, 32795.2538434273, 24636.451003296315, 32795.2538434273, 32747.398521435698, 24496.228332121078, 32747.398521435698
217, 32827.21623095653, 24668.17428859385, 32827.21623095653, 32749.9771024634, 24490.194387508178, 32749.9771024634
218, 32848.2166976888, 24504.67062140555, 32848.2166976888, 32753.517081559883, 24503.375873528275, 32753.517081559883
219, 32848.2166976888, 24504.67062140555, 32848.2166976888, 32759.603818990843, 24535.318648103894, 32759.603818990843
220, 32858.10985118862, 24604.81506166221, 32858.10985118862, 32766.470309661483, 24554.01434641666, 32766.470309661483
221, 32937.71117175167, 24578.10014336111, 32937.71117175167, 32777.12224409452, 24554.686861886745, 32777.12224409452
222, 32937.71117175167, 24578.10014336111, 32937.71117175167, 32785.92411993992, 24534.746916376618, 32785.92411993992
223, 32937.71117175167, 24578.10014336111, 32937.71117175167, 32793.70930404971, 24554.266470836777, 32793.70930404971
224, 32937.71117175167, 24578.10014336111, 32937.71117175167, 32803.53590883977, 24572.178491698884, 32803.53590883977
225, 32937.71117175167, 24578.10014336111, 32937.71117175167, 32819.44910431849, 24600.73060468559, 32819.44910431849
226, 32937.71117175167, 24578.10014336111, 32937.71117175167, 32835.026838819584, 24617.453044281843, 32835.026838819584
227, 32937.71117175167, 24578.10014336111, 32937.71117175167, 32856.94730979474, 24610.133360203345, 32856.94730979474
228, 32937.71117175167, 24578.10014336111, 32937.71117175167, 32872.14202797588, 24574.828167729425, 32872.14202797588
229, 32937.71117175167, 24578.10014336111, 32937.71117175167, 32890.62716145122, 24581.768445784004, 32890.62716145122
230, 32959.25271003214, 24608.85051309989, 32959.25271003214, 32913.483609649695, 24582.893112949794, 32913.483609649695
231, 32959.25271003214, 24608.85051309989, 32959.25271003214, 32937.00176620629, 24579.074173681074, 32937.00176620629
232, 32989.041778076826, 24563.465287539613, 32989.041778076826, 32938.26466733187, 24578.822118029493, 32938.26466733187
233, 32989.041778076826, 24563.465287539613, 32989.041778076826, 32939.00035820693, 24579.681708448785, 32939.00035820693
234, 32989.041778076826, 24563.465287539613, 32989.041778076826, 32939.835992174776, 24580.49797122467, 32939.835992174776
235, 32989.041778076826, 24563.465287539613, 32989.041778076826, 32941.76459577909, 24582.731833827766, 32941.76459577909
236, 32989.041778076826, 24563.465287539613, 32989.041778076826, 32944.217939412134, 24584.765806817366, 32944.217939412134
237, 32989.041778076826, 24563.465287539613, 32989.041778076826, 32947.750782002324, 24587.22030669241, 32947.750782002324
238, 32989.041778076826, 24563.465287539613, 32989.041778076826, 32955.81209562462, 24590.445513273244, 32955.81209562462
239, 32989.041778076826, 24563.465287539613, 32989.041778076826, 32964.596455570616, 24603.603846438717, 32964.596455570616
240, 33018.369136777976, 24348.09854319152, 33018.369136777976, 32971.999562342695, 24585.115912411657, 32971.999562342695
241, 33018.369136777976, 24348.09854319152, 33018.369136777976, 32983.15617344238, 24551.627711670037, 32983.15617344238
242, 33018.369136777976, 24348.09854319152, 33018.369136777976, 32989.03378179013, 24554.32338510004, 32989.03378179013
243, 33028.18110845036, 24564.805268144937, 33028.18110845036, 32989.677385109106, 24560.241486277377, 32989.677385109106
244, 33039.16800042519, 24558.635310221503, 33039.16800042519, 32990.14056729902, 24559.363227820042, 32990.14056729902
245, 33039.16800042519, 24558.635310221503, 33039.16800042519, 32991.06693167887, 24557.606710905377, 32991.06693167887
246, 33111.871210781836, 24378.506043627924, 33111.871210781836, 32992.67335750691, 24555.14812292215, 32992.67335750691
247, 33121.61667643961, 24519.97781625409, 33121.61667643961, 32995.82252158863, 24547.53237492423, 32995.82252158863
248, 33121.61667643961, 24519.97781625409, 33121.61667643961, 32999.65436011238, 24536.2624339688, 32999.65436011238
249, 33121.61667643961, 24519.97781625409, 33121.61667643961, 33006.63187300709, 24521.37928073957, 33006.63187300709
250, 33121.61667643961, 24519.97781625409, 33121.61667643961, 33018.00685362292, 24497.267189169565, 33018.00685362292
251, 33121.61667643961, 24519.97781625409, 33121.61667643961, 33031.70809070417, 24448.65064977258, 33031.70809070417
252, 33121.61667643961, 24519.97781625409, 33121.61667643961, 33040.80755717605, 24480.70219191121, 33040.80755717605
253, 33121.61667643961, 24519.97781625409, 33121.61667643961, 33053.18273683741, 24533.2673482628, 33053.18273683741
254, 33121.61667643961, 24519.97781625409, 33121.61667643961, 33066.43945995049, 24515.910186474677, 33066.43945995049
255, 33121.61667643961, 24519.97781625409, 33121.61667643961, 33085.82454876069, 24483.30146653749, 33085.82454876069
256, 33151.00545270243, 24621.765191529506, 33151.00545270243, 33112.95604282436, 24441.93808862961, 33112.95604282436
257, 33166.43638940812, 24327.0313828524, 33166.43638940812, 33118.48087504184, 24465.365903391958, 33118.48087504184
258, 33166.43638940812, 24327.0313828524, 33166.43638940812, 33122.68107644973, 24517.90307151897, 33122.68107644973
259, 33166.43638940812, 24327.0313828524, 33166.43638940812, 33123.076999941964, 24519.939204952814, 33123.076999941964
260, 33166.43638940812, 24327.0313828524, 33166.43638940812, 33124.41422584528, 24517.60708691391, 33124.41422584528
261, 33183.893760297484, 24285.1709264185, 33183.893760297484, 33127.02902062503, 24512.22461167756, 33127.02902062503
262, 33183.893760297484, 24285.1709264185, 33183.893760297484, 33130.294947875176, 24510.614690790164, 33130.294947875176
263, 33183.893760297484, 24285.1709264185, 33183.893760297484, 33135.271038429746, 24506.816193360122, 33135.271038429746
264, 33183.893760297484, 24285.1709264185, 33183.893760297484, 33143.470624780166, 24502.06443787072, 33143.470624780166
265, 33193.0990042984, 24385.285171372107, 33193.0990042984, 33156.43672462035, 24482.119194066934, 33156.43672462035
266, 33193.0990042984, 24385.285171372107, 33193.0990042984, 33162.078060827414, 24417.107501005143, 33162.078060827414
267, 33193.0990042984, 24385.285171372107, 33193.0990042984, 33166.86807684878, 24328.322634926477, 33166.86807684878
268, 33193.0990042984, 24385.285171372107, 33193.0990042984, 33167.314023538114, 24326.148804762328, 33167.314023538114
269, 33193.0990042984, 24385.285171372107, 33193.0990042984, 33167.575884101454, 24325.52089791582, 33167.575884101454
270, 33193.0990042984, 24385.285171372107, 33193.0990042984, 33168.32020515703, 24324.34705088323, 33168.32020515703
271, 33198.324352758136, 24364.892820108274, 33198.324352758136, 33169.6529554252, 24323.21894510435, 33169.6529554252
272, 33198.324352758136, 24364.892820108274, 33198.324352758136, 33172.07917416672, 24320.079783164187, 33172.07917416672
273, 33198.324352758136, 24364.892820108274, 33198.324352758136, 33176.427545861465, 24314.461826752067, 33176.427545861465
274, 33198.324352758136, 24364.892820108274, 33198.324352758136, 33182.6116523379, 24310.09666383277, 33182.6116523379
275, 33198.324352758136, 24364.892820108274, 33198.324352758136, 33186.91549111126, 24312.739196289225, 33186.91549111126
276, 33198.324352758136, 24364.892820108274, 33198.324352758136, 33189.32496478467, 24334.20950124772, 33189.32496478467
277, 33224.40860961424, 24543.333959696767, 33224.40860961424, 33192.46796611586, 24361.37541462358, 33192.46796611586
278, 33224.40860961424, 24543.333959696767, 33224.40860961424, 33194.92745140493, 24380.951877388707, 33194.92745140493
279, 33224.40860961424, 24543.333959696767, 33224.40860961424, 33196.076603211615, 24379.269589069736, 33196.076603211615
280, 33252.17302548745, 24557.041190419975, 33252.17302548745, 33197.73035148984, 24376.22837231596, 33197.73035148984
281, 33252.17302548745, 24557.041190419975, 33252.17302548745, 33199.89780896451, 24374.775618939268, 33199.89780896451
282, 33252.17302548745, 24557.041190419975, 33252.17302548745, 33201.357645476855, 24382.118872983658, 33201.357645476855
283, 33306.40063370039, 24547.041726066258, 33306.40063370039, 33204.778667344, 24395.92914965603, 33204.778667344
284, 33306.40063370039, 24547.041726066258, 33306.40063370039, 33208.76029333323, 24416.988169410528, 33208.76029333323
285, 33306.40063370039, 24547.041726066258, 33306.40063370039, 33216.13990444879, 24455.567236107992, 33216.13990444879
286, 33306.40063370039, 24547.041726066258, 33306.40063370039, 33224.60098688186, 24501.080023358172, 33224.60098688186
287, 33306.40063370039, 24547.041726066258, 33306.40063370039, 33233.637424424865, 24540.92308851683, 33233.637424424865
288, 33306.40063370039, 24547.041726066258, 33306.40063370039, 33240.16656438407, 24540.734548070737, 33240.16656438407
289, 33306.40063370039, 24547.041726066258, 33306.40063370039, 33249.87459798899, 24539.949795252258, 33249.87459798899
290, 33307.466647354064, 24574.518803872554, 33307.466647354064, 33262.81308847973, 24539.0418849269, 33262.81308847973
291, 33307.466647354064, 24574.518803872554, 33307.466647354064, 33275.90903315824, 24530.107997239138, 33275.90903315824
292, 33307.466647354064, 24574.518803872554, 33307.466647354064, 33290.189482615184, 24512.252672756622, 33290.189482615184
293, 33307.466647354064, 24574.518803872554, 33307.466647354064, 33305.66556985749, 24540.932733640337, 33305.66556985749
294, 33346.31671819645, 24554.829083746816, 33346.31671819645, 33306.63752460062, 24548.042360577816, 33306.63752460062
295, 33362.49533153794, 24681.131342263216, 33362.49533153794, 33307.12290858056, 24548.889130836236, 33307.12290858056
296, 33362.49533153794, 24681.131342263216, 33362.49533153794, 33307.349139344384, 24549.614994569798, 33307.349139344384
297, 33362.49533153794, 24681.131342263216, 33362.49533153794, 33307.62655415662, 24550.680344452638, 33307.62655415662
298, 33362.49533153794, 24681.131342263216, 33362.49533153794, 33307.86877512524, 24551.81836435329, 33307.86877512524
299, 33372.04654553983, 24580.88001287063, 33372.04654553983, 33309.38941590408, 24554.64029028613, 33309.38941590408
300, 33372.04654553983, 24580.88001287063, 33372.04654553983, 33311.7953395689, 24560.711281532527, 33311.7953395689
301, 33372.04654553983, 24580.88001287063, 33372.04654553983, 33314.41434383049, 24568.825171638797, 33314.41434383049
302, 33372.04654553983, 24580.88001287063, 33372.04654553983, 33318.39047006232, 24580.328839875772, 33318.39047006232
303, 33372.04654553983, 24580.88001287063, 33372.04654553983, 33324.99176629747, 24582.38088170106, 33324.99176629747
304, 33372.04654553983, 24580.88001287063, 33372.04654553983, 33333.81007450948, 24584.924224678034, 33333.81007450948
305, 33372.04654553983, 24580.88001287063, 33372.04654553983, 33350.84419233404, 24594.604194969674, 33350.84419233404
306, 33372.04654553983, 24580.88001287063, 33372.04654553983, 33359.31360592156, 24611.99896763704, 33359.31360592156
307, 33378.56667700355, 24597.080546606197, 33378.56667700355, 33366.06522189502, 24627.25273354543, 33366.06522189502
308, 33378.56667700355, 24597.080546606197, 33378.56667700355, 33370.153747984135, 24601.59354073347, 33370.153747984135
309, 33378.56667700355, 24597.080546606197, 33378.56667700355, 33372.14434751188, 24581.12302087672, 33372.14434751188
310, 33378.56667700355, 24597.080546606197, 33378.56667700355, 33372.15008687005, 24581.543975840545, 33372.15008687005
311, 33378.56667700355, 24597.080546606197, 33378.56667700355, 33372.18842688554, 24582.04593347305, 33372.18842688554
312, 33378.56667700355, 24597.080546606197, 33378.56667700355, 33372.318829514814, 24582.369944147762, 33372.318829514814
313, 33378.56667700355, 24597.080546606197, 33378.56667700355, 33372.490012708295, 24583.126497372505, 33372.490012708295
314, 33429.89426518434, 24623.082766289746, 33429.89426518434, 33373.080837129266, 24584.418075039055, 33373.080837129266
315, 33429.89426518434, 24623.082766289746, 33429.89426518434, 33373.97898673118, 24587.21117156889, 33373.97898673118
316, 33429.89426518434, 24623.082766289746, 33429.89426518434, 33374.75664037962, 24590.619222638845, 33374.75664037962
317, 33429.89426518434, 24623.082766289746, 33429.89426518434, 33376.43000308124, 24596.8897853211, 33376.43000308124
318, 33429.89426518434, 24623.082766289746, 33429.89426518434, 33378.875280073, 24606.14744410948, 33378.875280073
319, 33429.89426518434, 24623.082766289746, 33429.89426518434, 33380.36314258978, 24597.99062429518, 33380.36314258978
320, 33429.89426518434, 24623.082766289746, 33429.89426518434, 33381.90297023519, 24598.770690885685, 33381.90297023519
321, 33429.89426518434, 24623.082766289746, 33429.89426518434, 33382.92952199881, 24599.290735279355, 33382.92952199881
322, 33429.89426518434, 24623.082766289746, 33429.89426518434, 33386.06772412567, 24600.466182390923, 33386.06772412567
323, 33442.06737591362, 24485.817896469212, 33442.06737591362, 33390.425965624425, 24601.581443629977, 33390.425965624425
324, 33442.06737591362, 24485.817896469212, 33442.06737591362, 33400.572031704454, 24605.973767237076, 33400.572031704454
325, 33442.06737591362, 24485.817896469212, 33442.06737591362, 33410.38443630618, 24609.197381780068, 33410.38443630618
326, 33509.03745970053, 24596.385071552882, 33509.03745970053, 33429.019293183235, 24618.868509236203, 33429.019293183235
327, 33509.03745970053, 24596.385071552882, 33509.03745970053, 33430.41171226411, 24621.576629117913, 33430.41171226411
328, 33509.03745970053, 24596.385071552882, 33509.03745970053, 33430.89378832827, 24620.926090177778, 33430.89378832827
329, 33509.03745970053, 24596.385071552882, 33509.03745970053, 33431.48918588378, 24619.121119967, 33431.48918588378
330, 33509.03745970053, 24596.385071552882, 33509.03745970053, 33432.679016856666, 24618.451124433872, 33432.679016856666
331, 33509.03745970053, 24596.385071552882, 33509.03745970053, 33434.37753116053, 24614.863658578182, 33434.37753116053
332, 33509.03745970053, 24596.385071552882, 33509.03745970053, 33436.25017236149, 24609.737321892302, 33436.25017236149
333, 33509.03745970053, 24596.385071552882, 33509.03745970053, 33438.91045041951, 24597.48884967658, 33438.91045041951
334, 33509.03745970053, 24596.385071552882, 33509.03745970053, 33445.0046580304, 24576.030046984724, 33445.0046580304
335, 33509.03745970053, 24596.385071552882, 33509.03745970053, 33454.91206067001, 24558.169315098537, 33454.91206067001
336, 33509.03745970053, 24596.385071552882, 33509.03745970053, 33462.328388307615, 24602.21062339733, 33462.328388307615
337, 33509.03745970053, 24596.385071552882, 33509.03745970053, 33474.29231624767, 24633.161506776734, 33474.29231624767
338, 33509.03745970053, 24596.385071552882, 33509.03745970053, 33480.986756952276, 24625.25905827784, 33480.986756952276
339, 33509.03745970053, 24596.385071552882, 33509.03745970053, 33486.67383968492, 24625.28988054356, 33486.67383968492
340, 33514.28727741514, 24643.921385442398, 33514.28727741514, 33490.311605049275, 24620.859704760453, 33490.311605049275
341, 33579.218483028715, 24517.112564490624, 33579.218483028715, 33495.127270563775, 24614.95191399503, 33495.127270563775
342, 33579.218483028715, 24517.112564490624, 33579.218483028715, 33502.53141378199, 24606.025249792798, 33502.53141378199
343, 33579.218483028715, 24517.112564490624, 33579.218483028715, 33510.1361537783, 24596.88046509736, 33510.1361537783
344, 33579.218483028715, 24517.112564490624, 33579.218483028715, 33510.82191925583, 24596.95001072614, 33510.82191925583
345, 33579.218483028715, 24517.112564490624, 33579.218483028715, 33511.863129059595, 24597.259023840856, 33511.863129059595
346, 33579.218483028715, 24517.112564490624, 33579.218483028715, 33513.75605227402, 24596.96232944448, 33513.75605227402
347, 33579.218483028715, 24517.112564490624, 33579.218483028715, 33516.69894392264, 24597.7815631261, 33516.69894392264
348, 33661.0495797407, 24545.0635596807, 33661.0495797407, 33522.99735000817, 24597.747425617865, 33522.99735000817
349, 33661.0495797407, 24545.0635596807, 33661.0495797407, 33530.97764983562, 24600.47209605452, 33530.97764983562
350, 33661.0495797407, 24545.0635596807, 33661.0495797407, 33542.49228059318, 24578.680863174843, 33542.49228059318
351, 33661.0495797407, 24545.0635596807, 33661.0495797407, 33561.40425977702, 24532.930080822014, 33561.40425977702
352, 33661.0495797407, 24545.0635596807, 33661.0495797407, 33568.558438558975, 24522.848186680814, 33568.558438558975
353, 33661.0495797407, 24545.0635596807, 33661.0495797407, 33571.346939839466, 24521.660000165437, 33571.346939839466
354, 33661.0495797407, 24545.0635596807, 33661.0495797407, 33577.64440861827, 24519.91892597442, 33577.64440861827
355, 33661.0495797407, 24545.0635596807, 33661.0495797407, 33583.44799506701, 24518.09751879291, 33583.44799506701
356, 33699.242430174316, 24431.96341332887, 33699.242430174316, 33586.23184942308, 24517.95795245969, 33586.23184942308
357, 33699.242430174316, 24431.96341332887, 33699.242430174316, 33590.434134482, 24517.672150322556, 33590.434134482
358, 33699.242430174316, 24431.96341332887, 33699.242430174316, 33596.95339523974, 24518.637473498293, 33596.95339523974
359, 33699.242430174316, 24431.96341332887, 33699.242430174316, 33608.16423888026, 24518.995369840926, 33608.16423888026
360, 33699.242430174316, 24431.96341332887, 33699.242430174316, 33627.45553899644, 24519.961447587568, 33627.45553899644
361, 33699.242430174316, 24431.96341332887, 33699.242430174316, 33655.094178472835, 24521.86356070085, 33655.094178472835
362, 33699.242430174316, 24431.96341332887, 33699.242430174316, 33668.30622132295, 24523.574531873794, 33668.30622132295
363, 33699.242430174316, 24431.96341332887, 33699.242430174316, 33672.88936337497, 24510.002514311574, 33672.88936337497
364, 33791.61978175635, 24663.97009511271, 33791.61978175635, 33682.32656998481, 24484.584013327807, 33682.32656998481
365, 33791.61978175635, 24663.97009511271, 33791.61978175635, 33694.142363557425, 24452.467420551195, 33694.142363557425
366, 33791.61978175635, 24663.97009511271, 33791.61978175635, 33700.166203690256, 24434.283480146703, 33700.166203690256
367, 33791.61978175635, 24663.97009511271, 33791.61978175635, 33701.08997720608, 24436.603546964543, 33701.08997720608
368, 33791.61978175635, 24663.97009511271, 33791.61978175635, 33702.47563747981, 24440.083647191303, 33702.47563747981
369, 33791.61978175635, 24663.97009511271, 33791.61978175635, 33704.78507126936, 24445.883814235898, 33704.78507126936
370, 33791.61978175635, 24663.97009511271, 33791.61978175635, 33706.7601194534, 24450.580630634082, 33706.7601194534
371, 33791.61978175635, 24663.97009511271, 33791.61978175635, 33710.501988957825, 24460.942108351923, 33710.501988957825
372, 33791.61978175635, 24663.97009511271, 33791.61978175635, 33717.430290326476, 24478.34260948571, 33717.430290326476
373, 33791.61978175635, 24663.97009511271, 33791.61978175635, 33728.56234795746, 24507.26462174625, 33728.56234795746
374, 33791.61978175635, 24663.97009511271, 33791.61978175635, 33745.2838221245, 24551.18824536032, 33745.2838221245
375, 33791.61978175635, 24663.97009511271, 33791.61978175635, 33774.27790658254, 24629.362942505093, 33774.27790658254
376, 33804.33665868989, 24515.36403830443, 33804.33665868989, 33791.68336614116, 24663.22706482878, 33791.68336614116
377, 33804.33665868989, 24515.36403830443, 33804.33665868989, 33791.68336614116, 24663.22706482878, 33791.68336614116
378, 33804.33665868989, 24515.36403830443, 33804.33665868989, 33791.74695052582, 24662.484034544737, 33791.74695052582
379, 33804.33665868989, 24515.36403830443, 33804.33665868989, 33791.937703679825, 24660.254943692613, 33791.937703679825
380, 33804.33665868989, 24515.36403830443, 33804.33665868989, 33792.12845683383, 24658.025852840492, 33792.12845683383
381, 33804.33665868989, 24515.36403830443, 33804.33665868989, 33792.3827943725, 24655.053731704327, 33792.3827943725
382, 33804.33665868989, 24515.36403830443, 33804.33665868989, 33792.76430068051, 24650.595550000075, 33792.76430068051
383, 33804.33665868989, 24515.36403830443, 33804.33665868989, 33793.33656014252, 24643.908277443705, 33793.33656014252
384, 33804.33665868989, 24515.36403830443, 33804.33665868989, 33794.1631571432, 24634.24888375117, 33794.1631571432
385, 33804.33665868989, 24515.36403830443, 33804.33665868989, 33795.05333852855, 24623.846459774588, 33795.05333852855
386, 33804.33665868989, 24515.36403830443, 33804.33665868989, 33796.98544825252, 24601.380450871486, 33796.98544825252
387, 33804.33665868989, 24515.36403830443, 33804.33665868989, 33800.63433636252, 24558.8526242992, 33800.63433636252
388, 33804.33665868989, 24515.36403830443, 33804.33665868989, 33804.33665869005, 24515.36403830443, 33804.33665869005
389, 33804.33665868989, 24515.36403830443, 33804.33665868989, 33804.33665869005, 24515.36403830443, 33804.33665869005
390, 33804.33665868989, 24515.36403830443, 33804.33665868989, 33804.33665869005, 24515.36403830443, 33804.33665869005
391, 33804.33665868989, 24515.36403830443, 33804.33665868989, 33804.33665869005, 24515.36403830443, 33804.33665869005
392, 33804.33665868989, 24515.36403830443, 33804.33665868989, 33804.33665869005, 24515.36403830443, 33804.33665869005
393, 33804.33665868989, 24515.36403830443, 33804.33665868989, 33804.33665869005, 24515.36403830443, 33804.33665869005
394, 33804.33665868989, 24515.36403830443, 33804.33665868989, 33804.33665869005, 24515.36403830443, 33804.33665869005
395, 33804.33665868989, 24515.36403830443, 33804.33665868989, 33804.33665869005, 24515.36403830443, 33804.33665869005
396, 33804.33665868989, 24515.36403830443, 33804.33665868989, 33804.33665869005, 24515.36403830443, 33804.33665869005
397, 33804.33665868989, 24515.36403830443, 33804.33665868989, 33804.33665869005, 24515.36403830443, 33804.33665869005
398, 33804.33665868989, 24515.36403830443, 33804.33665868989, 33804.33665869005, 24515.36403830443, 33804.33665869005
399, 33817.24078765857, 24660.662692499114, 33817.24078765857, 33804.43272014255, 24516.83956720203, 33804.43272014255
400, 33817.24078765857, 24660.662692499114, 33817.24078765857, 33804.5603224027, 24519.064131726267, 33804.5603224027
401, 33817.24078765857, 24660.662692499114, 33817.24078765857, 33804.60573761304, 24519.745165081666, 33804.60573761304
402, 33817.24078765857, 24660.662692499114, 33817.24078765857, 33804.893921970535, 24524.17175177448, 33804.893921970535
403, 33817.24078765857, 24660.662692499114, 33817.24078765857, 33805.163000893524, 24528.55287855172, 33805.163000893524
404, 33817.24078765857, 24660.662692499114, 33817.24078765857, 33805.72170320355, 24536.589014039488, 33805.72170320355
405, 33817.24078765857, 24660.662692499114, 33817.24078765857, 33806.94040030789, 24554.250276099425, 33806.94040030789
406, 33817.24078765857, 24660.662692499114, 33817.24078765857, 33808.88414713141, 24583.511387322258, 33808.88414713141
407, 33862.763736708795, 24684.110201858453, 33862.763736708795, 33811.78054922565, 24620.04158181907, 33811.78054922565
408, 33862.763736708795, 24684.110201858453, 33862.763736708795, 33815.04437332191, 24662.013118141764, 33815.04437332191
409, 33862.763736708795, 24684.110201858453, 33862.763736708795, 33817.58057667049, 24660.552390792596, 33817.58057667049
410, 33862.763736708795, 24684.110201858453, 33862.763736708795, 33818.15124663962, 24661.131642686432, 33818.15124663962
411, 33862.763736708795, 24684.110201858453, 33862.763736708795, 33818.606476130124, 24661.366117780028, 33818.606476130124
412, 33862.763736708795, 24684.110201858453, 33862.763736708795, 33819.97216460163, 24662.069543060803, 33819.97216460163
413, 33862.763736708795, 24684.110201858453, 33862.763736708795, 33821.565467818386, 24662.890205888383, 33821.565467818386
414, 33862.763736708795, 24684.110201858453, 33862.763736708795, 33824.752074251905, 24664.531531543536, 33824.752074251905
415, 33862.763736708795, 24684.110201858453, 33862.763736708795, 33829.304369156926, 24666.876282479476, 33829.304369156926
416, 33862.763736708795, 24684.110201858453, 33862.763736708795, 33836.81565575026, 24670.74512152376, 33836.81565575026
417, 33862.763736708795, 24684.110201858453, 33862.763736708795, 33844.55455708887, 24674.73119811481, 33844.55455708887
418, 33862.763736708795, 24684.110201858453, 33862.763736708795, 33860.487589256445, 24682.937826390546, 33860.487589256445
419, 33862.763736708795, 24684.110201858453, 33862.763736708795, 33862.76373670895, 24684.110201858522, 33862.76373670895
420, 33862.763736708795, 24684.110201858453, 33862.763736708795, 33862.76373670895, 24684.110201858522, 33862.76373670895
421, 33862.763736708795, 24684.110201858453, 33862.763736708795, 33862.76373670895, 24684.110201858522, 33862.76373670895
422, 33904.5187581841, 24494.517441360465, 33904.5187581841, 33862.972511816326, 24683.16223805603, 33862.972511816326
423, 33904.5187581841, 24494.517441360465, 33904.5187581841, 33863.181286923704, 24682.214274253543, 33863.181286923704
424, 33904.5187581841, 24494.517441360465, 33904.5187581841, 33863.75991073484, 24679.413830954927, 33863.75991073484
425, 33904.5187581841, 24494.517441360465, 33904.5187581841, 33864.803786271725, 24674.67401194248, 33864.803786271725
426, 33904.5187581841, 24494.517441360465, 33904.5187581841, 33865.79996029761, 24669.97764103888, 33865.79996029761
427, 33904.5187581841, 24494.517441360465, 33904.5187581841, 33867.213684538256, 24663.385342530302, 33867.213684538256
428, 33904.5187581841, 24494.517441360465, 33904.5187581841, 33870.66745834166, 24647.356854105685, 33870.66745834166
429, 33904.5187581841, 24494.517441360465, 33904.5187581841, 33876.09561113344, 24622.70979524095, 33876.09561113344
430, 33904.5187581841, 24494.517441360465, 33904.5187581841, 33881.58943449961, 24597.2451169003, 33881.58943449961
431, 33904.5187581841, 24494.517441360465, 33904.5187581841, 33893.042332957746, 24544.376384505093, 33893.042332957746
432, 33904.5187581841, 24494.517441360465, 33904.5187581841, 33904.518758184204, 24494.517441360375, 33904.518758184204
433, 33904.5187581841, 24494.517441360465, 33904.5187581841, 33904.518758184204, 24494.517441360375, 33904.518758184204
434, 33904.5187581841, 24494.517441360465, 33904.5187581841, 33904.518758184204, 24494.517441360375, 33904.518758184204
435, 33912.09777272353, 24386.533811851405, 33912.09777272353, 33904.55665325691, 24493.97752321283, 33904.55665325691
436, 33912.09777272353, 24386.533811851405, 33912.09777272353, 33904.5945483296, 24493.437605065283, 33904.5945483296
437, 33912.09777272353, 24386.533811851405, 33912.09777272353, 33904.6324434023, 24492.89768691774, 33904.6324434023
438, 33912.09777272353, 24386.533811851405, 33912.09777272353, 33904.670338475, 24492.357768770195, 33904.670338475
439, 33912.09777272353, 24386.533811851405, 33912.09777272353, 33904.74612862039, 24491.277932475103, 33904.74612862039
440, 33912.09777272353, 24386.533811851405, 33912.09777272353, 33904.97349905658, 24488.03842358983, 33904.97349905658
441, 33914.68617464623, 24404.122241735186, 33914.68617464623, 33905.175916429675, 24485.426775001524, 33905.175916429675
442, 33920.214682346, 24536.589457537753, 33920.214682346, 33905.570498641675, 24481.405732051466, 33905.570498641675
443, 33920.214682346, 24536.589457537753, 33920.214682346, 33906.19828793497, 24473.293037119474, 33906.19828793497
444, 33920.214682346, 24536.589457537753, 33920.214682346, 33907.20681558442, 24460.823527816883, 33907.20681558442
445, 33920.214682346, 24536.589457537753, 33920.214682346, 33909.480494663294, 24432.267810617595, 33909.480494663294
446, 33934.75848896845, 24509.24238330089, 33934.75848896845, 33912.61630148335, 24392.21415618709, 33912.61630148335
447, 33934.75848896845, 24509.24238330089, 33934.75848896845, 33912.78806464688, 24394.33030768989, 33912.78806464688
448, 33934.75848896845, 24509.24238330089, 33934.75848896845, 33913.38013822881, 24401.320984474238, 33913.38013822881
449, 33934.75848896845, 24509.24238330089, 33934.75848896845, 33914.05303837368, 24409.017250642617, 33914.05303837368
450, 33934.75848896845, 24509.24238330089, 33934.75848896845, 33915.27253670535, 24420.727889899863, 33915.27253670535
451, 33934.75848896845, 24509.24238330089, 33934.75848896845, 33916.04126429791, 24432.060743654034, 33916.04126429791
452, 33934.75848896845, 24509.24238330089, 33934.75848896845, 33916.87498270339, 24448.467140165776, 33916.87498270339
453, 33934.75848896845, 24509.24238330089, 33934.75848896845, 33918.56369045565, 24480.870805754214, 33918.56369045565
454, 33934.75848896845, 24509.24238330089, 33934.75848896845, 33920.86349555543, 24525.53674117524, 33920.86349555543
455, 33963.40628329498, 24550.9035353742, 33963.40628329498, 33922.43845534019, 24534.63905747948, 33922.43845534019
456, 33965.79506455749, 24634.094174079757, 33965.79506455749, 33924.51045192231, 24530.383353339737, 33924.51045192231
457, 33965.79506455749, 24634.094174079757, 33965.79506455749, 33927.28132089768, 24526.566915433716, 33927.28132089768
458, 33965.79506455749, 24634.094174079757, 33965.79506455749, 33930.92261917578, 24521.59142957616, 33930.92261917578
459, 33965.79506455749, 24634.094174079757, 33965.79506455749, 33936.22671040356, 24512.57330048513, 33936.22671040356
460, 33965.79506455749, 24634.094174079757, 33965.79506455749, 33936.68031513108, 24514.030124153287, 33936.68031513108
461, 33965.79506455749, 24634.094174079757, 33965.79506455749, 33938.60214129387, 24518.81786500569, 33938.60214129387
462, 33965.79506455749, 24634.094174079757, 33965.79506455749, 33941.550528070715, 24525.89565256772, 33941.550528070715
463, 33965.79506455749, 24634.094174079757, 33965.79506455749, 33946.671387234644, 24536.929932922314, 33946.671387234644
464, 33965.79506455749, 24634.094174079757, 33965.79506455749, 33953.74990428029, 24553.999813709856, 33953.74990428029
465, 33965.79506455749, 24634.094174079757, 33965.79506455749, 33964.2065250178, 24578.77239934051, 33964.2065250178
466, 33965.79506455749, 24634.094174079757, 33965.79506455749, 33964.68428127031, 24595.410527081633, 33964.68428127031
467, 33965.79506455749, 24634.094174079757, 33965.79506455749, 33965.36508393014, 24619.119859112732, 33965.36508393014
468, 33984.533449403854, 24663.843130694273, 33984.533449403854, 33965.88875648163, 24634.24291886275, 33965.88875648163
469, 33984.533449403854, 24663.843130694273, 33984.533449403854, 33965.98244840586, 24634.391663645823, 33965.98244840586
470, 33984.533449403854, 24663.843130694273, 33984.533449403854, 33966.00260607257, 24634.195262702968, 33966.00260607257
471, 33984.533449403854, 24663.843130694273, 33984.533449403854, 33966.022763739275, 24633.99886176012, 33966.022763739275
472, 33984.533449403854, 24663.843130694273, 33984.533449403854, 33966.210147587735, 24634.296351326262, 33966.210147587735
473, 33984.533449403854, 24663.843130694273, 33984.533449403854, 33966.323997178675, 24634.248695166483, 33966.323997178675
474, 33984.533449403854, 24663.843130694273, 33984.533449403854, 33966.605072951366, 24634.6949295157, 33966.605072951366
475, 33984.533449403854, 24663.843130694273, 33984.533449403854, 33967.187382163465, 24635.390997271283, 33967.187382163465
476, 33984.533449403854, 24663.843130694273, 33984.533449403854, 33968.01045264941, 24635.94911382609, 33968.01045264941
477, 33984.533449403854, 24663.843130694273, 33984.533449403854, 33969.215386407006, 24636.94844745155, 33969.215386407006
478, 33984.533449403854, 24663.843130694273, 33984.533449403854, 33971.129540225054, 24639.53054122728, 33971.129540225054
479, 33984.533449403854, 24663.843130694273, 33984.533449403854, 33974.98510193718, 24643.367578338613, 33974.98510193718
480, 33984.533449403854, 24663.843130694273, 33984.533449403854, 33979.422973695975, 24646.923695769838, 33979.422973695975
481, 34038.20146814476, 24646.77323701867, 34038.20146814476, 33984.80178949763, 24663.757781225933, 33984.80178949763
482, 34038.20146814476, 24646.77323701867, 34038.20146814476, 33985.33846968503, 24663.587082289177, 33985.33846968503
483, 34038.20146814476, 24646.77323701867, 34038.20146814476, 33985.875149872445, 24663.416383352418, 33985.875149872445
484, 34038.20146814476, 24646.77323701867, 34038.20146814476, 33988.021870622084, 24662.7335876054, 33988.021870622084
485, 34038.20146814476, 24646.77323701867, 34038.20146814476, 33990.436931465425, 24661.965442389996, 33990.436931465425
486, 34038.20146814476, 24646.77323701867, 34038.20146814476, 33994.730372964696, 24660.599850895946, 33994.730372964696
487, 34038.20146814476, 24646.77323701867, 34038.20146814476, 33999.023814463966, 24659.234259401896, 33999.023814463966
488, 34038.20146814476, 24646.77323701867, 34038.20146814476, 34007.87903755617, 24656.417726945416, 34007.87903755617
489, 34038.20146814476, 24646.77323701867, 34038.20146814476, 34022.90608280354, 24651.638156716308, 34022.90608280354
490, 34038.20146814476, 24646.77323701867, 34038.20146814476, 34038.201468144616, 24646.77323701875, 34038.201468144616
491, 34038.20146814476, 24646.77323701867, 34038.20146814476, 34038.201468144616, 24646.77323701875, 34038.201468144616
492, 34038.20146814476, 24646.77323701867, 34038.20146814476, 34038.201468144616, 24646.77323701875, 34038.201468144616
493, 34038.20146814476, 24646.77323701867, 34038.20146814476, 34038.201468144616, 24646.77323701875, 34038.201468144616
494, 34038.20146814476, 24646.77323701867, 34038.20146814476, 34038.201468144616, 24646.77323701875, 34038.201468144616
495, 34038.20146814476, 24646.77323701867, 34038.20146814476, 34038.201468144616, 24646.77323701875, 34038.201468144616
496, 34038.20146814476, 24646.77323701867, 34038.20146814476, 34038.201468144616, 24646.77323701875, 34038.201468144616
497, 34062.992629242275, 24535.763045912576, 34062.992629242275, 34038.325423950104, 24646.218186063223, 34038.325423950104
498, 34062.992629242275, 24535.763045912576, 34062.992629242275, 34038.325423950104, 24646.218186063223, 34038.325423950104
499, 34062.992629242275, 24535.763045912576, 34062.992629242275, 34038.325423950104, 24646.218186063223, 34038.325423950104
500, 34062.992629242275, 24535.763045912576, 34062.992629242275, 34038.325423950104, 24646.218186063223, 34038.325423950104
