1, 27017.163694766445, 24662.043952038082, 27017.163694766445, 25136.38084138231, 24656.659588779195, 25136.38084138231
2, 27213.65941717837, 24518.356739509854, 27213.65941717837, 22324.029954075126, 24665.38492515863, 26179.933486425416
3, 27607.952160991445, 24548.58006580542, 27607.952160991445, 21884.627049773713, 24637.33321188098, 26693.22950555502
4, 27912.33962243567, 24680.621196536173, 27912.33962243567, 23355.140225993695, 24612.373359074627, 27140.73202548984
5, 28380.85319307538, 24541.97586284859, 28380.85319307538, 23640.304557197236, 24614.790462454388, 27469.60094887076
6, 28591.244146864694, 24409.45899231458, 28591.244146864694, 24863.723630372195, 24601.07793584989, 27813.6963069663
7, 28976.925169984403, 24659.450275220537, 28976.925169984403, 27264.808929619943, 24564.52343901344, 28199.019893998306
8, 29142.875932248317, 24630.344511845124, 29142.875932248317, 23942.01512109409, 24587.413230429753, 28535.048433645617
9, 29249.747658966797, 24684.76447912214, 29249.747658966797, 25068.987084621323, 24550.455557377227, 28728.928357781413
10, 29508.552401504054, 24548.579564687127, 29508.552401504054, 25741.64084181458, 24545.198876590308, 28950.43039435382
11, 29798.793233218003, 24652.674441109168, 29798.793233218003, 25926.818010144816, 24578.798957968007, 29150.057030668493
12, 29830.000819664976, 24660.460768458895, 29830.000819664976, 24478.472780875945, 24612.02586653888, 29352.678424408077
13, 29916.63004444013, 24672.269329154682, 29916.63004444013, 26585.789080371997, 24588.120215581213, 29513.87388797123
14, 29916.63004444013, 24672.269329154682, 29916.63004444013, 23950.304914195156, 24638.42009624359, 29670.66029820718
15, 29999.88854063122, 24673.392108580705, 29999.88854063122, 24852.511606597367, 24655.73621294791, 29751.672754843803
16, 30192.960564387755, 24652.440440465543, 30192.960564387755, 27042.5294434358, 24624.50177525467, 29835.287987411877
17, 30395.43841457999, 24381.318479304886, 30395.43841457999, 25811.733411383648, 24624.741438954003, 29935.584415232963
18, 30541.739165671144, 24511.492336486786, 30541.739165671144, 28884.30492786774, 24578.682891875495, 30044.871436339326
19, 30691.39311460281, 24625.699808244968, 30691.39311460281, 27037.446937348104, 24556.924133766846, 30207.63938058947
20, 30782.96600091891, 24610.265675925904, 30782.96600091891, 25496.73132417196, 24583.185980982504, 30356.16162153157
21, 30875.53190396645, 24680.809009801593, 30875.53190396645, 25263.3192362956, 24602.364756955027, 30471.271873532627
22, 31020.9823968123, 24586.14751038485, 31020.9823968123, 29542.11447373527, 24561.83328112171, 30552.20329885557
23, 31020.9823968123, 24586.14751038485, 31020.9823968123, 26987.361737331707, 24590.157493775776, 30699.382200895856
24, 31182.47244898149, 24662.73263177917, 31182.47244898149, 27570.461404562702, 24583.91940310385, 30783.148922347424
25, 31182.47244898149, 24662.73263177917, 31182.47244898149, 25435.181394184943, 24610.398653787008, 30876.367981700565
26, 31182.47244898149, 24662.73263177917, 31182.47244898149, 25151.360474831905, 24618.692979516258, 30928.61100027451
27, 31345.644323759665, 24627.965539544224, 31345.644323759665, 26402.257366580194, 24627.734552069956, 31005.04349317483
28, 31345.644323759665, 24627.965539544224, 31345.644323759665, 25597.967388993573, 24644.50167166833, 31062.17754323156
29, 31345.644323759665, 24627.965539544224, 31345.644323759665, 25815.547605910124, 24643.623012759057, 31108.457965634483
30, 31460.544612394784, 24160.109591745233, 31460.544612394784, 26548.40291410391, 24637.932993826795, 31164.07915696956
31, 31476.937455000218, 24324.232670874633, 31476.937455000218, 30860.30843353881, 24552.89629260384, 31202.931803612002
32, 31518.208923024635, 24356.95496087353, 31518.208923024635, 30242.643380511337, 24513.147729890683, 31273.640750671835
33, 31561.493658467847, 24655.375723181445, 31561.493658467847, 26192.353974438684, 24561.87239525952, 31343.39232653045
34, 31561.493658467847, 24655.375723181445, 31561.493658467847, 25874.509269704435, 24508.33210239859, 31387.233443038247
35, 31587.537135979364, 24600.76866196831, 31587.537135979364, 26422.558245276537, 24490.218509835166, 31399.82675097365
36, 31702.7178416449, 24454.242612799037, 31702.7178416449, 29041.8548959194, 24464.405141764724, 31454.903715717806
37, 31740.532340710477, 24678.490008248165, 31740.532340710477, 28899.733588612024, 24450.53097092573, 31486.87541333702
38, 31740.532340710477, 24678.490008248165, 31740.532340710477, 25824.8510799672, 24561.401472172885, 31529.738182112327
39, 31835.136677009097, 24196.874183538574, 31835.136677009097, 31388.75432695705, 24500.850981386982, 31561.419323909384
40, 31841.935090669267, 24273.726578792528, 31841.935090669267, 31265.56090526455, 24492.448187999187, 31609.306385372485
41, 31901.86590900495, 24051.91290384265, 31901.86590900495, 31325.32699037916, 24458.083957565243, 31670.186219967836
42, 31939.852669250944, 24450.15088031443, 31939.852669250944, 28765.405048056127, 24478.41814640215, 31722.971699205766
43, 31989.655159972008, 24601.915939617462, 31989.655159972008, 29668.686366466252, 24486.59433790539, 31758.07833065169
44, 31989.655159972008, 24601.915939617462, 31989.655159972008, 27269.219302922687, 24477.965307223683, 31794.076466638522
45, 31995.643630326722, 24601.7202924596, 31995.643630326722, 26769.808409157486, 24453.984362216714, 31830.389238977506
46, 31995.643630326722, 24601.7202924596, 31995.643630326722, 28182.31548967303, 24443.507896646846, 31836.236758322604
47, 31995.643630326722, 24601.7202924596, 31995.643630326722, 27680.343743610923, 24489.476491902045, 31861.100860290226
48, 32149.025904340917, 24342.188238279254, 32149.025904340917, 27182.394238649595, 24496.930637758825, 31885.770647328896
49, 32229.66237611753, 24548.19398631934, 32229.66237611753, 31407.33090987039, 24494.852129130257, 31928.699250627233
50, 32229.66237611753, 24548.19398631934, 32229.66237611753, 28463.739640477317, 24551.409932097406, 31969.289180751453
51, 32361.523478752675, 24488.472519179497, 32361.523478752675, 27612.765226526215, 24575.64762731937, 31991.750501804956
52, 32361.523478752675, 24488.472519179497, 32361.523478752675, 29424.032368443768, 24541.097721367772, 32059.460353426355
53, 32388.815091103923, 24543.76153555778, 32388.815091103923, 29299.40706339097, 24500.7621065996, 32116.243529936415
54, 32459.596786195703, 24658.214781980547, 32459.596786195703, 27420.424471604172, 24563.91390818585, 32168.358273810652
55, 32459.596786195703, 24658.214781980547, 32459.596786195703, 26920.45620587945, 24611.894946679637, 32207.78200346411
56, 32459.596786195703, 24658.214781980547, 32459.596786195703, 25712.102989646868, 24602.421139636783, 32238.45798951161
57, 32459.596786195703, 24658.214781980547, 32459.596786195703, 26611.671854968394, 24583.30186565871, 32257.06789467744
58, 32459.596786195703, 24658.214781980547, 32459.596786195703, 27160.631397542606, 24598.677907670153, 32276.103185798667
59, 32459.596786195703, 24658.214781980547, 32459.596786195703, 25954.389110040207, 24620.362056571586, 32317.2837121207
60, 32459.596786195703, 24658.214781980547, 32459.596786195703, 27216.47622081074, 24601.96542097422, 32338.20082829672
61, 32459.596786195703, 24658.214781980547, 32459.596786195703, 26880.34789643349, 24633.936692109433, 32353.93649620554
62, 32657.720844549363, 24678.188896964042, 32657.720844549363, 27439.58265228051, 24656.47319232296, 32385.900180995493
63, 32657.720844549363, 24678.188896964042, 32657.720844549363, 26038.265005591777, 24701.360130551086, 32428.72902073337
64, 32657.720844549363, 24678.188896964042, 32657.720844549363, 26040.096512129956, 24690.023495369278, 32433.687205611455
65, 32657.720844549363, 24678.188896964042, 32657.720844549363, 26575.503821503145, 24684.844904730035, 32436.94950653732
66, 32657.720844549363, 24678.188896964042, 32657.720844549363, 26584.17015092971, 24688.754654231045, 32446.622994105015
67, 32657.720844549363, 24678.188896964042, 32657.720844549363, 26596.266891222032, 24667.403873298717, 32450.76245276051
68, 32657.720844549363, 24678.188896964042, 32657.720844549363, 26266.67453799605, 24655.708620322857, 32481.176754723267
69, 32657.720844549363, 24678.188896964042, 32657.720844549363, 26823.175462009207, 24625.13716058098, 32504.662625169243
70, 32657.720844549363, 24678.188896964042, 32657.720844549363, 25769.428614723885, 24617.948819841407, 32516.87207309709
71, 32657.720844549363, 24678.188896964042, 32657.720844549363, 25967.26970143468, 24672.066244729805, 32540.069673070444
72, 32657.720844549363, 24678.188896964042, 32657.720844549363, 27583.3890775295, 24688.58533952904, 32564.49222394575
73, 32657.720844549363, 24678.188896964042, 32657.720844549363, 26890.89658353047, 24705.816385385544, 32578.24838261266
74, 32657.720844549363, 24678.188896964042, 32657.720844549363, 26891.40718715964, 24710.526892245005, 32579.40796015301
75, 32673.824530077145, 24502.439910558536, 32673.824530077145, 29025.288183063938, 24680.68525199572, 32577.793968486734
76, 32673.824530077145, 24502.439910558536, 32673.824530077145, 28854.847600285433, 24679.3646827962, 32583.629928820374
77, 32673.824530077145, 24502.439910558536, 32673.824530077145, 29030.425949889486, 24673.484549729703, 32584.44706501225
78, 32673.824530077145, 24502.439910558536, 32673.824530077145, 29742.363272847797, 24666.592105914446, 32590.550859557956
79, 32777.158839183845, 24608.808665588243, 32777.158839183845, 27795.15390963533, 24682.751912927597, 32609.95376766225
80, 32777.158839183845, 24608.808665588243, 32777.158839183845, 27623.12496965642, 24683.92493281845, 32608.666242113177
81, 32888.99323297701, 24499.121304037806, 32888.99323297701, 27807.13282489237, 24671.007970060196, 32620.645042136282
82, 32888.99323297701, 24499.121304037806, 32888.99323297701, 29599.021963457213, 24624.233892837576, 32635.93948024072
83, 32967.838176118414, 24686.45088908725, 32967.838176118414, 29074.84201385203, 24601.216141110486, 32648.51156406707
84, 33147.94919397698, 24667.073910233583, 33147.94919397698, 26952.555872810077, 24619.476808143605, 32682.622877414073
85, 33147.94919397698, 24667.073910233583, 33147.94919397698, 26447.537634986147, 24637.896609031963, 32753.429039957377
86, 33147.94919397698, 24667.073910233583, 33147.94919397698, 26840.49972256584, 24625.92887553247, 32798.508659283776
87, 33147.94919397698, 24667.073910233583, 33147.94919397698, 27418.988920869495, 24626.314821715645, 32826.93555500625
88, 33147.94919397698, 24667.073910233583, 33147.94919397698, 27470.972996310065, 24650.94754939246, 32878.62132552234
89, 33147.94919397698, 24667.073910233583, 33147.94919397698, 27169.23347026361, 24632.476061058947, 32924.12543070351
90, 33147.94919397698, 24667.073910233583, 33147.94919397698, 26854.76496899547, 24681.570550451026, 32978.384349700005
91, 33153.13499486573, 24474.787792326806, 33153.13499486573, 30327.243490228917, 24638.939002683634, 33030.60863493869
92, 33153.13499486573, 24474.787792326806, 33153.13499486573, 31256.501748217997, 24639.778119430313, 33056.661252940125
93, 33153.13499486573, 24474.787792326806, 33153.13499486573, 29645.636129894207, 24667.819915995136, 33061.374746825975
94, 33153.13499486573, 24474.787792326806, 33153.13499486573, 29646.804849322987, 24660.152573335046, 33068.512372841964
95, 33153.13499486573, 24474.787792326806, 33153.13499486573, 30182.142645069172, 24648.52107854086, 33065.0603426468
96, 33153.13499486573, 24474.787792326806, 33153.13499486573, 29283.633425334167, 24659.273580931364, 33066.46700129121
97, 33168.07644319022, 24675.444638040048, 33168.07644319022, 27119.14589584469, 24681.348042067202, 33068.00502452279
98, 33168.07644319022, 24675.444638040048, 33168.07644319022, 27298.69408539943, 24688.05220882853, 33070.05769119069
99, 33168.07644319022, 24675.444638040048, 33168.07644319022, 27119.030203817085, 24667.173763037874, 33072.59420790884
100, 33168.07644319022, 24675.444638040048, 33168.07644319022, 27123.578017899617, 24649.088295608366, 33071.78357634396
101, 33168.07644319022, 24675.444638040048, 33168.07644319022, 26761.516082273774, 24613.5564842352, 33080.838909244034
102, 33168.07644319022, 24675.444638040048, 33168.07644319022, 27673.90390804667, 24559.64187827986, 33082.75444877633
103, 33188.73910631696, 24495.691494372502, 33188.73910631696, 29474.20859738901, 24535.527206974923, 33077.210028938214
104, 33188.73910631696, 24495.691494372502, 33188.73910631696, 30370.09725302204, 24545.227434520206, 33078.41046629107
105, 33196.3834304795, 24532.262025721146, 33196.3834304795, 29656.298452726063, 24565.731314258875, 33084.33110375873
106, 33196.3834304795, 24532.262025721146, 33196.3834304795, 30018.93485386546, 24597.764207868182, 33085.732789554764
107, 33196.3834304795, 24532.262025721146, 33196.3834304795, 29300.445789933725, 24630.34860622305, 33083.86148467871
108, 33196.3834304795, 24532.262025721146, 33196.3834304795, 28765.85978080683, 24667.678861938843, 33103.0244248859
109, 33295.51920724641, 24665.916482018805, 33295.51920724641, 27685.701202617187, 24666.502408192886, 33099.230184332984
110, 33324.505012743204, 24518.188743385384, 33324.505012743204, 27153.025868714798, 24645.130274310497, 33116.293754205406
111, 33324.505012743204, 24518.188743385384, 33324.505012743204, 29871.9907925265, 24570.055582289082, 33125.18904860407
112, 33324.505012743204, 24518.188743385384, 33324.505012743204, 27890.497140493924, 24563.84599764378, 33132.293764389666
113, 33324.505012743204, 24518.188743385384, 33324.505012743204, 29153.904889230464, 24562.84176702069, 33136.22329688161
114, 33324.505012743204, 24518.188743385384, 33324.505012743204, 29530.280712486216, 24569.862560375936, 33152.02633891154
115, 33324.505012743204, 24518.188743385384, 33324.505012743204, 29354.80455342304, 24590.350134734417, 33146.13452740111
116, 33324.505012743204, 24518.188743385384, 33324.505012743204, 29350.371769409838, 24602.0904319901, 33150.49343338184
117, 33324.505012743204, 24518.188743385384, 33324.505012743204, 29376.266331459356, 24606.263865940775, 33182.72068958872
118, 33324.505012743204, 24518.188743385384, 33324.505012743204, 29384.77203521244, 24626.50010929119, 33186.79488939771
119, 33380.778756673884, 24608.527404995857, 33380.778756673884, 27774.342920375933, 24651.6479504799, 33211.003234634685
120, 33380.778756673884, 24608.527404995857, 33380.778756673884, 27596.49654375901, 24653.562923074274, 33224.52908212677
121, 33380.778756673884, 24608.527404995857, 33380.778756673884, 28700.3209085082, 24637.22401197579, 33234.96891056158
122, 33435.60719936197, 24671.937873276132, 33435.60719936197, 27809.647474099525, 24618.559874050643, 33241.353810097826
123, 33435.60719936197, 24671.937873276132, 33435.60719936197, 27452.510332667265, 24594.570866074788, 33265.84945128811
124, 33435.60719936197, 24671.937873276132, 33435.60719936197, 26550.351167707744, 24608.51467018894, 33265.25363924554
125, 33435.60719936197, 24671.937873276132, 33435.60719936197, 27280.441933566373, 24619.326471664503, 33268.879526679855
126, 33456.27730168372, 24616.064897360724, 33456.27730168372, 28013.32911543301, 24619.33447978021, 33285.515682596255
127, 33456.27730168372, 24616.064897360724, 33456.27730168372, 26937.815476025044, 24658.924420990024, 33298.22006243917
128, 33456.27730168372, 24616.064897360724, 33456.27730168372, 27309.19558827081, 24657.816065700987, 33308.814978362265
129, 33456.27730168372, 24616.064897360724, 33456.27730168372, 27316.778844289984, 24660.001321157128, 33300.40735739149
130, 33456.27730168372, 24616.064897360724, 33456.27730168372, 28047.108470122137, 24659.832749099987, 33318.10066106761
131, 33456.27730168372, 24616.064897360724, 33456.27730168372, 28240.762159688835, 24665.34705759311, 33318.1704414048
132, 33456.27730168372, 24616.064897360724, 33456.27730168372, 28244.27919698943, 24671.41315124096, 33322.51333575077
133, 33461.888497438755, 24652.964310569507, 33461.888497438755, 28264.66262666414, 24683.03461163023, 33350.09713314911
134, 33461.888497438755, 24652.964310569507, 33461.888497438755, 27173.58685543626, 24691.51157005168, 33348.858983650396
135, 33480.94147178374, 24561.25500842715, 33480.94147178374, 27366.594055526384, 24691.53931073933, 33364.42532098078
136, 33480.94147178374, 24561.25500842715, 33480.94147178374, 29187.254736965384, 24666.888859219347, 33368.86565805884
137, 33490.58224571251, 24551.986811213923, 33490.58224571251, 29190.107504047228, 24664.387305745033, 33365.61947713956
138, 33490.58224571251, 24551.986811213923, 33490.58224571251, 29551.408123558496, 24647.818477171662, 33365.93723634334
139, 33490.58224571251, 24551.986811213923, 33490.58224571251, 28467.682981515816, 24645.231709579337, 33380.356521553156
140, 33490.58224571251, 24551.986811213923, 33490.58224571251, 29192.85292454463, 24640.533032814063, 33370.12609877433
141, 33490.58224571251, 24551.986811213923, 33490.58224571251, 28470.390182315245, 24647.674344257888, 33382.52368235948
142, 33490.58224571251, 24551.986811213923, 33490.58224571251, 28838.86718968535, 24643.633637513747, 33392.05902578603
143, 33503.199057346574, 24651.189374552967, 33503.199057346574, 27931.67672029767, 24669.348769916112, 33390.65702647605
144, 33503.199057346574, 24651.189374552967, 33503.199057346574, 27564.41862244632, 24659.020710475455, 33391.5540423688
145, 33536.453716429416, 24601.210904629566, 33536.453716429416, 27759.351014344622, 24635.6169234882, 33399.84219211206
146, 33665.94296345835, 24529.960401164863, 33665.94296345835, 27581.822291584656, 24619.639620490092, 33406.416791668526
147, 33666.76931158186, 24564.1662982996, 33666.76931158186, 29239.04604713776, 24608.32161741846, 33451.483218705354
148, 33666.76931158186, 24564.1662982996, 33666.76931158186, 29051.88121246519, 24609.656625214942, 33441.5099771944
149, 33666.76931158186, 24564.1662982996, 33666.76931158186, 29613.426384713446, 24602.137166644097, 33459.137649878314
150, 33666.76931158186, 24564.1662982996, 33666.76931158186, 28881.676014515524, 24602.200809261532, 33448.169053994425
151, 33666.76931158186, 24564.1662982996, 33666.76931158186, 28348.590605453566, 24622.267172951168, 33464.83733814527
152, 33666.76931158186, 24564.1662982996, 33666.76931158186, 28542.822292844623, 24642.278887937864, 33480.128784853005
153, 33666.76931158186, 24564.1662982996, 33666.76931158186, 28927.543049943055, 24616.695135714675, 33507.69004534349
154, 33666.76931158186, 24564.1662982996, 33666.76931158186, 29314.12882037609, 24607.973058899122, 33519.090591820175
155, 33666.76931158186, 24564.1662982996, 33666.76931158186, 29695.534998142484, 24621.27690818256, 33538.39597489926
156, 33666.76931158186, 24564.1662982996, 33666.76931158186, 29167.622281102, 24609.444460742954, 33553.10368389428
157, 33684.057622278175, 24637.01980809082, 33684.057622278175, 27359.459009215403, 24613.133316833035, 33585.36053448511
158, 33684.057622278175, 24637.01980809082, 33684.057622278175, 29368.226817539122, 24595.881258345045, 33573.98203162422
159, 33684.057622278175, 24637.01980809082, 33684.057622278175, 28096.183281778085, 24623.127627326918, 33586.096927977094
160, 33711.853838151525, 24646.441691629312, 33711.853838151525, 30108.990255694014, 24592.967913613225, 33592.72305472976
161, 33711.853838151525, 24646.441691629312, 33711.853838151525, 27918.516513985913, 24617.149419159246, 33595.159020477964
162, 33711.853838151525, 24646.441691629312, 33711.853838151525, 26627.420824406778, 24629.122607847778, 33581.78917376444
163, 33711.853838151525, 24646.441691629312, 33711.853838151525, 28277.03017429722, 24617.753657577054, 33590.56835528483
164, 33711.853838151525, 24646.441691629312, 33711.853838151525, 27364.649880901165, 24620.99807888676, 33597.120447456604
165, 33711.853838151525, 24646.441691629312, 33711.853838151525, 26817.25471305267, 24635.75481372325, 33595.364944420646
166, 33711.853838151525, 24646.441691629312, 33711.853838151525, 27732.967523908825, 24620.000995195252, 33589.653231573946
167, 33711.853838151525, 24646.441691629312, 33711.853838151525, 26821.200992393333, 24638.910258726282, 33585.62729923869
168, 33711.853838151525, 24646.441691629312, 33711.853838151525, 27189.713608953993, 24641.58108982104, 33592.539558129174
169, 33711.853838151525, 24646.441691629312, 33711.853838151525, 27931.91427551017, 24644.468265472093, 33611.052422305154
170, 33711.853838151525, 24646.441691629312, 33711.853838151525, 27748.82291640632, 24629.453891220997, 33616.83743477958
171, 33711.853838151525, 24646.441691629312, 33711.853838151525, 27210.065476038017, 24631.658175803506, 33615.19402842804
172, 33711.853838151525, 24646.441691629312, 33711.853838151525, 28128.570839666434, 24662.024412489864, 33620.92869730862
173, 33711.853838151525, 24646.441691629312, 33711.853838151525, 27761.222400471604, 24679.086330690003, 33614.228609046
174, 33711.853838151525, 24646.441691629312, 33711.853838151525, 27579.32548335629, 24687.97572221514, 33617.72831486909
175, 33711.853838151525, 24646.441691629312, 33711.853838151525, 27401.283235380673, 24686.313657849754, 33622.211657594205
176, 33711.853838151525, 24646.441691629312, 33711.853838151525, 27578.089251694633, 24685.81292175811, 33612.73487797087
177, 33711.853838151525, 24646.441691629312, 33711.853838151525, 27395.6096314844, 24687.871658744105, 33623.4937919853
178, 33711.853838151525, 24646.441691629312, 33711.853838151525, 27212.10847493937, 24679.15983049364, 33615.79431373827
179, 33711.853838151525, 24646.441691629312, 33711.853838151525, 27579.40847894599, 24679.356337124234, 33625.939266092806
180, 33728.14466504113, 24650.619922415855, 33728.14466504113, 28318.68748019837, 24696.164719388606, 33631.28655144351
181, 33728.14466504113, 24650.619922415855, 33728.14466504113, 27032.914628531184, 24692.25648458062, 33617.3416826975
182, 33811.148609414355, 24592.83714864783, 33811.148609414355, 27766.69397980968, 24687.114848342422, 33612.02064140808
183, 33811.148609414355, 24592.83714864783, 33811.148609414355, 29230.030930297136, 24665.698432134985, 33642.610607734045
184, 33811.148609414355, 24592.83714864783, 33811.148609414355, 28315.460670731507, 24676.182441112484, 33645.92999743259
185, 33811.148609414355, 24592.83714864783, 33811.148609414355, 28139.69223882307, 24675.36491856204, 33647.11363379047
186, 33811.148609414355, 24592.83714864783, 33811.148609414355, 28324.673133317647, 24666.272501943182, 33657.05353672423
187, 33811.148609414355, 24592.83714864783, 33811.148609414355, 28871.37690547854, 24660.20866039894, 33651.114104047374
188, 33811.148609414355, 24592.83714864783, 33811.148609414355, 28146.944223523118, 24666.47255761164, 33659.14339618319
189, 33853.264830893175, 24669.724432779873, 33853.264830893175, 28522.755076478043, 24650.82142583407, 33669.43060972828
190, 33853.264830893175, 24669.724432779873, 33853.264830893175, 27244.74044077247, 24674.438823411598, 33674.02326443009
191, 33853.264830893175, 24669.724432779873, 33853.264830893175, 27247.005912419976, 24684.982375383857, 33683.67284197068
192, 33853.264830893175, 24669.724432779873, 33853.264830893175, 26153.58729448942, 24691.95437202378, 33693.625676483935
193, 33853.264830893175, 24669.724432779873, 33853.264830893175, 26718.91910653938, 24663.191902988012, 33713.08359209473
194, 33853.264830893175, 24669.724432779873, 33853.264830893175, 27108.714633348573, 24651.866504896763, 33726.04740524528
195, 33853.264830893175, 24669.724432779873, 33853.264830893175, 26564.890412526278, 24666.67554979344, 33731.451337447215
196, 33853.264830893175, 24669.724432779873, 33853.264830893175, 27486.421489809763, 24672.669085141955, 33746.06247527087
197, 33853.264830893175, 24669.724432779873, 33853.264830893175, 27493.59133715994, 24666.99013788744, 33742.329063897734
198, 33853.264830893175, 24669.724432779873, 33853.264830893175, 27130.04240559466, 24698.916003864346, 33742.897622450306
199, 33853.264830893175, 24669.724432779873, 33853.264830893175, 27697.838861569515, 24711.78608212815, 33767.40222746501
200, 33945.41848634735, 24563.40813417706, 33945.41848634735, 29539.93532873369, 24680.510880418402, 33771.04808438256
201, 33945.41848634735, 24563.40813417706, 33945.41848634735, 28809.500681507463, 24688.1238513442, 33786.727213144455
202, 33983.79610600532, 24530.01342120415, 33983.79610600532, 29545.296734031846, 24687.502864922142, 33782.86860110848
203, 33983.79610600532, 24530.01342120415, 33983.79610600532, 30850.809518487946, 24666.4517392701, 33803.37781587539
204, 33983.79610600532, 24530.01342120415, 33983.79610600532, 28443.728560029744, 24685.64786605928, 33791.222326030584
205, 33983.79610600532, 24530.01342120415, 33983.79610600532, 30112.536221023598, 24671.744340599853, 33799.32140008993
206, 33983.79610600532, 24530.01342120415, 33983.79610600532, 30104.60196072674, 24667.015776727225, 33797.8294432233
207, 33983.79610600532, 24530.01342120415, 33983.79610600532, 29564.77105610923, 24668.983672436858, 33811.02713984097
208, 34065.35834086106, 24519.049697686452, 34065.35834086106, 29576.798013426866, 24658.046088459578, 33820.55317469737
209, 34065.35834086106, 24519.049697686452, 34065.35834086106, 29052.801601357107, 24636.52417014995, 33851.668344183345
210, 34065.35834086106, 24519.049697686452, 34065.35834086106, 29463.47618758528, 24632.465788616242, 33897.77376640261
211, 34065.35834086106, 24519.049697686452, 34065.35834086106, 28912.430061946197, 24618.060600465546, 33907.17297402973
212, 34106.57056278566, 24607.707161493465, 34106.57056278566, 29664.063083178222, 24632.56750428507, 33918.739514313755
213, 34106.57056278566, 24607.707161493465, 34106.57056278566, 28924.30636861976, 24623.600950761193, 33925.067103448266
214, 34124.767202148774, 24650.665959915746, 34124.767202148774, 29116.262280207593, 24591.33411373057, 33923.06628430331
215, 34124.767202148774, 24650.665959915746, 34124.767202148774, 27461.40575096269, 24612.232711000477, 33944.040445367005
216, 34124.767202148774, 24650.665959915746, 34124.767202148774, 27467.938645082202, 24610.422751320653, 33957.240713554944
217, 34124.767202148774, 24650.665959915746, 34124.767202148774, 27675.923832533525, 24628.913467043443, 33967.531449052505
218, 34124.767202148774, 24650.665959915746, 34124.767202148774, 26398.87857059938, 24638.184333597612, 33982.92394756812
219, 34128.344877837735, 24573.35004618609, 34128.344877837735, 28259.755446025978, 24614.66900651594, 34006.221470482466
220, 34128.344877837735, 24573.35004618609, 34128.344877837735, 29195.958198519464, 24635.30340534383, 34003.10964664211
221, 34128.344877837735, 24573.35004618609, 34128.344877837735, 29572.774598297554, 24637.411062342224, 34007.44990006965
222, 34137.52607497725, 24664.699641718464, 34137.52607497725, 27172.594262379775, 24664.905994644163, 34038.24231721672
223, 34137.52607497725, 24664.699641718464, 34137.52607497725, 27358.011229215055, 24685.14623454349, 34040.783256036615
224, 34137.52607497725, 24664.699641718464, 34137.52607497725, 27178.13311329144, 24695.825367852947, 34038.67651654827
225, 34137.52607497725, 24664.699641718464, 34137.52607497725, 27366.659814305625, 24696.3415101694, 34030.87928203208
226, 34137.52607497725, 24664.699641718464, 34137.52607497725, 27735.216232729686, 24676.71617454667, 34037.00826406759
227, 34137.52607497725, 24664.699641718464, 34137.52607497725, 27179.44596822162, 24677.932505659694, 34037.73821973156
228, 34137.52607497725, 24664.699641718464, 34137.52607497725, 27179.49945738845, 24646.765449307495, 34033.37488392967
229, 34175.159081675585, 24559.955619908535, 34175.159081675585, 29963.111766737307, 24608.40554920827, 34037.967302097655
230, 34175.159081675585, 24559.955619908535, 34175.159081675585, 28111.799059805282, 24633.970637484563, 34046.20796008553
231, 34175.159081675585, 24559.955619908535, 34175.159081675585, 28669.216590099248, 24631.38225094653, 34046.40651439652
232, 34175.159081675585, 24559.955619908535, 34175.159081675585, 28847.698210391947, 24637.399656614878, 34046.12537925784
233, 34175.159081675585, 24559.955619908535, 34175.159081675585, 28671.52007380171, 24650.873293457516, 34051.83782353879
234, 34175.159081675585, 24559.955619908535, 34175.159081675585, 28861.484283265607, 24665.519899264593, 34061.4247411902
235, 34175.159081675585, 24559.955619908535, 34175.159081675585, 27926.98743248313, 24700.371074509094, 34055.31487804055
236, 34175.159081675585, 24559.955619908535, 34175.159081675585, 29787.7651904397, 24681.174650341574, 34055.49387176749
237, 34175.159081675585, 24559.955619908535, 34175.159081675585, 28674.369280915696, 24693.206235190428, 34048.18557819841
238, 34175.159081675585, 24559.955619908535, 34175.159081675585, 28862.685538706057, 24695.26904876647, 34051.73879388221
239, 34175.159081675585, 24559.955619908535, 34175.159081675585, 29235.93965520891, 24686.855254493337, 34061.147559338104
240, 34175.159081675585, 24559.955619908535, 34175.159081675585, 28687.262324950192, 24694.380599939428, 34071.52312829835
241, 34175.159081675585, 24559.955619908535, 34175.159081675585, 29809.20261139204, 24683.05329552985, 34079.099023982824
242, 34175.159081675585, 24559.955619908535, 34175.159081675585, 29248.96198982222, 24680.8178608429, 34072.261511915785
243, 34322.720331008204, 24570.096896974806, 34322.720331008204, 29455.953442051425, 24683.632814325912, 34105.338164113076
244, 34322.720331008204, 24570.096896974806, 34322.720331008204, 28712.846160219742, 24657.76578514611, 34105.62752646402
245, 34322.720331008204, 24570.096896974806, 34322.720331008204, 29281.45377982058, 24628.04697877651, 34125.62213179496
246, 34322.720331008204, 24570.096896974806, 34322.720331008204, 29465.474101096024, 24610.174651384696, 34127.744259095365
247, 34322.720331008204, 24570.096896974806, 34322.720331008204, 29661.07308066002, 24600.10470567923, 34128.48829660699
248, 34322.720331008204, 24570.096896974806, 34322.720331008204, 28926.973299180816, 24616.04852244102, 34140.89948988798
249, 34322.720331008204, 24570.096896974806, 34322.720331008204, 28946.16320693601, 24623.74812825472, 34165.64751897334
250, 34322.720331008204, 24570.096896974806, 34322.720331008204, 28411.323749498115, 24627.704285588326, 34186.40301792974
251, 34322.720331008204, 24570.096896974806, 34322.720331008204, 28613.77840965567, 24631.547645211147, 34192.26685245127
252, 34322.720331008204, 24570.096896974806, 34322.720331008204, 29191.25169677655, 24618.0920998898, 34225.52483207866
253, 34322.720331008204, 24570.096896974806, 34322.720331008204, 29008.40835481069, 24618.412590010277, 34217.187630947774
254, 34322.720331008204, 24570.096896974806, 34322.720331008204, 29392.094789954917, 24611.93971280529, 34238.77119508132
255, 34322.720331008204, 24570.096896974806, 34322.720331008204, 28645.40034636777, 24624.853659381675, 34237.588639777205
256, 34322.720331008204, 24570.096896974806, 34322.720331008204, 28820.18064223711, 24620.00480231046, 34225.028761665046
257, 34322.720331008204, 24570.096896974806, 34322.720331008204, 28258.468613139667, 24616.7107610313, 34225.06001029856
258, 34322.720331008204, 24570.096896974806, 34322.720331008204, 28637.203775677386, 24623.30832214696, 34218.23559890524
259, 34322.720331008204, 24570.096896974806, 34322.720331008204, 28267.280983101555, 24622.752666827153, 34223.875570653196
260, 34322.720331008204, 24570.096896974806, 34322.720331008204, 28640.48435354629, 24624.250244882824, 34234.48170327119
261, 34322.720331008204, 24570.096896974806, 34322.720331008204, 28273.583094783087, 24623.906440803727, 34243.057157785035
262, 34322.720331008204, 24570.096896974806, 34322.720331008204, 28083.487519515424, 24630.191388009018, 34240.703449543675
263, 34322.720331008204, 24570.096896974806, 34322.720331008204, 28449.15129185857, 24624.09779087246, 34217.91066937434
264, 34322.720331008204, 24570.096896974806, 34322.720331008204, 29569.785051485258, 24606.612990620808, 34234.341835208266
265, 34322.720331008204, 24570.096896974806, 34322.720331008204, 28826.86947897099, 24621.716558071254, 34229.06205601854
266, 34322.720331008204, 24570.096896974806, 34322.720331008204, 29007.64079112206, 24616.035786894765, 34221.518576063616
267, 34322.720331008204, 24570.096896974806, 34322.720331008204, 29390.97064932813, 24611.41295066166, 34236.132355623646
268, 34322.720331008204, 24570.096896974806, 34322.720331008204, 27706.41292128433, 24626.783517117714, 34240.90148251358
269, 34322.720331008204, 24570.096896974806, 34322.720331008204, 28267.293549641738, 24620.966245340056, 34242.146274479564
270, 34322.720331008204, 24570.096896974806, 34322.720331008204, 29568.272303491067, 24608.36066097363, 34226.75700949878
271, 34322.720331008204, 24570.096896974806, 34322.720331008204, 28446.805718513282, 24620.71926813204, 34207.634377420836
272, 34322.720331008204, 24570.096896974806, 34322.720331008204, 28079.323589803964, 24626.530919812067, 34221.69078527102
273, 34322.720331008204, 24570.096896974806, 34322.720331008204, 29012.247080455178, 24609.55323311831, 34228.82101449293
274, 34322.720331008204, 24570.096896974806, 34322.720331008204, 28635.268930354534, 24620.01289032869, 34217.35453033979
275, 34322.720331008204, 24570.096896974806, 34322.720331008204, 29383.217831635884, 24611.432083045835, 34230.351120389394
276, 34328.0117186145, 24559.50345514604, 34328.0117186145, 29385.048289208735, 24613.145860225843, 34222.80334437838
277, 34328.0117186145, 24559.50345514604, 34328.0117186145, 29010.921933088197, 24614.096084012563, 34224.41973722618
278, 34328.0117186145, 24559.50345514604, 34328.0117186145, 28456.070168008824, 24621.03442663796, 34220.05585229563
279, 34328.0117186145, 24559.50345514604, 34328.0117186145, 29202.924907241053, 24605.41916289198, 34239.5012870184
280, 34351.42764236275, 24621.277193360038, 34351.42764236275, 29198.34086547486, 24615.501939615664, 34226.48910976984
281, 34351.42764236275, 24621.277193360038, 34351.42764236275, 28260.325915946258, 24628.71113263574, 34227.95326256258
282, 34351.42764236275, 24621.277193360038, 34351.42764236275, 27709.417637041806, 24634.6273763274, 34227.11143679943
283, 34351.42764236275, 24621.277193360038, 34351.42764236275, 27333.11538956638, 24630.87608364247, 34235.590339755625
284, 34351.42764236275, 24621.277193360038, 34351.42764236275, 27709.873926332875, 24632.751147603554, 34240.11872631439
285, 34351.42764236275, 24621.277193360038, 34351.42764236275, 27716.32816804288, 24627.53560428417, 34245.94681968659
286, 34351.42764236275, 24621.277193360038, 34351.42764236275, 28649.267798825884, 24617.79929358454, 34247.10898934174
287, 34351.42764236275, 24621.277193360038, 34351.42764236275, 27529.407539891068, 24630.4569094755, 34239.46483861549
288, 34351.42764236275, 24621.277193360038, 34351.42764236275, 27346.32551890327, 24632.715488101847, 34252.00397295876
289, 34351.42764236275, 24621.277193360038, 34351.42764236275, 28463.18697725936, 24637.25878436481, 34251.39796951758
290, 34351.42764236275, 24621.277193360038, 34351.42764236275, 27539.56748294663, 24659.647498923383, 34248.29949968802
291, 34351.42764236275, 24621.277193360038, 34351.42764236275, 28480.302607778485, 24664.695067156852, 34269.16309436974
292, 34351.42764236275, 24621.277193360038, 34351.42764236275, 27914.9441582727, 24668.826076803743, 34253.19744705201
293, 34351.42764236275, 24621.277193360038, 34351.42764236275, 27915.917892488516, 24666.84006801673, 34257.993528174185
294, 34351.42764236275, 24621.277193360038, 34351.42764236275, 28287.525029147393, 24664.007045663362, 34259.91460858021
295, 34351.42764236275, 24621.277193360038, 34351.42764236275, 27540.311312051894, 24671.387368185922, 34258.72648985997
296, 34351.42764236275, 24621.277193360038, 34351.42764236275, 27730.293164200903, 24673.938395752546, 34264.19167707676
297, 34351.42764236275, 24621.277193360038, 34351.42764236275, 27544.706503325106, 24672.207428055022, 34263.69850708575
298, 34385.1073080492, 24584.250212916435, 34385.1073080492, 27919.78696107279, 24661.07186337282, 34257.507919385054
299, 34486.48719006421, 24630.76612173801, 34486.48719006421, 28478.817174433945, 24663.511846703033, 34267.686173542024
300, 34486.48719006421, 24630.76612173801, 34486.48719006421, 27924.839918665348, 24662.33246272583, 34297.69408137988
301, 34486.48719006421, 24630.76612173801, 34486.48719006421, 27741.1771958008, 24667.743146144618, 34293.69499272047
302, 34486.48719006421, 24630.76612173801, 34486.48719006421, 27550.042104998203, 24667.459303303396, 34281.73810250876
303, 34486.48719006421, 24630.76612173801, 34486.48719006421, 27741.17236197993, 24667.63163000504, 34291.334061899244
304, 34486.48719006421, 24630.76612173801, 34486.48719006421, 28121.350871663362, 24661.470017916825, 34289.70085609822
305, 34486.48719006421, 24630.76612173801, 34486.48719006421, 27555.066361913094, 24666.480790880185, 34300.77303543432
306, 34486.48719006421, 24630.76612173801, 34486.48719006421, 28687.486792070955, 24644.42482842822, 34302.86473340124
307, 34486.48719006421, 24630.76612173801, 34486.48719006421, 27394.56080986081, 24653.191913211092, 34320.23309046274
308, 34486.48719006421, 24630.76612173801, 34486.48719006421, 28341.77548121126, 24632.273330099746, 34318.6981307444
309, 34486.48719006421, 24630.76612173801, 34486.48719006421, 27810.939637389438, 24632.592319413136, 34350.49964721795
310, 34486.48719006421, 24630.76612173801, 34486.48719006421, 27452.183811584662, 24641.80280800974, 34374.97596462102
311, 34486.48719006421, 24630.76612173801, 34486.48719006421, 28203.762645814506, 24660.262172540937, 34378.51305101297
312, 34486.48719006421, 24630.76612173801, 34486.48719006421, 28216.48536671872, 24671.418088397266, 34382.659705395214
313, 34486.48719006421, 24630.76612173801, 34486.48719006421, 27652.573488020123, 24688.78099695928, 34393.861247655186
314, 34486.48719006421, 24630.76612173801, 34486.48719006421, 28584.843374281554, 24667.502422667105, 34390.02608039025
315, 34486.48719006421, 24630.76612173801, 34486.48719006421, 28398.78168673826, 24670.242168235578, 34381.96540663249
316, 34486.48719006421, 24630.76612173801, 34486.48719006421, 27652.42283007699, 24672.95950327978, 34393.06231396811
317, 34486.48719006421, 24630.76612173801, 34486.48719006421, 28215.57998124491, 24680.848440299866, 34390.79640360088
318, 34486.48719006421, 24630.76612173801, 34486.48719006421, 28026.37787091435, 24681.130871274072, 34397.88398366022
319, 34486.48719006421, 24630.76612173801, 34486.48719006421, 27655.413101463746, 24675.875981404497, 34399.11846558543
320, 34486.48719006421, 24630.76612173801, 34486.48719006421, 28209.52008996398, 24671.706324999242, 34391.662432908466
321, 34486.48719006421, 24630.76612173801, 34486.48719006421, 28596.026887014432, 24675.010962955752, 34402.256664681016
322, 34486.48719006421, 24630.76612173801, 34486.48719006421, 27839.392551899953, 24689.636211419842, 34393.06165695616
323, 34486.48719006421, 24630.76612173801, 34486.48719006421, 27465.5549917489, 24691.180976366966, 34398.781515696006
324, 34486.48719006421, 24630.76612173801, 34486.48719006421, 27648.75535576529, 24683.70567820784, 34385.577663803386
325, 34486.48719006421, 24630.76612173801, 34486.48719006421, 27276.582350539873, 24685.580233019995, 34393.302490232025
326, 34486.48719006421, 24630.76612173801, 34486.48719006421, 28210.266250326615, 24680.383698311525, 34381.27375727819
327, 34486.48719006421, 24630.76612173801, 34486.48719006421, 27650.798647143616, 24675.139912070117, 34392.722895689054
328, 34486.48719006421, 24630.76612173801, 34486.48719006421, 27088.87568221273, 24675.519096136104, 34391.78215596105
329, 34486.48719006421, 24630.76612173801, 34486.48719006421, 28215.13821029065, 24681.3343866261, 34393.742510146345
330, 34486.48719006421, 24630.76612173801, 34486.48719006421, 28027.036819370354, 24675.910531518566, 34388.49283706971
331, 34486.48719006421, 24630.76612173801, 34486.48719006421, 27277.09717129436, 24690.5518738471, 34386.544507469334
332, 34486.48719006421, 24630.76612173801, 34486.48719006421, 27464.65184798557, 24685.507311648314, 34391.523606420276
333, 34486.48719006421, 24630.76612173801, 34486.48719006421, 28209.665863179107, 24671.96136719387, 34381.94623604049
334, 34486.48719006421, 24630.76612173801, 34486.48719006421, 29514.263505849525, 24667.808866154424, 34374.86151674358
335, 34486.48719006421, 24630.76612173801, 34486.48719006421, 28593.132158503366, 24666.720213137727, 34393.23160520719
336, 34486.48719006421, 24630.76612173801, 34486.48719006421, 28215.62456895913, 24668.513008545706, 34394.730247120344
337, 34486.48719006421, 24630.76612173801, 34486.48719006421, 28214.81796078332, 24682.49485548511, 34393.70557055732
338, 34492.07548305649, 24660.408553041852, 34492.07548305649, 29149.642740766194, 24669.213441264637, 34388.187471366255
339, 34492.07548305649, 24660.408553041852, 34492.07548305649, 27838.05618607877, 24686.689250902677, 34389.65370000513
340, 34492.07548305649, 24660.408553041852, 34492.07548305649, 27275.375422643963, 24694.650886790823, 34398.36609627648
341, 34492.07548305649, 24660.408553041852, 34492.07548305649, 28218.553779161153, 24681.031061092697, 34392.661234069914
342, 34492.07548305649, 24660.408553041852, 34492.07548305649, 27464.659945909865, 24684.442296460496, 34391.46155567845
343, 34492.07548305649, 24660.408553041852, 34492.07548305649, 28399.919319297864, 24673.127941211373, 34393.06537134479
344, 34492.07548305649, 24660.408553041852, 34492.07548305649, 27652.185061312786, 24697.221784548485, 34384.08967428285
345, 34492.07548305649, 24660.408553041852, 34492.07548305649, 28024.284932777806, 24677.546401033116, 34397.22530569628
346, 34492.07548305649, 24660.408553041852, 34492.07548305649, 27279.160013416287, 24675.279439241276, 34389.80349235144
347, 34492.07548305649, 24660.408553041852, 34492.07548305649, 27652.8904267271, 24670.258712140538, 34393.01574341679
348, 34492.07548305649, 24660.408553041852, 34492.07548305649, 27278.08228457396, 24683.418176948242, 34392.404546925754
349, 34492.07548305649, 24660.408553041852, 34492.07548305649, 28216.83940721941, 24676.30575665681, 34391.80516522684
350, 34492.07548305649, 24660.408553041852, 34492.07548305649, 28216.84056239809, 24700.455150617225, 34401.14143598891
351, 34492.07548305649, 24660.408553041852, 34492.07548305649, 28407.139927726854, 24708.10148695905, 34402.26155305452
352, 34492.07548305649, 24660.408553041852, 34492.07548305649, 27095.006501076437, 24711.22770666695, 34389.68620610828
353, 34559.7572856104, 24665.328099888735, 34559.7572856104, 27279.27893845499, 24710.02845067394, 34405.26361317956
354, 34559.7572856104, 24665.328099888735, 34559.7572856104, 28033.13754346677, 24704.875664719544, 34404.31755079784
355, 34559.7572856104, 24665.328099888735, 34559.7572856104, 27284.853747609977, 24717.46396859665, 34405.55195042974
356, 34559.7572856104, 24665.328099888735, 34559.7572856104, 27475.30622484224, 24707.938898059616, 34422.614345102455
357, 34559.7572856104, 24665.328099888735, 34559.7572856104, 28036.45878911938, 24703.22625548392, 34423.441300668484
358, 34559.7572856104, 24665.328099888735, 34559.7572856104, 27848.253240695678, 24708.92709092626, 34409.911902594955
359, 34559.7572856104, 24665.328099888735, 34559.7572856104, 27665.150265322984, 24708.949474455396, 34417.736366691635
360, 34559.7572856104, 24665.328099888735, 34559.7572856104, 27112.316203170747, 24709.168333365153, 34415.422255105346
361, 34559.7572856104, 24665.328099888735, 34559.7572856104, 27867.446353171774, 24701.081030272755, 34436.23565390026
362, 34559.7572856104, 24665.328099888735, 34559.7572856104, 27317.63775509153, 24715.570710338536, 34438.7422128307
363, 34559.7572856104, 24665.328099888735, 34559.7572856104, 28082.820931268354, 24702.86982283382, 34455.58302971822
364, 34559.7572856104, 24665.328099888735, 34559.7572856104, 28080.26168989746, 24700.12312186405, 34464.490975008375
365, 34559.7572856104, 24665.328099888735, 34559.7572856104, 27900.492687521528, 24714.357927798756, 34467.59488057714
366, 34559.7572856104, 24665.328099888735, 34559.7572856104, 27708.162228520883, 24714.62225267934, 34466.01470708434
367, 34559.7572856104, 24665.328099888735, 34559.7572856104, 27711.486679295886, 24710.765795155115, 34460.337021878004
368, 34559.7572856104, 24665.328099888735, 34559.7572856104, 27330.141268199775, 24713.070710990844, 34455.76204326908
369, 34559.7572856104, 24665.328099888735, 34559.7572856104, 28083.03386929596, 24711.753642600743, 34460.90309323862
370, 34559.7572856104, 24665.328099888735, 34559.7572856104, 28270.874813860482, 24707.640290239615, 34452.021295812825
371, 34559.7572856104, 24665.328099888735, 34559.7572856104, 27522.43243870888, 24711.55604847976, 34464.25972680691
372, 34559.7572856104, 24665.328099888735, 34559.7572856104, 27335.352331265985, 24710.350211455778, 34458.423318256624
373, 34559.7572856104, 24665.328099888735, 34559.7572856104, 27702.322274134596, 24719.365762565623, 34468.07251713816
374, 34559.7572856104, 24665.328099888735, 34559.7572856104, 27897.88052810813, 24707.18942314818, 34462.13950128551
375, 34559.7572856104, 24665.328099888735, 34559.7572856104, 27335.392661019618, 24721.91515949443, 34462.245114421596
376, 34559.7572856104, 24665.328099888735, 34559.7572856104, 27898.10786113123, 24701.39144079021, 34463.32544753507
377, 34559.7572856104, 24665.328099888735, 34559.7572856104, 28085.270498644673, 24705.811007389493, 34465.980250579676
378, 34559.7572856104, 24665.328099888735, 34559.7572856104, 27334.639347230008, 24712.908516832853, 34458.76930959829
379, 34559.7572856104, 24665.328099888735, 34559.7572856104, 28459.629833037616, 24704.493376132694, 34467.27560940784
380, 34559.7572856104, 24665.328099888735, 34559.7572856104, 27710.667885491268, 24714.71174169999, 34462.160739713334
381, 34559.7572856104, 24665.328099888735, 34559.7572856104, 27334.976982893735, 24708.182232877556, 34462.34420478182
382, 34559.7572856104, 24665.328099888735, 34559.7572856104, 28457.66159238384, 24700.303062471256, 34463.304679427194
383, 34559.7572856104, 24665.328099888735, 34559.7572856104, 27521.409924896463, 24710.38100905686, 34454.173737771125
384, 34559.7572856104, 24665.328099888735, 34559.7572856104, 27709.18073306711, 24708.988818852784, 34461.8968127294
385, 34559.7572856104, 24665.328099888735, 34559.7572856104, 28455.538889030006, 24700.52312351226, 34454.71061973673
386, 34559.7572856104, 24665.328099888735, 34559.7572856104, 28458.063836480356, 24711.378461944318, 34457.65675730611
387, 34559.7572856104, 24665.328099888735, 34559.7572856104, 27899.08620810134, 24712.330247203514, 34456.8730224254
388, 34559.7572856104, 24665.328099888735, 34559.7572856104, 27899.84751183226, 24715.626624477623, 34467.67729519149
389, 34559.7572856104, 24665.328099888735, 34559.7572856104, 27894.491865804404, 24702.002475226236, 34448.018224041654
390, 34559.7572856104, 24665.328099888735, 34559.7572856104, 27713.18456808363, 24703.750019466326, 34466.1505924733
391, 34559.7572856104, 24665.328099888735, 34559.7572856104, 27521.10644450566, 24712.62471221881, 34450.55969867535
392, 34559.7572856104, 24665.328099888735, 34559.7572856104, 28085.21546834637, 24708.339370660593, 34467.18705542695
393, 34559.7572856104, 24665.328099888735, 34559.7572856104, 27710.748109908287, 24704.66935838759, 34453.35703877495
394, 34559.7572856104, 24665.328099888735, 34559.7572856104, 27333.658432775363, 24710.323972197086, 34462.78467843353
395, 34559.7572856104, 24665.328099888735, 34559.7572856104, 27711.58305891315, 24704.96561456072, 34472.910527043394
396, 34559.7572856104, 24665.328099888735, 34559.7572856104, 27524.89393406427, 24707.85937887075, 34465.89241451919
397, 34559.7572856104, 24665.328099888735, 34559.7572856104, 27337.229294569945, 24706.342482718057, 34458.37806805498
398, 34559.7572856104, 24665.328099888735, 34559.7572856104, 27148.139786000884, 24715.456149769645, 34456.58175936907
399, 34559.7572856104, 24665.328099888735, 34559.7572856104, 27520.74664491073, 24709.20520356411, 34468.473517485625
400, 34559.7572856104, 24665.328099888735, 34559.7572856104, 27708.512291614774, 24713.770607011127, 34460.61168033488
401, 34559.7572856104, 24665.328099888735, 34559.7572856104, 27892.328574988114, 24703.074476997193, 34455.71432970549
402, 34559.7572856104, 24665.328099888735, 34559.7572856104, 27522.370485143256, 24706.878284768354, 34462.07594643856
403, 34602.99157946041, 24681.567531919798, 34602.99157946041, 27335.072723524623, 24707.81348923497, 34474.70811765016
404, 34602.99157946041, 24681.567531919798, 34602.99157946041, 27521.713642618157, 24711.795188142238, 34484.68324930141
405, 34602.99157946041, 24681.567531919798, 34602.99157946041, 27520.12030517763, 24717.862636826005, 34469.732084363495
406, 34602.99157946041, 24681.567531919798, 34602.99157946041, 27715.260344898466, 24714.709906970966, 34487.71752280407
407, 34602.99157946041, 24681.567531919798, 34602.99157946041, 27337.74432513938, 24714.35706504164, 34467.28234436744
408, 34602.99157946041, 24681.567531919798, 34602.99157946041, 27902.829204011457, 24716.289312174933, 34471.27037623536
409, 34602.99157946041, 24681.567531919798, 34602.99157946041, 28097.161264074264, 24712.78029825157, 34492.13574156478
410, 34602.99157946041, 24681.567531919798, 34602.99157946041, 27343.130097804544, 24716.412744945068, 34473.35257306516
411, 34633.37130088251, 24664.418760482906, 34633.37130088251, 27534.48274941356, 24718.596340365508, 34484.56436502979
412, 34633.37130088251, 24664.418760482906, 34633.37130088251, 28106.880173584257, 24708.87332131664, 34499.67093373915
413, 34633.37130088251, 24664.418760482906, 34633.37130088251, 27925.64635497975, 24709.970796108635, 34494.59641014332
414, 34633.37130088251, 24664.418760482906, 34633.37130088251, 27558.086874431643, 24719.046754751897, 34519.74987153069
415, 34633.37130088251, 24664.418760482906, 34633.37130088251, 27747.290181427037, 24718.04062416033, 34512.58993171427
416, 34633.37130088251, 24664.418760482906, 34633.37130088251, 27180.53719339021, 24730.107998101947, 34514.62173931817
417, 34633.37130088251, 24664.418760482906, 34633.37130088251, 27560.321600896183, 24725.907403816003, 34512.9530619126
418, 34633.37130088251, 24664.418760482906, 34633.37130088251, 27749.11323890612, 24723.809436037543, 34518.027261026196
419, 34633.37130088251, 24664.418760482906, 34633.37130088251, 27750.15546028702, 24719.166347661827, 34512.17386635292
420, 34633.37130088251, 24664.418760482906, 34633.37130088251, 27750.148553231065, 24722.907705468904, 34513.07193721431
421, 34633.37130088251, 24664.418760482906, 34633.37130088251, 27559.69311484374, 24726.22797500901, 34517.17677236051
422, 34633.37130088251, 24664.418760482906, 34633.37130088251, 27565.671604522136, 24725.884157883385, 34509.12174038807
423, 34633.37130088251, 24664.418760482906, 34633.37130088251, 27572.32081068286, 24713.874941157464, 34521.29596664614
424, 34633.37130088251, 24664.418760482906, 34633.37130088251, 28706.504246835575, 24697.868473920495, 34533.07196486927
425, 34633.37130088251, 24664.418760482906, 34633.37130088251, 27953.8226545352, 24713.396670156242, 34531.9300186862
426, 34633.37130088251, 24664.418760482906, 34633.37130088251, 27579.468451017805, 24712.86940807969, 34525.51861419978
427, 34633.37130088251, 24664.418760482906, 34633.37130088251, 27767.540265242806, 24718.484546650074, 34533.64400335536
428, 34633.37130088251, 24664.418760482906, 34633.37130088251, 27769.75633268343, 24701.983481101288, 34527.25017504603
429, 34633.37130088251, 24664.418760482906, 34633.37130088251, 27580.968327927174, 24710.38384907991, 34535.52919231459
430, 34633.37130088251, 24664.418760482906, 34633.37130088251, 28145.00655161096, 24708.441298290592, 34539.043792397715
431, 34649.945816041996, 24515.720072592936, 34649.945816041996, 30030.414067741796, 24678.532661199497, 34537.64260822496
432, 34649.945816041996, 24515.720072592936, 34649.945816041996, 30591.290123671548, 24671.337875318022, 34542.41134662844
433, 34649.945816041996, 24515.720072592936, 34649.945816041996, 30016.75465522005, 24674.502711614692, 34535.577557965706
434, 34649.945816041996, 24515.720072592936, 34649.945816041996, 30408.465101348815, 24667.25421797629, 34542.56808416692
435, 34649.945816041996, 24515.720072592936, 34649.945816041996, 29089.932204988218, 24673.529110887437, 34545.82992684136
436, 34669.49070031525, 24580.490004093226, 34669.49070031525, 28341.022458631018, 24670.198819112575, 34561.64802191736
437, 34669.49070031525, 24580.490004093226, 34669.49070031525, 29276.54880798457, 24644.61666996388, 34538.93197003177
438, 34669.49070031525, 24580.490004093226, 34669.49070031525, 29091.191824372276, 24617.029353848407, 34544.274375208755
439, 34669.49070031525, 24580.490004093226, 34669.49070031525, 29095.52389810097, 24586.34420663297, 34550.49707251376
440, 34669.49070031525, 24580.490004093226, 34669.49070031525, 29284.021802419888, 24579.31193879661, 34555.37430954857
441, 34669.49070031525, 24580.490004093226, 34669.49070031525, 29290.342875541708, 24568.810353104036, 34563.786701217585
442, 34669.49070031525, 24580.490004093226, 34669.49070031525, 28534.19777963945, 24585.942885781133, 34555.40941875331
443, 34669.49070031525, 24580.490004093226, 34669.49070031525, 28158.728126274884, 24587.844462474113, 34548.53934478187
444, 34669.49070031525, 24580.490004093226, 34669.49070031525, 28722.459394255024, 24584.94946205355, 34560.136316082266
445, 34669.49070031525, 24580.490004093226, 34669.49070031525, 29289.00327314983, 24587.750637306443, 34549.55788617841
446, 34707.0511204256, 24372.177985219794, 34707.0511204256, 32686.861158723757, 24550.275524990826, 34568.49608552744
447, 34717.71919010701, 24614.86168882042, 34717.71919010701, 28742.413748317224, 24614.002264418763, 34582.5283501348
448, 34717.71919010701, 24614.86168882042, 34717.71919010701, 28934.752901988242, 24624.446189334423, 34594.598275230725
449, 34754.41766025672, 24652.62455599403, 34754.41766025672, 28362.608272620237, 24638.49233049313, 34586.31661680036
450, 34754.41766025672, 24652.62455599403, 34754.41766025672, 28185.089900728944, 24635.602434379925, 34606.16840189312
451, 34754.41766025672, 24652.62455599403, 34754.41766025672, 27808.485928813272, 24645.19800936891, 34595.100848846116
452, 34754.41766025672, 24652.62455599403, 34754.41766025672, 28004.180029531333, 24651.873286245474, 34604.7462111042
453, 34754.41766025672, 24652.62455599403, 34754.41766025672, 28382.040089309456, 24647.355433970417, 34608.596571022914
454, 34754.41766025672, 24652.62455599403, 34754.41766025672, 27832.419695313743, 24654.04802214402, 34606.42441013712
455, 34777.55572467496, 24531.675032839426, 34777.55572467496, 27843.125807669614, 24674.468336074726, 34629.36670129092
456, 34777.55572467496, 24531.675032839426, 34777.55572467496, 29921.84923177843, 24647.192702718145, 34638.84656939283
457, 34777.55572467496, 24531.675032839426, 34777.55572467496, 29933.790864684517, 24657.418528797712, 34642.599320290254
458, 34777.55572467496, 24531.675032839426, 34777.55572467496, 29368.275272330848, 24667.838875120455, 34650.188504113205
459, 34815.469772698874, 24628.45580681788, 34815.469772698874, 30510.568568805167, 24666.319564392754, 34664.68757637357
460, 34815.469772698874, 24628.45580681788, 34815.469772698874, 28246.242306949018, 24692.453293465773, 34665.58524984348
461, 34815.469772698874, 24628.45580681788, 34815.469772698874, 28057.0770875825, 24693.662329737042, 34666.515781183094
462, 34815.469772698874, 24628.45580681788, 34815.469772698874, 28061.725015242635, 24685.748366979402, 34662.92130752166
463, 34815.469772698874, 24628.45580681788, 34815.469772698874, 29193.445266003644, 24672.6097099098, 34674.73213926879
464, 34815.469772698874, 24628.45580681788, 34815.469772698874, 29392.27112989271, 24666.109787642443, 34680.54715239487
465, 34815.469772698874, 24628.45580681788, 34815.469772698874, 29016.780632017926, 24658.259419471935, 34686.50651862291
466, 34815.469772698874, 24628.45580681788, 34815.469772698874, 28454.063776436094, 24644.133817688915, 34684.22640839549
467, 34815.469772698874, 24628.45580681788, 34815.469772698874, 27895.16058711223, 24626.53345769237, 34688.685820675324
468, 34815.469772698874, 24628.45580681788, 34815.469772698874, 27898.43378615341, 24645.42250726035, 34701.75003644095
469, 34815.469772698874, 24628.45580681788, 34815.469772698874, 28097.889605955676, 24670.109563183338, 34711.020211073024
470, 34815.469772698874, 24628.45580681788, 34815.469772698874, 29043.84651984511, 24671.050470850983, 34714.78782897093
471, 34815.469772698874, 24628.45580681788, 34815.469772698874, 28295.074526463322, 24672.38709988994, 34712.03119497209
472, 34815.469772698874, 24628.45580681788, 34815.469772698874, 29051.51570553758, 24664.716619851344, 34722.98640416767
473, 34815.469772698874, 24628.45580681788, 34815.469772698874, 28661.949112203423, 24665.121220032135, 34694.64908869729
474, 34844.30631630752, 24663.63060727364, 34844.30631630752, 28860.344787066813, 24677.513361786874, 34716.970887706666
475, 34844.30631630752, 24663.63060727364, 34844.30631630752, 27540.31727930019, 24689.585151930085, 34722.164921725715
476, 34844.30631630752, 24663.63060727364, 34844.30631630752, 28105.586832607267, 24677.61383874645, 34712.92327817275
477, 34844.30631630752, 24663.63060727364, 34844.30631630752, 28110.516577578313, 24679.876291356264, 34726.16694907185
478, 34844.30631630752, 24663.63060727364, 34844.30631630752, 28299.345810271472, 24685.014391897537, 34731.43286770504
479, 34844.30631630752, 24663.63060727364, 34844.30631630752, 27920.64452183177, 24690.459933895567, 34734.19617216881
480, 34844.30631630752, 24663.63060727364, 34844.30631630752, 28109.7604538743, 24681.14137902556, 34733.45928273328
481, 34844.30631630752, 24663.63060727364, 34844.30631630752, 28684.820481136223, 24689.676515316958, 34726.931350580715
482, 34844.30631630752, 24663.63060727364, 34844.30631630752, 27559.154236623883, 24707.618056613785, 34747.62855496997
483, 34844.30631630752, 24663.63060727364, 34844.30631630752, 28127.8585678207, 24708.527517674756, 34746.791189906624
484, 34844.30631630752, 24663.63060727364, 34844.30631630752, 27368.993228721556, 24715.295576542794, 34747.79550480857
485, 34844.30631630752, 24663.63060727364, 34844.30631630752, 27559.843889956825, 24714.36027105228, 34747.40819236836
486, 34844.30631630752, 24663.63060727364, 34844.30631630752, 27373.99208867205, 24709.763877773934, 34744.10797765095
487, 34844.30631630752, 24663.63060727364, 34844.30631630752, 27370.702910991207, 24721.684302551097, 34741.30491907354
488, 34844.30631630752, 24663.63060727364, 34844.30631630752, 27373.06766152377, 24716.994314381463, 34752.21987617277
489, 34844.30631630752, 24663.63060727364, 34844.30631630752, 28129.702540767456, 24710.26691250357, 34734.427518794204
490, 34844.30631630752, 24663.63060727364, 34844.30631630752, 28120.600183621493, 24710.80635598492, 34720.32238146619
491, 34844.30631630752, 24663.63060727364, 34844.30631630752, 28318.34449070205, 24712.93543800373, 34748.74840762206
492, 34844.30631630752, 24663.63060727364, 34844.30631630752, 27937.604114286976, 24710.940966759114, 34742.949623819404
493, 34844.30631630752, 24663.63060727364, 34844.30631630752, 28129.02013775188, 24705.91820066926, 34751.040880603425
494, 34844.30631630752, 24663.63060727364, 34844.30631630752, 28129.02246861657, 24710.412236162898, 34743.11500670463
495, 34844.30631630752, 24663.63060727364, 34844.30631630752, 28498.54175381379, 24701.87792195577, 34736.00504981358
496, 34844.30631630752, 24663.63060727364, 34844.30631630752, 27750.266996069015, 24715.707323784583, 34745.249779126956
497, 34844.30631630752, 24663.63060727364, 34844.30631630752, 27748.693616744848, 24710.388245133192, 34743.715898376206
498, 34844.30631630752, 24663.63060727364, 34844.30631630752, 27937.194844263053, 24715.382445163596, 34746.41391962831
499, 34844.30631630752, 24663.63060727364, 34844.30631630752, 27373.579811400785, 24713.601346474654, 34747.530943570564
500, 34844.30631630752, 24663.63060727364, 34844.30631630752, 27935.78740782223, 24715.733258779794, 34736.046694965946
