1, 26870.024120971066, 24644.943503516337, 26870.024120971066, 25182.367850319322, 24657.249582895758, 25182.367850319322
2, 26870.024120971066, 24644.943503516337, 26870.024120971066, 25713.29388702713, 24638.480286422233, 25713.29388702713
3, 26870.024120971066, 24644.943503516337, 26870.024120971066, 26016.280051139915, 24614.79925647761, 26016.280051139915
4, 26876.537666501164, 24516.35338929307, 26876.537666501164, 26223.579850281683, 24590.06543827251, 26223.579850281683
5, 27008.94685210509, 24686.34634383161, 27008.94685210509, 26451.87738149577, 24547.57159726932, 26451.87738149577
6, 27105.597467473308, 24562.498298312985, 27105.597467473308, 26677.64908024237, 24572.925318745412, 26677.64908024237
7, 27122.44469537725, 24657.01868817172, 27122.44469537725, 26816.37891666951, 24595.147128458062, 26816.37891666951
8, 27260.633463114867, 24583.412624601377, 27260.633463114867, 26909.320934862662, 24589.089791499417, 26909.320934862662
9, 27260.633463114867, 24583.412624601377, 27260.633463114867, 26971.104352514554, 24556.844459284883, 26971.104352514554
10, 27371.08944614309, 24562.368414133227, 27371.08944614309, 27046.526777555187, 24510.717259442317, 27046.526777555187
11, 27391.919359179345, 24316.107289246902, 27391.919359179345, 27113.92700106529, 24499.80721818792, 27113.92700106529
12, 27680.553443136465, 24518.24747591357, 27680.553443136465, 27198.05843965345, 24470.188396247664, 27198.05843965345
13, 27680.553443136465, 24518.24747591357, 27680.553443136465, 27270.414481747037, 24449.93925372702, 27270.414481747037
14, 27746.630104064472, 24362.639700094653, 27746.630104064472, 27350.80678031477, 24473.11555743773, 27350.80678031477
15, 27813.91823065666, 24550.893021909433, 27813.91823065666, 27427.58593064459, 24500.69025797162, 27427.58593064459
16, 27813.91823065666, 24550.893021909433, 27813.91823065666, 27497.642606947877, 24499.341472896762, 27497.642606947877
17, 27870.553901225845, 24416.33225562669, 27870.553901225845, 27583.77783762171, 24490.75543635643, 27583.77783762171
18, 28043.99015349272, 24328.411333603115, 28043.99015349272, 27673.538063337022, 24494.365358526396, 27673.538063337022
19, 28065.100130802228, 24468.25061829894, 28065.100130802228, 27758.82210562842, 24485.487950077906, 27758.82210562842
20, 28092.782957750405, 24685.42774298227, 28092.782957750405, 27836.645335653197, 24482.039675562028, 27836.645335653197
21, 28297.087328722802, 24538.78264118904, 28297.087328722802, 27909.454121942166, 24458.394932770017, 27909.454121942166
22, 28404.944950744888, 24502.275541854793, 28404.944950744888, 27990.747514665592, 24447.39336308235, 27990.747514665592
23, 28454.269841590423, 24468.802979400352, 28454.269841590423, 28060.5788551013, 24439.494730849798, 28060.5788551013
24, 28454.269841590423, 24468.802979400352, 28454.269841590423, 28126.847300679277, 24448.70717892027, 28126.847300679277
25, 28462.32933518235, 24515.791824090902, 28462.32933518235, 28202.49128294162, 24456.886045252373, 28202.49128294162
26, 28489.99708140134, 24286.407352554532, 28489.99708140134, 28298.789607120532, 24464.605334498305, 28298.789607120532
27, 28643.256449183285, 24637.47208932328, 28643.256449183285, 28366.705385206038, 24454.036057504738, 28366.705385206038
28, 28643.256449183285, 24637.47208932328, 28643.256449183285, 28419.419763839986, 24475.334478524048, 28419.419763839986
29, 28681.60710624085, 24639.062705271655, 28681.60710624085, 28460.82186880523, 24490.825158163716, 28460.82186880523
30, 28681.60710624085, 24639.062705271655, 28681.60710624085, 28492.11285563814, 24508.298005835783, 28492.11285563814
31, 28747.231730751122, 24297.86187407464, 28747.231730751122, 28534.207158366535, 24516.570570328473, 28534.207158366535
32, 28907.478450003557, 24455.293126143235, 28907.478450003557, 28580.45303048553, 24514.81720928089, 28580.45303048553
33, 28907.478450003557, 24455.293126143235, 28907.478450003557, 28634.5707216858, 24511.967881752244, 28634.5707216858
34, 28949.31631561989, 24602.97585460777, 28949.31631561989, 28692.239112784006, 24531.435416160817, 28692.239112784006
35, 28991.505435695384, 24378.621026745575, 28991.505435695384, 28740.350658341442, 24529.208789820903, 28740.350658341442
36, 28991.505435695384, 24378.621026745575, 28991.505435695384, 28787.032255897328, 24505.83707909795, 28787.032255897328
37, 29027.584111796616, 24316.673500741497, 29027.584111796616, 28840.094214599743, 24519.754894153335, 28840.094214599743
38, 29096.496971269815, 24680.150222995326, 29096.496971269815, 28885.07044549878, 24505.000170460666, 28885.07044549878
39, 29096.496971269815, 24680.150222995326, 29096.496971269815, 28925.732533277147, 24488.833181875012, 28925.732533277147
40, 29202.099238029146, 24424.69716778978, 29202.099238029146, 28965.340729950494, 24498.531640024426, 28965.340729950494
41, 29322.889481623904, 24326.387532921526, 29322.889481623904, 29005.956701026764, 24529.034954199054, 29005.956701026764
42, 29372.399794220313, 24476.605690012057, 29372.399794220313, 29039.634809749827, 24504.037416508934, 29039.634809749827
43, 29372.399794220313, 24476.605690012057, 29372.399794220313, 29086.205350015014, 24476.811450151232, 29086.205350015014
44, 29372.399794220313, 24476.605690012057, 29372.399794220313, 29135.312146466873, 24481.7761757998, 29135.312146466873
45, 29514.385038501874, 24232.662924921904, 29514.385038501874, 29178.24743873151, 24444.4690764093, 29178.24743873151
46, 29514.385038501874, 24232.662924921904, 29514.385038501874, 29227.16257326666, 24415.648393643318, 29227.16257326666
47, 29514.385038501874, 24232.662924921904, 29514.385038501874, 29262.05210688638, 24384.919710113987, 29262.05210688638
48, 29514.385038501874, 24232.662924921904, 29514.385038501874, 29314.05574710289, 24350.824141613775, 29314.05574710289
49, 29576.635026143616, 24616.18555877931, 29576.635026143616, 29343.461274873578, 24254.56476865341, 29343.461274873578
50, 29576.635026143616, 24616.18555877931, 29576.635026143616, 29367.92316216452, 24268.751267055464, 29367.92316216452
51, 29720.737696533288, 24540.74616401439, 29720.737696533288, 29401.11868427817, 24401.22192421319, 29401.11868427817
52, 29771.52809295942, 24326.280970767093, 29771.52809295942, 29431.17064480482, 24356.931485240053, 29431.17064480482
53, 29911.59702324466, 24296.716207467514, 29911.59702324466, 29474.656394353173, 24324.32447657818, 29474.656394353173
54, 29911.59702324466, 24296.716207467514, 29911.59702324466, 29520.623021192932, 24334.217160466444, 29520.623021192932
55, 29911.59702324466, 24296.716207467514, 29911.59702324466, 29567.934936019188, 24297.500041610085, 29567.934936019188
56, 29911.59702324466, 24296.716207467514, 29911.59702324466, 29611.14321769963, 24314.090681697926, 29611.14321769963
57, 29911.59702324466, 24296.716207467514, 29911.59702324466, 29667.770440546345, 24389.150947039416, 29667.770440546345
58, 29949.8248158786, 24315.53818022942, 29949.8248158786, 29735.776033988153, 24341.960391757875, 29735.776033988153
59, 29949.8248158786, 24315.53818022942, 29949.8248158786, 29788.299632209455, 24349.5647188234, 29788.299632209455
60, 30057.421628333217, 24338.08442862121, 30057.421628333217, 29827.968403134357, 24356.618396858474, 29827.968403134357
61, 30095.03143619586, 23815.00212194922, 30095.03143619586, 29877.771732450434, 24365.8356010269, 29877.771732450434
62, 30095.03143619586, 23815.00212194922, 30095.03143619586, 29920.058170757584, 24345.641857397593, 29920.058170757584
63, 30095.03143619586, 23815.00212194922, 30095.03143619586, 29942.402997344052, 24329.139250617307, 29942.402997344052
64, 30095.03143619586, 23815.00212194922, 30095.03143619586, 29962.386151356346, 24336.759847391295, 29962.386151356346
65, 30215.290710155532, 24315.019399608587, 30215.290710155532, 29996.83152615577, 24296.295586606277, 29996.83152615577
66, 30268.44161894885, 23816.28265123796, 30268.44161894885, 30032.056226598816, 24277.224181939968, 30032.056226598816
67, 30268.44161894885, 23816.28265123796, 30268.44161894885, 30060.891510478403, 24239.749224020266, 30060.891510478403
68, 30277.922096840128, 24065.712203993924, 30277.922096840128, 30085.161299859654, 24160.5236712402, 30085.161299859654
69, 30342.54413984311, 24096.366921257308, 30342.54413984311, 30107.034339440583, 24073.46061519923, 30107.034339440583
70, 30342.54413984311, 24096.366921257308, 30342.54413984311, 30138.573492310592, 24033.07561833716, 30138.573492310592
71, 30342.54413984311, 24096.366921257308, 30342.54413984311, 30177.610878123218, 24183.00839681707, 30177.610878123218
72, 30403.891482134757, 24028.157846623468, 30403.891482134757, 30222.177656128224, 24111.494405955895, 30222.177656128224
73, 30403.891482134757, 24028.157846623468, 30403.891482134757, 30255.364223850913, 24037.36636687534, 30255.364223850913
74, 30419.255683083156, 24309.99242635645, 30419.255683083156, 30280.322746405174, 24001.040060770643, 30280.322746405174
75, 30475.602557936098, 24285.001735395905, 30475.602557936098, 30295.297924637132, 24065.553463283388, 30295.297924637132
76, 30475.602557936098, 24285.001735395905, 30475.602557936098, 30312.048070876048, 24176.412874890364, 30312.048070876048
77, 30475.602557936098, 24285.001735395905, 30475.602557936098, 30332.92202478004, 24258.33743910418, 30332.92202478004
78, 30562.15591832482, 24202.4372243917, 30562.15591832482, 30352.370375392005, 24107.35665108001, 30352.370375392005
79, 30562.15591832482, 24202.4372243917, 30562.15591832482, 30373.316378709525, 24133.535492852963, 30373.316378709525
80, 30562.15591832482, 24202.4372243917, 30562.15591832482, 30399.71681098875, 24179.634867428773, 30399.71681098875
81, 30562.15591832482, 24202.4372243917, 30562.15591832482, 30423.958048131615, 24146.480837563184, 30423.958048131615
82, 30571.652551442414, 24354.864904677506, 30571.652551442414, 30442.15468004659, 24227.32990509765, 30442.15468004659
83, 30571.652551442414, 24354.864904677506, 30571.652551442414, 30461.95609767083, 24215.80205697875, 30461.95609767083
84, 30571.652551442414, 24354.864904677506, 30571.652551442414, 30485.362698258527, 24231.185568256533, 30485.362698258527
85, 30680.549672401197, 24444.377127489948, 30680.549672401197, 30509.462892007912, 24266.669958558396, 30509.462892007912
86, 30680.549672401197, 24444.377127489948, 30680.549672401197, 30538.26947132125, 24250.975454011466, 30538.26947132125
87, 30687.055692832062, 24097.8542576685, 30687.055692832062, 30566.893648006222, 24225.328942906825, 30566.893648006222
88, 30687.055692832062, 24097.8542576685, 30687.055692832062, 30579.31607497418, 24284.03520596778, 30579.31607497418
89, 30821.250456161004, 24492.872176864432, 30821.250456161004, 30592.61450933168, 24350.921221566805, 30592.61450933168
90, 30821.250456161004, 24492.872176864432, 30821.250456161004, 30618.80918462452, 24404.200907818024, 30618.80918462452
91, 30821.250456161004, 24492.872176864432, 30821.250456161004, 30649.853042080398, 24441.577720591522, 30649.853042080398
92, 30821.250456161004, 24492.872176864432, 30821.250456161004, 30673.168379082923, 24446.170726092205, 30673.168379082923
93, 30821.250456161004, 24492.872176864432, 30821.250456161004, 30686.97318427765, 24405.994860431194, 30686.97318427765
94, 30821.250456161004, 24492.872176864432, 30821.250456161004, 30695.708285836536, 24405.939811280514, 30695.708285836536
95, 30821.250456161004, 24492.872176864432, 30821.250456161004, 30710.575240936614, 24381.357723637382, 30710.575240936614
96, 30832.338954729403, 24676.653587430566, 30832.338954729403, 30738.244811928012, 24348.256005235184, 30738.244811928012
97, 30900.400598077897, 24681.988286086365, 30900.400598077897, 30769.53254003866, 24436.09173326347, 30769.53254003866
98, 30900.400598077897, 24681.988286086365, 30900.400598077897, 30788.89811115115, 24431.745021179973, 30788.89811115115
99, 30900.400598077897, 24681.988286086365, 30900.400598077897, 30810.71219584238, 24448.41352057972, 30810.71219584238
100, 30956.543312129856, 24314.687221619097, 30956.543312129856, 30825.85957522359, 24493.387369175158, 30825.85957522359
101, 30956.543312129856, 24314.687221619097, 30956.543312129856, 30829.450505689238, 24496.41784155982, 30829.450505689238
102, 30956.543312129856, 24314.687221619097, 30956.543312129856, 30836.968892877434, 24497.664085073262, 30836.968892877434
103, 30985.115844773532, 24602.640514037175, 30985.115844773532, 30851.306825547083, 24500.500583779314, 30851.306825547083
104, 31013.51601730623, 24608.54609841685, 31013.51601730623, 30868.216851475776, 24453.822521422444, 30868.216851475776
105, 31013.51601730623, 24608.54609841685, 31013.51601730623, 30883.747708526895, 24443.76597111724, 30883.747708526895
106, 31097.773362350723, 24562.659745973262, 31097.773362350723, 30898.688841054147, 24534.016557840565, 30898.688841054147
107, 31209.02635708546, 24558.76020328539, 31209.02635708546, 30921.508514531062, 24587.434397589186, 30921.508514531062
108, 31209.02635708546, 24558.76020328539, 31209.02635708546, 30937.20837472174, 24537.290650642964, 30937.20837472174
109, 31209.02635708546, 24558.76020328539, 31209.02635708546, 30962.28547292928, 24436.98728033855, 30962.28547292928
110, 31209.02635708546, 24558.76020328539, 31209.02635708546, 30988.76055819149, 24400.371154231532, 30988.76055819149
111, 31238.487993370094, 24606.869494843377, 31238.487993370094, 31014.022403769533, 24445.195375598196, 31014.022403769533
112, 31238.487993370094, 24606.869494843377, 31238.487993370094, 31046.859164873433, 24471.469675075095, 31046.859164873433
113, 31238.487993370094, 24606.869494843377, 31238.487993370094, 31070.999343925123, 24501.48180768623, 31070.999343925123
114, 31238.487993370094, 24606.869494843377, 31238.487993370094, 31098.75689105636, 24490.94476110357, 31098.75689105636
115, 31271.56654372657, 24678.934806108726, 31271.56654372657, 31119.691289255494, 24550.325457997227, 31119.691289255494
116, 31271.56654372657, 24678.934806108726, 31271.56654372657, 31132.352446954512, 24546.334447121913, 31132.352446954512
117, 31271.56654372657, 24678.934806108726, 31271.56654372657, 31154.70197180052, 24531.520626302397, 31154.70197180052
118, 31271.56654372657, 24678.934806108726, 31271.56654372657, 31180.204722229075, 24459.023987200115, 31180.204722229075
119, 31271.56654372657, 24678.934806108726, 31271.56654372657, 31212.02459709097, 24530.89504464445, 31212.02459709097
120, 31307.13043934836, 24438.794432959163, 31307.13043934836, 31227.433017709427, 24578.34129864959, 31227.433017709427
121, 31307.828267672376, 24414.127076416833, 31307.828267672376, 31241.24558195617, 24597.112416340708, 31241.24558195617
122, 31307.828267672376, 24414.127076416833, 31307.828267672376, 31244.236426360923, 24596.44084594171, 31244.236426360923
123, 31307.828267672376, 24414.127076416833, 31307.828267672376, 31247.117724279768, 24591.238576418167, 31247.117724279768
124, 31396.94900016362, 24547.361616071248, 31396.94900016362, 31253.44045672013, 24573.09223410186, 31253.44045672013
125, 31396.94900016362, 24547.361616071248, 31396.94900016362, 31259.467291089313, 24561.661265434337, 31259.467291089313
126, 31396.94900016362, 24547.361616071248, 31396.94900016362, 31270.713194423126, 24529.226621164624, 31270.713194423126
127, 31396.94900016362, 24547.361616071248, 31396.94900016362, 31284.963956798314, 24560.896720455814, 31284.963956798314
128, 31416.615443809475, 24606.208256486265, 31416.615443809475, 31296.495324690393, 24537.10708243535, 31296.495324690393
129, 31416.615443809475, 24606.208256486265, 31416.615443809475, 31309.896072515814, 24462.332344189464, 31309.896072515814
130, 31439.824537671782, 24657.746414924804, 31439.824537671782, 31314.362344474153, 24444.60865750601, 31314.362344474153
131, 31439.824537671782, 24657.746414924804, 31439.824537671782, 31318.58826890781, 24448.970534419943, 31318.58826890781
132, 31439.824537671782, 24657.746414924804, 31439.824537671782, 31328.16974351949, 24456.09937398725, 31328.16974351949
133, 31439.824537671782, 24657.746414924804, 31439.824537671782, 31341.969204998608, 24476.87507104428, 31341.969204998608
134, 31439.824537671782, 24657.746414924804, 31439.824537671782, 31359.97865996009, 24497.716933447256, 31359.97865996009
135, 31439.824537671782, 24657.746414924804, 31439.824537671782, 31386.93209798401, 24517.74822657417, 31386.93209798401
136, 31439.824537671782, 24657.746414924804, 31439.824537671782, 31404.500113248963, 24502.675407947176, 31404.500113248963
137, 31485.32630608291, 24517.55523775924, 31485.32630608291, 31410.49502398345, 24542.949521238945, 31410.49502398345
138, 31485.32630608291, 24517.55523775924, 31485.32630608291, 31421.281991010717, 24534.898471927896, 31421.281991010717
139, 31485.32630608291, 24517.55523775924, 31485.32630608291, 31428.091206121262, 24573.170760728746, 31428.091206121262
140, 31531.517161013897, 24670.248548921787, 31531.517161013897, 31437.23653852645, 24552.332732881125, 31437.23653852645
141, 31531.517161013897, 24670.248548921787, 31531.517161013897, 31441.981496870932, 24554.612142892758, 31441.981496870932
142, 31562.709960254815, 24640.68405162804, 31562.709960254815, 31447.635063672056, 24573.05176404271, 31447.635063672056
143, 31562.709960254815, 24640.68405162804, 31562.709960254815, 31457.616973077445, 24611.92186001304, 31457.616973077445
144, 31562.709960254815, 24640.68405162804, 31562.709960254815, 31468.098290067468, 24589.493405943467, 31468.098290067468
145, 31580.461848789175, 24562.091583140267, 31580.461848789175, 31483.380641731812, 24571.32357692088, 31483.380641731812
146, 31595.059501734566, 24565.698815313008, 31595.059501734566, 31489.153520904852, 24575.616742856517, 31489.153520904852
147, 31595.059501734566, 24565.698815313008, 31595.059501734566, 31496.453906737428, 24585.518757950398, 31496.453906737428
148, 31637.28281184311, 24583.050355506915, 31637.28281184311, 31507.954811208663, 24592.16746550882, 31507.954811208663
149, 31637.28281184311, 24583.050355506915, 31637.28281184311, 31526.92333805284, 24607.563782002995, 31526.92333805284
150, 31637.28281184311, 24583.050355506915, 31637.28281184311, 31544.860871948382, 24647.330201552213, 31544.860871948382
151, 31637.28281184311, 24583.050355506915, 31637.28281184311, 31552.58436701523, 24632.85569010407, 31552.58436701523
152, 31637.28281184311, 24583.050355506915, 31637.28281184311, 31566.537938741985, 24612.22011895343, 31566.537938741985
153, 31637.28281184311, 24583.050355506915, 31637.28281184311, 31578.866410288, 24595.198021268992, 31578.866410288
154, 31647.374254252314, 24547.91404400528, 31647.374254252314, 31587.490019959096, 24568.23334979827, 31587.490019959096
155, 31655.696961677942, 24552.219185649592, 31655.696961677942, 31598.557757259943, 24542.350289595335, 31598.557757259943
156, 31677.270103837258, 24612.224601177848, 31677.270103837258, 31603.260591490573, 24570.606837175692, 31603.260591490573
157, 31732.204898497203, 24311.948484086133, 31732.204898497203, 31609.6626436653, 24575.521197463862, 31609.6626436653
158, 31732.204898497203, 24311.948484086133, 31732.204898497203, 31619.438892243466, 24582.634475520885, 31619.438892243466
159, 31732.204898497203, 24311.948484086133, 31732.204898497203, 31629.22481512626, 24586.624517586675, 31629.22481512626
160, 31732.204898497203, 24311.948484086133, 31732.204898497203, 31639.26634023393, 24584.93858044994, 31639.26634023393
161, 31732.204898497203, 24311.948484086133, 31732.204898497203, 31644.946881062955, 24586.131749982345, 31644.946881062955
162, 31732.204898497203, 24311.948484086133, 31732.204898497203, 31648.83151181016, 24587.67731850978, 31648.83151181016
163, 31763.512796791663, 24375.84128928294, 31763.512796791663, 31657.86558181412, 24590.22157447151, 31657.86558181412
164, 31763.512796791663, 24375.84128928294, 31763.512796791663, 31670.25874676319, 24577.765313542754, 31670.25874676319
165, 31763.512796791663, 24375.84128928294, 31763.512796791663, 31681.2475486791, 24552.24386623638, 31681.2475486791
166, 31763.512796791663, 24375.84128928294, 31763.512796791663, 31693.541717242726, 24552.296632292295, 31693.541717242726
167, 31763.512796791663, 24375.84128928294, 31763.512796791663, 31703.15567377233, 24514.26571398336, 31703.15567377233
168, 31763.512796791663, 24375.84128928294, 31763.512796791663, 31719.547503456306, 24452.642313356107, 31719.547503456306
169, 31825.510532095937, 24241.53625350686, 31825.510532095937, 31734.121470204587, 24401.260528592622, 31734.121470204587
170, 31825.510532095937, 24241.53625350686, 31825.510532095937, 31738.092611653075, 24343.242900016274, 31738.092611653075
171, 31825.510532095937, 24241.53625350686, 31825.510532095937, 31742.782081377456, 24368.46987547859, 31742.782081377456
172, 31825.510532095937, 24241.53625350686, 31825.510532095937, 31749.837308829017, 24408.41008501675, 31749.837308829017
173, 31932.988489913558, 24339.60238503704, 31932.988489913558, 31761.91493665137, 24445.668471294255, 31761.91493665137
174, 31932.988489913558, 24339.60238503704, 31932.988489913558, 31769.34974021119, 24392.148189255855, 31769.34974021119
175, 31932.988489913558, 24339.60238503704, 31932.988489913558, 31773.91510206105, 24353.87378278317, 31773.91510206105
176, 31932.988489913558, 24339.60238503704, 31932.988489913558, 31781.765560387546, 24338.0356397001, 31781.765560387546
177, 31932.988489913558, 24339.60238503704, 31932.988489913558, 31792.507808468916, 24320.43429679194, 31792.507808468916
178, 31932.988489913558, 24339.60238503704, 31932.988489913558, 31805.83207987222, 24345.618508761203, 31805.83207987222
179, 31932.988489913558, 24339.60238503704, 31932.988489913558, 31820.44578553389, 24312.778490352743, 31820.44578553389
180, 31972.4649319695, 24558.815791392506, 31972.4649319695, 31835.047833392648, 24327.88115528419, 31835.047833392648
181, 31972.4649319695, 24558.815791392506, 31972.4649319695, 31848.170953321027, 24297.186321420024, 31848.170953321027
182, 31972.4649319695, 24558.815791392506, 31972.4649319695, 31864.17989263397, 24329.590886672824, 31864.17989263397
183, 31990.86765443135, 24555.70918305816, 31990.86765443135, 31888.500276378993, 24376.532821481964, 31888.500276378993
184, 31990.86765443135, 24555.70918305816, 31990.86765443135, 31917.975996316516, 24370.338497847348, 31917.975996316516
185, 31990.86765443135, 24555.70918305816, 31990.86765443135, 31936.845349637137, 24362.924538753912, 31936.845349637137
186, 32024.497204733238, 24674.90189569204, 32024.497204733238, 31941.698128789314, 24385.44767782513, 31941.698128789314
187, 32024.497204733238, 24674.90189569204, 32024.497204733238, 31946.772838996563, 24412.806649967766, 31946.772838996563
188, 32024.497204733238, 24674.90189569204, 32024.497204733238, 31958.049663010766, 24473.42659117075, 31958.049663010766
189, 32024.497204733238, 24674.90189569204, 32024.497204733238, 31973.519971728892, 24554.891929607005, 31973.519971728892
190, 32069.91943907477, 24655.654007648336, 32069.91943907477, 31979.04277923725, 24566.826368819096, 31979.04277923725
191, 32110.257239946597, 24638.675683036123, 32110.257239946597, 31983.384549244784, 24572.718260063753, 31983.384549244784
192, 32167.709229934142, 24475.882767151943, 32167.709229934142, 31990.099022730043, 24578.61461094271, 31990.099022730043
193, 32167.709229934142, 24475.882767151943, 32167.709229934142, 31999.578383706976, 24589.418774518555, 31999.578383706976
194, 32167.709229934142, 24475.882767151943, 32167.709229934142, 32011.215564010272, 24612.79174698133, 32011.215564010272
195, 32167.709229934142, 24475.882767151943, 32167.709229934142, 32022.55239437816, 24649.4449167195, 32022.55239437816
196, 32167.709229934142, 24475.882767151943, 32167.709229934142, 32031.961945521485, 24662.579863002196, 32031.961945521485
197, 32167.709229934142, 24475.882767151943, 32167.709229934142, 32037.08937802501, 24655.17611894112, 32037.08937802501
198, 32167.709229934142, 24475.882767151943, 32167.709229934142, 32046.34611540819, 24638.981516617612, 32046.34611540819
199, 32167.709229934142, 24475.882767151943, 32167.709229934142, 32060.824790030496, 24610.15058984067, 32060.824790030496
200, 32368.05158780811, 24474.001808305507, 32368.05158780811, 32085.051485994314, 24573.105009669875, 32085.051485994314
201, 32368.05158780811, 24474.001808305507, 32368.05158780811, 32115.327993354284, 24581.963418949334, 32115.327993354284
202, 32368.05158780811, 24474.001808305507, 32368.05158780811, 32135.679127439842, 24572.960774649397, 32135.679127439842
203, 32368.05158780811, 24474.001808305507, 32368.05158780811, 32148.3437673853, 24542.43372867194, 32148.3437673853
204, 32368.05158780811, 24474.001808305507, 32368.05158780811, 32170.731147227958, 24486.299122964774, 32170.731147227958
205, 32368.05158780811, 24474.001808305507, 32368.05158780811, 32177.13812943783, 24477.04040374301, 32177.13812943783
206, 32368.05158780811, 24474.001808305507, 32368.05158780811, 32180.70449399928, 24478.034759958293, 32180.70449399928
207, 32368.05158780811, 24474.001808305507, 32368.05158780811, 32186.530702052456, 24478.91860425273, 32186.530702052456
208, 32368.05158780811, 24474.001808305507, 32368.05158780811, 32195.429097275446, 24480.19488397957, 32195.429097275446
209, 32368.05158780811, 24474.001808305507, 32368.05158780811, 32223.372300066534, 24479.41210017837, 32223.372300066534
210, 32368.05158780811, 24474.001808305507, 32368.05158780811, 32249.44626102478, 24482.66714789732, 32249.44626102478
211, 32368.05158780811, 24474.001808305507, 32368.05158780811, 32283.697884308058, 24451.306524521333, 32283.697884308058
212, 32368.05158780811, 24474.001808305507, 32368.05158780811, 32319.868825743662, 24467.277915422135, 32319.868825743662
213, 32401.1262503659, 24515.832779820023, 32401.1262503659, 32367.1960722767, 24475.429139298223, 32367.1960722767
214, 32401.1262503659, 24515.832779820023, 32401.1262503659, 32368.521413969724, 24474.628981906528, 32368.521413969724
215, 32401.1262503659, 24515.832779820023, 32401.1262503659, 32368.660493505864, 24474.837845792343, 32368.660493505864
216, 32425.343948622194, 24408.712705003196, 32425.343948622194, 32369.30445312774, 24474.34980263829, 32369.30445312774
217, 32425.343948622194, 24408.712705003196, 32425.343948622194, 32370.234796492445, 24475.507549731774, 32370.234796492445
218, 32428.62962354817, 24543.91854790665, 32428.62962354817, 32371.32027708443, 24476.552049358303, 32371.32027708443
219, 32428.62962354817, 24543.91854790665, 32428.62962354817, 32373.22684738118, 24477.513560010422, 32373.22684738118
220, 32488.238553090836, 24613.991327118405, 32488.238553090836, 32377.493775010913, 24482.25378674074, 32377.493775010913
221, 32488.238553090836, 24613.991327118405, 32488.238553090836, 32383.593584131653, 24485.498072275328, 32383.593584131653
222, 32488.238553090836, 24613.991327118405, 32488.238553090836, 32389.818586725556, 24487.858556669824, 32389.818586725556
223, 32488.238553090836, 24613.991327118405, 32488.238553090836, 32402.46851924271, 24496.501100763828, 32402.46851924271
224, 32611.367947277122, 24555.637563353608, 32611.367947277122, 32413.05436610432, 24494.83733939669, 32413.05436610432
225, 32611.367947277122, 24555.637563353608, 32611.367947277122, 32420.906773618917, 24473.084829513355, 32420.906773618917
226, 32611.367947277122, 24555.637563353608, 32611.367947277122, 32426.0814893424, 24495.222746369476, 32426.0814893424
227, 32611.367947277122, 24555.637563353608, 32611.367947277122, 32429.462424331363, 24505.216850049615, 32429.462424331363
228, 32611.367947277122, 24555.637563353608, 32611.367947277122, 32436.49819828397, 24493.33982356329, 32436.49819828397
229, 32611.367947277122, 24555.637563353608, 32611.367947277122, 32443.59865421569, 24541.80059972543, 32443.59865421569
230, 32611.367947277122, 24555.637563353608, 32611.367947277122, 32454.155167852572, 24554.33083317909, 32454.155167852572
231, 32611.367947277122, 24555.637563353608, 32611.367947277122, 32468.930908468872, 24560.132867454853, 32468.930908468872
232, 32611.367947277122, 24555.637563353608, 32611.367947277122, 32493.961165007448, 24574.975304729567, 32493.961165007448
233, 32611.367947277122, 24555.637563353608, 32611.367947277122, 32526.31221511787, 24587.578559273625, 32526.31221511787
234, 32611.367947277122, 24555.637563353608, 32611.367947277122, 32554.2533816305, 24592.407731094834, 32554.2533816305
235, 32611.964543450067, 24519.772188813287, 32611.964543450067, 32585.244063280184, 24571.059434371607, 32585.244063280184
236, 32611.964543450067, 24519.772188813287, 32611.964543450067, 32611.379879200438, 24554.920255862697, 32611.379879200438
237, 32611.964543450067, 24519.772188813287, 32611.964543450067, 32611.385845162164, 24554.561602117294, 32611.385845162164
238, 32611.964543450067, 24519.772188813287, 32611.964543450067, 32611.39479410476, 24554.02362149919, 32611.39479410476
239, 32611.964543450067, 24519.772188813287, 32611.964543450067, 32611.40672602822, 24553.30631400838, 32611.40672602822
240, 32616.101509124357, 24494.3417700735, 32616.101509124357, 32611.454257684374, 24551.565220060365, 32611.454257684374
241, 32735.17839102999, 24377.905340841076, 32735.17839102999, 32612.309504131954, 24548.369801933775, 32612.309504131954
242, 32735.17839102999, 24377.905340841076, 32735.17839102999, 32612.918673005854, 24544.117281449606, 32612.918673005854
243, 32735.17839102999, 24377.905340841076, 32735.17839102999, 32614.78500459865, 24535.391532475165, 32614.78500459865
244, 32735.17839102999, 24377.905340841076, 32735.17839102999, 32615.76713216045, 24526.753423535494, 32615.76713216045
245, 32735.17839102999, 24377.905340841076, 32735.17839102999, 32618.48318563204, 24509.342274257346, 32618.48318563204
246, 32735.17839102999, 24377.905340841076, 32735.17839102999, 32622.22852206881, 24504.173855396642, 32622.22852206881
247, 32735.17839102999, 24377.905340841076, 32735.17839102999, 32629.553887754457, 24493.27408155686, 32629.553887754457
248, 32827.857590197, 24558.246821437326, 32827.857590197, 32640.618345161187, 24477.970688438545, 32640.618345161187
249, 32827.857590197, 24558.246821437326, 32827.857590197, 32654.34335581113, 24483.369279276452, 32654.34335581113
250, 32827.857590197, 24558.246821437326, 32827.857590197, 32658.444090516427, 24485.891946764797, 32658.444090516427
251, 32827.857590197, 24558.246821437326, 32827.857590197, 32662.567778943278, 24483.17459385602, 32662.567778943278
252, 32827.857590197, 24558.246821437326, 32827.857590197, 32666.56676598294, 24481.138369432017, 32666.56676598294
253, 32827.857590197, 24558.246821437326, 32827.857590197, 32678.3867876392, 24477.67060787921, 32678.3867876392
254, 32827.857590197, 24558.246821437326, 32827.857590197, 32700.21107586597, 24467.264114891976, 32700.21107586597
255, 32827.857590197, 24558.246821437326, 32827.857590197, 32733.908444517976, 24459.947441784378, 32733.908444517976
256, 32827.857590197, 24558.246821437326, 32827.857590197, 32756.137089660842, 24457.798739481463, 32756.137089660842
257, 32827.857590197, 24558.246821437326, 32827.857590197, 32769.77474012217, 24507.30899858834, 32769.77474012217
258, 32827.857590197, 24558.246821437326, 32827.857590197, 32783.38204948107, 24566.672702553777, 32783.38204948107
259, 32827.857590197, 24558.246821437326, 32827.857590197, 32812.333183083036, 24553.65404944272, 32812.333183083036
260, 32827.857590197, 24558.246821437326, 32827.857590197, 32827.85759019693, 24558.246821437348, 32827.85759019693
261, 32887.14932679446, 24484.94450862662, 32887.14932679446, 32828.15404887992, 24557.880309873293, 32828.15404887992
262, 32887.14932679446, 24484.94450862662, 32887.14932679446, 32828.450507562906, 24557.51379830924, 32828.450507562906
263, 32887.14932679446, 24484.94450862662, 32887.14932679446, 32829.04342492888, 24556.780775181134, 32829.04342492888
264, 32887.14932679446, 24484.94450862662, 32887.14932679446, 32829.93280097785, 24555.68124048897, 32829.93280097785
265, 32972.35576478921, 24549.528971349515, 32972.35576478921, 32831.84112658275, 24554.171604982323, 32831.84112658275
266, 32972.35576478921, 24549.528971349515, 32972.35576478921, 32833.91633736366, 24551.606024033943, 32833.91633736366
267, 32972.35576478921, 24549.528971349515, 32972.35576478921, 32837.90705734211, 24547.36038608793, 32837.90705734211
268, 32972.35576478921, 24549.528971349515, 32972.35576478921, 32845.577671430765, 24539.576464741927, 32845.577671430765
269, 32972.35576478921, 24549.528971349515, 32972.35576478921, 32857.6037524322, 24526.88760408356, 32857.6037524322
270, 32972.35576478921, 24549.528971349515, 32972.35576478921, 32877.04428549179, 24507.709423804772, 32877.04428549179
271, 32972.35576478921, 24549.528971349515, 32972.35576478921, 32897.80013154388, 24493.017566467024, 32897.80013154388
272, 32972.35576478921, 24549.528971349515, 32972.35576478921, 32904.64698803816, 24498.800398450414, 32904.64698803816
273, 32972.35576478921, 24549.528971349515, 32972.35576478921, 32911.95021817711, 24505.52222771299, 32911.95021817711
274, 32972.35576478921, 24549.528971349515, 32972.35576478921, 32923.60865256392, 24514.780748688107, 32923.60865256392
275, 32972.35576478921, 24549.528971349515, 32972.35576478921, 32941.6943402735, 24530.652275586755, 32941.6943402735
276, 32972.35576478921, 24549.528971349515, 32972.35576478921, 32967.52762749198, 24551.010670107786, 32967.52762749198
277, 32972.35576478921, 24549.528971349515, 32972.35576478921, 32972.35576478927, 24549.528971349504, 32972.35576478927
278, 33014.51792496737, 24384.049074012597, 33014.51792496737, 32972.566575590165, 24548.701571862817, 32972.566575590165
279, 33014.51792496737, 24384.049074012597, 33014.51792496737, 32972.77738639105, 24547.874172376134, 32972.77738639105
280, 33014.51792496737, 24384.049074012597, 33014.51792496737, 32972.988197191946, 24547.046772889447, 32972.988197191946
281, 33014.51792496737, 24384.049074012597, 33014.51792496737, 32973.19900799284, 24546.219373402768, 32973.19900799284
282, 33014.51792496737, 24384.049074012597, 33014.51792496737, 32974.0422511964, 24542.909775456028, 32974.0422511964
283, 33014.51792496737, 24384.049074012597, 33014.51792496737, 32974.88549439996, 24539.600177509292, 32974.88549439996
284, 33014.51792496737, 24384.049074012597, 33014.51792496737, 32977.014425370886, 24531.151542345746, 32977.014425370886
285, 33014.51792496737, 24384.049074012597, 33014.51792496737, 32980.1532824691, 24518.78780522653, 32980.1532824691
286, 33014.51792496737, 24384.049074012597, 33014.51792496737, 32984.73710985003, 24499.70954080969, 32984.73710985003
287, 33027.078225002326, 24315.072386013635, 33027.078225002326, 32991.832943219895, 24471.35784396452, 32991.832943219895
288, 33027.078225002326, 24315.072386013635, 33027.078225002326, 33005.54505392634, 24416.7098541799, 33005.54505392634
289, 33027.078225002326, 24315.072386013635, 33027.078225002326, 33015.02033696868, 24381.290006492734, 33015.02033696868
290, 33027.078225002326, 24315.072386013635, 33027.078225002326, 33015.14593996903, 24380.600239612744, 33015.14593996903
291, 33027.078225002326, 24315.072386013635, 33027.078225002326, 33015.62233884389, 24377.864114413256, 33015.62233884389
292, 33027.078225002326, 24315.072386013635, 33027.078225002326, 33016.538348219976, 24372.713805133804, 33016.538348219976
293, 33027.078225002326, 24315.072386013635, 33027.078225002326, 33017.229164721895, 24368.92008729386, 33017.229164721895
294, 33038.957197028554, 24291.627030902455, 33038.957197028554, 33019.24618133454, 24357.81247507941, 33019.24618133454
295, 33039.269957239936, 24564.655339438825, 33039.269957239936, 33022.378372207066, 24343.308122163362, 33022.378372207066
296, 33043.9369333373, 24575.998279244934, 33043.9369333373, 33026.58328622697, 24325.98856465089, 33026.58328622697
297, 33043.9369333373, 24575.998279244934, 33043.9369333373, 33027.468832536106, 24320.124180008723, 33027.468832536106
298, 33072.163390069705, 24328.785715479655, 33072.163390069705, 33027.93961369229, 24322.69199641784, 33027.93961369229
299, 33072.163390069705, 24328.785715479655, 33072.163390069705, 33028.82590106374, 24331.73346306374, 33028.82590106374
300, 33072.163390069705, 24328.785715479655, 33072.163390069705, 33029.64496736026, 24342.914204664805, 33029.64496736026
301, 33072.163390069705, 24328.785715479655, 33072.163390069705, 33031.43434400654, 24360.69753798571, 33031.43434400654
302, 33072.163390069705, 24328.785715479655, 33072.163390069705, 33034.44826207685, 24387.306953954743, 33034.44826207685
303, 33072.163390069705, 24328.785715479655, 33072.163390069705, 33038.51397662039, 24429.825224502405, 33038.51397662039
304, 33072.163390069705, 24328.785715479655, 33072.163390069705, 33042.366714463256, 24428.91545642429, 33042.366714463256
305, 33072.163390069705, 24328.785715479655, 33072.163390069705, 33044.17341360848, 24505.294806466023, 33044.17341360848
306, 33072.163390069705, 24328.785715479655, 33072.163390069705, 33048.06321145063, 24526.02201308091, 33048.06321145063
307, 33072.163390069705, 24328.785715479655, 33072.163390069705, 33052.96939949181, 24496.890258840067, 33052.96939949181
308, 33072.163390069705, 24328.785715479655, 33072.163390069705, 33058.473558554644, 24448.68380890584, 33058.473558554644
309, 33072.163390069705, 24328.785715479655, 33072.163390069705, 33067.103947026386, 24372.20960535907, 33067.103947026386
310, 33072.163390069705, 24328.785715479655, 33072.163390069705, 33072.16339006956, 24328.785715479706, 33072.16339006956
311, 33072.163390069705, 24328.785715479655, 33072.163390069705, 33072.16339006956, 24328.785715479706, 33072.16339006956
312, 33072.163390069705, 24328.785715479655, 33072.163390069705, 33072.16339006956, 24328.785715479706, 33072.16339006956
313, 33095.78116190477, 24221.406991198863, 33095.78116190477, 33072.33971665048, 24328.175206618467, 33072.33971665048
314, 33095.78116190477, 24221.406991198863, 33095.78116190477, 33072.574280953144, 24327.491082517397, 33072.574280953144
315, 33095.78116190477, 24221.406991198863, 33095.78116190477, 33072.71406952494, 24327.45087975189, 33072.71406952494
316, 33156.04368267393, 24384.750081466096, 33156.04368267393, 33073.30979756888, 24327.120192720588, 33073.30979756888
317, 33156.04368267393, 24384.750081466096, 33156.04368267393, 33073.567387917145, 24326.083608712004, 33073.567387917145
318, 33156.04368267393, 24384.750081466096, 33156.04368267393, 33074.061443066465, 24324.432725082286, 33074.061443066465
319, 33156.04368267393, 24384.750081466096, 33156.04368267393, 33074.986557132754, 24323.493422657382, 33074.986557132754
320, 33156.04368267393, 24384.750081466096, 33156.04368267393, 33075.94659579247, 24322.37347727849, 33075.94659579247
321, 33156.04368267393, 24384.750081466096, 33156.04368267393, 33078.69830025311, 24317.832133505897, 33078.69830025311
322, 33156.04368267393, 24384.750081466096, 33156.04368267393, 33082.52966391189, 24310.124427421753, 33082.52966391189
323, 33156.04368267393, 24384.750081466096, 33156.04368267393, 33088.465384652656, 24296.656684644906, 33088.465384652656
324, 33156.04368267393, 24384.750081466096, 33156.04368267393, 33095.20440942707, 24283.574960564667, 33095.20440942707
325, 33156.04368267393, 24384.750081466096, 33156.04368267393, 33102.07936587994, 24262.01488139261, 33102.07936587994
326, 33156.04368267393, 24384.750081466096, 33156.04368267393, 33105.18914876596, 24275.36129651137, 33105.18914876596
327, 33156.04368267393, 24384.750081466096, 33156.04368267393, 33111.14921303276, 24311.64482942977, 33111.14921303276
328, 33156.04368267393, 24384.750081466096, 33156.04368267393, 33117.14573598892, 24343.318182605995, 33117.14573598892
329, 33220.806020374366, 24681.778802657944, 33220.806020374366, 33131.69185998009, 24422.422342312253, 33131.69185998009
330, 33220.806020374366, 24681.778802657944, 33220.806020374366, 33140.29368227893, 24479.189594513555, 33140.29368227893
331, 33220.806020374366, 24681.778802657944, 33220.806020374366, 33142.43054162822, 24468.5408353959, 33142.43054162822
332, 33232.75498995424, 24579.28876689305, 33232.75498995424, 33147.39878774122, 24451.629010087745, 33147.39878774122
333, 33232.75498995424, 24579.28876689305, 33232.75498995424, 33155.57050486968, 24416.88915485559, 33155.57050486968
334, 33232.75498995424, 24579.28876689305, 33232.75498995424, 33160.24659445573, 24402.743447920337, 33160.24659445573
335, 33232.75498995424, 24579.28876689305, 33232.75498995424, 33161.54184120974, 24408.68402234417, 33161.54184120974
336, 33232.75498995424, 24579.28876689305, 33232.75498995424, 33164.13233471776, 24420.565171191847, 33164.13233471776
337, 33232.75498995424, 24579.28876689305, 33232.75498995424, 33168.72544320469, 24440.844731496458, 33168.72544320469
338, 33232.75498995424, 24579.28876689305, 33232.75498995424, 33179.14052191592, 24486.54337628508, 33179.14052191592
339, 33232.75498995424, 24579.28876689305, 33232.75498995424, 33192.74061283302, 24548.91940773539, 33192.74061283302
340, 33232.75498995424, 24579.28876689305, 33232.75498995424, 33217.45651051753, 24658.138420584073, 33217.45651051753
341, 33250.78329212145, 24593.727967705312, 33250.78329212145, 33221.792334603735, 24674.164245979584, 33221.792334603735
342, 33250.78329212145, 24593.727967705312, 33250.78329212145, 33222.42017974566, 24669.624390374225, 33222.42017974566
343, 33250.78329212145, 24593.727967705312, 33250.78329212145, 33223.525983670785, 24660.984933338277, 33223.525983670785
344, 33250.78329212145, 24593.727967705312, 33250.78329212145, 33225.4996606074, 24647.437562526266, 33225.4996606074
345, 33250.78329212145, 24593.727967705312, 33250.78329212145, 33229.17763842609, 24621.80797543465, 33229.17763842609
346, 33261.58640680784, 24473.729992666435, 33261.58640680784, 33234.972401787854, 24580.421481115292, 33234.972401787854
347, 33261.58640680784, 24473.729992666435, 33261.58640680784, 33236.73910606718, 24581.193215317264, 33236.73910606718
348, 33318.1486994541, 24640.637726417495, 33318.1486994541, 33239.203203426514, 24582.48828232904, 33239.203203426514
349, 33318.1486994541, 24640.637726417495, 33318.1486994541, 33242.496464019365, 24583.160937622903, 33242.496464019365
350, 33318.1486994541, 24640.637726417495, 33318.1486994541, 33248.02502608168, 24583.694131384542, 33248.02502608168
351, 33318.1486994541, 24640.637726417495, 33318.1486994541, 33253.77653466308, 24584.335442713145, 33253.77653466308
352, 33345.54688024904, 24608.462316341727, 33345.54688024904, 33255.45142881529, 24575.043825246772, 33255.45142881529
353, 33345.54688024904, 24608.462316341727, 33345.54688024904, 33257.73322787133, 24562.986807197998, 33257.73322787133
354, 33345.54688024904, 24608.462316341727, 33345.54688024904, 33261.73700151059, 24547.934256647193, 33261.73700151059
355, 33345.54688024904, 24608.462316341727, 33345.54688024904, 33268.883280828304, 24524.218395373307, 33268.883280828304
356, 33345.54688024904, 24608.462316341727, 33345.54688024904, 33276.93334421152, 24517.603022345676, 33276.93334421152
357, 33345.54688024904, 24608.462316341727, 33345.54688024904, 33286.495891101986, 24546.102448469777, 33286.495891101986
358, 33345.54688024904, 24608.462316341727, 33345.54688024904, 33304.23348146039, 24595.334617679237, 33304.23348146039
359, 33345.54688024904, 24608.462316341727, 33345.54688024904, 33321.57347205342, 24636.61580015797, 33321.57347205342
360, 33345.54688024904, 24608.462316341727, 33345.54688024904, 33324.45028103688, 24633.23738210001, 33324.45028103688
361, 33345.54688024904, 24608.462316341727, 33345.54688024904, 33329.518944483934, 24627.284931235983, 33329.518944483934
362, 33345.54688024904, 24608.462316341727, 33345.54688024904, 33337.74037206408, 24617.550622716102, 33337.74037206408
363, 33345.54688024904, 24608.462316341727, 33345.54688024904, 33345.546880248956, 24608.4623163417, 33345.546880248956
364, 33345.54688024904, 24608.462316341727, 33345.54688024904, 33345.546880248956, 24608.4623163417, 33345.546880248956
365, 33345.54688024904, 24608.462316341727, 33345.54688024904, 33345.546880248956, 24608.4623163417, 33345.546880248956
366, 33345.54688024904, 24608.462316341727, 33345.54688024904, 33345.546880248956, 24608.4623163417, 33345.546880248956
367, 33345.54688024904, 24608.462316341727, 33345.54688024904, 33345.546880248956, 24608.4623163417, 33345.546880248956
368, 33345.54688024904, 24608.462316341727, 33345.54688024904, 33345.546880248956, 24608.4623163417, 33345.546880248956
369, 33345.54688024904, 24608.462316341727, 33345.54688024904, 33345.546880248956, 24608.4623163417, 33345.546880248956
370, 33345.54688024904, 24608.462316341727, 33345.54688024904, 33345.546880248956, 24608.4623163417, 33345.546880248956
371, 33345.54688024904, 24608.462316341727, 33345.54688024904, 33345.546880248956, 24608.4623163417, 33345.546880248956
372, 33353.669906238494, 24598.092953054176, 33353.669906238494, 33345.5874953789, 24608.410469525264, 33345.5874953789
373, 33353.669906238494, 24598.092953054176, 33353.669906238494, 33345.62811050885, 24608.358622708827, 33345.62811050885
374, 33422.06954089191, 24642.54990323039, 33422.06954089191, 33346.09195407196, 24608.425367010394, 33346.09195407196
375, 33422.06954089191, 24642.54990323039, 33422.06954089191, 33346.213799461795, 24608.26982656108, 33346.213799461795
376, 33422.06954089191, 24642.54990323039, 33422.06954089191, 33347.10087145807, 24608.455161980655, 33347.10087145807
377, 33422.06954089191, 24642.54990323039, 33422.06954089191, 33347.645945281074, 24608.418212649347, 33347.645945281074
378, 33422.06954089191, 24642.54990323039, 33422.06954089191, 33349.28116675008, 24608.30736465543, 33349.28116675008
379, 33422.06954089191, 24642.54990323039, 33422.06954089191, 33352.047150995066, 24608.070771182465, 33352.047150995066
380, 33422.06954089191, 24642.54990323039, 33422.06954089191, 33357.81634940214, 24608.612468719104, 33357.81634940214
381, 33422.06954089191, 24642.54990323039, 33422.06954089191, 33365.34261466801, 24608.887777812513, 33365.34261466801
382, 33422.06954089191, 24642.54990323039, 33422.06954089191, 33373.84779846111, 24611.207753356186, 33373.84779846111
383, 33422.06954089191, 24642.54990323039, 33422.06954089191, 33387.52772539176, 24620.099143391402, 33387.52772539176
384, 33422.06954089191, 24642.54990323039, 33422.06954089191, 33405.31163040166, 24631.657950437173, 33405.31163040166
385, 33422.06954089191, 24642.54990323039, 33422.06954089191, 33422.06954089182, 24642.54990323037, 33422.06954089182
386, 33422.06954089191, 24642.54990323039, 33422.06954089191, 33422.06954089182, 24642.54990323037, 33422.06954089182
387, 33422.06954089191, 24642.54990323039, 33422.06954089191, 33422.06954089182, 24642.54990323037, 33422.06954089182
388, 33462.366448348264, 24683.538958451376, 33462.366448348264, 33422.2710254291, 24642.754848506473, 33422.2710254291
389, 33462.366448348264, 24683.538958451376, 33462.366448348264, 33422.364653618846, 24642.93617890461, 33422.364653618846
390, 33462.366448348264, 24683.538958451376, 33462.366448348264, 33422.45828180859, 24643.117509302738, 33422.45828180859
391, 33462.366448348264, 24683.538958451376, 33462.366448348264, 33422.83279456756, 24643.842830895268, 33422.83279456756
392, 33462.366448348264, 24683.538958451376, 33462.366448348264, 33423.46096084641, 24644.740406428566, 33423.46096084641
393, 33462.366448348264, 24683.538958451376, 33462.366448348264, 33424.40795251928, 24646.306997341075, 33424.40795251928
394, 33462.366448348264, 24683.538958451376, 33462.366448348264, 33426.213051323866, 24648.66067802267, 33426.213051323866
395, 33462.366448348264, 24683.538958451376, 33462.366448348264, 33429.328944784895, 24653.552984278132, 33429.328944784895
396, 33479.40834360992, 24554.19442415421, 33479.40834360992, 33434.59828455589, 24660.76495770961, 33434.59828455589
397, 33479.40834360992, 24554.19442415421, 33479.40834360992, 33442.3637702225, 24672.799714932822, 33442.3637702225
398, 33479.40834360992, 24554.19442415421, 33479.40834360992, 33447.32653373985, 24677.59551545795, 33447.32653373985
399, 33479.40834360992, 24554.19442415421, 33479.40834360992, 33451.186108626935, 24676.407658950375, 33451.186108626935
400, 33479.40834360992, 24554.19442415421, 33479.40834360992, 33456.83059082199, 24675.7429442524, 33456.83059082199
401, 33479.40834360992, 24554.19442415421, 33479.40834360992, 33459.782021164574, 24678.72717355798, 33459.782021164574
402, 33479.40834360992, 24554.19442415421, 33479.40834360992, 33462.792495729875, 24680.305345093962, 33462.792495729875
403, 33479.40834360992, 24554.19442415421, 33479.40834360992, 33462.96291468249, 24679.011899750993, 33462.96291468249
404, 33479.40834360992, 24554.19442415421, 33479.40834360992, 33463.38896206403, 24675.778286393564, 33463.38896206403
405, 33479.40834360992, 24554.19442415421, 33479.40834360992, 33463.81500944557, 24672.544673036133, 33463.81500944557
406, 33479.40834360992, 24554.19442415421, 33479.40834360992, 33464.41147577973, 24668.01761433573, 33464.41147577973
407, 33479.40834360992, 24554.19442415421, 33479.40834360992, 33465.77482740066, 24657.67005159196, 33465.77482740066
408, 33479.40834360992, 24554.19442415421, 33479.40834360992, 33469.012787500375, 24633.094590075485, 33469.012787500375
409, 33539.995998125036, 24688.29124354481, 33539.995998125036, 33472.80931430156, 24607.249444641544, 33472.80931430156
410, 33539.995998125036, 24688.29124354481, 33539.995998125036, 33478.859187119546, 24561.33213496606, 33478.859187119546
411, 33539.995998125036, 24688.29124354481, 33539.995998125036, 33480.46842850693, 24556.69584944547, 33480.46842850693
412, 33539.995998125036, 24688.29124354481, 33539.995998125036, 33481.377243324656, 24558.70730173633, 33481.377243324656
413, 33539.995998125036, 24688.29124354481, 33539.995998125036, 33482.134389948944, 24560.538242930612, 33482.134389948944
414, 33539.995998125036, 24688.29124354481, 33539.995998125036, 33484.25495785698, 24565.231631609284, 33484.25495785698
415, 33539.995998125036, 24688.29124354481, 33539.995998125036, 33487.91031506031, 24573.17882715327, 33487.91031506031
416, 33539.995998125036, 24688.29124354481, 33539.995998125036, 33493.66614223924, 24585.918024995375, 33493.66614223924
417, 33539.995998125036, 24688.29124354481, 33539.995998125036, 33502.773990234644, 24606.243396188314, 33502.773990234644
418, 33549.176576282145, 24617.851296731715, 33549.176576282145, 33518.78345094714, 24641.569425445454, 33518.78345094714
419, 33549.176576282145, 24617.851296731715, 33549.176576282145, 33539.02612655242, 24686.32326640062, 33539.02612655242
420, 33549.176576282145, 24617.851296731715, 33549.176576282145, 33540.087803906456, 24687.586844076654, 33540.087803906456
421, 33549.176576282145, 24617.851296731715, 33549.176576282145, 33540.17960968802, 24686.882444608524, 33540.17960968802
422, 33549.176576282145, 24617.851296731715, 33549.176576282145, 33540.22551257881, 24686.530244874455, 33540.22551257881
423, 33549.176576282145, 24617.851296731715, 33549.176576282145, 33540.363221251166, 24685.473645672257, 33540.363221251166
424, 33549.176576282145, 24617.851296731715, 33549.176576282145, 33540.45502703274, 24684.769246204127, 33540.45502703274
425, 33549.176576282145, 24617.851296731715, 33549.176576282145, 33540.82225015902, 24681.951648331607, 33540.82225015902
426, 33549.176576282145, 24617.851296731715, 33549.176576282145, 33541.23537617609, 24678.78185072502, 33541.23537617609
427, 33549.176576282145, 24617.851296731715, 33549.176576282145, 33542.06162821023, 24672.442255511844, 33542.06162821023
428, 33551.86627256273, 24660.38249058356, 33551.86627256273, 33543.17674607049, 24664.20211786354, 33543.17674607049
429, 33551.86627256273, 24660.38249058356, 33551.86627256273, 33545.24237615588, 24648.353129830604, 33545.24237615588
430, 33551.86627256273, 24660.38249058356, 33551.86627256273, 33548.226064057, 24625.460147116344, 33548.226064057
431, 33551.86627256273, 24660.38249058356, 33551.86627256273, 33549.19002476352, 24618.063952700923, 33549.19002476352
432, 33551.86627256273, 24660.38249058356, 33551.86627256273, 33549.19002476352, 24618.063952700923, 33549.19002476352
433, 33551.86627256273, 24660.38249058356, 33551.86627256273, 33549.203473244925, 24618.27660867018, 33549.203473244925
434, 33551.86627256273, 24660.38249058356, 33551.86627256273, 33549.203473244925, 24618.27660867018, 33549.203473244925
435, 33551.86627256273, 24660.38249058356, 33551.86627256273, 33549.203473244925, 24618.27660867018, 33549.203473244925
436, 33551.86627256273, 24660.38249058356, 33551.86627256273, 33549.21692172633, 24618.489264639444, 33549.21692172633
437, 33555.44440788827, 24519.630305350543, 33555.44440788827, 33549.275157847165, 24618.423471621056, 33549.275157847165
438, 33555.44440788827, 24519.630305350543, 33555.44440788827, 33549.40814411976, 24616.889421513835, 33549.40814411976
439, 33555.44440788827, 24519.630305350543, 33555.44440788827, 33549.50979123433, 24615.846476363527, 33549.50979123433
440, 33555.44440788827, 24519.630305350543, 33555.44440788827, 33549.710019913946, 24615.3757061026, 33549.710019913946
441, 33555.44440788827, 24519.630305350543, 33555.44440788827, 33550.01464899953, 24615.25939697992, 33550.01464899953
442, 33555.44440788827, 24519.630305350543, 33555.44440788827, 33550.376259455974, 24617.340498350095, 33550.376259455974
443, 33555.44440788827, 24519.630305350543, 33555.44440788827, 33551.12625543588, 24618.966106373464, 33551.12625543588
444, 33555.44440788827, 24519.630305350543, 33555.44440788827, 33552.34076373695, 24619.36666710548, 33552.34076373695
445, 33614.76171271393, 24515.6784342901, 33614.76171271393, 33553.41520645091, 24611.099466396765, 33553.41520645091
446, 33614.76171271393, 24515.6784342901, 33614.76171271393, 33554.67788951294, 24573.076617028568, 33554.67788951294
447, 33614.76171271393, 24515.6784342901, 33614.76171271393, 33556.03758093666, 24519.590786640052, 33556.03758093666
448, 33614.76171271393, 24515.6784342901, 33614.76171271393, 33556.03758093666, 24519.590786640052, 33556.03758093666
449, 33614.76171271393, 24515.6784342901, 33614.76171271393, 33556.33416746079, 24519.571027284754, 33556.33416746079
450, 33614.76171271393, 24515.6784342901, 33614.76171271393, 33556.630753984915, 24519.551267929448, 33556.630753984915
451, 33614.76171271393, 24515.6784342901, 33614.76171271393, 33557.81710008143, 24519.472230508243, 33557.81710008143
452, 33614.76171271393, 24515.6784342901, 33614.76171271393, 33559.5966192262, 24519.35367437643, 33559.5966192262
453, 33614.76171271393, 24515.6784342901, 33614.76171271393, 33562.56248446749, 24519.156080823406, 33562.56248446749
454, 33614.76171271393, 24515.6784342901, 33614.76171271393, 33565.231763184645, 24518.97824662569, 33565.231763184645
455, 33614.76171271393, 24515.6784342901, 33614.76171271393, 33569.38397452244, 24518.701615651455, 33569.38397452244
456, 33660.209611094324, 24590.944992703044, 33660.209611094324, 33579.39856931059, 24518.425889718532, 33579.39856931059
457, 33660.209611094324, 24590.944992703044, 33660.209611094324, 33592.151789848154, 24517.576237440477, 33592.151789848154
458, 33660.209611094324, 24590.944992703044, 33660.209611094324, 33610.83674086816, 24516.331398056336, 33610.83674086816
459, 33660.209611094324, 24590.944992703044, 33660.209611094324, 33615.216191697844, 24516.43109987415, 33615.216191697844
460, 33660.209611094324, 24590.944992703044, 33660.209611094324, 33615.67067068165, 24517.183765458278, 33615.67067068165
461, 33660.209611094324, 24590.944992703044, 33660.209611094324, 33616.4226469212, 24517.97440256157, 33616.4226469212
462, 33660.209611094324, 24590.944992703044, 33660.209611094324, 33617.78608387262, 24520.232399313958, 33617.78608387262
463, 33660.209611094324, 24590.944992703044, 33660.209611094324, 33618.922281332125, 24522.11406327428, 33618.922281332125
464, 33660.209611094324, 24590.944992703044, 33660.209611094324, 33620.512957775434, 24524.748392818732, 33620.512957775434
465, 33660.209611094324, 24590.944992703044, 33660.209611094324, 33623.46707117016, 24529.64071911557, 33623.46707117016
466, 33660.209611094324, 24590.944992703044, 33660.209611094324, 33629.51581348732, 24538.748649163474, 33629.51581348732
467, 33660.209611094324, 24590.944992703044, 33660.209611094324, 33636.01903478829, 24548.6092447955, 33636.01903478829
468, 33660.209611094324, 24590.944992703044, 33660.209611094324, 33647.81902216684, 24566.78713337209, 33647.81902216684
469, 33660.209611094324, 24590.944992703044, 33660.209611094324, 33660.209611094484, 24590.944992703066, 33660.209611094484
470, 33660.209611094324, 24590.944992703044, 33660.209611094324, 33660.209611094484, 24590.944992703066, 33660.209611094484
471, 33670.40632159548, 24562.210636707987, 33670.40632159548, 33660.260594646985, 24590.80132092309, 33660.260594646985
472, 33670.40632159548, 24562.210636707987, 33670.40632159548, 33660.260594646985, 24590.80132092309, 33660.260594646985
473, 33670.40632159548, 24562.210636707987, 33670.40632159548, 33660.31157819949, 24590.657649143115, 33660.31157819949
474, 33670.40632159548, 24562.210636707987, 33670.40632159548, 33660.362561752, 24590.513977363138, 33660.362561752
475, 33670.40632159548, 24562.210636707987, 33670.40632159548, 33660.4135453045, 24590.370305583165, 33660.4135453045
476, 33670.40632159548, 24562.210636707987, 33670.40632159548, 33660.51551240952, 24590.08296202321, 33660.51551240952
477, 33670.40632159548, 24562.210636707987, 33670.40632159548, 33660.617479514534, 24589.79561846326, 33660.617479514534
478, 33675.63137991586, 24617.102354816438, 33675.63137991586, 33660.949506121164, 24589.208046373955, 33660.949506121164
479, 33675.63137991586, 24617.102354816438, 33675.63137991586, 33661.56130875123, 24587.48398501425, 33661.56130875123
480, 33675.63137991586, 24617.102354816438, 33675.63137991586, 33662.53126327953, 24585.446810155776, 33662.53126327953
481, 33679.75659829386, 24536.113796798163, 33679.75659829386, 33663.955837611364, 24582.12977685794, 33663.955837611364
482, 33679.75659829386, 24536.113796798163, 33679.75659829386, 33666.6840911857, 24574.789631109797, 33666.6840911857
483, 33679.75659829386, 24536.113796798163, 33679.75659829386, 33670.58750052903, 24565.530212344307, 33670.58750052903
484, 33679.75659829386, 24536.113796798163, 33679.75659829386, 33670.92332822776, 24567.020407138174, 33670.92332822776
485, 33679.75659829386, 24536.113796798163, 33679.75659829386, 33671.23133252727, 24569.634508844047, 33671.23133252727
486, 33679.75659829386, 24536.113796798163, 33679.75659829386, 33671.76896525149, 24574.039336484162, 33671.76896525149
487, 33679.75659829386, 24536.113796798163, 33679.75659829386, 33672.317596375135, 24579.80296688555, 33672.317596375135
488, 33679.75659829386, 24536.113796798163, 33679.75659829386, 33673.70636532281, 24591.906125252335, 33673.70636532281
489, 33679.75659829386, 24536.113796798163, 33679.75659829386, 33675.89951911026, 24611.838098545275, 33675.89951911026
490, 33679.75659829386, 24536.113796798163, 33679.75659829386, 33676.00264956971, 24609.813384594818, 33676.00264956971
491, 33679.75659829386, 24536.113796798163, 33679.75659829386, 33676.126406121046, 24607.38372785427, 33676.126406121046
492, 33679.75659829386, 24536.113796798163, 33679.75659829386, 33676.47704968318, 24600.49970042272, 33676.47704968318
493, 33679.75659829386, 24536.113796798163, 33679.75659829386, 33676.88957152097, 24592.40084462089, 33676.88957152097
494, 33679.75659829386, 24536.113796798163, 33679.75659829386, 33677.67336301277, 24577.013018597387, 33677.67336301277
495, 33679.75659829386, 24536.113796798163, 33679.75659829386, 33678.91092852623, 24552.716451191813, 33678.91092852623
496, 33679.75659829386, 24536.113796798163, 33679.75659829386, 33679.7565982938, 24536.11379679814, 33679.7565982938
497, 33679.75659829386, 24536.113796798163, 33679.75659829386, 33679.7565982938, 24536.11379679814, 33679.7565982938
498, 33679.75659829386, 24536.113796798163, 33679.75659829386, 33679.7565982938, 24536.11379679814, 33679.7565982938
499, 33679.75659829386, 24536.113796798163, 33679.75659829386, 33679.7565982938, 24536.11379679814, 33679.7565982938
500, 33679.75659829386, 24536.113796798163, 33679.75659829386, 33679.7565982938, 24536.11379679814, 33679.7565982938
