1, 26664.187989483915, 24674.251599950112, 26664.187989483915, 25189.032037579986, 24656.146815545904, 25189.032037579986
2, 26664.187989483915, 24674.251599950112, 26664.187989483915, 25714.055189770246, 24637.059384720462, 25714.055189770246
3, 26696.701522151532, 24614.210414393154, 26696.701522151532, 26011.346603305057, 24599.928439063355, 26011.346603305057
4, 26696.701522151532, 24614.210414393154, 26696.701522151532, 26246.328827705165, 24593.404305990625, 26246.328827705165
5, 27014.40357445868, 24631.625106557407, 27014.40357445868, 26459.47248648998, 24591.664984210205, 26459.47248648998
6, 27036.954945444057, 24464.935506735397, 27036.954945444057, 26606.973995533408, 24569.542882334812, 26606.973995533408
7, 27036.954945444057, 24464.935506735397, 27036.954945444057, 26696.884680123047, 24531.803483920605, 26696.884680123047
8, 27073.250336530968, 24229.65646754843, 27073.250336530968, 26776.789577440963, 24478.35980411129, 26776.789577440963
9, 27112.953016702508, 24212.496748096044, 27112.953016702508, 26856.08979628871, 24469.84896543784, 26856.08979628871
10, 27282.860794760065, 24558.92265265199, 27282.860794760065, 26944.698657202014, 24441.199589865926, 26944.698657202014
11, 27314.35323341256, 23827.82120783835, 27314.35323341256, 27033.884978047776, 24404.741210041804, 27033.884978047776
12, 27318.727136956983, 24589.398941496594, 27318.727136956983, 27112.38937539748, 24391.65289432154, 27112.38937539748
13, 27424.37472831504, 24419.411339053462, 27424.37472831504, 27189.331787070554, 24387.73300703266, 27189.331787070554
14, 27530.85771108515, 23918.583196449137, 27530.85771108515, 27264.78395748818, 24331.21460735692, 27264.78395748818
15, 27609.984181555075, 23921.130458267835, 27609.984181555075, 27328.82655294198, 24318.061016488926, 27328.82655294198
16, 27609.984181555075, 23921.130458267835, 27609.984181555075, 27392.41842329906, 24299.942309178045, 27392.41842329906
17, 27732.19591185597, 23846.522419216122, 27732.19591185597, 27464.941755657186, 24304.482757407717, 27464.941755657186
18, 28054.89926750963, 24474.56911375335, 28054.89926750963, 27538.167802715478, 24232.01367188021, 27538.167802715478
19, 28168.882709124257, 24349.456737557022, 28168.882709124257, 27607.791280352063, 24232.624315232373, 27607.791280352063
20, 28168.882709124257, 24349.456737557022, 28168.882709124257, 27688.58716705867, 24215.40337736795, 27688.58716705867
21, 28168.882709124257, 24349.456737557022, 28168.882709124257, 27779.46809338214, 24305.872454543816, 27779.46809338214
22, 28260.45736706792, 24471.72487833587, 28260.45736706792, 27871.52762484868, 24308.828447213877, 27871.52762484868
23, 28403.584446596487, 24613.83388350414, 28403.584446596487, 27971.38717674606, 24288.38101681167, 27971.38717674606
24, 28432.195764241464, 24064.99748030971, 28432.195764241464, 28064.892604441928, 24337.975896601467, 28064.892604441928
25, 28432.195764241464, 24064.99748030971, 28432.195764241464, 28127.804079403304, 24427.406045277265, 28127.804079403304
26, 28756.890029858474, 24025.091909023075, 28756.890029858474, 28190.431807758207, 24398.79119744473, 28190.431807758207
27, 28756.890029858474, 24025.091909023075, 28756.890029858474, 28243.567714857974, 24408.10042930996, 28243.567714857974
28, 28756.890029858474, 24025.091909023075, 28756.890029858474, 28308.429772190397, 24420.613409383095, 28308.429772190397
29, 28805.159637354292, 24123.527650245767, 28805.159637354292, 28369.015488523262, 24444.51513146853, 28369.015488523262
30, 28805.159637354292, 24123.527650245767, 28805.159637354292, 28438.07169129244, 24429.271553219314, 28438.07169129244
31, 28805.159637354292, 24123.527650245767, 28805.159637354292, 28502.406432752818, 24368.81780408049, 28502.406432752818
32, 28805.159637354292, 24123.527650245767, 28805.159637354292, 28564.89798349806, 24335.262659403517, 28564.89798349806
33, 28920.549085600233, 24064.284558137828, 28920.549085600233, 28642.767386721436, 24259.161806407024, 28642.767386721436
34, 28956.573382245788, 24382.398533086824, 28956.573382245788, 28726.310703005147, 24163.476756506847, 28726.310703005147
35, 29002.937807739938, 24324.648049479925, 29002.937807739938, 28774.603137652255, 24078.53716297438, 28774.603137652255
36, 29021.733236076936, 24194.80739278725, 29021.733236076936, 28803.58859303051, 24103.939415863693, 28803.58859303051
37, 29022.211836900755, 24172.819085447736, 29022.211836900755, 28836.177655980788, 24107.059735598963, 28836.177655980788
38, 29226.820714563826, 24207.19278889711, 29226.820714563826, 28878.83687439617, 24147.708953356127, 28878.83687439617
39, 29226.820714563826, 24207.19278889711, 29226.820714563826, 28928.914262915492, 24182.404095252125, 28928.914262915492
40, 29315.766083723796, 24003.889439203904, 29315.766083723796, 28973.278019144993, 24203.36771239034, 28973.278019144993
41, 29315.766083723796, 24003.889439203904, 29315.766083723796, 29011.102468181132, 24248.65494114408, 29011.102468181132
42, 29315.766083723796, 24003.889439203904, 29315.766083723796, 29054.953558145902, 24236.16390575394, 29054.953558145902
43, 29412.679329323215, 24164.0936177269, 29412.679329323215, 29093.197305630703, 24223.049703837987, 29093.197305630703
44, 29412.679329323215, 24164.0936177269, 29412.679329323215, 29141.11039088116, 24249.363412180162, 29141.11039088116
45, 29416.74999424294, 24197.26880256726, 29416.74999424294, 29195.018964475676, 24257.42287482147, 29195.018964475676
46, 29416.74999424294, 24197.26880256726, 29416.74999424294, 29230.47979976822, 24236.326531457154, 29230.47979976822
47, 29496.64419588763, 23921.549835596736, 29496.64419588763, 29272.606712109504, 24229.652345035985, 29272.606712109504
48, 29496.64419588763, 23921.549835596736, 29496.64419588763, 29309.97284334658, 24251.61149727695, 29309.97284334658
49, 29601.099510085605, 24376.662367562716, 29601.099510085605, 29351.497881222447, 24255.37572712882, 29351.497881222447
50, 29601.099510085605, 24376.662367562716, 29601.099510085605, 29388.338911267827, 24283.97110184285, 29388.338911267827
51, 29727.71152699087, 24569.69803907734, 29727.71152699087, 29425.121941870697, 24284.809790487856, 29425.121941870697
52, 29727.71152699087, 24569.69803907734, 29727.71152699087, 29455.824785005963, 24194.902629714426, 29455.824785005963
53, 29769.832326334075, 24514.32758623613, 29769.832326334075, 29482.567471063183, 24230.41406161801, 29482.567471063183
54, 29769.832326334075, 24514.32758623613, 29769.832326334075, 29514.34580478017, 24258.388575451594, 29514.34580478017
55, 29769.832326334075, 24514.32758623613, 29769.832326334075, 29552.321386094754, 24274.161357383993, 29552.321386094754
56, 29769.832326334075, 24514.32758623613, 29769.832326334075, 29597.696713941743, 24375.72917478773, 29597.696713941743
57, 29817.817974227295, 24433.917395925608, 29817.817974227295, 29630.082196373936, 24421.695324750664, 29630.082196373936
58, 29817.817974227295, 24433.917395925608, 29817.817974227295, 29659.527710211434, 24455.104243710208, 29659.527710211434
59, 29820.492605522755, 24433.02320108012, 29820.492605522755, 29693.550094852602, 24449.151918206924, 29693.550094852602
60, 29887.903197529347, 24289.992223595047, 29887.903197529347, 29725.499672125847, 24475.950355489902, 29725.499672125847
61, 29887.903197529347, 24289.992223595047, 29887.903197529347, 29749.543555481905, 24511.002035859674, 29749.543555481905
62, 29916.942938723856, 24649.303073342493, 29916.942938723856, 29768.57087192014, 24497.275418135356, 29768.57087192014
63, 29922.747820432553, 24677.214306228667, 29922.747820432553, 29788.068773806845, 24480.941580377705, 29788.068773806845
64, 30007.284499927075, 24616.85580897956, 30007.284499927075, 29804.61509109335, 24456.420609417288, 29804.61509109335
65, 30007.556654435593, 24610.261965680715, 30007.556654435593, 29828.731642373765, 24463.11195246458, 29828.731642373765
66, 30095.600238076295, 24584.31242331742, 30095.600238076295, 29855.852135967187, 24444.24843177401, 29855.852135967187
67, 30154.52856369942, 24425.284596785445, 30154.52856369942, 29878.37688638539, 24431.424392016586, 29878.37688638539
68, 30178.830355739796, 24358.691266378133, 30178.830355739796, 29903.23571236915, 24416.355708011663, 29903.23571236915
69, 30178.830355739796, 24358.691266378133, 30178.830355739796, 29930.18996226146, 24449.788091510116, 29930.18996226146
70, 30178.830355739796, 24358.691266378133, 30178.830355739796, 29952.09618664458, 24495.885246979262, 29952.09618664458
71, 30178.830355739796, 24358.691266378133, 30178.830355739796, 29977.859955826094, 24488.86964978838, 29977.859955826094
72, 30178.830355739796, 24358.691266378133, 30178.830355739796, 30003.46929702531, 24493.97458509272, 30003.46929702531
73, 30178.830355739796, 24358.691266378133, 30178.830355739796, 30033.667998786164, 24485.86766037145, 30033.667998786164
74, 30178.830355739796, 24358.691266378133, 30178.830355739796, 30056.105244124858, 24425.480155331898, 30056.105244124858
75, 30204.472851041442, 24426.404133140317, 30204.472851041442, 30083.744338034838, 24420.917173108683, 30083.744338034838
76, 30255.32281492818, 24283.507733290753, 30255.32281492818, 30120.43177442562, 24416.80538757874, 30120.43177442562
77, 30255.32281492818, 24283.507733290753, 30255.32281492818, 30145.062902751808, 24410.36322896891, 30145.062902751808
78, 30324.491010382928, 24455.462052069437, 30324.491010382928, 30171.578998414538, 24368.74403291884, 30171.578998414538
79, 30324.491010382928, 24455.462052069437, 30324.491010382928, 30185.449692463157, 24355.89736182956, 30185.449692463157
80, 30324.491010382928, 24455.462052069437, 30324.491010382928, 30191.893593891386, 24348.474419762064, 30191.893593891386
81, 30324.491010382928, 24455.462052069437, 30324.491010382928, 30199.826880892495, 24345.128788442205, 30199.826880892495
82, 30384.921952649507, 24392.933151059508, 30384.921952649507, 30216.091987627136, 24341.940310281465, 30216.091987627136
83, 30384.921952649507, 24392.933151059508, 30384.921952649507, 30237.39216551187, 24350.72022286894, 30237.39216551187
84, 30411.861967597393, 24470.398080956962, 30411.861967597393, 30257.952962463325, 24282.69714291903, 30257.952962463325
85, 30411.861967597393, 24470.398080956962, 30411.861967597393, 30271.7798958801, 24194.349611450172, 30271.7798958801
86, 30411.861967597393, 24470.398080956962, 30411.861967597393, 30292.09524964824, 24321.44720022404, 30292.09524964824
87, 30428.343084090935, 24287.010993229906, 30428.343084090935, 30317.603907871144, 24273.095726186042, 30317.603907871144
88, 30428.343084090935, 24287.010993229906, 30428.343084090935, 30334.079528890754, 24274.64749101606, 30334.079528890754
89, 30467.412522783474, 24524.7792511576, 30467.412522783474, 30344.7108503078, 24165.243951681186, 30344.7108503078
90, 30467.412522783474, 24524.7792511576, 30467.412522783474, 30359.514532601508, 24132.527192041747, 30359.514532601508
91, 30467.412522783474, 24524.7792511576, 30467.412522783474, 30375.64722869176, 24249.867297003093, 30375.64722869176
92, 30515.449125728344, 23927.261800902583, 30515.449125728344, 30398.105415635626, 24337.849796090457, 30398.105415635626
93, 30579.77910881467, 24316.681348960028, 30579.77910881467, 30418.11200533584, 24349.674264909896, 30418.11200533584
94, 30579.77910881467, 24316.681348960028, 30579.77910881467, 30432.93595810451, 24351.779840495066, 30432.93595810451
95, 30651.35901633109, 24066.99010747057, 30651.35901633109, 30451.52934656979, 24248.72519478074, 30451.52934656979
96, 30651.35901633109, 24066.99010747057, 30651.35901633109, 30468.89290184603, 24202.787835823186, 30468.89290184603
97, 30651.35901633109, 24066.99010747057, 30651.35901633109, 30496.16568179903, 24156.12004450185, 30496.16568179903
98, 30651.35901633109, 24066.99010747057, 30651.35901633109, 30522.48213461699, 24284.888390044645, 30522.48213461699
99, 30651.35901633109, 24066.99010747057, 30651.35901633109, 30550.660499218484, 24250.769771685886, 30550.660499218484
100, 30651.35901633109, 24066.99010747057, 30651.35901633109, 30568.016632027586, 24306.95781519123, 30568.016632027586
101, 30706.899165022493, 24497.02492572639, 30706.899165022493, 30579.14933288164, 24348.537159204545, 30579.14933288164
102, 30739.04886196331, 24244.06227215064, 30739.04886196331, 30591.1871666239, 24382.174947264568, 30591.1871666239
103, 30799.99706878166, 24515.372022659107, 30799.99706878166, 30611.056573161353, 24291.80380350146, 30611.056573161353
104, 30799.99706878166, 24515.372022659107, 30799.99706878166, 30639.313863019113, 24219.223263733187, 30639.313863019113
105, 30799.99706878166, 24515.372022659107, 30799.99706878166, 30669.53683784283, 24222.007563108866, 30669.53683784283
106, 30826.80594602669, 23873.31850528698, 30826.80594602669, 30688.933088761893, 24301.06884877487, 30688.933088761893
107, 30826.80594602669, 23873.31850528698, 30826.80594602669, 30711.36578865391, 24387.814459449888, 30711.36578865391
108, 30826.80594602669, 23873.31850528698, 30826.80594602669, 30728.887193791004, 24394.7428530701, 30728.887193791004
109, 30826.80594602669, 23873.31850528698, 30826.80594602669, 30745.728138514583, 24315.693856192123, 30745.728138514583
110, 30879.403669939933, 24031.030993584187, 30879.403669939933, 30762.94494662445, 24233.393369034766, 30762.94494662445
111, 30879.403669939933, 24031.030993584187, 30879.403669939933, 30778.849572533756, 24236.883258668822, 30778.849572533756
112, 30879.403669939933, 24031.030993584187, 30879.403669939933, 30792.65552593264, 24171.560545939337, 30792.65552593264
113, 30879.403669939933, 24031.030993584187, 30879.403669939933, 30805.703246163834, 24179.732185051376, 30805.703246163834
114, 30879.403669939933, 24031.030993584187, 30879.403669939933, 30814.665947016998, 24127.510598993624, 30814.665947016998
115, 31004.575568230895, 24391.719905823004, 31004.575568230895, 30823.60155331395, 23987.149139321195, 30823.60155331395
116, 31004.575568230895, 24391.719905823004, 31004.575568230895, 30835.09040887305, 23954.06621770375, 30835.09040887305
117, 31004.575568230895, 24391.719905823004, 31004.575568230895, 30841.89643864099, 23986.365072012977, 30841.89643864099
118, 31004.575568230895, 24391.719905823004, 31004.575568230895, 30853.138825726164, 24065.374185882043, 30853.138825726164
119, 31004.575568230895, 24391.719905823004, 31004.575568230895, 30866.28250398058, 24113.475232347424, 30866.28250398058
120, 31004.575568230895, 24391.719905823004, 31004.575568230895, 30876.328422075203, 24178.111245153767, 30876.328422075203
121, 31004.575568230895, 24391.719905823004, 31004.575568230895, 30889.55031956459, 24120.240068312705, 30889.55031956459
122, 31041.55142066228, 24376.37677713188, 31041.55142066228, 30905.370899627917, 24101.915956545723, 30905.370899627917
123, 31041.55142066228, 24376.37677713188, 31041.55142066228, 30921.291110110615, 24148.22508070809, 30921.291110110615
124, 31041.55142066228, 24376.37677713188, 31041.55142066228, 30943.611110230377, 24245.223793630583, 30943.611110230377
125, 31093.008493732876, 24652.500494391916, 31093.008493732876, 30965.230516544787, 24231.208729384714, 30965.230516544787
126, 31093.008493732876, 24652.500494391916, 31093.008493732876, 30976.907471231465, 24334.705089076844, 30976.907471231465
127, 31093.008493732876, 24652.500494391916, 31093.008493732876, 30989.487635420457, 24337.865260771658, 30989.487635420457
128, 31093.008493732876, 24652.500494391916, 31093.008493732876, 31002.891936559976, 24397.399686021163, 31002.891936559976
129, 31093.008493732876, 24652.500494391916, 31093.008493732876, 31015.142467285263, 24400.890329522692, 31015.142467285263
130, 31093.008493732876, 24652.500494391916, 31093.008493732876, 31024.464018402723, 24414.41370503002, 31024.464018402723
131, 31148.92612578539, 24466.13558904953, 31148.92612578539, 31040.117419995746, 24431.935098402388, 31040.117419995746
132, 31148.92612578539, 24466.13558904953, 31148.92612578539, 31059.11797498195, 24451.2284126953, 31059.11797498195
133, 31249.471287675588, 24290.895142186982, 31249.471287675588, 31076.49828904383, 24502.37727009778, 31076.49828904383
134, 31249.471287675588, 24290.895142186982, 31249.471287675588, 31091.216695971576, 24533.239137492463, 31091.216695971576
135, 31249.471287675588, 24290.895142186982, 31249.471287675588, 31101.127116769814, 24619.378680941198, 31101.127116769814
136, 31249.471287675588, 24290.895142186982, 31249.471287675588, 31107.395763925128, 24592.88190520024, 31107.395763925128
137, 31249.471287675588, 24290.895142186982, 31249.471287675588, 31117.646616113634, 24555.80116036182, 31117.646616113634
138, 31249.471287675588, 24290.895142186982, 31249.471287675588, 31130.13650393103, 24502.581793856523, 31130.13650393103
139, 31249.471287675588, 24290.895142186982, 31249.471287675588, 31153.41523402314, 24429.547525312206, 31153.41523402314
140, 31249.471287675588, 24290.895142186982, 31249.471287675588, 31173.20464915709, 24410.99694015216, 31173.20464915709
141, 31405.2647842655, 24548.260996596175, 31405.2647842655, 31191.436940417494, 24394.24010916455, 31191.436940417494
142, 31405.2647842655, 24548.260996596175, 31405.2647842655, 31221.515834917824, 24352.883107758513, 31221.515834917824
143, 31457.60744663915, 24253.39958727455, 31457.60744663915, 31240.062143619565, 24332.200732744892, 31240.062143619565
144, 31457.60744663915, 24253.39958727455, 31457.60744663915, 31258.392171515054, 24305.399771087283, 31258.392171515054
145, 31457.60744663915, 24253.39958727455, 31457.60744663915, 31265.624576011454, 24316.68628949361, 31265.624576011454
146, 31457.60744663915, 24253.39958727455, 31457.60744663915, 31277.51943159166, 24338.725641528832, 31277.51943159166
147, 31567.33784032295, 24250.190441309307, 31567.33784032295, 31292.720852416325, 24369.08776823849, 31292.720852416325
148, 31567.33784032295, 24250.190441309307, 31567.33784032295, 31313.943534514718, 24413.670879383506, 31313.943534514718
149, 31567.33784032295, 24250.190441309307, 31567.33784032295, 31348.79393688741, 24447.134049018678, 31348.79393688741
150, 31567.33784032295, 24250.190441309307, 31567.33784032295, 31381.75129646588, 24488.874827582837, 31381.75129646588
151, 31567.33784032295, 24250.190441309307, 31567.33784032295, 31412.762656075894, 24520.231147458922, 31412.762656075894
152, 31567.33784032295, 24250.190441309307, 31567.33784032295, 31419.40713446221, 24501.77439370648, 31419.40713446221
153, 31567.33784032295, 24250.190441309307, 31567.33784032295, 31427.905427367998, 24468.444328060905, 31427.905427367998
154, 31567.33784032295, 24250.190441309307, 31567.33784032295, 31443.703290159745, 24415.035712861034, 31443.703290159745
155, 31567.33784032295, 24250.190441309307, 31567.33784032295, 31464.94389579051, 24354.77753710625, 31464.94389579051
156, 31567.33784032295, 24250.190441309307, 31567.33784032295, 31468.54033033315, 24407.008816253907, 31468.54033033315
157, 31583.896917897102, 24324.19797098986, 31583.896917897102, 31475.83251626977, 24494.333686669794, 31475.83251626977
158, 31583.896917897102, 24324.19797098986, 31583.896917897102, 31481.85464305183, 24523.549119472504, 31481.85464305183
159, 31583.896917897102, 24324.19797098986, 31583.896917897102, 31490.241113600103, 24455.122436946935, 31490.241113600103
160, 31583.896917897102, 24324.19797098986, 31583.896917897102, 31501.306919857863, 24331.515610545146, 31501.306919857863
161, 31583.896917897102, 24324.19797098986, 31583.896917897102, 31520.780306210545, 24230.989765495993, 31520.780306210545
162, 31583.896917897102, 24324.19797098986, 31583.896917897102, 31540.46320837626, 24286.030239465068, 31540.46320837626
163, 31583.896917897102, 24324.19797098986, 31583.896917897102, 31559.536390988305, 24311.976692758744, 31559.536390988305
164, 31669.292188917618, 24227.254766774535, 31669.292188917618, 31570.927414563557, 24261.995967079252, 31570.927414563557
165, 31669.292188917618, 24227.254766774535, 31669.292188917618, 31573.746742908315, 24271.159524468752, 31573.746742908315
166, 31669.292188917618, 24227.254766774535, 31669.292188917618, 31577.72629741284, 24285.057598147574, 31577.72629741284
167, 31669.292188917618, 24227.254766774535, 31669.292188917618, 31584.77465876071, 24305.580613619826, 31584.77465876071
168, 31671.79317204391, 24371.841919304134, 31671.79317204391, 31593.070730958218, 24314.92754893288, 31593.070730958218
169, 31671.79317204391, 24371.841919304134, 31671.79317204391, 31599.65829526814, 24308.230292129567, 31599.65829526814
170, 31671.79317204391, 24371.841919304134, 31671.79317204391, 31609.372398946798, 24298.714731495817, 31609.372398946798
171, 31671.79317204391, 24371.841919304134, 31671.79317204391, 31627.63614116494, 24275.21774513358, 31627.63614116494
172, 31671.79317204391, 24371.841919304134, 31671.79317204391, 31647.206111135558, 24247.6056253148, 31647.206111135558
173, 31671.79317204391, 24371.841919304134, 31671.79317204391, 31654.429113189788, 24270.38715596712, 31654.429113189788
174, 31759.18187381045, 24388.224184205916, 31759.18187381045, 31660.383142955634, 24257.94014849624, 31660.383142955634
175, 31759.18187381045, 24388.224184205916, 31759.18187381045, 31666.838829170956, 24242.474649323336, 31666.838829170956
176, 31759.18187381045, 24388.224184205916, 31759.18187381045, 31671.43527880169, 24237.753691626775, 31671.43527880169
177, 31759.18187381045, 24388.224184205916, 31759.18187381045, 31672.668073287252, 24245.783841038505, 31672.668073287252
178, 31759.18187381045, 24388.224184205916, 31759.18187381045, 31674.926108464348, 24254.674662893085, 31674.926108464348
179, 31759.18187381045, 24388.224184205916, 31759.18187381045, 31677.063647486968, 24261.38227633261, 31677.063647486968
180, 31759.18187381045, 24388.224184205916, 31759.18187381045, 31680.780253963643, 24278.44444578542, 31680.780253963643
181, 31759.18187381045, 24388.224184205916, 31759.18187381045, 31692.01314386662, 24307.136475823423, 31692.01314386662
182, 31759.18187381045, 24388.224184205916, 31759.18187381045, 31701.88801486775, 24260.765023646814, 31701.88801486775
183, 31759.18187381045, 24388.224184205916, 31759.18187381045, 31720.09189791457, 24268.713954478433, 31720.09189791457
184, 31789.42107345562, 23912.433906741167, 31789.42107345562, 31740.514697684852, 24305.90041233662, 31740.514697684852
185, 31789.42107345562, 23912.433906741167, 31789.42107345562, 31755.430186011374, 24350.451676361212, 31755.430186011374
186, 31816.611263901526, 24453.73013130839, 31816.611263901526, 31760.138685281625, 24374.685362875745, 31760.138685281625
187, 31816.611263901526, 24453.73013130839, 31816.611263901526, 31761.281028831498, 24371.95947479661, 31761.281028831498
188, 31816.611263901526, 24453.73013130839, 31816.611263901526, 31762.586959589833, 24357.800313568827, 31762.586959589833
189, 31816.611263901526, 24453.73013130839, 31816.611263901526, 31764.87809249035, 24335.00267568169, 31764.87809249035
190, 31837.60181775057, 24356.347526422265, 31837.60181775057, 31769.0521914691, 24301.193568820046, 31769.0521914691
191, 31837.60181775057, 24356.347526422265, 31837.60181775057, 31775.72103683758, 24240.39747168252, 31775.72103683758
192, 31837.60181775057, 24356.347526422265, 31837.60181775057, 31785.383313883616, 24142.226036581305, 31785.383313883616
193, 31837.60181775057, 24356.347526422265, 31837.60181775057, 31793.194094172515, 24010.9361854104, 31793.194094172515
194, 31837.60181775057, 24356.347526422265, 31837.60181775057, 31796.483145247534, 24020.99916687971, 31796.483145247534
195, 31877.92867907632, 24025.731826986015, 31877.92867907632, 31800.858050662486, 24081.756686422163, 31800.858050662486
196, 31877.92867907632, 24025.731826986015, 31877.92867907632, 31810.049181259805, 24209.704317549345, 31810.049181259805
197, 31877.92867907632, 24025.731826986015, 31877.92867907632, 31820.63516766768, 24292.80140410888, 31820.63516766768
198, 31877.92867907632, 24025.731826986015, 31877.92867907632, 31828.355648911678, 24388.074118050325, 31828.355648911678
199, 31928.994413623783, 24348.73288858195, 31928.994413623783, 31836.440052161648, 24344.55313324756, 31836.440052161648
200, 31928.994413623783, 24348.73288858195, 31928.994413623783, 31845.8955663554, 24291.285587759794, 31845.8955663554
201, 31928.994413623783, 24348.73288858195, 31928.994413623783, 31852.529901387665, 24237.52082359453, 31852.529901387665
202, 31928.994413623783, 24348.73288858195, 31928.994413623783, 31861.494228799605, 24164.576086745165, 31861.494228799605
203, 31928.994413623783, 24348.73288858195, 31928.994413623783, 31875.994618898254, 24059.052444271347, 31875.994618898254
204, 31947.350062018355, 24355.731204082465, 31947.350062018355, 31882.722467341504, 24056.10829696389, 31882.722467341504
205, 31947.350062018355, 24355.731204082465, 31947.350062018355, 31886.088877206555, 24074.553432974182, 31886.088877206555
206, 32020.991072309145, 24202.442191401293, 32020.991072309145, 31891.799672663466, 24102.949999929137, 31891.799672663466
207, 32020.991072309145, 24202.442191401293, 32020.991072309145, 31900.979643343035, 24150.31742247896, 31900.979643343035
208, 32020.991072309145, 24202.442191401293, 32020.991072309145, 31915.2246270012, 24229.36774677893, 31915.2246270012
209, 32020.991072309145, 24202.442191401293, 32020.991072309145, 31935.14492974381, 24323.843831124283, 31935.14492974381
210, 32020.991072309145, 24202.442191401293, 32020.991072309145, 31940.486016532843, 24307.344036021448, 31940.486016532843
211, 32020.991072309145, 24202.442191401293, 32020.991072309145, 31949.968471065116, 24270.339661328584, 31949.968471065116
212, 32020.991072309145, 24202.442191401293, 32020.991072309145, 31960.477035576892, 24232.800252897636, 31960.477035576892
213, 32020.991072309145, 24202.442191401293, 32020.991072309145, 31968.496453757994, 24232.906232172474, 31968.496453757994
214, 32020.991072309145, 24202.442191401293, 32020.991072309145, 31980.620810987813, 24235.651792347468, 31980.620810987813
215, 32020.991072309145, 24202.442191401293, 32020.991072309145, 32001.652794329362, 24243.55672027888, 32001.652794329362
216, 32020.991072309145, 24202.442191401293, 32020.991072309145, 32020.9910723092, 24202.4421914014, 32020.9910723092
217, 32036.721859716276, 24370.984951812392, 32036.721859716276, 32021.06972624623, 24203.28490520345, 32021.06972624623
218, 32131.783121895118, 24456.92529156852, 32131.783121895118, 32022.27952065136, 24206.269602084318, 32022.27952065136
219, 32131.783121895118, 24456.92529156852, 32131.783121895118, 32023.44082964508, 24209.100028221623, 32023.44082964508
220, 32131.783121895118, 24456.92529156852, 32131.783121895118, 32025.67226194164, 24214.795799975138, 32025.67226194164
221, 32131.783121895118, 24456.92529156852, 32131.783121895118, 32029.259833976957, 24224.6318643436, 32029.259833976957
222, 32131.783121895118, 24456.92529156852, 32131.783121895118, 32035.87329783066, 24240.17121775459, 32035.87329783066
223, 32131.783121895118, 24456.92529156852, 32131.783121895118, 32045.601872161482, 24266.418205925125, 32045.601872161482
224, 32131.783121895118, 24456.92529156852, 32131.783121895118, 32058.303865921065, 24300.005010330045, 32058.303865921065
225, 32131.783121895118, 24456.92529156852, 32131.783121895118, 32076.6132446424, 24308.33350072362, 32076.6132446424
226, 32131.783121895118, 24456.92529156852, 32131.783121895118, 32097.61119555885, 24268.2519438404, 32097.61119555885
227, 32173.414638335686, 24314.936661149513, 32173.414638335686, 32114.719089260387, 24315.792563675648, 32114.719089260387
228, 32173.414638335686, 24314.936661149513, 32173.414638335686, 32129.379680327038, 24429.267889874292, 32129.379680327038
229, 32173.414638335686, 24314.936661149513, 32173.414638335686, 32132.701212914562, 24454.25408297207, 32132.701212914562
230, 32173.414638335686, 24314.936661149513, 32173.414638335686, 32133.210305374054, 24453.8377413938, 32133.210305374054
231, 32187.461208893987, 24533.29752938548, 32187.461208893987, 32133.937131912935, 24453.857478475264, 32133.937131912935
232, 32187.461208893987, 24533.29752938548, 32187.461208893987, 32135.385580426184, 24452.59788101848, 32135.385580426184
233, 32199.914150461434, 24424.209035957378, 32199.914150461434, 32138.247932148104, 24451.04751582811, 32138.247932148104
234, 32199.914150461434, 24424.209035957378, 32199.914150461434, 32142.306132103928, 24451.918960000174, 32142.306132103928
235, 32199.914150461434, 24424.209035957378, 32199.914150461434, 32150.62459241386, 24449.16806419102, 32150.62459241386
236, 32199.914150461434, 24424.209035957378, 32199.914150461434, 32158.926626990487, 24439.95666021711, 32158.926626990487
237, 32199.914150461434, 24424.209035957378, 32199.914150461434, 32171.13846242531, 24368.811110123315, 32171.13846242531
238, 32199.914150461434, 24424.209035957378, 32199.914150461434, 32177.361265852065, 24375.624406897627, 32177.361265852065
239, 32199.914150461434, 24424.209035957378, 32199.914150461434, 32180.69550974873, 24421.29379603203, 32180.69550974873
240, 32199.914150461434, 24424.209035957378, 32199.914150461434, 32184.573944036547, 24476.783817688054, 32184.573944036547
241, 32199.914150461434, 24424.209035957378, 32199.914150461434, 32188.697852395177, 24522.961514731473, 32188.697852395177
242, 32201.020831236157, 24441.098559800765, 32201.020831236157, 32189.52190533236, 24516.21163757779, 32189.52190533236
243, 32201.020831236157, 24441.098559800765, 32201.020831236157, 32190.755218036207, 24506.04459803766, 32190.755218036207
244, 32201.020831236157, 24441.098559800765, 32201.020831236157, 32192.878393312654, 24488.754218557446, 32192.878393312654
245, 32201.020831236157, 24441.098559800765, 32201.020831236157, 32196.42210309237, 24460.48973412444, 32196.42210309237
246, 32229.336986994884, 24496.58896050772, 32229.336986994884, 32200.111065279027, 24425.330964153014, 32200.111065279027
247, 32229.336986994884, 24496.58896050772, 32229.336986994884, 32200.133198894517, 24425.668754629885, 32200.133198894517
248, 32229.336986994884, 24496.58896050772, 32229.336986994884, 32200.363314135288, 24427.29736854089, 32200.363314135288
249, 32229.336986994884, 24496.58896050772, 32229.336986994884, 32200.62109639544, 24429.348220547978, 32200.62109639544
250, 32229.336986994884, 24496.58896050772, 32229.336986994884, 32200.75389808841, 24431.374963409173, 32200.75389808841
251, 32264.109971974678, 24212.609858113807, 32264.109971974678, 32201.645775754954, 24435.263147726288, 32201.645775754954
252, 32277.749988693642, 24515.24916091074, 32277.749988693642, 32202.994149736434, 24442.823937329562, 32202.994149736434
253, 32277.749988693642, 24515.24916091074, 32277.749988693642, 32204.159080112888, 24443.346205842336, 32204.159080112888
254, 32277.749988693642, 24515.24916091074, 32277.749988693642, 32206.21171008676, 24443.523830332208, 32206.21171008676
255, 32277.749988693642, 24515.24916091074, 32277.749988693642, 32210.160646074175, 24441.754685316457, 32210.160646074175
256, 32288.984178016555, 24361.168920854758, 32288.984178016555, 32215.271252113947, 24440.834258546176, 32215.271252113947
257, 32288.984178016555, 24361.168920854758, 32288.984178016555, 32226.965112324342, 24435.584104673868, 32226.965112324342
258, 32288.984178016555, 24361.168920854758, 32288.984178016555, 32239.06197727074, 24432.614751946287, 32239.06197727074
259, 32288.984178016555, 24361.168920854758, 32288.984178016555, 32244.986373401774, 24402.00757364188, 32244.986373401774
260, 32316.06443955999, 24576.77335381708, 32316.06443955999, 32252.201378733902, 24353.058045245376, 32252.201378733902
261, 32316.06443955999, 24576.77335381708, 32316.06443955999, 32264.27110353126, 24283.27771672061, 32264.27110353126
262, 32316.06443955999, 24576.77335381708, 32316.06443955999, 32269.494832933513, 24292.39402994128, 32269.494832933513
263, 32316.06443955999, 24576.77335381708, 32316.06443955999, 32272.530792741043, 24331.9771461015, 32272.530792741043
264, 32316.06443955999, 24576.77335381708, 32316.06443955999, 32278.58378083952, 24425.49980090685, 32278.58378083952
265, 32316.06443955999, 24576.77335381708, 32316.06443955999, 32285.654444171836, 24468.886841666113, 32285.654444171836
266, 32347.06422825407, 24453.512453349766, 32347.06422825407, 32291.446688955915, 24435.805839456687, 32291.446688955915
267, 32347.06422825407, 24453.512453349766, 32347.06422825407, 32296.887579932227, 24423.6939652001, 32296.887579932227
268, 32347.06422825407, 24453.512453349766, 32347.06422825407, 32301.795224615733, 24461.49655196145, 32301.795224615733
269, 32347.06422825407, 24453.512453349766, 32347.06422825407, 32308.782719422295, 24516.18833693079, 32308.782719422295
270, 32347.06422825407, 24453.512453349766, 32347.06422825407, 32316.591883991, 24574.788903738478, 32316.591883991
271, 32453.69373243427, 24554.608062489286, 32453.69373243427, 32317.667807868937, 24573.94901593876, 32317.667807868937
272, 32453.69373243427, 24554.608062489286, 32453.69373243427, 32318.28780364282, 24571.483797929413, 32318.28780364282
273, 32453.69373243427, 24554.608062489286, 32453.69373243427, 32319.813392425087, 24568.155912389564, 32319.813392425087
274, 32453.69373243427, 24554.608062489286, 32453.69373243427, 32322.2240993095, 24562.459746787375, 32322.2240993095
275, 32453.69373243427, 24554.608062489286, 32453.69373243427, 32325.860025925365, 24552.81746075889, 32325.860025925365
276, 32453.69373243427, 24554.608062489286, 32453.69373243427, 32330.401545549626, 24542.31250719989, 32330.401545549626
277, 32453.69373243427, 24554.608062489286, 32453.69373243427, 32342.151844603028, 24522.564075510913, 32342.151844603028
278, 32453.69373243427, 24554.608062489286, 32453.69373243427, 32356.97971549776, 24491.23730312951, 32356.97971549776
279, 32536.86043924325, 24521.499582969, 32536.86043924325, 32366.39533418148, 24489.186128832713, 32366.39533418148
280, 32536.86043924325, 24521.499582969, 32536.86043924325, 32374.912319257994, 24506.624536610703, 32374.912319257994
281, 32536.86043924325, 24521.499582969, 32536.86043924325, 32389.571774652228, 24539.56349768228, 32389.571774652228
282, 32536.86043924325, 24521.499582969, 32536.86043924325, 32411.093487259466, 24558.498014765697, 32411.093487259466
283, 32536.86043924325, 24521.499582969, 32536.86043924325, 32439.52755112968, 24559.501236129658, 32439.52755112968
284, 32536.86043924325, 24521.499582969, 32536.86043924325, 32456.188733638464, 24553.61480810367, 32456.188733638464
285, 32536.86043924325, 24521.499582969, 32536.86043924325, 32457.02040070655, 24553.28372330847, 32457.02040070655
286, 32536.86043924325, 24521.499582969, 32536.86043924325, 32460.621463701034, 24552.112697350407, 32460.621463701034
287, 32586.06288741919, 24410.657861342424, 32586.06288741919, 32464.835192916762, 24550.285611867643, 32464.835192916762
288, 32586.06288741919, 24410.657861342424, 32586.06288741919, 32471.564720409202, 24546.694058687353, 32471.564720409202
289, 32586.06288741919, 24410.657861342424, 32586.06288741919, 32479.881391090108, 24543.383210735345, 32479.881391090108
290, 32586.06288741919, 24410.657861342424, 32586.06288741919, 32497.878836908174, 24536.22052726093, 32497.878836908174
291, 32586.06288741919, 24410.657861342424, 32586.06288741919, 32523.3009547177, 24524.586588665847, 32523.3009547177
292, 32586.06288741919, 24410.657861342424, 32586.06288741919, 32539.134480667704, 24515.384313719744, 32539.134480667704
293, 32586.06288741919, 24410.657861342424, 32586.06288741919, 32540.610554112984, 24512.059062070944, 32540.610554112984
294, 32586.06288741919, 24410.657861342424, 32586.06288741919, 32543.02149854738, 24507.38401225998, 32543.02149854738
295, 32586.06288741919, 24410.657861342424, 32586.06288741919, 32546.957694401455, 24498.516674529856, 32546.957694401455
296, 32586.06288741919, 24410.657861342424, 32586.06288741919, 32552.67590719839, 24484.642484766697, 32552.67590719839
297, 32626.458993373188, 24438.113540226557, 32626.458993373188, 32563.69613911273, 24456.43922590706, 32563.69613911273
298, 32626.458993373188, 24438.113540226557, 32626.458993373188, 32581.890440168172, 24415.434342717042, 32581.890440168172
299, 32626.458993373188, 24438.113540226557, 32626.458993373188, 32586.466848478623, 24410.932418131397, 32586.466848478623
300, 32626.458993373188, 24438.113540226557, 32626.458993373188, 32586.526211717, 24410.806490608327, 32586.526211717
301, 32626.458993373188, 24438.113540226557, 32626.458993373188, 32586.787555485138, 24410.817841479675, 32586.787555485138
302, 32626.458993373188, 24438.113540226557, 32626.458993373188, 32587.858871972734, 24410.56568577174, 32587.858871972734
303, 32626.458993373188, 24438.113540226557, 32626.458993373188, 32589.641146070386, 24411.63569707021, 32589.641146070386
304, 32626.458993373188, 24438.113540226557, 32626.458993373188, 32592.28558740791, 24412.483502301726, 32592.28558740791
305, 32626.458993373188, 24438.113540226557, 32626.458993373188, 32595.581550073723, 24411.697477497775, 32595.581550073723
306, 32626.458993373188, 24438.113540226557, 32626.458993373188, 32601.31088974034, 24411.596635074176, 32601.31088974034
307, 32626.458993373188, 24438.113540226557, 32626.458993373188, 32611.083323802894, 24409.169736631364, 32611.083323802894
308, 32626.458993373188, 24438.113540226557, 32626.458993373188, 32622.148231372303, 24414.33736892828, 32622.148231372303
309, 32626.458993373188, 24438.113540226557, 32626.458993373188, 32626.458993373217, 24438.11354022659, 32626.458993373217
310, 32626.458993373188, 24438.113540226557, 32626.458993373188, 32626.458993373217, 24438.11354022659, 32626.458993373217
311, 32626.458993373188, 24438.113540226557, 32626.458993373188, 32626.458993373217, 24438.11354022659, 32626.458993373217
312, 32626.458993373188, 24438.113540226557, 32626.458993373188, 32626.458993373217, 24438.11354022659, 32626.458993373217
313, 32626.458993373188, 24438.113540226557, 32626.458993373188, 32626.458993373217, 24438.11354022659, 32626.458993373217
314, 32626.458993373188, 24438.113540226557, 32626.458993373188, 32626.458993373217, 24438.11354022659, 32626.458993373217
315, 32659.475383475718, 24525.06391405716, 32659.475383475718, 32626.624075323725, 24438.54829209574, 32626.624075323725
316, 32659.475383475718, 24525.06391405716, 32659.475383475718, 32626.624075323725, 24438.54829209574, 32626.624075323725
317, 32659.475383475718, 24525.06391405716, 32659.475383475718, 32626.624075323725, 24438.54829209574, 32626.624075323725
318, 32690.387098866297, 24574.617891157715, 32690.387098866297, 32627.41317815227, 24439.08226998406, 32627.41317815227
319, 32690.387098866297, 24574.617891157715, 32690.387098866297, 32628.202280980815, 24439.616247872375, 32628.202280980815
320, 32690.387098866297, 24574.617891157715, 32690.387098866297, 32628.427375682495, 24439.468749188567, 32628.427375682495
321, 32690.387098866297, 24574.617891157715, 32690.387098866297, 32630.13613021547, 24439.559185842932, 32630.13613021547
322, 32690.387098866297, 24574.617891157715, 32690.387098866297, 32632.140819448767, 24442.554176262358, 32632.140819448767
323, 32690.387098866297, 24574.617891157715, 32690.387098866297, 32634.684804017474, 24442.965153812518, 32634.684804017474
324, 32690.387098866297, 24574.617891157715, 32690.387098866297, 32640.579432715742, 24447.23879339532, 32640.579432715742
325, 32690.387098866297, 24574.617891157715, 32690.387098866297, 32647.56604647073, 24446.99698485779, 32647.56604647073
326, 32765.42286498036, 24640.275724139112, 32765.42286498036, 32660.952517699247, 24452.42812111181, 32660.952517699247
327, 32765.42286498036, 24640.275724139112, 32765.42286498036, 32673.307794980985, 24466.83541168043, 32673.307794980985
328, 32765.42286498036, 24640.275724139112, 32765.42286498036, 32683.012054491806, 24430.74529535638, 32683.012054491806
329, 32765.42286498036, 24640.275724139112, 32765.42286498036, 32691.92434881776, 24423.94129613705, 32691.92434881776
330, 32765.42286498036, 24640.275724139112, 32765.42286498036, 32695.17224345982, 24482.481255838935, 32695.17224345982
331, 32765.42286498036, 24640.275724139112, 32765.42286498036, 32699.039097468667, 24563.053825542167, 32699.039097468667
332, 32765.42286498036, 24640.275724139112, 32765.42286498036, 32706.55468665211, 24585.565670769498, 32706.55468665211
333, 32765.42286498036, 24640.275724139112, 32765.42286498036, 32717.783714814657, 24593.893573763897, 32717.783714814657
334, 32765.42286498036, 24640.275724139112, 32765.42286498036, 32733.22162371134, 24606.05991437432, 32733.22162371134
335, 32765.42286498036, 24640.275724139112, 32765.42286498036, 32748.689652744477, 24618.03494408346, 32748.689652744477
336, 32765.42286498036, 24640.275724139112, 32765.42286498036, 32765.4228649803, 24640.275724139075, 32765.4228649803
337, 32765.42286498036, 24640.275724139112, 32765.42286498036, 32765.4228649803, 24640.275724139075, 32765.4228649803
338, 32800.90777140137, 24665.566455718574, 32800.90777140137, 32765.600289512407, 24640.40217779697, 32765.600289512407
339, 32800.90777140137, 24665.566455718574, 32800.90777140137, 32765.600289512407, 24640.40217779697, 32765.600289512407
340, 32800.90777140137, 24665.566455718574, 32800.90777140137, 32765.883688844013, 24640.209758363413, 32765.883688844013
341, 32800.90777140137, 24665.566455718574, 32800.90777140137, 32766.450487507223, 24639.824919496295, 32766.450487507223
342, 32800.90777140137, 24665.566455718574, 32800.90777140137, 32767.549559766747, 24639.81944160287, 32767.549559766747
343, 32800.90777140137, 24665.566455718574, 32800.90777140137, 32769.27613586153, 24639.575060136496, 32769.27613586153
344, 32800.90777140137, 24665.566455718574, 32800.90777140137, 32771.86834549576, 24639.364164049235, 32771.86834549576
345, 32800.90777140137, 24665.566455718574, 32800.90777140137, 32776.388444476775, 24641.60784949483, 32776.388444476775
346, 32800.90777140137, 24665.566455718574, 32800.90777140137, 32781.72650777094, 24642.376102274204, 32781.72650777094
347, 32800.90777140137, 24665.566455718574, 32800.90777140137, 32791.62754007489, 24642.949505682616, 32791.62754007489
348, 32814.17935135381, 24403.743178363155, 32814.17935135381, 32799.40223518382, 24654.460150846004, 32799.40223518382
349, 32814.17935135381, 24403.743178363155, 32814.17935135381, 32800.974129301096, 24664.257339331743, 32800.974129301096
350, 32814.17935135381, 24403.743178363155, 32814.17935135381, 32800.974129301096, 24664.257339331743, 32800.974129301096
351, 32814.17935135381, 24403.743178363155, 32814.17935135381, 32800.974129301096, 24664.257339331743, 32800.974129301096
352, 32814.17935135381, 24403.743178363155, 32814.17935135381, 32801.04048720086, 24662.948222944968, 32801.04048720086
353, 32814.17935135381, 24403.743178363155, 32814.17935135381, 32801.10684510062, 24661.639106558192, 32801.10684510062
354, 32814.17935135381, 24403.743178363155, 32814.17935135381, 32801.372276699665, 24656.402641011086, 32801.372276699665
355, 32814.17935135381, 24403.743178363155, 32814.17935135381, 32801.63770829872, 24651.16617546398, 32801.63770829872
356, 32814.17935135381, 24403.743178363155, 32814.17935135381, 32801.77042409824, 24648.54794269042, 32801.77042409824
357, 32814.17935135381, 24403.743178363155, 32814.17935135381, 32802.16857149682, 24640.693244369755, 32802.16857149682
358, 32814.17935135381, 24403.743178363155, 32814.17935135381, 32802.898508394195, 24626.29296411521, 32802.898508394195
359, 32865.09169694963, 24665.44883328889, 32865.09169694963, 32804.61293387938, 24602.532799548047, 32804.61293387938
360, 32865.09169694963, 24665.44883328889, 32865.09169694963, 32807.466323569155, 24546.240794916626, 32807.466323569155
361, 32865.09169694963, 24665.44883328889, 32865.09169694963, 32810.45242905848, 24487.33055751161, 32810.45242905848
362, 32865.09169694963, 24665.44883328889, 32865.09169694963, 32814.63072417772, 24405.469413183535, 32814.63072417772
363, 32865.09169694963, 24665.44883328889, 32865.09169694963, 32814.75893484537, 24404.07755648774, 32814.75893484537
364, 33013.59649744436, 24619.54033070347, 33013.59649744436, 32816.20739339959, 24406.882777069924, 32816.20739339959
365, 33013.59649744436, 24619.54033070347, 33013.59649744436, 32816.590165795234, 24406.799448648762, 32816.590165795234
366, 33013.59649744436, 24619.54033070347, 33013.59649744436, 32817.48722720475, 24406.222971966537, 32817.48722720475
367, 33013.59649744436, 24619.54033070347, 33013.59649744436, 32818.70786403448, 24399.598066612252, 32818.70786403448
368, 33013.59649744436, 24619.54033070347, 33013.59649744436, 32822.635218778014, 24400.129969588284, 32822.635218778014
369, 33013.59649744436, 24619.54033070347, 33013.59649744436, 32826.49673501567, 24395.079988085137, 32826.49673501567
370, 33013.59649744436, 24619.54033070347, 33013.59649744436, 32833.06481000137, 24389.377520154296, 32833.06481000137
371, 33013.59649744436, 24619.54033070347, 33013.59649744436, 32841.22256528291, 24396.66103022987, 32841.22256528291
372, 33013.59649744436, 24619.54033070347, 33013.59649744436, 32849.45680683155, 24479.246919303918, 32849.45680683155
373, 33013.59649744436, 24619.54033070347, 33013.59649744436, 32867.027924488175, 24613.929932971605, 32867.027924488175
374, 33013.59649744436, 24619.54033070347, 33013.59649744436, 32890.60822586069, 24647.62299672376, 32890.60822586069
375, 33013.59649744436, 24619.54033070347, 33013.59649744436, 32911.60077917043, 24647.08567655805, 32911.60077917043
376, 33013.59649744436, 24619.54033070347, 33013.59649744436, 32946.151441084825, 24632.792161070953, 32946.151441084825
377, 33013.59649744436, 24619.54033070347, 33013.59649744436, 33005.565774447736, 24615.730158522325, 33005.565774447736
378, 33013.59649744436, 24619.54033070347, 33013.59649744436, 33013.59649744442, 24619.540330703392, 33013.59649744442
379, 33013.59649744436, 24619.54033070347, 33013.59649744436, 33013.59649744442, 24619.540330703392, 33013.59649744442
380, 33013.59649744436, 24619.54033070347, 33013.59649744436, 33013.59649744442, 24619.540330703392, 33013.59649744442
381, 33013.59649744436, 24619.54033070347, 33013.59649744436, 33013.59649744442, 24619.540330703392, 33013.59649744442
382, 33013.59649744436, 24619.54033070347, 33013.59649744436, 33013.59649744442, 24619.540330703392, 33013.59649744442
383, 33013.59649744436, 24619.54033070347, 33013.59649744436, 33013.59649744442, 24619.540330703392, 33013.59649744442
384, 33013.59649744436, 24619.54033070347, 33013.59649744436, 33013.59649744442, 24619.540330703392, 33013.59649744442
385, 33031.13790656988, 24670.44746655744, 33031.13790656988, 33013.68420449005, 24619.794866382665, 33013.68420449005
386, 33043.88950620239, 24668.609955444997, 33043.88950620239, 33013.83566953384, 24620.040214506374, 33013.83566953384
387, 33043.88950620239, 24668.609955444997, 33043.88950620239, 33013.99123008327, 24620.09565841996, 33013.99123008327
388, 33043.88950620239, 24668.609955444997, 33043.88950620239, 33014.49419302384, 24620.969053671408, 33014.49419302384
389, 33043.88950620239, 24668.609955444997, 33043.88950620239, 33014.94858815521, 24621.70509804253, 33014.94858815521
390, 33054.530103865, 24412.10585227348, 33054.530103865, 33015.59655663536, 24621.360604247267, 33015.59655663536
391, 33054.530103865, 24412.10585227348, 33054.530103865, 33016.746250494616, 24621.48953120184, 33016.746250494616
392, 33072.44030199343, 24536.149030285927, 33072.44030199343, 33018.280234420796, 24623.109178714127, 33018.280234420796
393, 33072.44030199343, 24536.149030285927, 33072.44030199343, 33022.46523400305, 24626.454598860048, 33022.46523400305
394, 33072.44030199343, 24536.149030285927, 33072.44030199343, 33028.44551622166, 24633.838676948748, 33028.44551622166
395, 33072.44030199343, 24536.149030285927, 33072.44030199343, 33036.54752971541, 24642.21596514595, 33036.54752971541
396, 33072.44030199343, 24536.149030285927, 33072.44030199343, 33045.40555998464, 24648.481329917155, 33045.40555998464
397, 33072.44030199343, 24536.149030285927, 33072.44030199343, 33046.58902874723, 24636.670894655006, 33046.58902874723
398, 33072.44030199343, 24536.149030285927, 33072.44030199343, 33048.26309046201, 24618.547252490072, 33048.26309046201
399, 33092.14380938234, 24685.806885053753, 33092.14380938234, 33051.03787316285, 24591.89337347639, 33051.03787316285
400, 33092.14380938234, 24685.806885053753, 33092.14380938234, 33055.571482237436, 24545.609719647127, 33055.571482237436
401, 33092.14380938234, 24685.806885053753, 33092.14380938234, 33062.340698332504, 24481.296489973633, 33062.340698332504
402, 33092.14380938234, 24685.806885053753, 33092.14380938234, 33067.0552044144, 24524.15967811612, 33067.0552044144
403, 33092.14380938234, 24685.806885053753, 33092.14380938234, 33071.82590604833, 24537.302187606158, 33071.82590604833
404, 33092.14380938234, 24685.806885053753, 33092.14380938234, 33073.182390376845, 24537.914333854904, 33073.182390376845
405, 33092.14380938234, 24685.806885053753, 33092.14380938234, 33073.92262711491, 24537.771822988685, 33073.92262711491
406, 33092.14380938234, 24685.806885053753, 33092.14380938234, 33074.38981566581, 24538.002158721258, 33074.38981566581
407, 33105.34605140238, 24461.262895686814, 33105.34605140238, 33075.70455772181, 24538.38706361093, 33075.70455772181
408, 33105.34605140238, 24461.262895686814, 33105.34605140238, 33077.4864883287, 24539.002304233178, 33077.4864883287
409, 33105.34605140238, 24461.262895686814, 33105.34605140238, 33079.69210070008, 24543.588314955137, 33079.69210070008
410, 33105.34605140238, 24461.262895686814, 33105.34605140238, 33084.58626080859, 24550.180439195363, 33084.58626080859
411, 33105.34605140238, 24461.262895686814, 33105.34605140238, 33089.37074331223, 24560.916795479836, 33089.37074331223
412, 33105.34605140238, 24461.262895686814, 33105.34605140238, 33090.256572735954, 24572.56268090753, 33090.256572735954
413, 33105.34605140238, 24461.262895686814, 33105.34605140238, 33091.29801657701, 24587.416742812224, 33091.29801657701
414, 33105.34605140238, 24461.262895686814, 33105.34605140238, 33093.69586246684, 24616.524810207964, 33093.69586246684
415, 33105.34605140238, 24461.262895686814, 33105.34605140238, 33095.37835867707, 24630.793607658867, 33095.37835867707
416, 33105.34605140238, 24461.262895686814, 33105.34605140238, 33097.754762240686, 24590.37568957279, 33097.754762240686
417, 33105.34605140238, 24461.262895686814, 33105.34605140238, 33100.98931153562, 24535.362412177914, 33100.98931153562
418, 33105.34605140238, 24461.262895686814, 33105.34605140238, 33105.34605140238, 24461.262895686854, 33105.34605140238
419, 33177.53482821708, 24473.61224121801, 33177.53482821708, 33105.70699528646, 24461.32464241451, 33105.70699528646
420, 33177.53482821708, 24473.61224121801, 33177.53482821708, 33106.067939170534, 24461.386389142168, 33106.067939170534
421, 33177.53482821708, 24473.61224121801, 33177.53482821708, 33106.067939170534, 24461.386389142168, 33106.067939170534
422, 33177.53482821708, 24473.61224121801, 33177.53482821708, 33107.07413863363, 24461.94968613274, 33107.07413863363
423, 33177.53482821708, 24473.61224121801, 33177.53482821708, 33107.79602640178, 24462.073179588053, 33107.79602640178
424, 33177.53482821708, 24473.61224121801, 33177.53482821708, 33108.878858054, 24462.258419771017, 33108.878858054
425, 33177.53482821708, 24473.61224121801, 33177.53482821708, 33112.050720821535, 24463.19219712753, 33112.050720821535
426, 33177.53482821708, 24473.61224121801, 33177.53482821708, 33114.93827189413, 24463.686170948775, 33114.93827189413
427, 33177.53482821708, 24473.61224121801, 33177.53482821708, 33124.891436269936, 24466.17119293836, 33124.891436269936
428, 33177.53482821708, 24473.61224121801, 33177.53482821708, 33138.37740729736, 24469.65173901212, 33138.37740729736
429, 33177.53482821708, 24473.61224121801, 33177.53482821708, 33153.48898580511, 24475.71889009642, 33153.48898580511
430, 33177.53482821708, 24473.61224121801, 33177.53482821708, 33177.53482821701, 24473.612241217947, 33177.53482821701
431, 33179.63725461632, 24553.84733759781, 33179.63725461632, 33177.545340348996, 24474.013416699843, 33177.545340348996
432, 33179.63725461632, 24553.84733759781, 33179.63725461632, 33177.545340348996, 24474.013416699843, 33177.545340348996
433, 33179.63725461632, 24553.84733759781, 33179.63725461632, 33177.555852481, 24474.414592181744, 33177.555852481
434, 33179.63725461632, 24553.84733759781, 33179.63725461632, 33177.57687674499, 24475.21694314554, 33177.57687674499
435, 33179.63725461632, 24553.84733759781, 33179.63725461632, 33177.587388876986, 24475.61811862744, 33177.587388876986
436, 33179.63725461632, 24553.84733759781, 33179.63725461632, 33177.60841314098, 24476.420469591234, 33177.60841314098
437, 33179.63725461632, 24553.84733759781, 33179.63725461632, 33177.69251019695, 24479.629873446433, 33177.69251019695
438, 33179.63725461632, 24553.84733759781, 33179.63725461632, 33177.77660725292, 24482.83927730162, 33177.77660725292
439, 33179.63725461632, 24553.84733759781, 33179.63725461632, 33177.97633776085, 24490.461611457715, 33177.97633776085
440, 33179.63725461632, 24553.84733759781, 33179.63725461632, 33178.26016532474, 24501.293349468964, 33178.26016532474
441, 33179.63725461632, 24553.84733759781, 33179.63725461632, 33178.77525979249, 24520.950948082056, 33178.77525979249
442, 33179.63725461632, 24553.84733759781, 33179.63725461632, 33179.532133296285, 24549.83558277889, 33179.532133296285
443, 33253.16195884136, 24326.94322645662, 33253.16195884136, 33180.004878137384, 24552.712817042197, 33180.004878137384
444, 33253.16195884136, 24326.94322645662, 33253.16195884136, 33180.372501658516, 24551.57829648649, 33180.372501658516
445, 33253.16195884136, 24326.94322645662, 33253.16195884136, 33180.74012517963, 24550.44377593078, 33180.74012517963
446, 33253.16195884136, 24326.94322645662, 33253.16195884136, 33181.47537222189, 24548.174734819368, 33181.47537222189
447, 33253.16195884136, 24326.94322645662, 33253.16195884136, 33182.57824278527, 24544.771173152254, 33182.57824278527
448, 33253.16195884136, 24326.94322645662, 33253.16195884136, 33185.151607433145, 24536.82952926231, 33185.151607433145
449, 33253.16195884136, 24326.94322645662, 33253.16195884136, 33188.092595602146, 24527.75336481666, 33188.092595602146
450, 33253.16195884136, 24326.94322645662, 33253.16195884136, 33191.768830813395, 24516.408159259605, 33191.768830813395
451, 33253.16195884136, 24326.94322645662, 33253.16195884136, 33198.38605419365, 24495.9867892569, 33198.38605419365
452, 33253.16195884136, 24326.94322645662, 33253.16195884136, 33206.10614813728, 24472.16185758708, 33206.10614813728
453, 33253.16195884136, 24326.94322645662, 33253.16195884136, 33222.649206587885, 24421.108432580295, 33222.649206587885
454, 33253.16195884136, 24326.94322645662, 33253.16195884136, 33248.75047658786, 24340.557473125118, 33248.75047658786
455, 33253.16195884136, 24326.94322645662, 33253.16195884136, 33253.16195884138, 24326.94322645664, 33253.16195884138
456, 33253.16195884136, 24326.94322645662, 33253.16195884136, 33253.16195884138, 24326.94322645664, 33253.16195884138
457, 33265.520714708524, 24505.359273400554, 33265.520714708524, 33253.223752620725, 24327.83530669136, 33253.223752620725
458, 33265.520714708524, 24505.359273400554, 33265.520714708524, 33253.223752620725, 24327.83530669136, 33253.223752620725
459, 33265.520714708524, 24505.359273400554, 33265.520714708524, 33253.223752620725, 24327.83530669136, 33253.223752620725
460, 33265.520714708524, 24505.359273400554, 33265.520714708524, 33253.223752620725, 24327.83530669136, 33253.223752620725
461, 33265.520714708524, 24505.359273400554, 33265.520714708524, 33253.347340179396, 24329.6194671608, 33253.347340179396
462, 33265.520714708524, 24505.359273400554, 33265.520714708524, 33253.5327215174, 24332.295707864956, 33253.5327215174
463, 33265.520714708524, 24505.359273400554, 33265.520714708524, 33253.718102855404, 24334.971948569113, 33253.718102855404
464, 33265.520714708524, 24505.359273400554, 33265.520714708524, 33253.90348419342, 24337.648189273277, 33253.90348419342
465, 33265.520714708524, 24505.359273400554, 33265.520714708524, 33254.274246869434, 24343.00067068159, 33254.274246869434
466, 33265.520714708524, 24505.359273400554, 33265.520714708524, 33255.07756600079, 24354.597713732943, 33255.07756600079
467, 33265.520714708524, 24505.359273400554, 33265.520714708524, 33256.375235366846, 24373.33139866206, 33256.375235366846
468, 33265.520714708524, 24505.359273400554, 33265.520714708524, 33258.22305983004, 24400.598808175087, 33258.22305983004
469, 33265.520714708524, 24505.359273400554, 33265.520714708524, 33261.31274879689, 24445.202819911083, 33261.31274879689
470, 33265.520714708524, 24505.359273400554, 33265.520714708524, 33265.52071470858, 24505.35927340054, 33265.52071470858
471, 33265.520714708524, 24505.359273400554, 33265.520714708524, 33265.52071470858, 24505.35927340054, 33265.52071470858
472, 33286.769670066205, 24443.050391967467, 33286.769670066205, 33265.62695948537, 24505.04772899337, 33265.62695948537
473, 33286.769670066205, 24443.050391967467, 33286.769670066205, 33265.62695948537, 24505.04772899337, 33265.62695948537
474, 33286.769670066205, 24443.050391967467, 33286.769670066205, 33265.733204262164, 24504.736184586207, 33265.733204262164
475, 33286.769670066205, 24443.050391967467, 33286.769670066205, 33265.94569381574, 24504.113095771874, 33265.94569381574
476, 33286.769670066205, 24443.050391967467, 33286.769670066205, 33265.94569381574, 24504.113095771874, 33265.94569381574
477, 33286.769670066205, 24443.050391967467, 33286.769670066205, 33266.05193859253, 24503.80155136471, 33266.05193859253
478, 33286.769670066205, 24443.050391967467, 33286.769670066205, 33266.653254952515, 24502.646148210995, 33266.653254952515
479, 33286.769670066205, 24443.050391967467, 33286.769670066205, 33267.20837224635, 24501.669009641744, 33267.20837224635
480, 33286.769670066205, 24443.050391967467, 33286.769670066205, 33267.98602585917, 24500.604380962977, 33267.98602585917
481, 33286.769670066205, 24443.050391967467, 33286.769670066205, 33269.04847362705, 24497.48893689133, 33269.04847362705
482, 33286.769670066205, 24443.050391967467, 33286.769670066205, 33271.064912260576, 24493.399638615843, 33271.064912260576
483, 33286.769670066205, 24443.050391967467, 33286.769670066205, 33274.406287160826, 24484.90292892685, 33274.406287160826
484, 33286.769670066205, 24443.050391967467, 33286.769670066205, 33280.139080856534, 24471.73962186124, 33280.139080856534
485, 33346.37418727498, 24595.69493047991, 33346.37418727498, 33287.06769265239, 24443.81361465998, 33287.06769265239
486, 33346.37418727498, 24595.69493047991, 33346.37418727498, 33287.36571523844, 24444.576837352542, 33287.36571523844
487, 33346.37418727498, 24595.69493047991, 33346.37418727498, 33287.66373782448, 24445.340060045106, 33287.66373782448
488, 33346.37418727498, 24595.69493047991, 33346.37418727498, 33288.55780558262, 24447.629728122793, 33288.55780558262
489, 33346.37418727498, 24595.69493047991, 33346.37418727498, 33288.55780558262, 24447.629728122793, 33288.55780558262
490, 33346.37418727498, 24595.69493047991, 33346.37418727498, 33289.451873340746, 24449.91939620048, 33289.451873340746
491, 33346.37418727498, 24595.69493047991, 33346.37418727498, 33291.284145970785, 24455.905059363708, 33291.284145970785
492, 33380.696025270874, 24560.119783467246, 33380.696025270874, 33294.7542381579, 24464.66928020742, 33294.7542381579
493, 33380.696025270874, 24560.119783467246, 33380.696025270874, 33301.65099660203, 24483.59231406756, 33301.65099660203
494, 33380.696025270874, 24560.119783467246, 33380.696025270874, 33311.190049288176, 24510.980289738814, 33311.190049288176
495, 33380.696025270874, 24560.119783467246, 33380.696025270874, 33328.28690415093, 24555.317983020625, 33328.28690415093
496, 33380.696025270874, 24560.119783467246, 33380.696025270874, 33347.575451604745, 24594.449800334427, 33347.575451604745
497, 33380.696025270874, 24560.119783467246, 33380.696025270874, 33348.261888364665, 24593.738297394175, 33348.261888364665
498, 33380.696025270874, 24560.119783467246, 33380.696025270874, 33349.46315269452, 24592.493167248733, 33349.46315269452
499, 33380.696025270874, 24560.119783467246, 33380.696025270874, 33351.20821355479, 24590.534105361494, 33351.20821355479
500, 33380.696025270874, 24560.119783467246, 33380.696025270874, 33353.09591464456, 24588.577472275803, 33353.09591464456
