1, 26757.178281601584, 24663.498799197936, 26757.178281601584, 25172.030351941376, 24655.84983661782, 25172.030351941376
2, 26757.178281601584, 24663.498799197936, 26757.178281601584, 25689.88752818412, 24638.426822953894, 25689.88752818412
3, 26832.664713972117, 24657.463019868777, 26832.664713972117, 25936.438753790084, 24631.485547763477, 25936.438753790084
4, 26968.19760546668, 24645.718900311997, 26968.19760546668, 26138.399953216132, 24623.522781512, 26138.399953216132
5, 26968.19760546668, 24645.718900311997, 26968.19760546668, 26233.981686082236, 24621.953250503317, 26233.981686082236
6, 27216.986344722838, 24432.187997677604, 27216.986344722838, 26288.25324317343, 24614.218969272966, 26288.25324317343
7, 27316.050664391303, 24511.57594976357, 27316.050664391303, 26326.908734769928, 24595.735857951753, 26326.908734769928
8, 27316.050664391303, 24511.57594976357, 27316.050664391303, 26435.217755474834, 24581.815329484543, 26435.217755474834
9, 27319.14004598188, 24312.52408141473, 27319.14004598188, 26475.527577750818, 24586.10516363285, 26475.527577750818
10, 27543.99822035456, 24671.83543932622, 27543.99822035456, 26563.148039769112, 24566.908365600193, 26563.148039769112
11, 27543.99822035456, 24671.83543932622, 27543.99822035456, 26575.230148099392, 24548.22020809477, 26575.230148099392
12, 27543.99822035456, 24671.83543932622, 27543.99822035456, 26674.86331422035, 24544.015071915972, 26674.86331422035
13, 27749.505373422264, 24291.41246987771, 27749.505373422264, 26704.244145900117, 24547.988685314813, 26704.244145900117
14, 27786.137656879415, 24432.220142545473, 27786.137656879415, 26707.501736603892, 24557.31298656673, 26707.501736603892
15, 27972.298008422702, 24344.979982798894, 27972.298008422702, 26854.685756306833, 24572.490671875123, 26854.685756306833
16, 27972.298008422702, 24344.979982798894, 27972.298008422702, 26842.732501872968, 24559.335185821263, 26842.732501872968
17, 28013.617799071762, 24464.362121346872, 28013.617799071762, 26883.623783583407, 24546.884122739557, 26883.623783583407
18, 28112.60873388855, 24263.17704663615, 28112.60873388855, 26999.21569976056, 24513.682729794666, 26999.21569976056
19, 28356.735756980994, 24142.167483103072, 28356.735756980994, 27039.56897173925, 24505.089366582033, 27039.56897173925
20, 28356.735756980994, 24142.167483103072, 28356.735756980994, 27117.644748772833, 24486.089711397108, 27117.644748772833
21, 28359.999039823448, 24222.081181699978, 28359.999039823448, 27176.89046894922, 24453.99947869673, 27176.89046894922
22, 28359.999039823448, 24222.081181699978, 28359.999039823448, 27286.60146383088, 24455.42296609011, 27286.60146383088
23, 28556.692374996466, 24331.78129799946, 28556.692374996466, 27298.980815617684, 24460.54647341736, 27298.980815617684
24, 28556.692374996466, 24331.78129799946, 28556.692374996466, 27359.05032918036, 24469.384545393415, 27359.05032918036
25, 28613.5921105407, 24246.243579162918, 28613.5921105407, 27387.4366327478, 24464.446817879376, 27387.4366327478
26, 28613.5921105407, 24246.243579162918, 28613.5921105407, 27452.334656152958, 24446.78971973522, 27452.334656152958
27, 28745.264278942843, 24397.957767989443, 28745.264278942843, 27482.958986106147, 24517.963010555966, 27482.958986106147
28, 28745.264278942843, 24397.957767989443, 28745.264278942843, 27515.583417850696, 24488.999560825374, 27515.583417850696
29, 28843.06265823221, 24656.18211386189, 28843.06265823221, 27577.831710238228, 24460.72121546733, 27577.831710238228
30, 28846.857614558096, 24326.609317874514, 28846.857614558096, 27575.017351585495, 24473.696995621547, 27575.017351585495
31, 28912.209784217608, 24335.542717821958, 28912.209784217608, 27620.61483708899, 24507.18779478482, 27620.61483708899
32, 28974.18867654536, 24414.103030391892, 28974.18867654536, 27619.43824466156, 24488.268262089266, 27619.43824466156
33, 28974.18867654536, 24414.103030391892, 28974.18867654536, 27716.856918371264, 24485.993956356404, 27716.856918371264
34, 29070.280192349543, 24521.72452004851, 29070.280192349543, 27704.87723469511, 24466.937608157546, 27704.87723469511
35, 29135.467570703953, 24604.799119154373, 29135.467570703953, 27787.794356720886, 24480.445643313065, 27787.794356720886
36, 29181.141267961877, 24451.03112072555, 29181.141267961877, 27774.433102760748, 24468.09250413473, 27774.433102760748
37, 29182.666167510728, 24583.527065052924, 29182.666167510728, 27837.914687497505, 24452.053136373368, 27837.914687497505
38, 29202.687635619208, 24557.947582071196, 29202.687635619208, 27850.296080804543, 24448.446699311364, 27850.296080804543
39, 29324.340824261923, 24189.087889255403, 29324.340824261923, 27900.158146711485, 24461.836298838673, 27900.158146711485
40, 29422.463130692602, 24261.45938936451, 29422.463130692602, 27913.95793831881, 24492.57420315439, 27913.95793831881
41, 29422.463130692602, 24261.45938936451, 29422.463130692602, 28014.186690440623, 24490.429074571082, 28014.186690440623
42, 29422.463130692602, 24261.45938936451, 29422.463130692602, 28020.263228005242, 24475.538981016696, 28020.263228005242
43, 29540.710536716546, 24539.035996873128, 29540.710536716546, 28011.508265765984, 24482.709784343726, 28011.508265765984
44, 29637.14270014707, 24402.9675032398, 29637.14270014707, 28070.810886773794, 24499.59580399154, 28070.810886773794
45, 29637.14270014707, 24402.9675032398, 29637.14270014707, 28040.490089349067, 24460.925840242417, 28040.490089349067
46, 29637.14270014707, 24402.9675032398, 29637.14270014707, 28104.552479889593, 24453.73718702663, 28104.552479889593
47, 29637.14270014707, 24402.9675032398, 29637.14270014707, 28130.28301706719, 24497.788352993004, 28130.28301706719
48, 29730.18218244577, 24377.57333419874, 29730.18218244577, 28188.073507311186, 24516.182213129025, 28188.073507311186
49, 29845.42210870309, 24332.483743667195, 29845.42210870309, 28246.38024322482, 24548.845872299808, 28246.38024322482
50, 29845.42210870309, 24332.483743667195, 29845.42210870309, 28249.41300182249, 24532.2626054049, 28249.41300182249
51, 29893.604086348943, 24362.6532020428, 29893.604086348943, 28228.24413064831, 24522.667169078286, 28228.24413064831
52, 29894.261671752432, 24312.29661655153, 29894.261671752432, 28273.40840013036, 24513.14227448279, 28273.40840013036
53, 30022.18332819358, 24655.48582431355, 30022.18332819358, 28329.929091679503, 24527.983508237732, 28329.929091679503
54, 30022.18332819358, 24655.48582431355, 30022.18332819358, 28395.933799264585, 24512.80047395621, 28395.933799264585
55, 30022.18332819358, 24655.48582431355, 30022.18332819358, 28414.219088781312, 24483.582837401602, 28414.219088781312
56, 30022.18332819358, 24655.48582431355, 30022.18332819358, 28367.716723730337, 24528.20439867393, 28367.716723730337
57, 30142.1652458909, 24528.996079239114, 30142.1652458909, 28418.782087085252, 24512.356919159847, 28418.782087085252
58, 30181.562362885958, 24500.805655070617, 30181.562362885958, 28491.44450528993, 24510.253894064426, 28491.44450528993
59, 30181.562362885958, 24500.805655070617, 30181.562362885958, 28459.124913113817, 24527.53069371715, 28459.124913113817
60, 30181.562362885958, 24500.805655070617, 30181.562362885958, 28508.561539283368, 24516.287276343108, 28508.561539283368
61, 30181.562362885958, 24500.805655070617, 30181.562362885958, 28571.70453046855, 24574.67937419026, 28571.70453046855
62, 30218.524070468186, 24650.474248332426, 30218.524070468186, 28604.234631561398, 24582.859546544194, 28604.234631561398
63, 30218.524070468186, 24650.474248332426, 30218.524070468186, 28547.128055754754, 24575.69085212611, 28547.128055754754
64, 30314.174674590384, 24622.79381910861, 30314.174674590384, 28615.575853166254, 24577.672009949576, 28615.575853166254
65, 30314.174674590384, 24622.79381910861, 30314.174674590384, 28648.120675795097, 24570.272703346032, 28648.120675795097
66, 30314.174674590384, 24622.79381910861, 30314.174674590384, 28675.022496621867, 24565.08466348588, 28675.022496621867
67, 30386.8168841276, 24239.69745623584, 30386.8168841276, 28658.6472168621, 24548.57281395325, 28658.6472168621
68, 30493.86218991771, 24686.127206995276, 30493.86218991771, 28695.633677801048, 24544.656033479016, 28695.633677801048
69, 30493.86218991771, 24686.127206995276, 30493.86218991771, 28697.46797669296, 24545.859482717133, 28697.46797669296
70, 30529.66576972776, 24598.844439210734, 30529.66576972776, 28762.358723662157, 24521.35250455879, 28762.358723662157
71, 30529.66576972776, 24598.844439210734, 30529.66576972776, 28787.312030652833, 24567.635588012603, 28787.312030652833
72, 30662.888802444544, 24456.487446475796, 30662.888802444544, 28767.73110233382, 24597.555114666036, 28767.73110233382
73, 30662.888802444544, 24456.487446475796, 30662.888802444544, 28784.249736692163, 24571.911392588074, 28784.249736692163
74, 30662.888802444544, 24456.487446475796, 30662.888802444544, 28872.144094902702, 24547.920510058255, 28872.144094902702
75, 30662.888802444544, 24456.487446475796, 30662.888802444544, 28864.83896838954, 24557.009860741153, 28864.83896838954
76, 30662.888802444544, 24456.487446475796, 30662.888802444544, 28881.507312657184, 24607.259508249015, 28881.507312657184
77, 30662.888802444544, 24456.487446475796, 30662.888802444544, 28893.196137130326, 24596.772352863154, 28893.196137130326
78, 30662.888802444544, 24456.487446475796, 30662.888802444544, 28895.8351693949, 24598.92225953474, 28895.8351693949
79, 30662.888802444544, 24456.487446475796, 30662.888802444544, 28931.96688686512, 24580.52802622975, 28931.96688686512
80, 30662.888802444544, 24456.487446475796, 30662.888802444544, 28960.019925397566, 24572.130064228855, 28960.019925397566
81, 30662.888802444544, 24456.487446475796, 30662.888802444544, 28973.749358724188, 24538.426086777057, 28973.749358724188
82, 30662.888802444544, 24456.487446475796, 30662.888802444544, 28985.75776426666, 24521.780884726675, 28985.75776426666
83, 30749.12603430916, 24393.824439239994, 30749.12603430916, 28976.941239437376, 24516.653600683374, 28976.941239437376
84, 30778.03483310209, 24638.570959917368, 30778.03483310209, 28965.456696594538, 24516.401405040688, 28965.456696594538
85, 30888.010840320243, 24395.11160809127, 30888.010840320243, 29020.69515647936, 24518.109531783382, 29020.69515647936
86, 30888.010840320243, 24395.11160809127, 30888.010840320243, 29028.66061188943, 24522.809937697853, 29028.66061188943
87, 30888.010840320243, 24395.11160809127, 30888.010840320243, 29056.48407461305, 24533.723435188007, 29056.48407461305
88, 30888.010840320243, 24395.11160809127, 30888.010840320243, 29041.235850010427, 24546.80066993847, 29041.235850010427
89, 30888.010840320243, 24395.11160809127, 30888.010840320243, 29077.260145141645, 24551.597637198996, 29077.260145141645
90, 31076.9416481796, 24361.158703766934, 31076.9416481796, 29055.867817343045, 24553.1067058823, 29055.867817343045
91, 31076.9416481796, 24361.158703766934, 31076.9416481796, 29094.524906147708, 24552.746543218193, 29094.524906147708
92, 31076.9416481796, 24361.158703766934, 31076.9416481796, 29133.139374656486, 24524.463728001436, 29133.139374656486
93, 31076.9416481796, 24361.158703766934, 31076.9416481796, 29140.4042047382, 24531.354088600496, 29140.4042047382
94, 31076.9416481796, 24361.158703766934, 31076.9416481796, 29133.279237226434, 24500.50067891921, 29133.279237226434
95, 31076.9416481796, 24361.158703766934, 31076.9416481796, 29175.020735071634, 24493.59379730743, 29175.020735071634
96, 31076.9416481796, 24361.158703766934, 31076.9416481796, 29226.54542789469, 24505.504585590246, 29226.54542789469
97, 31076.9416481796, 24361.158703766934, 31076.9416481796, 29247.314775818293, 24529.46325587663, 29247.314775818293
98, 31076.9416481796, 24361.158703766934, 31076.9416481796, 29252.465947204048, 24496.07567784198, 29252.465947204048
99, 31151.920568840644, 24450.639727594822, 31151.920568840644, 29249.846904691796, 24521.565001827803, 29249.846904691796
100, 31335.217424166527, 24657.70169040733, 31335.217424166527, 29276.45380019749, 24492.19738630646, 29276.45380019749
101, 31335.217424166527, 24657.70169040733, 31335.217424166527, 29329.491274150405, 24458.00841893611, 29329.491274150405
102, 31335.217424166527, 24657.70169040733, 31335.217424166527, 29302.113169844146, 24462.872536628074, 29302.113169844146
103, 31335.217424166527, 24657.70169040733, 31335.217424166527, 29307.980162078304, 24470.527600715082, 29307.980162078304
104, 31335.217424166527, 24657.70169040733, 31335.217424166527, 29362.874982498535, 24486.037975289557, 29362.874982498535
105, 31335.217424166527, 24657.70169040733, 31335.217424166527, 29329.5555361799, 24496.69082684176, 29329.5555361799
106, 31335.217424166527, 24657.70169040733, 31335.217424166527, 29358.342552394104, 24487.572364419862, 29358.342552394104
107, 31335.217424166527, 24657.70169040733, 31335.217424166527, 29411.50947046531, 24540.834601660514, 29411.50947046531
108, 31335.217424166527, 24657.70169040733, 31335.217424166527, 29444.76669393901, 24588.566229309177, 29444.76669393901
109, 31335.217424166527, 24657.70169040733, 31335.217424166527, 29415.26695774287, 24618.78449050853, 29415.26695774287
110, 31527.064600750473, 24619.797921816287, 31527.064600750473, 29551.820676189793, 24656.00068265153, 29551.820676189793
111, 31527.064600750473, 24619.797921816287, 31527.064600750473, 29439.232708339212, 24656.755513258115, 29439.232708339212
112, 31637.971722096732, 24601.431421254034, 31637.971722096732, 29453.76398710832, 24653.71745494491, 29453.76398710832
113, 31637.971722096732, 24601.431421254034, 31637.971722096732, 29491.710410222928, 24652.656737933172, 29491.710410222928
114, 31637.971722096732, 24601.431421254034, 31637.971722096732, 29488.052816652165, 24650.963761740528, 29488.052816652165
115, 31637.971722096732, 24601.431421254034, 31637.971722096732, 29510.639922366365, 24643.43438661129, 29510.639922366365
116, 31637.971722096732, 24601.431421254034, 31637.971722096732, 29531.10077081815, 24629.634900657842, 29531.10077081815
117, 31685.05194555591, 24686.640475076427, 31685.05194555591, 29541.149093291555, 24612.1175107204, 29541.149093291555
118, 31685.05194555591, 24686.640475076427, 31685.05194555591, 29631.957041814385, 24608.577321354118, 29631.957041814385
119, 31685.05194555591, 24686.640475076427, 31685.05194555591, 29647.89532980814, 24619.307744333306, 29647.89532980814
120, 31967.602961863282, 24577.976932471684, 31967.602961863282, 29684.028127326892, 24622.030025445354, 29684.028127326892
121, 31967.602961863282, 24577.976932471684, 31967.602961863282, 29679.336860458323, 24615.38658153458, 29679.336860458323
122, 31967.602961863282, 24577.976932471684, 31967.602961863282, 29640.299751468654, 24619.22550356011, 29640.299751468654
123, 31967.602961863282, 24577.976932471684, 31967.602961863282, 29665.43094068253, 24622.35183088759, 29665.43094068253
124, 31967.602961863282, 24577.976932471684, 31967.602961863282, 29705.609286831157, 24624.608234205218, 29705.609286831157
125, 31967.602961863282, 24577.976932471684, 31967.602961863282, 29729.962516827225, 24627.510343140035, 29729.962516827225
126, 31967.602961863282, 24577.976932471684, 31967.602961863282, 29739.868637356347, 24624.41432616558, 29739.868637356347
127, 31967.602961863282, 24577.976932471684, 31967.602961863282, 29756.205440113725, 24618.81453487948, 29756.205440113725
128, 31967.602961863282, 24577.976932471684, 31967.602961863282, 29849.263581090745, 24611.32336577645, 29849.263581090745
129, 31967.602961863282, 24577.976932471684, 31967.602961863282, 29816.548934887534, 24602.73273460802, 29816.548934887534
130, 31967.602961863282, 24577.976932471684, 31967.602961863282, 29903.766009792074, 24598.9448857851, 29903.766009792074
131, 31967.602961863282, 24577.976932471684, 31967.602961863282, 29940.011699182578, 24601.682911331383, 29940.011699182578
132, 31986.18573968752, 24502.40959569515, 31986.18573968752, 29967.651458106335, 24602.661381270154, 29967.651458106335
133, 31986.18573968752, 24502.40959569515, 31986.18573968752, 29877.988691763658, 24599.787197298963, 29877.988691763658
134, 32079.60374001948, 24523.57363367283, 32079.60374001948, 29912.11088800523, 24600.951215314595, 29912.11088800523
135, 32079.60374001948, 24523.57363367283, 32079.60374001948, 29901.854207062315, 24600.70964759816, 29901.854207062315
136, 32174.16474926014, 24561.96792453345, 32174.16474926014, 29934.70924164719, 24598.19084776002, 29934.70924164719
137, 32174.16474926014, 24561.96792453345, 32174.16474926014, 29960.235106396925, 24595.152772749792, 29960.235106396925
138, 32174.16474926014, 24561.96792453345, 32174.16474926014, 29908.247956986725, 24591.088390029403, 29908.247956986725
139, 32174.16474926014, 24561.96792453345, 32174.16474926014, 29976.439076747844, 24585.481026274894, 29976.439076747844
140, 32174.16474926014, 24561.96792453345, 32174.16474926014, 29954.40431700176, 24578.336319163504, 29954.40431700176
141, 32174.16474926014, 24561.96792453345, 32174.16474926014, 29910.330649917047, 24563.93767401847, 29910.330649917047
142, 32174.16474926014, 24561.96792453345, 32174.16474926014, 29996.523297709908, 24545.96016553695, 29996.523297709908
143, 32174.16474926014, 24561.96792453345, 32174.16474926014, 29989.487946394725, 24541.99340472138, 29989.487946394725
144, 32174.16474926014, 24561.96792453345, 32174.16474926014, 29985.59349014776, 24540.452947997674, 29985.59349014776
145, 32174.16474926014, 24561.96792453345, 32174.16474926014, 29967.398098400066, 24537.37523731506, 29967.398098400066
146, 32174.16474926014, 24561.96792453345, 32174.16474926014, 29943.981533702383, 24536.4616899834, 29943.981533702383
147, 32299.55306059259, 24079.933556732554, 32299.55306059259, 30019.549222811787, 24532.33812096223, 30019.549222811787
148, 32299.55306059259, 24079.933556732554, 32299.55306059259, 30018.85859489832, 24567.51626408714, 30018.85859489832
149, 32299.55306059259, 24079.933556732554, 32299.55306059259, 30034.59786588873, 24569.45674718236, 30034.59786588873
150, 32299.55306059259, 24079.933556732554, 32299.55306059259, 30003.09726913781, 24582.092853042126, 30003.09726913781
151, 32299.55306059259, 24079.933556732554, 32299.55306059259, 30079.034670990706, 24574.881064745445, 30079.034670990706
152, 32299.55306059259, 24079.933556732554, 32299.55306059259, 30102.457548511644, 24580.50717629941, 30102.457548511644
153, 32299.55306059259, 24079.933556732554, 32299.55306059259, 30099.70376882922, 24578.42725646892, 30099.70376882922
154, 32299.55306059259, 24079.933556732554, 32299.55306059259, 30076.0924351863, 24563.021261569484, 30076.0924351863
155, 32299.55306059259, 24079.933556732554, 32299.55306059259, 30052.873105857707, 24549.411186080702, 30052.873105857707
156, 32299.55306059259, 24079.933556732554, 32299.55306059259, 30103.494302688123, 24521.634010688904, 30103.494302688123
157, 32299.55306059259, 24079.933556732554, 32299.55306059259, 30135.926645408505, 24460.360536716507, 30135.926645408505
158, 32299.55306059259, 24079.933556732554, 32299.55306059259, 30079.810976554454, 24410.012921903563, 30079.810976554454
159, 32299.55306059259, 24079.933556732554, 32299.55306059259, 30159.868688309696, 24302.115171218462, 30159.868688309696
160, 32304.70604468408, 24163.44006408147, 32304.70604468408, 30184.673890615126, 24255.271045690304, 30184.673890615126
161, 32404.23573380584, 24184.839030239287, 32404.23573380584, 30172.16647398748, 24251.882873701194, 30172.16647398748
162, 32404.23573380584, 24184.839030239287, 32404.23573380584, 30121.756085467096, 24252.754676921362, 30121.756085467096
163, 32404.23573380584, 24184.839030239287, 32404.23573380584, 30135.84157569533, 24253.351376351686, 30135.84157569533
164, 32404.23573380584, 24184.839030239287, 32404.23573380584, 30187.40918067539, 24252.24277016244, 30187.40918067539
165, 32439.501630816307, 24239.704546131557, 32439.501630816307, 30186.153630991583, 24255.953086861577, 30186.153630991583
166, 32439.501630816307, 24239.704546131557, 32439.501630816307, 30130.112450791705, 24257.18946849691, 30130.112450791705
167, 32439.501630816307, 24239.704546131557, 32439.501630816307, 30182.167883638907, 24260.182402458926, 30182.167883638907
168, 32439.501630816307, 24239.704546131557, 32439.501630816307, 30140.821257779677, 24269.67374213352, 30140.821257779677
169, 32439.501630816307, 24239.704546131557, 32439.501630816307, 30183.226630707617, 24276.43309104482, 30183.226630707617
170, 32439.501630816307, 24239.704546131557, 32439.501630816307, 30234.65400467575, 24285.851206847394, 30234.65400467575
171, 32439.501630816307, 24239.704546131557, 32439.501630816307, 30233.142980410616, 24277.670830082265, 30233.142980410616
172, 32439.501630816307, 24239.704546131557, 32439.501630816307, 30244.37059059791, 24248.90801752397, 30244.37059059791
173, 32439.501630816307, 24239.704546131557, 32439.501630816307, 30193.514509103472, 24294.0641845125, 30193.514509103472
174, 32503.75292326803, 23947.207791669865, 32503.75292326803, 30241.972288540066, 24355.644669846264, 30241.972288540066
175, 32503.75292326803, 23947.207791669865, 32503.75292326803, 30271.026185264556, 24364.30583955925, 30271.026185264556
176, 32503.75292326803, 23947.207791669865, 32503.75292326803, 30245.75285896048, 24361.617818722338, 30245.75285896048
177, 32503.75292326803, 23947.207791669865, 32503.75292326803, 30260.43783362556, 24365.05208308569, 30260.43783362556
178, 32503.75292326803, 23947.207791669865, 32503.75292326803, 30286.18810708911, 24364.662359623748, 30286.18810708911
179, 32503.75292326803, 23947.207791669865, 32503.75292326803, 30279.448294777343, 24364.258010007736, 30279.448294777343
180, 32503.75292326803, 23947.207791669865, 32503.75292326803, 30290.261947629337, 24362.24685927046, 30290.261947629337
181, 32503.75292326803, 23947.207791669865, 32503.75292326803, 30285.234310866195, 24358.72550724733, 30285.234310866195
182, 32503.75292326803, 23947.207791669865, 32503.75292326803, 30302.646621480646, 24356.88695797078, 30302.646621480646
183, 32503.75292326803, 23947.207791669865, 32503.75292326803, 30257.083213468464, 24356.366226274324, 30257.083213468464
184, 32503.75292326803, 23947.207791669865, 32503.75292326803, 30266.210910122456, 24342.55915230246, 30266.210910122456
185, 32503.75292326803, 23947.207791669865, 32503.75292326803, 30325.39638394648, 24289.98257432295, 30325.39638394648
186, 32503.75292326803, 23947.207791669865, 32503.75292326803, 30276.39394270698, 24238.738963049433, 30276.39394270698
187, 32503.75292326803, 23947.207791669865, 32503.75292326803, 30321.240775177856, 24167.510687378603, 30321.240775177856
188, 32503.75292326803, 23947.207791669865, 32503.75292326803, 30286.88726856857, 24159.61130218715, 30286.88726856857
189, 32503.75292326803, 23947.207791669865, 32503.75292326803, 30291.19799407199, 24160.116217442137, 30291.19799407199
190, 32752.935006418735, 24097.98781513141, 32752.935006418735, 30315.391317088004, 24158.99048341583, 30315.391317088004
191, 32752.935006418735, 24097.98781513141, 32752.935006418735, 30289.46284780601, 24162.36059991872, 30289.46284780601
192, 32752.935006418735, 24097.98781513141, 32752.935006418735, 30231.83569991063, 24163.732662961862, 30231.83569991063
193, 32752.935006418735, 24097.98781513141, 32752.935006418735, 30300.592604893074, 24164.490398953807, 30300.592604893074
194, 32752.935006418735, 24097.98781513141, 32752.935006418735, 30275.082936087452, 24167.229376614494, 30275.082936087452
195, 32752.935006418735, 24097.98781513141, 32752.935006418735, 30313.4692013805, 24175.15537416285, 30313.4692013805
196, 32752.935006418735, 24097.98781513141, 32752.935006418735, 30357.02625167092, 24187.202008400644, 30357.02625167092
197, 32752.935006418735, 24097.98781513141, 32752.935006418735, 30335.148268554665, 24209.629087981397, 30335.148268554665
198, 32752.935006418735, 24097.98781513141, 32752.935006418735, 30393.222898879423, 24210.321688855733, 30393.222898879423
199, 32752.935006418735, 24097.98781513141, 32752.935006418735, 30432.70349799137, 24245.212230460565, 30432.70349799137
200, 32752.935006418735, 24097.98781513141, 32752.935006418735, 30444.054648843074, 24293.478385070426, 30444.054648843074
201, 32752.935006418735, 24097.98781513141, 32752.935006418735, 30470.33426980105, 24266.689801912824, 30470.33426980105
202, 32752.935006418735, 24097.98781513141, 32752.935006418735, 30489.421836480014, 24264.772475603448, 30489.421836480014
203, 32768.36240706472, 24134.611420422345, 32768.36240706472, 30456.311966092082, 24266.129879370197, 30456.311966092082
204, 32772.13396560298, 24110.614321120316, 32772.13396560298, 30514.85175219845, 24263.747233509417, 30514.85175219845
205, 32796.44558501034, 24153.90978760303, 32796.44558501034, 30466.922540048472, 24263.771037471226, 30466.922540048472
206, 32796.44558501034, 24153.90978760303, 32796.44558501034, 30463.15252188889, 24266.321008205316, 30463.15252188889
207, 32796.44558501034, 24153.90978760303, 32796.44558501034, 30462.748855270343, 24266.900735456707, 30462.748855270343
208, 32796.44558501034, 24153.90978760303, 32796.44558501034, 30461.0000539735, 24268.067724781842, 30461.0000539735
209, 32796.44558501034, 24153.90978760303, 32796.44558501034, 30497.097986807115, 24266.16245530647, 30497.097986807115
210, 32805.08424764365, 24263.5184155117, 32805.08424764365, 30457.228890116556, 24268.751576095325, 30457.228890116556
211, 32825.528908217355, 24395.729445032495, 32825.528908217355, 30514.51367026795, 24273.229957562227, 30514.51367026795
212, 32825.528908217355, 24395.729445032495, 32825.528908217355, 30493.354221751462, 24263.106757973437, 30493.354221751462
213, 32825.528908217355, 24395.729445032495, 32825.528908217355, 30543.414037662074, 24250.75369714629, 30543.414037662074
214, 32825.528908217355, 24395.729445032495, 32825.528908217355, 30545.46858620985, 24275.06402634501, 30545.46858620985
215, 32868.90718088037, 23770.934406429402, 32868.90718088037, 30555.23141078469, 24317.404794377628, 30555.23141078469
216, 32868.90718088037, 23770.934406429402, 32868.90718088037, 30478.58303314751, 24327.08904907596, 30478.58303314751
217, 32868.90718088037, 23770.934406429402, 32868.90718088037, 30467.82284336376, 24341.099716245895, 30467.82284336376
218, 32868.90718088037, 23770.934406429402, 32868.90718088037, 30549.807826572098, 24365.388808012685, 30549.807826572098
219, 32868.90718088037, 23770.934406429402, 32868.90718088037, 30582.468069970888, 24396.81916267079, 30582.468069970888
220, 32868.90718088037, 23770.934406429402, 32868.90718088037, 30513.037173363595, 24429.824117263823, 30513.037173363595
221, 32873.647308988046, 24449.127400814934, 32873.647308988046, 30528.59195381205, 24433.54341184824, 30528.59195381205
222, 32873.647308988046, 24449.127400814934, 32873.647308988046, 30510.939881881586, 24420.223248302544, 30510.939881881586
223, 32873.647308988046, 24449.127400814934, 32873.647308988046, 30530.220965417215, 24388.857742933895, 30530.220965417215
224, 32873.647308988046, 24449.127400814934, 32873.647308988046, 30553.413171308344, 24339.52127012243, 30553.413171308344
225, 32897.281912449325, 24603.10336327271, 32897.281912449325, 30518.579149627512, 24247.51886886387, 30518.579149627512
226, 32897.281912449325, 24603.10336327271, 32897.281912449325, 30545.90609279508, 24181.224619014243, 30545.90609279508
227, 32920.81236912799, 23962.9938261469, 32920.81236912799, 30511.654876502867, 24253.05525724518, 30511.654876502867
228, 32920.81236912799, 23962.9938261469, 32920.81236912799, 30580.35633391621, 24367.900265535856, 30580.35633391621
229, 32920.81236912799, 23962.9938261469, 32920.81236912799, 30562.15765523814, 24464.93463634119, 30562.15765523814
230, 32920.81236912799, 23962.9938261469, 32920.81236912799, 30578.352017966365, 24442.41269440262, 30578.352017966365
231, 32920.81236912799, 23962.9938261469, 32920.81236912799, 30604.419625136048, 24379.44135440469, 30604.419625136048
232, 33015.9509042708, 23695.08283325615, 33015.9509042708, 30572.32226220622, 24372.560664020224, 30572.32226220622
233, 33015.9509042708, 23695.08283325615, 33015.9509042708, 30592.321831178302, 24498.603013508902, 30592.321831178302
234, 33015.9509042708, 23695.08283325615, 33015.9509042708, 30555.71025546288, 24393.100435342534, 30555.71025546288
235, 33015.9509042708, 23695.08283325615, 33015.9509042708, 30585.059899318312, 24262.745410491134, 30585.059899318312
236, 33015.9509042708, 23695.08283325615, 33015.9509042708, 30539.22704323019, 24169.374937714107, 30539.22704323019
237, 33015.9509042708, 23695.08283325615, 33015.9509042708, 30575.303028547376, 24161.013685024882, 30575.303028547376
238, 33015.9509042708, 23695.08283325615, 33015.9509042708, 30563.156851310912, 24153.742306449745, 30563.156851310912
239, 33043.13153268135, 24027.89730033352, 33043.13153268135, 30629.362993139148, 24143.91999707474, 30629.362993139148
240, 33043.13153268135, 24027.89730033352, 33043.13153268135, 30611.791651037856, 24128.656660363242, 30611.791651037856
241, 33043.13153268135, 24027.89730033352, 33043.13153268135, 30593.547707331465, 24102.86660695244, 30593.547707331465
242, 33043.13153268135, 24027.89730033352, 33043.13153268135, 30626.05917228373, 24068.72552961104, 30626.05917228373
243, 33043.13153268135, 24027.89730033352, 33043.13153268135, 30619.284980227072, 24005.215950173282, 30619.284980227072
244, 33043.13153268135, 24027.89730033352, 33043.13153268135, 30633.983344811815, 24003.22348449108, 30633.983344811815
245, 33043.13153268135, 24027.89730033352, 33043.13153268135, 30613.630285867068, 24016.464483999614, 30613.630285867068
246, 33043.13153268135, 24027.89730033352, 33043.13153268135, 30638.039701768535, 24042.449230492908, 30638.039701768535
247, 33043.13153268135, 24027.89730033352, 33043.13153268135, 30696.475154242446, 24083.218166248203, 30696.475154242446
248, 33043.13153268135, 24027.89730033352, 33043.13153268135, 30666.029516414656, 24156.771066926274, 30666.029516414656
249, 33043.13153268135, 24027.89730033352, 33043.13153268135, 30662.83164974536, 24216.053727800547, 30662.83164974536
250, 33043.13153268135, 24027.89730033352, 33043.13153268135, 30687.799236128976, 24215.8038505292, 30687.799236128976
251, 33092.52700108958, 24041.508897240878, 33092.52700108958, 30693.466708293046, 24217.519533356037, 30693.466708293046
252, 33092.52700108958, 24041.508897240878, 33092.52700108958, 30655.774282142607, 24217.081070674878, 30655.774282142607
253, 33092.52700108958, 24041.508897240878, 33092.52700108958, 30687.028395011046, 24217.16171826051, 30687.028395011046
254, 33092.52700108958, 24041.508897240878, 33092.52700108958, 30658.434486445585, 24216.318681718763, 30658.434486445585
255, 33092.52700108958, 24041.508897240878, 33092.52700108958, 30723.32268567218, 24214.77810733947, 30723.32268567218
256, 33092.52700108958, 24041.508897240878, 33092.52700108958, 30585.072752251872, 24214.799405984802, 30585.072752251872
257, 33092.52700108958, 24041.508897240878, 33092.52700108958, 30705.116050233162, 24215.346809948463, 30705.116050233162
258, 33092.52700108958, 24041.508897240878, 33092.52700108958, 30663.918630195385, 24213.751001188717, 30663.918630195385
259, 33092.52700108958, 24041.508897240878, 33092.52700108958, 30673.97677672826, 24211.593093119074, 30673.97677672826
260, 33121.04284294263, 23887.78859042587, 33121.04284294263, 30715.22526808827, 24206.205386963255, 30715.22526808827
261, 33121.04284294263, 23887.78859042587, 33121.04284294263, 30714.755505184057, 24202.79689520721, 30714.755505184057
262, 33121.04284294263, 23887.78859042587, 33121.04284294263, 30747.41575776955, 24225.198636459154, 30747.41575776955
263, 33121.04284294263, 23887.78859042587, 33121.04284294263, 30740.57965715799, 24224.252759256804, 30740.57965715799
264, 33121.04284294263, 23887.78859042587, 33121.04284294263, 30706.181799331152, 24221.056329487867, 30706.181799331152
265, 33121.04284294263, 23887.78859042587, 33121.04284294263, 30713.60681482449, 24219.550566547234, 30713.60681482449
266, 33121.04284294263, 23887.78859042587, 33121.04284294263, 30685.11387385021, 24214.45222667048, 30685.11387385021
267, 33176.00218645498, 24134.441290667055, 33176.00218645498, 30735.74349125611, 24208.415231690728, 30735.74349125611
268, 33176.00218645498, 24134.441290667055, 33176.00218645498, 30764.49932901685, 24197.89764369654, 30764.49932901685
269, 33176.00218645498, 24134.441290667055, 33176.00218645498, 30718.143415820723, 24177.77468846022, 30718.143415820723
270, 33176.00218645498, 24134.441290667055, 33176.00218645498, 30690.338421034674, 24150.64799017367, 30690.338421034674
271, 33176.00218645498, 24134.441290667055, 33176.00218645498, 30704.923852809752, 24115.451562640294, 30704.923852809752
272, 33205.14383276628, 23874.050756046072, 33205.14383276628, 30717.548560792544, 24143.023536231685, 30717.548560792544
273, 33205.14383276628, 23874.050756046072, 33205.14383276628, 30740.40752374458, 24152.23256021628, 30740.40752374458
274, 33205.14383276628, 23874.050756046072, 33205.14383276628, 30752.86065035844, 24179.260714195472, 30752.86065035844
275, 33212.65923862998, 24128.55371717621, 33212.65923862998, 30758.27113936204, 24215.19141105156, 30758.27113936204
276, 33243.36913448118, 24443.320642943534, 33243.36913448118, 30753.28212682329, 24252.61258644887, 30753.28212682329
277, 33243.36913448118, 24443.320642943534, 33243.36913448118, 30801.28415317273, 24284.911518202563, 30801.28415317273
278, 33243.36913448118, 24443.320642943534, 33243.36913448118, 30737.968506894424, 24284.559656128717, 30737.968506894424
279, 33243.36913448118, 24443.320642943534, 33243.36913448118, 30806.818495220738, 24281.72321451168, 30806.818495220738
280, 33243.36913448118, 24443.320642943534, 33243.36913448118, 30828.890046966793, 24269.750195822216, 30828.890046966793
281, 33255.8064186562, 23926.50119624188, 33255.8064186562, 30772.539830880643, 24253.000834780076, 30772.539830880643
282, 33255.8064186562, 23926.50119624188, 33255.8064186562, 30805.404107925726, 24222.892369953828, 30805.404107925726
283, 33255.8064186562, 23926.50119624188, 33255.8064186562, 30850.61090246853, 24245.568622984563, 30850.61090246853
284, 33255.8064186562, 23926.50119624188, 33255.8064186562, 30812.028338189368, 24238.89256912987, 30812.028338189368
285, 33301.53447110648, 24218.363967651905, 33301.53447110648, 30831.842419760786, 24239.904555858444, 30831.842419760786
286, 33301.53447110648, 24218.363967651905, 33301.53447110648, 30811.38287806105, 24252.66224497014, 30811.38287806105
287, 33301.53447110648, 24218.363967651905, 33301.53447110648, 30816.11743646808, 24270.416423422936, 30816.11743646808
288, 33301.53447110648, 24218.363967651905, 33301.53447110648, 30828.495915471474, 24302.17234345201, 30828.495915471474
289, 33301.53447110648, 24218.363967651905, 33301.53447110648, 30767.320358325407, 24356.09216565452, 30767.320358325407
290, 33301.53447110648, 24218.363967651905, 33301.53447110648, 30826.788170797172, 24286.165511015875, 30826.788170797172
291, 33301.53447110648, 24218.363967651905, 33301.53447110648, 30854.334154445092, 24187.846086447877, 30854.334154445092
292, 33301.53447110648, 24218.363967651905, 33301.53447110648, 30842.75136703062, 24200.0935422278, 30842.75136703062
293, 33301.53447110648, 24218.363967651905, 33301.53447110648, 30824.747419232517, 24244.323818136825, 30824.747419232517
294, 33301.53447110648, 24218.363967651905, 33301.53447110648, 30880.268368941877, 24301.881007587697, 30880.268368941877
295, 33375.0996155334, 24464.836764020907, 33375.0996155334, 30876.972399930823, 24351.840117140728, 30876.972399930823
296, 33375.0996155334, 24464.836764020907, 33375.0996155334, 30846.821331229545, 24352.21296947684, 30846.821331229545
297, 33375.0996155334, 24464.836764020907, 33375.0996155334, 30902.149788025115, 24350.620204786715, 30902.149788025115
298, 33375.0996155334, 24464.836764020907, 33375.0996155334, 30867.757083972938, 24350.34682229294, 30867.757083972938
299, 33375.0996155334, 24464.836764020907, 33375.0996155334, 30883.945643460076, 24351.07676792654, 30883.945643460076
300, 33375.0996155334, 24464.836764020907, 33375.0996155334, 30855.41141536669, 24352.30478793113, 30855.41141536669
301, 33375.0996155334, 24464.836764020907, 33375.0996155334, 30891.69235678122, 24358.294788745745, 30891.69235678122
302, 33375.0996155334, 24464.836764020907, 33375.0996155334, 30875.243840026225, 24361.612505125366, 30875.243840026225
303, 33419.6923760731, 24297.307936152705, 33419.6923760731, 30867.01744841621, 24367.150129986043, 30867.01744841621
304, 33419.6923760731, 24297.307936152705, 33419.6923760731, 30855.88028394612, 24378.86661738009, 30855.88028394612
305, 33419.6923760731, 24297.307936152705, 33419.6923760731, 30908.628022693774, 24396.96973173388, 30908.628022693774
306, 33419.6923760731, 24297.307936152705, 33419.6923760731, 30888.36179256752, 24421.082153680967, 30888.36179256752
307, 33419.6923760731, 24297.307936152705, 33419.6923760731, 30908.27552995802, 24464.193818946533, 30908.27552995802
308, 33419.6923760731, 24297.307936152705, 33419.6923760731, 30892.541937905575, 24511.702359125436, 30892.541937905575
309, 33419.6923760731, 24297.307936152705, 33419.6923760731, 30909.424250428146, 24509.50564964476, 30909.424250428146
310, 33429.36538556948, 24590.937448328597, 33429.36538556948, 30898.638077927335, 24504.682601274242, 30898.638077927335
311, 33429.36538556948, 24590.937448328597, 33429.36538556948, 30936.15585274796, 24490.48511815575, 30936.15585274796
312, 33437.442484743915, 24342.662179067556, 33437.442484743915, 30955.996176112043, 24470.84503664619, 30955.996176112043
313, 33437.442484743915, 24342.662179067556, 33437.442484743915, 30959.64834055488, 24437.372918043915, 30959.64834055488
314, 33437.442484743915, 24342.662179067556, 33437.442484743915, 30868.342806829336, 24426.4685029288, 30868.342806829336
315, 33480.03276982571, 24243.540096541394, 33480.03276982571, 30953.338497413537, 24434.72212118996, 30953.338497413537
316, 33480.03276982571, 24243.540096541394, 33480.03276982571, 30936.42137077316, 24446.466355029523, 30936.42137077316
317, 33480.03276982571, 24243.540096541394, 33480.03276982571, 30946.318553982783, 24470.338743102086, 30946.318553982783
318, 33484.38317769831, 24334.374946778462, 33484.38317769831, 30931.72395095265, 24515.72674427168, 30931.72395095265
319, 33484.38317769831, 24334.374946778462, 33484.38317769831, 30920.595405925036, 24558.290409496774, 30920.595405925036
320, 33484.38317769831, 24334.374946778462, 33484.38317769831, 30960.798939179367, 24509.993615978416, 30960.798939179367
321, 33484.38317769831, 24334.374946778462, 33484.38317769831, 30937.67574943201, 24438.194223208775, 30937.67574943201
322, 33484.38317769831, 24334.374946778462, 33484.38317769831, 30997.305019397303, 24424.589036918922, 30997.305019397303
323, 33485.24479450762, 24520.1586817481, 33485.24479450762, 31013.194190565246, 24419.703566282937, 31013.194190565246
324, 33485.24479450762, 24520.1586817481, 33485.24479450762, 31017.528983971388, 24406.090465566922, 31017.528983971388
325, 33485.24479450762, 24520.1586817481, 33485.24479450762, 30949.31102891843, 24414.239875527153, 30949.31102891843
326, 33485.24479450762, 24520.1586817481, 33485.24479450762, 30952.090324255027, 24432.197610203755, 30952.090324255027
327, 33485.24479450762, 24520.1586817481, 33485.24479450762, 30947.736514971326, 24433.539258444118, 30947.736514971326
328, 33491.44103839154, 24548.349597521516, 33491.44103839154, 30986.183738781318, 24434.1640782192, 30986.183738781318
329, 33491.44103839154, 24548.349597521516, 33491.44103839154, 30954.883400743176, 24437.59657249139, 30954.883400743176
330, 33521.66433287528, 24349.24437591094, 33521.66433287528, 30979.760846276255, 24442.360859196953, 30979.760846276255
331, 33521.66433287528, 24349.24437591094, 33521.66433287528, 31027.38671640328, 24450.84073073174, 31027.38671640328
332, 33521.66433287528, 24349.24437591094, 33521.66433287528, 31019.62072111706, 24466.327795026315, 31019.62072111706
333, 33521.66433287528, 24349.24437591094, 33521.66433287528, 30960.275159369376, 24488.679096867076, 30960.275159369376
334, 33521.66433287528, 24349.24437591094, 33521.66433287528, 30980.744780284807, 24523.112133539315, 30980.744780284807
335, 33579.77818085014, 24509.8420108578, 33579.77818085014, 30957.338775557164, 24532.190278192254, 30957.338775557164
336, 33579.77818085014, 24509.8420108578, 33579.77818085014, 31020.09406375743, 24511.021146820556, 31020.09406375743
337, 33579.77818085014, 24509.8420108578, 33579.77818085014, 31005.71353068366, 24539.786072787374, 31005.71353068366
338, 33579.77818085014, 24509.8420108578, 33579.77818085014, 31005.502935367414, 24513.567857163755, 31005.502935367414
339, 33579.77818085014, 24509.8420108578, 33579.77818085014, 31019.795296570937, 24499.8339653382, 31019.795296570937
340, 33579.77818085014, 24509.8420108578, 33579.77818085014, 30957.461057765242, 24449.52217019878, 30957.461057765242
341, 33579.77818085014, 24509.8420108578, 33579.77818085014, 31042.062128300244, 24449.184337765575, 31042.062128300244
342, 33579.77818085014, 24509.8420108578, 33579.77818085014, 31028.29912610927, 24455.69516852415, 31028.29912610927
343, 33579.77818085014, 24509.8420108578, 33579.77818085014, 31008.186067124236, 24467.632022761878, 31008.186067124236
344, 33579.77818085014, 24509.8420108578, 33579.77818085014, 31024.319614602908, 24481.23812625254, 31024.319614602908
345, 33579.77818085014, 24509.8420108578, 33579.77818085014, 31043.792028743228, 24505.487192466517, 31043.792028743228
346, 33579.77818085014, 24509.8420108578, 33579.77818085014, 31061.450506841265, 24548.307604456615, 31061.450506841265
347, 33579.77818085014, 24509.8420108578, 33579.77818085014, 31046.469545886404, 24553.800422089385, 31046.469545886404
348, 33632.23005756917, 24520.694294995967, 33632.23005756917, 31040.52151595523, 24553.61987668703, 31040.52151595523
349, 33632.23005756917, 24520.694294995967, 33632.23005756917, 31055.052198656507, 24551.606054180123, 31055.052198656507
350, 33632.23005756917, 24520.694294995967, 33632.23005756917, 31085.029285123783, 24552.81872113417, 31085.029285123783
351, 33632.23005756917, 24520.694294995967, 33632.23005756917, 31110.8171150313, 24550.600986357906, 31110.8171150313
352, 33632.23005756917, 24520.694294995967, 33632.23005756917, 31081.05726484973, 24547.702434318933, 31081.05726484973
353, 33632.23005756917, 24520.694294995967, 33632.23005756917, 31039.93989815251, 24547.170680854204, 31039.93989815251
354, 33632.23005756917, 24520.694294995967, 33632.23005756917, 31059.459254352947, 24546.43198779598, 31059.459254352947
355, 33632.23005756917, 24520.694294995967, 33632.23005756917, 31073.39665736963, 24541.962333836105, 31073.39665736963
356, 33632.23005756917, 24520.694294995967, 33632.23005756917, 31088.909178479505, 24538.69799405782, 31088.909178479505
357, 33632.23005756917, 24520.694294995967, 33632.23005756917, 31080.116422308256, 24560.639658007603, 31080.116422308256
358, 33632.23005756917, 24520.694294995967, 33632.23005756917, 31089.432152450052, 24562.150911518, 31089.432152450052
359, 33632.23005756917, 24520.694294995967, 33632.23005756917, 31110.42205012663, 24560.68906435073, 31110.42205012663
360, 33632.23005756917, 24520.694294995967, 33632.23005756917, 31104.055157720024, 24562.922924201448, 31104.055157720024
361, 33632.23005756917, 24520.694294995967, 33632.23005756917, 31123.244096560393, 24561.629054380403, 31123.244096560393
362, 33632.23005756917, 24520.694294995967, 33632.23005756917, 31075.88884898608, 24560.889737966187, 31075.88884898608
363, 33632.23005756917, 24520.694294995967, 33632.23005756917, 31106.722927321593, 24560.69253161727, 31106.722927321593
364, 33695.51672725009, 24215.57754392423, 33695.51672725009, 31096.161291570188, 24559.246790018253, 31096.161291570188
365, 33695.51672725009, 24215.57754392423, 33695.51672725009, 31072.369098809853, 24560.912034749646, 31072.369098809853
366, 33695.51672725009, 24215.57754392423, 33695.51672725009, 31106.040986172724, 24559.790262618917, 31106.040986172724
367, 33735.86240716922, 24493.384525355454, 33735.86240716922, 31048.983877749997, 24559.432779948656, 31048.983877749997
368, 33735.86240716922, 24493.384525355454, 33735.86240716922, 31096.729186480152, 24558.578501258216, 31096.729186480152
369, 33735.86240716922, 24493.384525355454, 33735.86240716922, 31105.089587022812, 24556.56169214249, 31105.089587022812
370, 33735.86240716922, 24493.384525355454, 33735.86240716922, 31106.864413111776, 24552.384773287442, 31106.864413111776
371, 33735.86240716922, 24493.384525355454, 33735.86240716922, 31072.881683714902, 24549.559664288372, 31072.881683714902
372, 33735.86240716922, 24493.384525355454, 33735.86240716922, 31084.63384605337, 24539.96702124173, 31084.63384605337
373, 33735.86240716922, 24493.384525355454, 33735.86240716922, 31170.51982185821, 24531.258707030058, 31170.51982185821
374, 33735.86240716922, 24493.384525355454, 33735.86240716922, 31126.25814833046, 24520.305990399298, 31126.25814833046
375, 33735.86240716922, 24493.384525355454, 33735.86240716922, 31103.668235771987, 24494.30084497122, 31103.668235771987
376, 33735.86240716922, 24493.384525355454, 33735.86240716922, 31137.47649605522, 24529.974399190556, 31137.47649605522
377, 33735.86240716922, 24493.384525355454, 33735.86240716922, 31165.27187272597, 24542.800368475175, 31165.27187272597
378, 33735.86240716922, 24493.384525355454, 33735.86240716922, 31157.484883414978, 24541.43333558989, 31157.484883414978
379, 33735.86240716922, 24493.384525355454, 33735.86240716922, 31109.358240464448, 24542.39663617353, 31109.358240464448
380, 33735.86240716922, 24493.384525355454, 33735.86240716922, 31135.57673235775, 24543.650032109676, 31135.57673235775
381, 33735.86240716922, 24493.384525355454, 33735.86240716922, 31186.191300837825, 24542.61535984605, 31186.191300837825
382, 33735.86240716922, 24493.384525355454, 33735.86240716922, 31161.168279270394, 24542.629756244958, 31161.168279270394
383, 33735.86240716922, 24493.384525355454, 33735.86240716922, 31206.3522649683, 24541.123878672624, 31206.3522649683
384, 33755.55143576234, 24455.09675065018, 33755.55143576234, 31173.06431326683, 24541.2985958007, 31173.06431326683
385, 33755.55143576234, 24455.09675065018, 33755.55143576234, 31155.246162180196, 24540.88684372714, 31155.246162180196
386, 33812.5547551148, 24597.376069516104, 33812.5547551148, 31130.54514856588, 24542.012337293636, 31130.54514856588
387, 33812.5547551148, 24597.376069516104, 33812.5547551148, 31169.300812561618, 24543.05703328738, 31169.300812561618
388, 33812.5547551148, 24597.376069516104, 33812.5547551148, 31185.43020078742, 24541.958567170128, 31185.43020078742
389, 33812.5547551148, 24597.376069516104, 33812.5547551148, 31212.57284687233, 24542.452358798673, 31212.57284687233
390, 33812.5547551148, 24597.376069516104, 33812.5547551148, 31195.02884709922, 24541.307557184915, 31195.02884709922
391, 33812.5547551148, 24597.376069516104, 33812.5547551148, 31190.9491059583, 24540.77044441226, 31190.9491059583
392, 33812.5547551148, 24597.376069516104, 33812.5547551148, 31192.18730904836, 24535.970240657363, 31192.18730904836
393, 33812.5547551148, 24597.376069516104, 33812.5547551148, 31157.604664772498, 24547.885881022285, 31157.604664772498
394, 33812.5547551148, 24597.376069516104, 33812.5547551148, 31186.406131576914, 24568.959363851012, 31186.406131576914
395, 33812.5547551148, 24597.376069516104, 33812.5547551148, 31271.381644224897, 24611.017293729674, 31271.381644224897
396, 33812.5547551148, 24597.376069516104, 33812.5547551148, 31212.70396478646, 24615.02297112674, 31212.70396478646
397, 33812.5547551148, 24597.376069516104, 33812.5547551148, 31221.51222015362, 24615.6748102771, 31221.51222015362
398, 33812.5547551148, 24597.376069516104, 33812.5547551148, 31216.461304552286, 24616.312810574855, 31216.461304552286
399, 33812.5547551148, 24597.376069516104, 33812.5547551148, 31211.504258635174, 24614.58075774909, 31211.504258635174
400, 33812.5547551148, 24597.376069516104, 33812.5547551148, 31221.429761838688, 24615.010528331935, 31221.429761838688
401, 33812.5547551148, 24597.376069516104, 33812.5547551148, 31246.601418361373, 24616.00668865998, 31246.601418361373
402, 33886.29149792409, 24678.88698035485, 33886.29149792409, 31222.122657247965, 24614.776422678773, 31222.122657247965
403, 33886.29149792409, 24678.88698035485, 33886.29149792409, 31216.047772557937, 24615.42269154309, 31216.047772557937
404, 33886.29149792409, 24678.88698035485, 33886.29149792409, 31256.0703828, 24615.622958682427, 31256.0703828
405, 33886.29149792409, 24678.88698035485, 33886.29149792409, 31217.732004542915, 24614.90645813954, 31217.732004542915
406, 33886.29149792409, 24678.88698035485, 33886.29149792409, 31212.639982959492, 24615.04486744656, 31212.639982959492
407, 33910.622454828925, 24601.096645128004, 33910.622454828925, 31210.492156339962, 24615.38912873954, 31210.492156339962
408, 33910.622454828925, 24601.096645128004, 33910.622454828925, 31249.314158703182, 24617.121785100913, 31249.314158703182
409, 33910.622454828925, 24601.096645128004, 33910.622454828925, 31238.973057685685, 24617.893344769473, 31238.973057685685
410, 33910.622454828925, 24601.096645128004, 33910.622454828925, 31219.12566360816, 24620.27551821114, 31219.12566360816
411, 33910.622454828925, 24601.096645128004, 33910.622454828925, 31238.84816775783, 24625.801806263902, 31238.84816775783
412, 33910.622454828925, 24601.096645128004, 33910.622454828925, 31248.8650601522, 24630.77516331718, 31248.8650601522
413, 33910.622454828925, 24601.096645128004, 33910.622454828925, 31263.70874208864, 24639.102000243813, 31263.70874208864
414, 33910.622454828925, 24601.096645128004, 33910.622454828925, 31262.13217993443, 24653.389953765607, 31262.13217993443
415, 33910.622454828925, 24601.096645128004, 33910.622454828925, 31245.06779880864, 24645.647066007015, 31245.06779880864
416, 33910.622454828925, 24601.096645128004, 33910.622454828925, 31306.86977139439, 24631.328969682752, 31306.86977139439
417, 33910.622454828925, 24601.096645128004, 33910.622454828925, 31318.017981289882, 24617.184807495145, 31318.017981289882
418, 33910.622454828925, 24601.096645128004, 33910.622454828925, 31256.087948047993, 24617.439502450776, 31256.087948047993
419, 33910.622454828925, 24601.096645128004, 33910.622454828925, 31269.258761471407, 24617.282163258573, 31269.258761471407
420, 33910.622454828925, 24601.096645128004, 33910.622454828925, 31335.09995473356, 24618.68312363145, 31335.09995473356
421, 33910.622454828925, 24601.096645128004, 33910.622454828925, 31301.763936081, 24619.080120175993, 31301.763936081
422, 33910.622454828925, 24601.096645128004, 33910.622454828925, 31309.359935563054, 24618.360441557143, 31309.359935563054
423, 33910.622454828925, 24601.096645128004, 33910.622454828925, 31307.44905052993, 24618.90043795759, 31307.44905052993
424, 33910.622454828925, 24601.096645128004, 33910.622454828925, 31250.80516042344, 24617.696308878538, 31250.80516042344
425, 33910.622454828925, 24601.096645128004, 33910.622454828925, 31265.691050728456, 24617.347925594397, 31265.691050728456
426, 33910.622454828925, 24601.096645128004, 33910.622454828925, 31248.343792562042, 24618.025051577544, 31248.343792562042
427, 33910.622454828925, 24601.096645128004, 33910.622454828925, 31227.827317846906, 24617.737284555104, 31227.827317846906
428, 33910.622454828925, 24601.096645128004, 33910.622454828925, 31303.62452524821, 24617.62266563541, 31303.62452524821
429, 33910.622454828925, 24601.096645128004, 33910.622454828925, 31236.82625588686, 24616.472936541995, 31236.82625588686
430, 33910.622454828925, 24601.096645128004, 33910.622454828925, 31285.33890493182, 24618.51524020866, 31285.33890493182
431, 33910.622454828925, 24601.096645128004, 33910.622454828925, 31290.955590184683, 24618.465686709733, 31290.955590184683
432, 33910.622454828925, 24601.096645128004, 33910.622454828925, 31339.859019386462, 24618.344707074557, 31339.859019386462
433, 33910.622454828925, 24601.096645128004, 33910.622454828925, 31303.09064653793, 24617.5432790414, 31303.09064653793
434, 33910.622454828925, 24601.096645128004, 33910.622454828925, 31316.729487650642, 24617.98530131415, 31316.729487650642
435, 33910.622454828925, 24601.096645128004, 33910.622454828925, 31275.697668594225, 24618.00736823452, 31275.697668594225
436, 33910.622454828925, 24601.096645128004, 33910.622454828925, 31331.40131848622, 24619.22610292329, 31331.40131848622
437, 33910.622454828925, 24601.096645128004, 33910.622454828925, 31335.474072532048, 24617.60722063452, 31335.474072532048
438, 33910.622454828925, 24601.096645128004, 33910.622454828925, 31245.595976721008, 24616.987958826427, 31245.595976721008
439, 33910.622454828925, 24601.096645128004, 33910.622454828925, 31294.96006614198, 24618.31637005086, 31294.96006614198
440, 33910.622454828925, 24601.096645128004, 33910.622454828925, 31297.760954715213, 24617.062135775057, 31297.760954715213
441, 33910.622454828925, 24601.096645128004, 33910.622454828925, 31282.823193064327, 24616.989424473926, 31282.823193064327
442, 33910.622454828925, 24601.096645128004, 33910.622454828925, 31262.768798978163, 24616.151625664486, 31262.768798978163
443, 33910.622454828925, 24601.096645128004, 33910.622454828925, 31282.394724544272, 24618.362621153992, 31282.394724544272
444, 33910.622454828925, 24601.096645128004, 33910.622454828925, 31291.8811579162, 24616.80952297491, 31291.8811579162
445, 33910.622454828925, 24601.096645128004, 33910.622454828925, 31324.946845201546, 24617.517325612578, 31324.946845201546
446, 33910.622454828925, 24601.096645128004, 33910.622454828925, 31261.217904116787, 24616.879112506253, 31261.217904116787
447, 33910.622454828925, 24601.096645128004, 33910.622454828925, 31273.35843535433, 24618.06620103289, 31273.35843535433
448, 33910.622454828925, 24601.096645128004, 33910.622454828925, 31276.793119088736, 24618.15708199729, 31276.793119088736
449, 33910.622454828925, 24601.096645128004, 33910.622454828925, 31276.067219326316, 24617.21867087493, 31276.067219326316
450, 33910.622454828925, 24601.096645128004, 33910.622454828925, 31221.387748394813, 24619.011468292985, 31221.387748394813
451, 33910.622454828925, 24601.096645128004, 33910.622454828925, 31257.459582061027, 24619.38914715691, 31257.459582061027
452, 33910.622454828925, 24601.096645128004, 33910.622454828925, 31259.904100794698, 24618.599543096232, 31259.904100794698
453, 33910.622454828925, 24601.096645128004, 33910.622454828925, 31283.103402116307, 24618.262472607927, 31283.103402116307
454, 33910.622454828925, 24601.096645128004, 33910.622454828925, 31338.714336849338, 24618.34210875803, 31338.714336849338
455, 33910.622454828925, 24601.096645128004, 33910.622454828925, 31277.984242068625, 24616.403670020038, 31277.984242068625
456, 33910.622454828925, 24601.096645128004, 33910.622454828925, 31280.80325848564, 24617.73152978336, 31280.80325848564
457, 33910.622454828925, 24601.096645128004, 33910.622454828925, 31275.29192647887, 24616.928559079613, 31275.29192647887
458, 33910.622454828925, 24601.096645128004, 33910.622454828925, 31246.705119623737, 24618.095549438633, 31246.705119623737
459, 33910.622454828925, 24601.096645128004, 33910.622454828925, 31305.126024858077, 24616.874717110055, 31305.126024858077
460, 33910.622454828925, 24601.096645128004, 33910.622454828925, 31307.763007371257, 24618.431581373807, 31307.763007371257
461, 33910.622454828925, 24601.096645128004, 33910.622454828925, 31308.97991830827, 24616.860806840657, 31308.97991830827
462, 33910.622454828925, 24601.096645128004, 33910.622454828925, 31271.964770090894, 24617.582047062075, 31271.964770090894
463, 33910.622454828925, 24601.096645128004, 33910.622454828925, 31270.255267945773, 24618.519848803004, 31270.255267945773
464, 33910.622454828925, 24601.096645128004, 33910.622454828925, 31251.88262445852, 24618.42172826281, 31251.88262445852
465, 33910.92166195764, 24635.429989779368, 33910.92166195764, 31276.020170910786, 24616.845304153325, 31276.020170910786
466, 33910.92166195764, 24635.429989779368, 33910.92166195764, 31329.823569345408, 24617.492694640387, 31329.823569345408
467, 33910.92166195764, 24635.429989779368, 33910.92166195764, 31289.756700471993, 24618.182703939234, 31289.756700471993
468, 33910.92166195764, 24635.429989779368, 33910.92166195764, 31258.065613057213, 24618.684108355792, 31258.065613057213
469, 33910.92166195764, 24635.429989779368, 33910.92166195764, 31291.62411121387, 24618.84694217679, 31291.62411121387
470, 33910.92166195764, 24635.429989779368, 33910.92166195764, 31296.375791696828, 24618.000216245353, 31296.375791696828
471, 33910.92166195764, 24635.429989779368, 33910.92166195764, 31263.860884815116, 24619.21372074795, 31263.860884815116
472, 33910.92166195764, 24635.429989779368, 33910.92166195764, 31277.169093162804, 24619.519365155775, 31277.169093162804
473, 33910.92166195764, 24635.429989779368, 33910.92166195764, 31267.685243176365, 24622.028624756018, 31267.685243176365
474, 33910.92166195764, 24635.429989779368, 33910.92166195764, 31282.45219791699, 24626.240828531234, 31282.45219791699
475, 33956.249963713846, 24639.230154539153, 33956.249963713846, 31275.38198087045, 24626.38775894286, 31275.38198087045
476, 33956.249963713846, 24639.230154539153, 33956.249963713846, 31309.56088150409, 24634.525618583968, 31309.56088150409
477, 33956.249963713846, 24639.230154539153, 33956.249963713846, 31259.40122831024, 24642.704276676595, 31259.40122831024
478, 33956.249963713846, 24639.230154539153, 33956.249963713846, 31207.406002528794, 24642.191883782074, 31207.406002528794
479, 33956.249963713846, 24639.230154539153, 33956.249963713846, 31278.781966891776, 24642.387968320676, 31278.781966891776
480, 33956.249963713846, 24639.230154539153, 33956.249963713846, 31269.57406253103, 24641.52470727211, 31269.57406253103
481, 33956.249963713846, 24639.230154539153, 33956.249963713846, 31326.862483837278, 24640.12149158619, 31326.862483837278
482, 33956.249963713846, 24639.230154539153, 33956.249963713846, 31290.215817672328, 24641.94753929776, 31290.215817672328
483, 33956.249963713846, 24639.230154539153, 33956.249963713846, 31310.936054301335, 24640.794469528468, 31310.936054301335
484, 33956.249963713846, 24639.230154539153, 33956.249963713846, 31306.026158158173, 24642.870674232887, 31306.026158158173
485, 33956.249963713846, 24639.230154539153, 33956.249963713846, 31322.848430092574, 24642.901420643124, 31322.848430092574
486, 33956.249963713846, 24639.230154539153, 33956.249963713846, 31330.462555521994, 24644.04135889409, 31330.462555521994
487, 33956.249963713846, 24639.230154539153, 33956.249963713846, 31356.946825641742, 24644.719785089717, 31356.946825641742
488, 33956.249963713846, 24639.230154539153, 33956.249963713846, 31305.950321852175, 24643.302992995545, 31305.950321852175
489, 33956.249963713846, 24639.230154539153, 33956.249963713846, 31334.94659755384, 24645.32989494494, 31334.94659755384
490, 33956.249963713846, 24639.230154539153, 33956.249963713846, 31268.211061635266, 24644.357775786124, 31268.211061635266
491, 33956.249963713846, 24639.230154539153, 33956.249963713846, 31306.540204711677, 24644.035726170478, 31306.540204711677
492, 33956.249963713846, 24639.230154539153, 33956.249963713846, 31331.786542536076, 24643.343432768863, 31331.786542536076
493, 33956.249963713846, 24639.230154539153, 33956.249963713846, 31309.79734968829, 24645.408648687255, 31309.79734968829
494, 33956.249963713846, 24639.230154539153, 33956.249963713846, 31332.980307693728, 24644.248661191603, 31332.980307693728
495, 33956.249963713846, 24639.230154539153, 33956.249963713846, 31360.93441704344, 24642.748563686335, 31360.93441704344
496, 33956.249963713846, 24639.230154539153, 33956.249963713846, 31302.50020061505, 24643.445238156783, 31302.50020061505
497, 33956.249963713846, 24639.230154539153, 33956.249963713846, 31303.996145134744, 24642.122381312372, 31303.996145134744
498, 33956.249963713846, 24639.230154539153, 33956.249963713846, 31268.96837673495, 24644.67441443951, 31268.96837673495
499, 33956.249963713846, 24639.230154539153, 33956.249963713846, 31334.597947449525, 24642.778268258902, 31334.597947449525
500, 33956.249963713846, 24639.230154539153, 33956.249963713846, 31297.677457274516, 24644.553078173896, 31297.677457274516
