1, 27039.367727368583, 24688.69054766213, 27039.367727368583, 25080.9130722529, 24656.964115159673, 25080.9130722529
2, 27081.288639671668, 24601.38296346814, 27081.288639671668, 25610.9908232111, 24637.430060341976, 25610.9908232111
3, 27081.288639671668, 24601.38296346814, 27081.288639671668, 25837.089454158115, 24632.691148022262, 25837.089454158115
4, 27081.288639671668, 24601.38296346814, 27081.288639671668, 26000.175676027568, 24619.881307884738, 26000.175676027568
5, 27228.900183890633, 24458.66890726916, 27228.900183890633, 26176.650551186376, 24596.90838167798, 26176.650551186376
6, 27270.180552212325, 24398.27435584023, 27270.180552212325, 26311.849801663415, 24598.05267594982, 26311.849801663415
7, 27270.180552212325, 24398.27435584023, 27270.180552212325, 26392.98202510863, 24598.86983732821, 26392.98202510863
8, 27270.180552212325, 24398.27435584023, 27270.180552212325, 26486.822126058567, 24581.060491641383, 26486.822126058567
9, 27377.267104072198, 24294.54605445454, 27377.267104072198, 26564.092420085468, 24569.735047097074, 26564.092420085468
10, 27518.70287815003, 24502.764484743162, 27518.70287815003, 26572.246064037332, 24540.025902304234, 26572.246064037332
11, 27527.259772847217, 24519.86801292907, 27527.259772847217, 26594.754669449158, 24532.8526479047, 26594.754669449158
12, 27773.957242376095, 24675.053645447228, 27773.957242376095, 26716.357962928018, 24493.00182232981, 26716.357962928018
13, 27773.957242376095, 24675.053645447228, 27773.957242376095, 26730.61004805199, 24506.591611115728, 26730.61004805199
14, 27773.957242376095, 24675.053645447228, 27773.957242376095, 26738.405594379852, 24537.946353387673, 26738.405594379852
15, 27861.91037684338, 24534.121432397154, 27861.91037684338, 26840.98493360192, 24554.777683321434, 26840.98493360192
16, 27861.91037684338, 24534.121432397154, 27861.91037684338, 26888.778181378813, 24569.276921734363, 26888.778181378813
17, 27935.916560234487, 24431.710882584495, 27935.916560234487, 26948.754824126154, 24569.49900585827, 26948.754824126154
18, 28008.115972277643, 24603.535430096923, 28008.115972277643, 26954.66538770085, 24568.785689883643, 26954.66538770085
19, 28188.779180866393, 24410.58818449774, 28188.779180866393, 27075.681220296206, 24575.038465110192, 27075.681220296206
20, 28363.731927752553, 24406.96490144029, 28363.731927752553, 27068.222225148136, 24562.27276397347, 27068.222225148136
21, 28363.731927752553, 24406.96490144029, 28363.731927752553, 27136.802213363135, 24549.116779812466, 27136.802213363135
22, 28363.731927752553, 24406.96490144029, 28363.731927752553, 27156.685384824596, 24551.508994077583, 27156.685384824596
23, 28394.602488565604, 24511.893382356935, 28394.602488565604, 27212.63875018537, 24548.646376346634, 27212.63875018537
24, 28394.602488565604, 24511.893382356935, 28394.602488565604, 27257.01444649051, 24558.826507091253, 27257.01444649051
25, 28574.04087074381, 24608.434689036196, 28574.04087074381, 27331.479360696798, 24521.045769826465, 27331.479360696798
26, 28574.04087074381, 24608.434689036196, 28574.04087074381, 27392.58165352663, 24514.47675021696, 27392.58165352663
27, 28574.04087074381, 24608.434689036196, 28574.04087074381, 27403.637035788546, 24515.041258245445, 27403.637035788546
28, 28574.04087074381, 24608.434689036196, 28574.04087074381, 27393.788503496246, 24507.728242862424, 27393.788503496246
29, 28736.748555067254, 24451.591580014254, 28736.748555067254, 27447.118264851488, 24498.85497296555, 27447.118264851488
30, 28736.748555067254, 24451.591580014254, 28736.748555067254, 27502.34936027379, 24504.531499767745, 27502.34936027379
31, 28775.26705206355, 24274.31270046637, 28775.26705206355, 27564.912332035536, 24512.675996348862, 27564.912332035536
32, 28831.14192859265, 24272.799854559893, 28831.14192859265, 27560.945939369834, 24526.305384623553, 27560.945939369834
33, 28867.32922321565, 24672.864533614116, 28867.32922321565, 27627.12496269295, 24499.871762566763, 27627.12496269295
34, 28890.610396305306, 24298.316639140747, 28890.610396305306, 27640.296490555844, 24493.4272201344, 27640.296490555844
35, 28927.022822288374, 24517.585238989494, 28927.022822288374, 27722.277219529296, 24481.025791105003, 27722.277219529296
36, 28996.30603628818, 24515.41180491175, 28996.30603628818, 27732.941175356125, 24478.20451473746, 27732.941175356125
37, 29006.087385301744, 24373.071756371064, 29006.087385301744, 27711.390843715755, 24472.064353731428, 27711.390843715755
38, 29079.771788551134, 24372.941089848344, 29079.771788551134, 27759.15239484045, 24507.2463292503, 27759.15239484045
39, 29254.68857603553, 24392.427231255242, 29254.68857603553, 27792.139427902574, 24526.985090870854, 27792.139427902574
40, 29254.68857603553, 24392.427231255242, 29254.68857603553, 27803.33313186121, 24500.8506900996, 27803.33313186121
41, 29254.68857603553, 24392.427231255242, 29254.68857603553, 27836.48557134738, 24506.741852658757, 27836.48557134738
42, 29263.120235414102, 24597.830046635023, 29263.120235414102, 27847.406173097184, 24498.112318763524, 27847.406173097184
43, 29309.23978881079, 24334.474934037054, 29309.23978881079, 27851.581877708453, 24509.639342735518, 27851.581877708453
44, 29309.23978881079, 24334.474934037054, 29309.23978881079, 27906.67979279904, 24503.84356092977, 27906.67979279904
45, 29382.22893295243, 24553.813681539916, 29382.22893295243, 27945.836443045475, 24515.258000004138, 27945.836443045475
46, 29468.926602473726, 24467.714221535436, 29468.926602473726, 28003.26627455218, 24478.98549669994, 28003.26627455218
47, 29468.926602473726, 24467.714221535436, 29468.926602473726, 28045.535463543605, 24494.279697127306, 28045.535463543605
48, 29468.926602473726, 24467.714221535436, 29468.926602473726, 28081.01443575481, 24504.115357917937, 28081.01443575481
49, 29468.926602473726, 24467.714221535436, 29468.926602473726, 28076.549071030906, 24484.844252385134, 28076.549071030906
50, 29486.76945371088, 24376.267755148783, 29486.76945371088, 28104.396131012636, 24469.84566243085, 28104.396131012636
51, 29553.707476586904, 23947.182517654925, 29553.707476586904, 28115.80131178615, 24484.720361303716, 28115.80131178615
52, 29575.819948309694, 24631.135961115484, 29575.819948309694, 28122.12655940185, 24447.462305168137, 28122.12655940185
53, 29575.819948309694, 24631.135961115484, 29575.819948309694, 28150.478362031547, 24462.489827550246, 28150.478362031547
54, 29670.143128055974, 24420.692428711915, 29670.143128055974, 28228.77857887803, 24457.85479825915, 28228.77857887803
55, 29782.805254062463, 24417.65348565983, 29782.805254062463, 28198.157472512205, 24456.325765613517, 28198.157472512205
56, 29782.805254062463, 24417.65348565983, 29782.805254062463, 28218.17956547251, 24415.41292090286, 28218.17956547251
57, 29782.805254062463, 24417.65348565983, 29782.805254062463, 28201.55860891243, 24399.06170602363, 28201.55860891243
58, 29782.805254062463, 24417.65348565983, 29782.805254062463, 28231.131647263835, 24427.751819906178, 28231.131647263835
59, 29782.805254062463, 24417.65348565983, 29782.805254062463, 28262.13902851469, 24500.20658326267, 28262.13902851469
60, 29818.313919688157, 24117.18611241435, 29818.313919688157, 28282.884460330144, 24426.460883052336, 28282.884460330144
61, 29920.220969337366, 24577.907644391333, 29920.220969337366, 28348.276852553226, 24429.180939651396, 28348.276852553226
62, 29920.220969337366, 24577.907644391333, 29920.220969337366, 28379.177275696657, 24433.020890583433, 28379.177275696657
63, 29920.220969337366, 24577.907644391333, 29920.220969337366, 28397.37958772678, 24430.57386703747, 28397.37958772678
64, 29931.01159853167, 24414.629275377607, 29931.01159853167, 28427.4883420617, 24451.577063768393, 28427.4883420617
65, 29981.4290540799, 24508.26167039784, 29981.4290540799, 28486.05325158061, 24421.506641094587, 28486.05325158061
66, 30151.149211023785, 24345.35720990885, 30151.149211023785, 28466.902241316257, 24467.240734263392, 28466.902241316257
67, 30151.149211023785, 24345.35720990885, 30151.149211023785, 28504.60930869542, 24470.889192574094, 28504.60930869542
68, 30151.149211023785, 24345.35720990885, 30151.149211023785, 28509.603154141, 24518.14089197691, 28509.603154141
69, 30179.176784079944, 24474.78755821123, 30179.176784079944, 28481.735346604266, 24521.762068614295, 28481.735346604266
70, 30249.151364334215, 24648.783636907712, 30249.151364334215, 28612.460748106867, 24533.7872605331, 28612.460748106867
71, 30249.151364334215, 24648.783636907712, 30249.151364334215, 28561.364081634652, 24541.948654186857, 28561.364081634652
72, 30327.539096226592, 24367.86630647092, 30327.539096226592, 28494.129259558897, 24551.309624007023, 28494.129259558897
73, 30327.539096226592, 24367.86630647092, 30327.539096226592, 28623.425119681455, 24521.851374074067, 28623.425119681455
74, 30327.539096226592, 24367.86630647092, 30327.539096226592, 28678.777030373047, 24499.939488944216, 28678.777030373047
75, 30327.539096226592, 24367.86630647092, 30327.539096226592, 28681.01358491592, 24515.49355182695, 28681.01358491592
76, 30384.83766200736, 24509.880185297152, 30384.83766200736, 28631.752309090152, 24557.795923044883, 28631.752309090152
77, 30384.83766200736, 24509.880185297152, 30384.83766200736, 28681.881324565402, 24574.641424508238, 28681.881324565402
78, 30423.708588137302, 24650.96179483178, 30423.708588137302, 28719.905236419338, 24599.401968002432, 28719.905236419338
79, 30551.171450554455, 24512.74622139235, 30551.171450554455, 28741.687688178517, 24589.427857720715, 28741.687688178517
80, 30551.171450554455, 24512.74622139235, 30551.171450554455, 28782.21594778024, 24558.036803933093, 28782.21594778024
81, 30551.171450554455, 24512.74622139235, 30551.171450554455, 28796.193072262773, 24498.57057819312, 28796.193072262773
82, 30551.171450554455, 24512.74622139235, 30551.171450554455, 28790.351526573904, 24503.17978759856, 28790.351526573904
83, 30551.171450554455, 24512.74622139235, 30551.171450554455, 28833.120154169326, 24491.631618244624, 28833.120154169326
84, 30551.171450554455, 24512.74622139235, 30551.171450554455, 28817.919740120553, 24511.999557340263, 28817.919740120553
85, 30551.171450554455, 24512.74622139235, 30551.171450554455, 28839.133621996883, 24571.414660111568, 28839.133621996883
86, 30560.49267616825, 24496.46356108502, 30560.49267616825, 28825.151521003667, 24605.98736349428, 28825.151521003667
87, 30560.49267616825, 24496.46356108502, 30560.49267616825, 28856.09060632913, 24572.935383935594, 28856.09060632913
88, 30560.49267616825, 24496.46356108502, 30560.49267616825, 28879.920276388275, 24520.098662773424, 28879.920276388275
89, 30722.61926960136, 24382.157089865606, 30722.61926960136, 28893.026716660923, 24525.955411926363, 28893.026716660923
90, 30722.61926960136, 24382.157089865606, 30722.61926960136, 28897.323402120983, 24535.999472874064, 28897.323402120983
91, 30722.61926960136, 24382.157089865606, 30722.61926960136, 28962.829502019948, 24555.849408571892, 28962.829502019948
92, 30742.418603471273, 24579.131965878925, 30742.418603471273, 28971.207203575144, 24545.757388279388, 28971.207203575144
93, 30742.418603471273, 24579.131965878925, 30742.418603471273, 28959.93413899674, 24547.63393584308, 28959.93413899674
94, 30802.803600397565, 24307.915824595508, 30802.803600397565, 28964.469899135573, 24543.93293351864, 28964.469899135573
95, 30888.585473140476, 24391.721941952386, 30888.585473140476, 28991.42477198546, 24516.36801586821, 28991.42477198546
96, 30888.585473140476, 24391.721941952386, 30888.585473140476, 29023.50675435609, 24507.652559063965, 29023.50675435609
97, 30888.585473140476, 24391.721941952386, 30888.585473140476, 29019.88935790324, 24510.35443836572, 29019.88935790324
98, 30888.585473140476, 24391.721941952386, 30888.585473140476, 29111.24294751246, 24501.381062282544, 29111.24294751246
99, 30888.585473140476, 24391.721941952386, 30888.585473140476, 29061.32436238307, 24486.926038491038, 29061.32436238307
100, 30888.585473140476, 24391.721941952386, 30888.585473140476, 29079.31169093111, 24502.9121268546, 29079.31169093111
101, 30888.585473140476, 24391.721941952386, 30888.585473140476, 29122.372908313864, 24549.4093441539, 29122.372908313864
102, 30895.79546820906, 24680.532899943093, 30895.79546820906, 29095.164282897218, 24532.054914434753, 29095.164282897218
103, 30933.31783320793, 24544.451148212618, 30933.31783320793, 29120.888005627432, 24494.37302230759, 29120.888005627432
104, 30935.743749815127, 24343.69493422226, 30935.743749815127, 29102.24011228864, 24478.115078382612, 29102.24011228864
105, 30935.743749815127, 24343.69493422226, 30935.743749815127, 29109.727622373426, 24490.589079217072, 29109.727622373426
106, 30935.743749815127, 24343.69493422226, 30935.743749815127, 29148.045567163033, 24500.687580588077, 29148.045567163033
107, 30977.746082516544, 24486.82032726845, 30977.746082516544, 29159.871138737766, 24529.348770564124, 29159.871138737766
108, 30977.746082516544, 24486.82032726845, 30977.746082516544, 29235.86275569838, 24537.506540687074, 29235.86275569838
109, 30977.746082516544, 24486.82032726845, 30977.746082516544, 29222.382676708028, 24571.00965476048, 29222.382676708028
110, 30977.746082516544, 24486.82032726845, 30977.746082516544, 29163.755829140355, 24590.835959026273, 29163.755829140355
111, 31082.534737300553, 24501.31640164948, 31082.534737300553, 29219.843570774403, 24542.024137840708, 29219.843570774403
112, 31082.534737300553, 24501.31640164948, 31082.534737300553, 29181.38211493128, 24514.63654898866, 29181.38211493128
113, 31082.534737300553, 24501.31640164948, 31082.534737300553, 29186.403038917477, 24499.250837021485, 29186.403038917477
114, 31146.31906264439, 24601.02918905162, 31146.31906264439, 29221.607373426516, 24536.226050513484, 29221.607373426516
115, 31146.31906264439, 24601.02918905162, 31146.31906264439, 29284.759958730225, 24545.63940556316, 29284.759958730225
116, 31146.31906264439, 24601.02918905162, 31146.31906264439, 29259.738291358422, 24536.171973172844, 29259.738291358422
117, 31146.31906264439, 24601.02918905162, 31146.31906264439, 29253.323991655467, 24541.893092020553, 29253.323991655467
118, 31146.31906264439, 24601.02918905162, 31146.31906264439, 29275.371013453623, 24537.708117788654, 29275.371013453623
119, 31146.31906264439, 24601.02918905162, 31146.31906264439, 29280.796523413057, 24539.07808926307, 29280.796523413057
120, 31146.31906264439, 24601.02918905162, 31146.31906264439, 29336.678088095705, 24556.327720340323, 29336.678088095705
121, 31184.22175093279, 24569.306606876467, 31184.22175093279, 29354.315798225634, 24561.392822040398, 29354.315798225634
122, 31213.774422498507, 24362.151345565228, 31213.774422498507, 29365.087708097304, 24573.951082046628, 29365.087708097304
123, 31213.774422498507, 24362.151345565228, 31213.774422498507, 29317.7868956152, 24590.94297427398, 29317.7868956152
124, 31213.774422498507, 24362.151345565228, 31213.774422498507, 29296.898013579408, 24597.19513863696, 29296.898013579408
125, 31213.774422498507, 24362.151345565228, 31213.774422498507, 29339.396261672417, 24618.99532061142, 29339.396261672417
126, 31213.774422498507, 24362.151345565228, 31213.774422498507, 29346.060844948603, 24615.98887948062, 29346.060844948603
127, 31213.774422498507, 24362.151345565228, 31213.774422498507, 29351.47113008321, 24615.466837532156, 29351.47113008321
128, 31213.774422498507, 24362.151345565228, 31213.774422498507, 29381.659420604654, 24616.838344526837, 29381.659420604654
129, 31213.774422498507, 24362.151345565228, 31213.774422498507, 29412.943095068895, 24613.107076063563, 29412.943095068895
130, 31423.791133212475, 24527.821136414277, 31423.791133212475, 29343.6270311142, 24603.734653480948, 29343.6270311142
131, 31423.791133212475, 24527.821136414277, 31423.791133212475, 29363.132994130443, 24595.458194259405, 29363.132994130443
132, 31423.791133212475, 24527.821136414277, 31423.791133212475, 29401.574874201357, 24592.101031153685, 29401.574874201357
133, 31423.791133212475, 24527.821136414277, 31423.791133212475, 29404.517717827854, 24598.392839185664, 29404.517717827854
134, 31423.791133212475, 24527.821136414277, 31423.791133212475, 29449.8733782797, 24573.521438075768, 29449.8733782797
135, 31423.791133212475, 24527.821136414277, 31423.791133212475, 29424.312480289882, 24530.61344132361, 29424.312480289882
136, 31423.791133212475, 24527.821136414277, 31423.791133212475, 29431.408137454524, 24521.36358998945, 29431.408137454524
137, 31423.791133212475, 24527.821136414277, 31423.791133212475, 29457.834533140463, 24562.24506202886, 29457.834533140463
138, 31423.791133212475, 24527.821136414277, 31423.791133212475, 29463.94553265082, 24603.405782670146, 29463.94553265082
139, 31490.355145576897, 24512.117320327896, 31490.355145576897, 29486.043001552396, 24609.85654435023, 29486.043001552396
140, 31490.355145576897, 24512.117320327896, 31490.355145576897, 29498.21715180686, 24600.22783435475, 29498.21715180686
141, 31537.030316899676, 24633.77967223929, 31537.030316899676, 29529.356993101126, 24580.915826063887, 29529.356993101126
142, 31563.91171150743, 24584.112902207777, 31563.91171150743, 29550.559959421178, 24567.377416288975, 29550.559959421178
143, 31563.91171150743, 24584.112902207777, 31563.91171150743, 29516.374793308565, 24569.64636435004, 29516.374793308565
144, 31563.91171150743, 24584.112902207777, 31563.91171150743, 29591.852293316842, 24572.636664696856, 29591.852293316842
145, 31563.91171150743, 24584.112902207777, 31563.91171150743, 29556.905423439443, 24579.94860142299, 29556.905423439443
146, 31577.1927979042, 24503.57404620603, 31577.1927979042, 29527.511563155746, 24585.143995119757, 29527.511563155746
147, 31577.1927979042, 24503.57404620603, 31577.1927979042, 29601.255666759236, 24593.24620591159, 29601.255666759236
148, 31577.1927979042, 24503.57404620603, 31577.1927979042, 29627.19978363232, 24594.646232666146, 29627.19978363232
149, 31577.1927979042, 24503.57404620603, 31577.1927979042, 29656.74563076422, 24596.79592780081, 29656.74563076422
150, 31577.1927979042, 24503.57404620603, 31577.1927979042, 29635.482833350692, 24626.839275527327, 29635.482833350692
151, 31601.355150684856, 24524.546957459417, 31601.355150684856, 29658.77444618559, 24616.19277603282, 29658.77444618559
152, 31613.61185330908, 24656.966392295468, 31613.61185330908, 29624.88707290402, 24604.109248924582, 29624.88707290402
153, 31613.61185330908, 24656.966392295468, 31613.61185330908, 29640.05430848329, 24601.280564150013, 29640.05430848329
154, 31613.61185330908, 24656.966392295468, 31613.61185330908, 29615.917269259156, 24598.294861475035, 29615.917269259156
155, 31675.206401367963, 24381.3664185808, 31675.206401367963, 29627.52512614547, 24593.28241589442, 29627.52512614547
156, 31675.206401367963, 24381.3664185808, 31675.206401367963, 29675.797200727073, 24586.76346555269, 29675.797200727073
157, 31675.206401367963, 24381.3664185808, 31675.206401367963, 29634.35984649095, 24576.25008593106, 29634.35984649095
158, 31675.940319541496, 24607.156088051215, 31675.940319541496, 29662.374953826118, 24564.538591585766, 29662.374953826118
159, 31675.940319541496, 24607.156088051215, 31675.940319541496, 29674.419517759732, 24571.059084121327, 29674.419517759732
160, 31675.940319541496, 24607.156088051215, 31675.940319541496, 29641.278797684787, 24590.503913376513, 29641.278797684787
161, 31675.940319541496, 24607.156088051215, 31675.940319541496, 29695.601906588894, 24606.440759341305, 29695.601906588894
162, 31743.718888958392, 24668.601138256443, 31743.718888958392, 29699.462998607756, 24607.292851832393, 29699.462998607756
163, 31743.718888958392, 24668.601138256443, 31743.718888958392, 29672.537773359505, 24573.438034344177, 29672.537773359505
164, 31743.718888958392, 24668.601138256443, 31743.718888958392, 29739.088561706976, 24556.660122212073, 29739.088561706976
165, 31743.718888958392, 24668.601138256443, 31743.718888958392, 29718.75694956913, 24551.187141769053, 29718.75694956913
166, 31743.718888958392, 24668.601138256443, 31743.718888958392, 29700.409633895437, 24547.192177198624, 29700.409633895437
167, 31743.718888958392, 24668.601138256443, 31743.718888958392, 29741.95846775836, 24533.379632806354, 29741.95846775836
168, 31743.718888958392, 24668.601138256443, 31743.718888958392, 29735.397145889405, 24523.757513034827, 29735.397145889405
169, 31743.718888958392, 24668.601138256443, 31743.718888958392, 29767.000250879155, 24543.775189744345, 29767.000250879155
170, 31811.914012939207, 24385.048608786576, 31811.914012939207, 29732.393537257703, 24564.10223161226, 29732.393537257703
171, 31811.914012939207, 24385.048608786576, 31811.914012939207, 29718.571127441624, 24598.70978540831, 29718.571127441624
172, 31811.914012939207, 24385.048608786576, 31811.914012939207, 29772.665087813508, 24632.524622731078, 29772.665087813508
173, 31811.914012939207, 24385.048608786576, 31811.914012939207, 29774.016643722607, 24653.933059881005, 29774.016643722607
174, 31811.914012939207, 24385.048608786576, 31811.914012939207, 29713.57157005312, 24649.402057647076, 29713.57157005312
175, 31811.914012939207, 24385.048608786576, 31811.914012939207, 29768.50505766572, 24639.467532210587, 29768.50505766572
176, 31811.914012939207, 24385.048608786576, 31811.914012939207, 29797.37708167713, 24626.915553408693, 29797.37708167713
177, 31824.598067661085, 24682.413645757064, 31824.598067661085, 29810.597397594076, 24618.176097495438, 29810.597397594076
178, 31824.598067661085, 24682.413645757064, 31824.598067661085, 29773.650719334037, 24593.6650883458, 29773.650719334037
179, 31824.598067661085, 24682.413645757064, 31824.598067661085, 29805.493808927844, 24557.38258664687, 29805.493808927844
180, 31824.598067661085, 24682.413645757064, 31824.598067661085, 29837.651421735558, 24473.904884162654, 29837.651421735558
181, 31850.8719485255, 24409.275431401154, 31850.8719485255, 29799.35976847186, 24504.078520616717, 29799.35976847186
182, 31850.8719485255, 24409.275431401154, 31850.8719485255, 29809.341431390465, 24493.406490912632, 29809.341431390465
183, 31850.8719485255, 24409.275431401154, 31850.8719485255, 29841.93439408746, 24471.85245088805, 29841.93439408746
184, 31854.340766655747, 24427.249117391213, 31854.340766655747, 29817.29285287832, 24478.623839350712, 29817.29285287832
185, 31915.816785973017, 24416.167111405375, 31915.816785973017, 29745.92451670555, 24493.0965999508, 29745.92451670555
186, 31915.816785973017, 24416.167111405375, 31915.816785973017, 29767.415521906212, 24503.699479786843, 29767.415521906212
187, 31915.816785973017, 24416.167111405375, 31915.816785973017, 29821.571057769364, 24536.409813242037, 29821.571057769364
188, 31915.816785973017, 24416.167111405375, 31915.816785973017, 29829.03288120071, 24586.622251590852, 29829.03288120071
189, 31915.816785973017, 24416.167111405375, 31915.816785973017, 29856.349632810987, 24528.393007992032, 29856.349632810987
190, 31915.816785973017, 24416.167111405375, 31915.816785973017, 29853.132937918315, 24487.48249710973, 29853.132937918315
191, 31915.816785973017, 24416.167111405375, 31915.816785973017, 29879.354578538983, 24487.023213113578, 29879.354578538983
192, 31915.816785973017, 24416.167111405375, 31915.816785973017, 29860.54257743774, 24496.575537791512, 29860.54257743774
193, 31922.520851795427, 24546.20954099479, 31922.520851795427, 29881.335235039176, 24496.474710569935, 29881.335235039176
194, 31922.520851795427, 24546.20954099479, 31922.520851795427, 29885.8736776097, 24490.434104606564, 29885.8736776097
195, 31922.520851795427, 24546.20954099479, 31922.520851795427, 29863.73505628857, 24491.785864943988, 29863.73505628857
196, 31984.242396898047, 24614.973485534767, 31984.242396898047, 29895.242536384325, 24492.66560033493, 29895.242536384325
197, 31984.242396898047, 24614.973485534767, 31984.242396898047, 29924.265371336824, 24494.955878784313, 29924.265371336824
198, 31984.242396898047, 24614.973485534767, 31984.242396898047, 29901.05716953282, 24495.77685243507, 29901.05716953282
199, 31984.242396898047, 24614.973485534767, 31984.242396898047, 29888.75584102969, 24500.85661436007, 29888.75584102969
200, 31984.242396898047, 24614.973485534767, 31984.242396898047, 29881.65310532177, 24511.924259433985, 29881.65310532177
201, 32083.425463320757, 24586.374685368042, 32083.425463320757, 29864.881533532574, 24526.506557070014, 29864.881533532574
202, 32083.425463320757, 24586.374685368042, 32083.425463320757, 29882.133493395624, 24547.363143234586, 29882.133493395624
203, 32083.425463320757, 24586.374685368042, 32083.425463320757, 29911.228217048498, 24547.3073575574, 29911.228217048498
204, 32083.425463320757, 24586.374685368042, 32083.425463320757, 29918.750246029944, 24529.432222794978, 29918.750246029944
205, 32083.425463320757, 24586.374685368042, 32083.425463320757, 29934.619960156517, 24524.998051802773, 29934.619960156517
206, 32083.425463320757, 24586.374685368042, 32083.425463320757, 29905.24899950654, 24529.551402169076, 29905.24899950654
207, 32083.425463320757, 24586.374685368042, 32083.425463320757, 29920.497802060578, 24557.352295921784, 29920.497802060578
208, 32119.90427694304, 24621.840473308413, 32119.90427694304, 29966.864088860588, 24603.808656878038, 29966.864088860588
209, 32119.90427694304, 24621.840473308413, 32119.90427694304, 29962.724519289713, 24605.92311750165, 29962.724519289713
210, 32119.90427694304, 24621.840473308413, 32119.90427694304, 30042.351229729902, 24588.72646441736, 30042.351229729902
211, 32119.90427694304, 24621.840473308413, 32119.90427694304, 30026.097763084934, 24606.93301260702, 30026.097763084934
212, 32119.90427694304, 24621.840473308413, 32119.90427694304, 29984.065588090798, 24608.367962156273, 29984.065588090798
213, 32137.052001876673, 24405.98796718091, 32137.052001876673, 30004.151518886665, 24608.200079784292, 30004.151518886665
214, 32137.052001876673, 24405.98796718091, 32137.052001876673, 30011.9274072083, 24610.847491723573, 30011.9274072083
215, 32137.052001876673, 24405.98796718091, 32137.052001876673, 29993.212242146652, 24611.439779599583, 29993.212242146652
216, 32137.052001876673, 24405.98796718091, 32137.052001876673, 29988.57340239246, 24613.184149702658, 29988.57340239246
217, 32137.052001876673, 24405.98796718091, 32137.052001876673, 30011.160949076377, 24619.42080183418, 30011.160949076377
218, 32138.475023141928, 24647.37017381089, 32138.475023141928, 29980.938165806456, 24627.1078945042, 29980.938165806456
219, 32186.685485981605, 24459.105783382005, 32186.685485981605, 30012.323459020598, 24627.80167572874, 30012.323459020598
220, 32186.685485981605, 24459.105783382005, 32186.685485981605, 30037.8288803553, 24628.657249854332, 30037.8288803553
221, 32186.685485981605, 24459.105783382005, 32186.685485981605, 30035.08850132863, 24626.536138029936, 30035.08850132863
222, 32186.685485981605, 24459.105783382005, 32186.685485981605, 30028.280812114095, 24621.106654146755, 30028.280812114095
223, 32186.685485981605, 24459.105783382005, 32186.685485981605, 30025.702886092655, 24616.305369569855, 30025.702886092655
224, 32186.685485981605, 24459.105783382005, 32186.685485981605, 30057.713227941083, 24599.247305575973, 30057.713227941083
225, 32186.685485981605, 24459.105783382005, 32186.685485981605, 30002.534191229952, 24582.67369375884, 30002.534191229952
226, 32186.685485981605, 24459.105783382005, 32186.685485981605, 30051.71006243589, 24561.1532504202, 30051.71006243589
227, 32186.685485981605, 24459.105783382005, 32186.685485981605, 30077.310608675325, 24545.61671135549, 30077.310608675325
228, 32186.685485981605, 24459.105783382005, 32186.685485981605, 30018.69293401791, 24586.931049262694, 30018.69293401791
229, 32186.685485981605, 24459.105783382005, 32186.685485981605, 30078.65516643294, 24598.915786334226, 30078.65516643294
230, 32186.685485981605, 24459.105783382005, 32186.685485981605, 30061.067146183974, 24567.63942021797, 30061.067146183974
231, 32218.14506692846, 24643.814771309913, 32218.14506692846, 30067.8166784728, 24527.35226242507, 30067.8166784728
232, 32218.14506692846, 24643.814771309913, 32218.14506692846, 30057.410271573848, 24518.493811453376, 30057.410271573848
233, 32218.14506692846, 24643.814771309913, 32218.14506692846, 30086.001887840514, 24519.766585831567, 30086.001887840514
234, 32218.14506692846, 24643.814771309913, 32218.14506692846, 30071.036044812183, 24517.861059546656, 30071.036044812183
235, 32218.14506692846, 24643.814771309913, 32218.14506692846, 30060.228930285564, 24520.350121154403, 30060.228930285564
236, 32324.4009244346, 24535.465368860765, 32324.4009244346, 30094.822980909987, 24519.604170954084, 30094.822980909987
237, 32324.4009244346, 24535.465368860765, 32324.4009244346, 30093.87553113754, 24521.905902639992, 30093.87553113754
238, 32324.4009244346, 24535.465368860765, 32324.4009244346, 30085.315166407603, 24522.740855191103, 30085.315166407603
239, 32324.4009244346, 24535.465368860765, 32324.4009244346, 30132.956252927994, 24524.7472542585, 30132.956252927994
240, 32324.4009244346, 24535.465368860765, 32324.4009244346, 30061.33474281542, 24528.826709081175, 30061.33474281542
241, 32324.4009244346, 24535.465368860765, 32324.4009244346, 30057.916519609353, 24537.82241876247, 30057.916519609353
242, 32324.4009244346, 24535.465368860765, 32324.4009244346, 30104.411677637847, 24567.03630032029, 30104.411677637847
243, 32324.4009244346, 24535.465368860765, 32324.4009244346, 30166.988536301462, 24558.57108205906, 30166.988536301462
244, 32324.4009244346, 24535.465368860765, 32324.4009244346, 30158.835279438772, 24612.580800601812, 30158.835279438772
245, 32341.107327473972, 24461.315201796846, 32341.107327473972, 30148.12115921077, 24569.573624520326, 30148.12115921077
246, 32341.107327473972, 24461.315201796846, 32341.107327473972, 30121.898917630013, 24570.334092219688, 30121.898917630013
247, 32372.546820252734, 24672.30565890202, 32372.546820252734, 30170.377553099865, 24571.487260454338, 30170.377553099865
248, 32372.546820252734, 24672.30565890202, 32372.546820252734, 30151.83317267792, 24570.21374736193, 30151.83317267792
249, 32372.546820252734, 24672.30565890202, 32372.546820252734, 30130.5161859585, 24572.300471620387, 30130.5161859585
250, 32372.546820252734, 24672.30565890202, 32372.546820252734, 30124.142898968603, 24568.741328810855, 30124.142898968603
251, 32372.546820252734, 24672.30565890202, 32372.546820252734, 30142.46151717975, 24570.118666440547, 30142.46151717975
252, 32372.546820252734, 24672.30565890202, 32372.546820252734, 30176.467314952715, 24570.34183877539, 30176.467314952715
253, 32372.546820252734, 24672.30565890202, 32372.546820252734, 30167.565992396918, 24570.162898804803, 30167.565992396918
254, 32396.34636654517, 24515.24686231505, 32396.34636654517, 30227.432113606395, 24565.90943839005, 30227.432113606395
255, 32396.34636654517, 24515.24686231505, 32396.34636654517, 30173.67947974542, 24570.19245651509, 30173.67947974542
256, 32396.34636654517, 24515.24686231505, 32396.34636654517, 30202.45054168602, 24578.36042175747, 30202.45054168602
257, 32396.34636654517, 24515.24686231505, 32396.34636654517, 30216.30213047226, 24621.829492749916, 30216.30213047226
258, 32396.34636654517, 24515.24686231505, 32396.34636654517, 30237.680727714738, 24662.58266949863, 30237.680727714738
259, 32396.34636654517, 24515.24686231505, 32396.34636654517, 30174.578699316247, 24658.25052274113, 30174.578699316247
260, 32396.34636654517, 24515.24686231505, 32396.34636654517, 30150.260262259682, 24656.08460698564, 30150.260262259682
261, 32396.34636654517, 24515.24686231505, 32396.34636654517, 30199.897720059398, 24647.568739707942, 30199.897720059398
262, 32396.34636654517, 24515.24686231505, 32396.34636654517, 30225.228716598223, 24638.768507221, 30225.228716598223
263, 32396.34636654517, 24515.24686231505, 32396.34636654517, 30213.31427261465, 24620.866249778497, 30213.31427261465
264, 32396.34636654517, 24515.24686231505, 32396.34636654517, 30210.781719034283, 24594.27704060894, 30210.781719034283
265, 32396.34636654517, 24515.24686231505, 32396.34636654517, 30205.90272464939, 24557.56056145914, 30205.90272464939
266, 32396.34636654517, 24515.24686231505, 32396.34636654517, 30237.819283784527, 24556.891668300705, 30237.819283784527
267, 32408.86962948807, 24590.538093825155, 32408.86962948807, 30198.69653876033, 24558.120962008783, 30198.69653876033
268, 32408.86962948807, 24590.538093825155, 32408.86962948807, 30217.044292840805, 24558.355632413666, 30217.044292840805
269, 32408.86962948807, 24590.538093825155, 32408.86962948807, 30207.535402021553, 24559.367768694592, 30207.535402021553
270, 32408.86962948807, 24590.538093825155, 32408.86962948807, 30240.350693315104, 24560.44337820157, 30240.350693315104
271, 32408.86962948807, 24590.538093825155, 32408.86962948807, 30192.315279456205, 24566.90965357291, 30192.315279456205
272, 32408.86962948807, 24590.538093825155, 32408.86962948807, 30215.508799261224, 24570.37820216508, 30215.508799261224
273, 32413.150594462808, 24585.72479063877, 32413.150594462808, 30214.39326665388, 24580.11040024226, 30214.39326665388
274, 32413.150594462808, 24585.72479063877, 32413.150594462808, 30194.57601661036, 24591.385462464637, 30194.57601661036
275, 32413.150594462808, 24585.72479063877, 32413.150594462808, 30243.616025705993, 24610.630389389178, 30243.616025705993
276, 32413.150594462808, 24585.72479063877, 32413.150594462808, 30233.35003375133, 24609.527819668994, 30233.35003375133
277, 32413.150594462808, 24585.72479063877, 32413.150594462808, 30202.625213793326, 24609.389753748892, 30202.625213793326
278, 32437.447837335585, 24496.000189149203, 32437.447837335585, 30227.491008734534, 24610.542278893663, 30227.491008734534
279, 32437.447837335585, 24496.000189149203, 32437.447837335585, 30241.932950113132, 24609.071640783543, 30241.932950113132
280, 32442.71642498795, 24533.588589277624, 32442.71642498795, 30251.79760546089, 24609.51785901417, 30251.79760546089
281, 32442.71642498795, 24533.588589277624, 32442.71642498795, 30256.334152311916, 24608.70400652096, 30256.334152311916
282, 32442.71642498795, 24533.588589277624, 32442.71642498795, 30213.525987956255, 24606.70876611922, 30213.525987956255
283, 32442.71642498795, 24533.588589277624, 32442.71642498795, 30276.940986871865, 24600.885939073516, 30276.940986871865
284, 32442.71642498795, 24533.588589277624, 32442.71642498795, 30270.85962280621, 24593.36481709137, 30270.85962280621
285, 32453.771856710006, 24599.185897258663, 32453.771856710006, 30277.2936466975, 24588.454683576863, 30277.2936466975
286, 32453.771856710006, 24599.185897258663, 32453.771856710006, 30269.917005848245, 24574.267328363057, 30269.917005848245
287, 32480.856462459746, 24434.49029864019, 32480.856462459746, 30278.584082572168, 24556.444085616786, 30278.584082572168
288, 32480.856462459746, 24434.49029864019, 32480.856462459746, 30219.124075038806, 24562.3024104653, 30219.124075038806
289, 32480.856462459746, 24434.49029864019, 32480.856462459746, 30240.89289154824, 24571.290518607573, 30240.89289154824
290, 32480.856462459746, 24434.49029864019, 32480.856462459746, 30256.917419229187, 24568.275180103574, 30256.917419229187
291, 32536.683780694704, 24549.445526094238, 32536.683780694704, 30264.74832386505, 24566.9231523831, 30264.74832386505
292, 32536.683780694704, 24549.445526094238, 32536.683780694704, 30234.17111636944, 24563.354633008657, 30234.17111636944
293, 32536.683780694704, 24549.445526094238, 32536.683780694704, 30271.156824593047, 24563.781062113136, 30271.156824593047
294, 32536.683780694704, 24549.445526094238, 32536.683780694704, 30297.299655922794, 24560.16825547556, 30297.299655922794
295, 32536.683780694704, 24549.445526094238, 32536.683780694704, 30239.677867457307, 24525.700474070316, 30239.677867457307
296, 32536.683780694704, 24549.445526094238, 32536.683780694704, 30246.648354557292, 24482.048800780693, 30246.648354557292
297, 32536.683780694704, 24549.445526094238, 32536.683780694704, 30272.83907711218, 24495.46724396705, 30272.83907711218
298, 32536.683780694704, 24549.445526094238, 32536.683780694704, 30286.893803710132, 24514.61306392679, 30286.893803710132
299, 32536.683780694704, 24549.445526094238, 32536.683780694704, 30270.17207527022, 24522.21424081858, 30270.17207527022
300, 32586.714960151, 24575.45096143543, 32586.714960151, 30304.091090420476, 24533.460499251774, 30304.091090420476
301, 32586.714960151, 24575.45096143543, 32586.714960151, 30329.315114147197, 24558.233890049694, 30329.315114147197
302, 32586.714960151, 24575.45096143543, 32586.714960151, 30349.05942405626, 24587.861276015617, 30349.05942405626
303, 32586.714960151, 24575.45096143543, 32586.714960151, 30365.421495856783, 24586.73590781337, 30365.421495856783
304, 32586.714960151, 24575.45096143543, 32586.714960151, 30336.5653962922, 24582.427020748328, 30336.5653962922
305, 32586.714960151, 24575.45096143543, 32586.714960151, 30341.987917058657, 24582.158715142188, 30341.987917058657
306, 32586.714960151, 24575.45096143543, 32586.714960151, 30345.44449121275, 24585.88342188349, 30345.44449121275
307, 32586.714960151, 24575.45096143543, 32586.714960151, 30295.408616476474, 24587.43273679099, 30295.408616476474
308, 32586.714960151, 24575.45096143543, 32586.714960151, 30343.275906148116, 24593.04985438683, 30343.275906148116
309, 32586.714960151, 24575.45096143543, 32586.714960151, 30349.75171340478, 24599.547493587477, 30349.75171340478
310, 32586.714960151, 24575.45096143543, 32586.714960151, 30327.218747089668, 24599.744555466157, 30327.218747089668
311, 32586.714960151, 24575.45096143543, 32586.714960151, 30350.178022998414, 24599.215329963237, 30350.178022998414
312, 32586.714960151, 24575.45096143543, 32586.714960151, 30364.876373361716, 24601.573533396502, 30364.876373361716
313, 32586.714960151, 24575.45096143543, 32586.714960151, 30370.29318795183, 24599.062767645177, 30370.29318795183
314, 32586.714960151, 24575.45096143543, 32586.714960151, 30299.660694486414, 24599.40844337455, 30299.660694486414
315, 32586.714960151, 24575.45096143543, 32586.714960151, 30365.737411514143, 24600.56167987239, 30365.737411514143
316, 32586.714960151, 24575.45096143543, 32586.714960151, 30375.130296742554, 24599.422104505822, 30375.130296742554
317, 32586.714960151, 24575.45096143543, 32586.714960151, 30374.138135877885, 24599.096693677617, 30374.138135877885
318, 32657.115752767, 24450.1360901171, 32657.115752767, 30317.623940228503, 24599.036091232243, 30317.623940228503
319, 32657.115752767, 24450.1360901171, 32657.115752767, 30349.612718190703, 24598.887919633482, 30349.612718190703
320, 32657.115752767, 24450.1360901171, 32657.115752767, 30371.318793683764, 24598.707317070126, 30371.318793683764
321, 32657.115752767, 24450.1360901171, 32657.115752767, 30358.776828441016, 24597.678523626542, 30358.776828441016
322, 32657.115752767, 24450.1360901171, 32657.115752767, 30339.363865425097, 24594.545435663316, 30339.363865425097
323, 32657.115752767, 24450.1360901171, 32657.115752767, 30348.47545885676, 24593.449459883595, 30348.47545885676
324, 32657.115752767, 24450.1360901171, 32657.115752767, 30329.667790296768, 24585.03602494973, 30329.667790296768
325, 32657.115752767, 24450.1360901171, 32657.115752767, 30368.929557509273, 24577.005196801405, 30368.929557509273
326, 32657.115752767, 24450.1360901171, 32657.115752767, 30392.107539311306, 24562.001125256902, 30392.107539311306
327, 32657.115752767, 24450.1360901171, 32657.115752767, 30368.433973680887, 24546.337959681558, 30368.433973680887
328, 32657.115752767, 24450.1360901171, 32657.115752767, 30412.73221685704, 24510.690617225497, 30412.73221685704
329, 32657.115752767, 24450.1360901171, 32657.115752767, 30393.999329819264, 24513.92072940031, 30393.999329819264
330, 32720.920837964648, 24461.864858746794, 32720.920837964648, 30414.24245569619, 24511.817239277643, 30414.24245569619
331, 32720.920837964648, 24461.864858746794, 32720.920837964648, 30419.150606624204, 24514.023009022603, 30419.150606624204
332, 32720.920837964648, 24461.864858746794, 32720.920837964648, 30428.672795254253, 24515.263509737375, 30428.672795254253
333, 32720.920837964648, 24461.864858746794, 32720.920837964648, 30406.63359957445, 24517.93656959496, 30406.63359957445
334, 32720.920837964648, 24461.864858746794, 32720.920837964648, 30437.373125897022, 24521.118412005344, 30437.373125897022
335, 32720.920837964648, 24461.864858746794, 32720.920837964648, 30415.88789906318, 24526.787427574265, 30415.88789906318
336, 32720.920837964648, 24461.864858746794, 32720.920837964648, 30424.38431516087, 24534.109723417005, 30424.38431516087
337, 32740.9032281234, 24362.80801786744, 32740.9032281234, 30422.49509723699, 24545.81999877726, 30422.49509723699
338, 32740.9032281234, 24362.80801786744, 32740.9032281234, 30421.86166775583, 24561.148781541306, 30421.86166775583
339, 32740.9032281234, 24362.80801786744, 32740.9032281234, 30436.41325675769, 24550.43068900768, 30436.41325675769
340, 32740.9032281234, 24362.80801786744, 32740.9032281234, 30411.607472015778, 24530.24888896593, 30411.607472015778
341, 32740.9032281234, 24362.80801786744, 32740.9032281234, 30434.598242827553, 24519.066955955455, 30434.598242827553
342, 32740.9032281234, 24362.80801786744, 32740.9032281234, 30467.140077846427, 24518.635853048243, 30467.140077846427
343, 32740.9032281234, 24362.80801786744, 32740.9032281234, 30464.59346229176, 24515.845459208336, 30464.59346229176
344, 32740.9032281234, 24362.80801786744, 32740.9032281234, 30452.565204090075, 24512.790511486768, 30452.565204090075
345, 32740.9032281234, 24362.80801786744, 32740.9032281234, 30445.38977839459, 24508.266732035117, 30445.38977839459
346, 32740.9032281234, 24362.80801786744, 32740.9032281234, 30440.258287070043, 24500.444269519114, 30440.258287070043
347, 32786.271471154585, 24381.46867957174, 32786.271471154585, 30449.35578341762, 24482.57213075231, 30449.35578341762
348, 32882.74554825002, 24642.00228457303, 32882.74554825002, 30493.330858567868, 24466.190483157436, 30493.330858567868
349, 32882.74554825002, 24642.00228457303, 32882.74554825002, 30496.272937986036, 24454.506173908474, 30496.272937986036
350, 32882.74554825002, 24642.00228457303, 32882.74554825002, 30471.35367296709, 24462.6595373324, 30471.35367296709
351, 32882.74554825002, 24642.00228457303, 32882.74554825002, 30476.63125105094, 24469.802953822305, 30476.63125105094
352, 32882.74554825002, 24642.00228457303, 32882.74554825002, 30455.5689330246, 24480.91972457177, 30455.5689330246
353, 32882.74554825002, 24642.00228457303, 32882.74554825002, 30502.14056281679, 24498.959902563565, 30502.14056281679
354, 32882.74554825002, 24642.00228457303, 32882.74554825002, 30491.200247832512, 24529.939947754516, 30491.200247832512
355, 32882.74554825002, 24642.00228457303, 32882.74554825002, 30497.35698082336, 24568.408674399616, 30497.35698082336
356, 32882.74554825002, 24642.00228457303, 32882.74554825002, 30543.83919499855, 24571.76740385457, 30543.83919499855
357, 32882.74554825002, 24642.00228457303, 32882.74554825002, 30551.78418792393, 24568.05867649179, 30551.78418792393
358, 32882.74554825002, 24642.00228457303, 32882.74554825002, 30577.626435791124, 24616.484260497014, 30577.626435791124
359, 32882.74554825002, 24642.00228457303, 32882.74554825002, 30569.59884103747, 24647.325590342945, 30569.59884103747
360, 32882.74554825002, 24642.00228457303, 32882.74554825002, 30611.873421199198, 24647.79196864245, 30611.873421199198
361, 32927.44159642077, 24604.0145523236, 32927.44159642077, 30598.369809842654, 24647.411427158186, 30598.369809842654
362, 32927.44159642077, 24604.0145523236, 32927.44159642077, 30574.749301490156, 24645.83240123319, 30574.749301490156
363, 32927.44159642077, 24604.0145523236, 32927.44159642077, 30604.008339138596, 24646.17912120937, 30604.008339138596
364, 32927.44159642077, 24604.0145523236, 32927.44159642077, 30583.17303621538, 24645.7900650238, 30583.17303621538
365, 32927.44159642077, 24604.0145523236, 32927.44159642077, 30495.816448145244, 24644.595921177355, 30495.816448145244
366, 32927.44159642077, 24604.0145523236, 32927.44159642077, 30550.785960199464, 24642.88867688667, 30550.785960199464
367, 32927.44159642077, 24604.0145523236, 32927.44159642077, 30613.668426166376, 24642.907864103126, 30613.668426166376
368, 32927.44159642077, 24604.0145523236, 32927.44159642077, 30579.98413953726, 24640.260595889882, 30579.98413953726
369, 32927.44159642077, 24604.0145523236, 32927.44159642077, 30536.486343892837, 24634.074111833852, 30536.486343892837
370, 32927.44159642077, 24604.0145523236, 32927.44159642077, 30597.31906836952, 24625.76416792642, 30597.31906836952
371, 32927.44159642077, 24604.0145523236, 32927.44159642077, 30612.3012562157, 24617.417770374253, 30612.3012562157
372, 32927.44159642077, 24604.0145523236, 32927.44159642077, 30634.387604194126, 24620.194028125898, 30634.387604194126
373, 32927.44159642077, 24604.0145523236, 32927.44159642077, 30616.614547740013, 24620.426910122675, 30616.614547740013
374, 32927.44159642077, 24604.0145523236, 32927.44159642077, 30569.95495887435, 24619.386510870198, 30569.95495887435
375, 32927.44159642077, 24604.0145523236, 32927.44159642077, 30610.150856388685, 24619.821389323246, 30610.150856388685
376, 32933.42921308057, 24522.95028539388, 32933.42921308057, 30583.22972164826, 24618.87144145108, 30583.22972164826
377, 32933.42921308057, 24522.95028539388, 32933.42921308057, 30588.631868161574, 24619.434428671546, 30588.631868161574
378, 32933.42921308057, 24522.95028539388, 32933.42921308057, 30609.113172036108, 24617.21669104166, 30609.113172036108
379, 32933.42921308057, 24522.95028539388, 32933.42921308057, 30603.656624341573, 24616.703469982032, 30603.656624341573
380, 32933.42921308057, 24522.95028539388, 32933.42921308057, 30582.58641902053, 24617.404179065183, 30582.58641902053
381, 32933.42921308057, 24522.95028539388, 32933.42921308057, 30602.306610819756, 24617.54811957622, 30602.306610819756
382, 32933.42921308057, 24522.95028539388, 32933.42921308057, 30587.196906376117, 24613.623910160786, 30587.196906376117
383, 32933.42921308057, 24522.95028539388, 32933.42921308057, 30581.28714149795, 24613.861319158936, 30581.28714149795
384, 32933.42921308057, 24522.95028539388, 32933.42921308057, 30630.740772253856, 24608.45033384956, 30630.740772253856
385, 32933.42921308057, 24522.95028539388, 32933.42921308057, 30586.353305662553, 24606.539550148016, 30586.353305662553
386, 32933.42921308057, 24522.95028539388, 32933.42921308057, 30596.321498690653, 24594.55116411317, 30596.321498690653
387, 32933.42921308057, 24522.95028539388, 32933.42921308057, 30634.69657171381, 24582.040421408117, 30634.69657171381
388, 32933.42921308057, 24522.95028539388, 32933.42921308057, 30595.44799694328, 24563.124397559375, 30595.44799694328
389, 32933.42921308057, 24522.95028539388, 32933.42921308057, 30595.22292365951, 24563.073377163335, 30595.22292365951
390, 32977.416852566785, 24366.670057832238, 32977.416852566785, 30603.416942765485, 24561.660629664708, 30603.416942765485
391, 32977.416852566785, 24366.670057832238, 32977.416852566785, 30623.224041013662, 24562.236844309245, 30623.224041013662
392, 32977.416852566785, 24366.670057832238, 32977.416852566785, 30615.996585405315, 24562.15227651217, 30615.996585405315
393, 32977.416852566785, 24366.670057832238, 32977.416852566785, 30563.531238731164, 24560.813678800845, 30563.531238731164
394, 32977.416852566785, 24366.670057832238, 32977.416852566785, 30616.665508457445, 24558.91863232385, 30616.665508457445
395, 32977.416852566785, 24366.670057832238, 32977.416852566785, 30595.25385322633, 24559.299846396796, 30595.25385322633
396, 32977.416852566785, 24366.670057832238, 32977.416852566785, 30609.646960074333, 24555.113457821244, 30609.646960074333
397, 32977.416852566785, 24366.670057832238, 32977.416852566785, 30609.887225696406, 24546.089509401925, 30609.887225696406
398, 32977.416852566785, 24366.670057832238, 32977.416852566785, 30632.55624675391, 24537.627515703134, 30632.55624675391
399, 33060.29148450063, 24385.224023278424, 33060.29148450063, 30607.067568604532, 24523.475246786795, 30607.067568604532
400, 33060.29148450063, 24385.224023278424, 33060.29148450063, 30590.06951489195, 24503.47521417337, 30590.06951489195
401, 33060.29148450063, 24385.224023278424, 33060.29148450063, 30606.889436531, 24457.99853301689, 30606.889436531
402, 33060.29148450063, 24385.224023278424, 33060.29148450063, 30654.500567573537, 24454.067351547274, 30654.500567573537
403, 33060.29148450063, 24385.224023278424, 33060.29148450063, 30681.071290196884, 24453.786590392123, 30681.071290196884
404, 33060.29148450063, 24385.224023278424, 33060.29148450063, 30649.93182138382, 24454.371811695848, 30649.93182138382
405, 33060.29148450063, 24385.224023278424, 33060.29148450063, 30624.796505415226, 24454.780700861, 30624.796505415226
406, 33060.29148450063, 24385.224023278424, 33060.29148450063, 30637.002145888007, 24454.635127656744, 30637.002145888007
407, 33060.29148450063, 24385.224023278424, 33060.29148450063, 30642.09923909342, 24455.474137149668, 30642.09923909342
408, 33060.29148450063, 24385.224023278424, 33060.29148450063, 30703.36729836066, 24457.968947086014, 30703.36729836066
409, 33060.29148450063, 24385.224023278424, 33060.29148450063, 30698.949331590353, 24461.7134169109, 30698.949331590353
410, 33060.29148450063, 24385.224023278424, 33060.29148450063, 30696.34033332647, 24466.005522066174, 30696.34033332647
411, 33060.29148450063, 24385.224023278424, 33060.29148450063, 30633.55879425751, 24466.498789786267, 30633.55879425751
412, 33060.29148450063, 24385.224023278424, 33060.29148450063, 30675.990890297602, 24467.537688982535, 30675.990890297602
413, 33060.29148450063, 24385.224023278424, 33060.29148450063, 30657.594637378897, 24466.43140014476, 30657.594637378897
414, 33060.29148450063, 24385.224023278424, 33060.29148450063, 30705.908686398157, 24466.178005328886, 30705.908686398157
415, 33060.29148450063, 24385.224023278424, 33060.29148450063, 30650.167034197948, 24466.968943285003, 30650.167034197948
416, 33090.04128198332, 24342.339480704784, 33090.04128198332, 30678.654472249596, 24465.986334643298, 30678.654472249596
417, 33090.04128198332, 24342.339480704784, 33090.04128198332, 30685.77218425118, 24466.34525174062, 30685.77218425118
418, 33090.04128198332, 24342.339480704784, 33090.04128198332, 30714.029906288488, 24466.07336590382, 30714.029906288488
419, 33090.04128198332, 24342.339480704784, 33090.04128198332, 30653.304039841023, 24464.924291856118, 30653.304039841023
420, 33090.04128198332, 24342.339480704784, 33090.04128198332, 30651.827202082655, 24465.732944794167, 30651.827202082655
421, 33141.09437200592, 24355.481513549686, 33141.09437200592, 30700.597204566082, 24463.001332506636, 30700.597204566082
422, 33141.09437200592, 24355.481513549686, 33141.09437200592, 30745.18339699273, 24460.395784002274, 30745.18339699273
423, 33141.09437200592, 24355.481513549686, 33141.09437200592, 30700.95482467371, 24456.330159583627, 30700.95482467371
424, 33141.09437200592, 24355.481513549686, 33141.09437200592, 30747.290480697047, 24448.603501596957, 30747.290480697047
425, 33141.09437200592, 24355.481513549686, 33141.09437200592, 30714.42398207402, 24438.978162731688, 30714.42398207402
426, 33141.09437200592, 24355.481513549686, 33141.09437200592, 30700.58389648971, 24442.23087267641, 30700.58389648971
427, 33141.09437200592, 24355.481513549686, 33141.09437200592, 30732.463988071973, 24446.64908286014, 30732.463988071973
428, 33141.09437200592, 24355.481513549686, 33141.09437200592, 30729.2491627741, 24451.590332989363, 30729.2491627741
429, 33141.09437200592, 24355.481513549686, 33141.09437200592, 30739.99956936731, 24451.52188633171, 30739.99956936731
430, 33141.09437200592, 24355.481513549686, 33141.09437200592, 30729.56760963548, 24445.486991484122, 30729.56760963548
431, 33141.09437200592, 24355.481513549686, 33141.09437200592, 30699.86917614669, 24446.08952061566, 30699.86917614669
432, 33141.09437200592, 24355.481513549686, 33141.09437200592, 30755.55214789695, 24446.03258947282, 30755.55214789695
433, 33141.09437200592, 24355.481513549686, 33141.09437200592, 30729.13912694745, 24445.02742295551, 30729.13912694745
434, 33141.09437200592, 24355.481513549686, 33141.09437200592, 30747.295008019133, 24445.01113373615, 30747.295008019133
435, 33141.09437200592, 24355.481513549686, 33141.09437200592, 30726.67341661969, 24444.707119613973, 30726.67341661969
436, 33141.09437200592, 24355.481513549686, 33141.09437200592, 30737.974407193986, 24445.22236765879, 30737.974407193986
437, 33148.24413670954, 24512.719249048434, 33148.24413670954, 30742.326804048633, 24445.869895722935, 30742.326804048633
438, 33148.24413670954, 24512.719249048434, 33148.24413670954, 30767.53421866716, 24446.059097468304, 30767.53421866716
439, 33148.24413670954, 24512.719249048434, 33148.24413670954, 30735.295094531113, 24446.441423659377, 30735.295094531113
440, 33157.603627899975, 24223.719039310145, 33157.603627899975, 30764.860376614015, 24444.85801973766, 30764.860376614015
441, 33157.603627899975, 24223.719039310145, 33157.603627899975, 30731.791203176588, 24445.048278971743, 30731.791203176588
442, 33157.603627899975, 24223.719039310145, 33157.603627899975, 30745.427513320818, 24452.03635528379, 30745.427513320818
443, 33157.603627899975, 24223.719039310145, 33157.603627899975, 30744.95698650994, 24453.63435859913, 30744.95698650994
444, 33157.603627899975, 24223.719039310145, 33157.603627899975, 30801.539095586148, 24463.582645868817, 30801.539095586148
445, 33157.603627899975, 24223.719039310145, 33157.603627899975, 30770.261166578737, 24467.810478128995, 30770.261166578737
446, 33157.603627899975, 24223.719039310145, 33157.603627899975, 30771.882867666514, 24483.591069862003, 30771.882867666514
447, 33206.16437258321, 24650.40465628133, 33206.16437258321, 30751.428426449973, 24504.549358236465, 30751.428426449973
448, 33206.16437258321, 24650.40465628133, 33206.16437258321, 30750.51882549951, 24533.9258407511, 30750.51882549951
449, 33206.16437258321, 24650.40465628133, 33206.16437258321, 30740.897089455342, 24522.24173242462, 30740.897089455342
450, 33206.16437258321, 24650.40465628133, 33206.16437258321, 30746.567865974466, 24499.20530771224, 30746.567865974466
451, 33206.16437258321, 24650.40465628133, 33206.16437258321, 30761.58386629478, 24471.023756881146, 30761.58386629478
452, 33206.16437258321, 24650.40465628133, 33206.16437258321, 30787.988399650407, 24425.733784137192, 30787.988399650407
453, 33206.16437258321, 24650.40465628133, 33206.16437258321, 30751.084857955455, 24379.577582000256, 30751.084857955455
454, 33206.16437258321, 24650.40465628133, 33206.16437258321, 30774.306813881223, 24405.568942358266, 30774.306813881223
455, 33206.16437258321, 24650.40465628133, 33206.16437258321, 30722.456912537677, 24443.29272739968, 30722.456912537677
456, 33244.6289744857, 24676.290500902534, 33244.6289744857, 30751.748806154494, 24498.940975295758, 30751.748806154494
457, 33244.6289744857, 24676.290500902534, 33244.6289744857, 30765.216875997354, 24577.64471960252, 30765.216875997354
458, 33244.6289744857, 24676.290500902534, 33244.6289744857, 30775.889818314674, 24650.47893456686, 30775.889818314674
459, 33244.6289744857, 24676.290500902534, 33244.6289744857, 30772.98496833231, 24652.692831023214, 30772.98496833231
460, 33244.6289744857, 24676.290500902534, 33244.6289744857, 30800.231525821764, 24652.928048747042, 30800.231525821764
461, 33244.6289744857, 24676.290500902534, 33244.6289744857, 30750.235311884633, 24652.57323370371, 30750.235311884633
462, 33244.6289744857, 24676.290500902534, 33244.6289744857, 30806.71720831349, 24653.14624346733, 30806.71720831349
463, 33244.6289744857, 24676.290500902534, 33244.6289744857, 30836.743473154092, 24654.560868968725, 30836.743473154092
464, 33244.6289744857, 24676.290500902534, 33244.6289744857, 30777.71236743775, 24657.062381014606, 30777.71236743775
465, 33244.6289744857, 24676.290500902534, 33244.6289744857, 30743.856462915464, 24660.60790246797, 30743.856462915464
466, 33244.6289744857, 24676.290500902534, 33244.6289744857, 30744.772365778532, 24663.108611366468, 30744.772365778532
467, 33244.6289744857, 24676.290500902534, 33244.6289744857, 30805.580217048613, 24669.530640703855, 30805.580217048613
468, 33244.6289744857, 24676.290500902534, 33244.6289744857, 30836.777593141833, 24671.60930660133, 30836.777593141833
469, 33362.595111467934, 24677.09111782365, 33362.595111467934, 30816.004270904403, 24670.925757105877, 30816.004270904403
470, 33362.595111467934, 24677.09111782365, 33362.595111467934, 30832.59120643517, 24670.942473753425, 30832.59120643517
471, 33362.595111467934, 24677.09111782365, 33362.595111467934, 30829.032114452206, 24670.293912083514, 30829.032114452206
472, 33362.595111467934, 24677.09111782365, 33362.595111467934, 30841.758684274286, 24671.762396001992, 30841.758684274286
473, 33362.595111467934, 24677.09111782365, 33362.595111467934, 30843.912907402777, 24670.137070105782, 30843.912907402777
474, 33362.595111467934, 24677.09111782365, 33362.595111467934, 30808.46416372722, 24670.73178598902, 30808.46416372722
475, 33362.595111467934, 24677.09111782365, 33362.595111467934, 30811.27174310476, 24670.218800963856, 30811.27174310476
476, 33362.595111467934, 24677.09111782365, 33362.595111467934, 30872.844516514906, 24671.13599428615, 30872.844516514906
477, 33362.595111467934, 24677.09111782365, 33362.595111467934, 30837.936844221433, 24670.30943618305, 30837.936844221433
478, 33362.595111467934, 24677.09111782365, 33362.595111467934, 30843.385607725595, 24669.900489876094, 30843.385607725595
479, 33362.595111467934, 24677.09111782365, 33362.595111467934, 30877.80124650052, 24669.091863447367, 30877.80124650052
480, 33362.595111467934, 24677.09111782365, 33362.595111467934, 30914.266841643966, 24668.93873004188, 30914.266841643966
481, 33362.595111467934, 24677.09111782365, 33362.595111467934, 30898.59919989099, 24671.88920457463, 30898.59919989099
482, 33362.595111467934, 24677.09111782365, 33362.595111467934, 30845.674235599097, 24671.545939698204, 30845.674235599097
483, 33362.595111467934, 24677.09111782365, 33362.595111467934, 30897.16825071354, 24670.301117435243, 30897.16825071354
484, 33362.595111467934, 24677.09111782365, 33362.595111467934, 30893.8214802208, 24669.04615415861, 30893.8214802208
485, 33362.595111467934, 24677.09111782365, 33362.595111467934, 30915.45282386461, 24671.38334859853, 30915.45282386461
486, 33362.595111467934, 24677.09111782365, 33362.595111467934, 30903.028741704704, 24668.797631659807, 30903.028741704704
487, 33362.595111467934, 24677.09111782365, 33362.595111467934, 30866.439954093174, 24670.315874435804, 30866.439954093174
488, 33362.595111467934, 24677.09111782365, 33362.595111467934, 30879.517353125277, 24671.511594879972, 30879.517353125277
489, 33362.595111467934, 24677.09111782365, 33362.595111467934, 30872.49810551721, 24670.34664959753, 30872.49810551721
490, 33362.595111467934, 24677.09111782365, 33362.595111467934, 30852.348136203433, 24671.068286987604, 30852.348136203433
491, 33362.595111467934, 24677.09111782365, 33362.595111467934, 30906.010880170168, 24669.91818304807, 30906.010880170168
492, 33362.595111467934, 24677.09111782365, 33362.595111467934, 30904.09132853899, 24672.83109121291, 30904.09132853899
493, 33362.595111467934, 24677.09111782365, 33362.595111467934, 30894.500188432514, 24671.00645354628, 30894.500188432514
494, 33362.595111467934, 24677.09111782365, 33362.595111467934, 30954.744378235853, 24670.95231131195, 30954.744378235853
495, 33362.595111467934, 24677.09111782365, 33362.595111467934, 30863.315892006663, 24670.195659212233, 30863.315892006663
496, 33362.595111467934, 24677.09111782365, 33362.595111467934, 30919.03057084919, 24670.31320187987, 30919.03057084919
497, 33362.595111467934, 24677.09111782365, 33362.595111467934, 30927.777046823187, 24670.577936708843, 30927.777046823187
498, 33362.595111467934, 24677.09111782365, 33362.595111467934, 30891.888661470595, 24669.726384412857, 30891.888661470595
499, 33362.595111467934, 24677.09111782365, 33362.595111467934, 30883.282245324852, 24671.434754539237, 30883.282245324852
500, 33362.595111467934, 24677.09111782365, 33362.595111467934, 30853.50762257407, 24671.166296580606, 30853.50762257407
