1, 26545.189544855708, 24666.948466295053, 26545.189544855708, 25130.810500225405, 24657.038625090197, 25130.810500225405
2, 26623.653797705458, 24486.055551866364, 26623.653797705458, 25556.12610605514, 24640.528773582977, 25556.12610605514
3, 26623.653797705458, 24486.055551866364, 26623.653797705458, 25750.388183949595, 24630.21705856243, 25750.388183949595
4, 26730.4048982473, 24681.258641056396, 26730.4048982473, 25842.688985319925, 24620.120928678032, 25842.688985319925
5, 26810.60214122782, 24678.188771151363, 26810.60214122782, 25929.423211947527, 24600.80212781893, 25929.423211947527
6, 26938.964297479666, 24591.864571930186, 26938.964297479666, 26062.04611339068, 24597.731675045936, 26062.04611339068
7, 27065.91209862513, 24686.334026961318, 27065.91209862513, 26180.630497895843, 24586.812230392974, 26180.630497895843
8, 27065.91209862513, 24686.334026961318, 27065.91209862513, 26202.602122373137, 24573.725572139952, 26202.602122373137
9, 27195.749798509078, 24550.522551853246, 27195.749798509078, 26300.094309459375, 24558.0332402469, 26300.094309459375
10, 27195.749798509078, 24550.522551853246, 27195.749798509078, 26352.440532340435, 24567.824994237613, 26352.440532340435
11, 27446.71429031555, 24677.289770640284, 27446.71429031555, 26386.087328962472, 24548.001160848788, 26386.087328962472
12, 28158.191533157325, 24628.478754803218, 28158.191533157325, 26523.22973640484, 24562.297180264057, 26523.22973640484
13, 28158.191533157325, 24628.478754803218, 28158.191533157325, 26533.57326705192, 24584.732267752974, 26533.57326705192
14, 28158.191533157325, 24628.478754803218, 28158.191533157325, 26594.57133440542, 24547.68834191917, 26594.57133440542
15, 28158.191533157325, 24628.478754803218, 28158.191533157325, 26646.320510084643, 24531.601005656663, 26646.320510084643
16, 28158.191533157325, 24628.478754803218, 28158.191533157325, 26725.466449033123, 24546.092188458962, 26725.466449033123
17, 28158.191533157325, 24628.478754803218, 28158.191533157325, 26747.01913879467, 24547.17261378597, 26747.01913879467
18, 28158.191533157325, 24628.478754803218, 28158.191533157325, 26841.83774652003, 24545.05074012734, 26841.83774652003
19, 28258.50764734273, 24556.23443245415, 28258.50764734273, 26945.221290126083, 24546.436654820583, 26945.221290126083
20, 28290.188462751452, 24484.680657060737, 28290.188462751452, 27044.71347042604, 24553.908773933643, 27044.71347042604
21, 28321.6076366253, 24433.998519652, 28321.6076366253, 27133.918260674447, 24566.471571934977, 27133.918260674447
22, 28383.22426801002, 24436.56117940875, 28383.22426801002, 27252.16235083968, 24582.904257542003, 27252.16235083968
23, 28450.16111846342, 24503.567931829682, 28450.16111846342, 27285.2317124007, 24594.316448137906, 27285.2317124007
24, 28462.772290087167, 24674.922861656247, 28462.772290087167, 27354.21235533198, 24585.199932424977, 27354.21235533198
25, 28496.323288428295, 24154.50962375182, 28496.323288428295, 27373.71304808995, 24561.871892130155, 27373.71304808995
26, 28541.470834914195, 24498.905685342383, 28541.470834914195, 27384.67981270489, 24559.88116087946, 27384.67981270489
27, 28595.32138356097, 24164.881153397924, 28595.32138356097, 27410.91559712546, 24545.517318563354, 27410.91559712546
28, 28872.319532899262, 24542.11131396186, 28872.319532899262, 27496.608082336617, 24545.047367763935, 27496.608082336617
29, 28872.319532899262, 24542.11131396186, 28872.319532899262, 27525.01473953799, 24506.087605902016, 27525.01473953799
30, 28872.319532899262, 24542.11131396186, 28872.319532899262, 27546.264899775004, 24506.213051532646, 27546.264899775004
31, 29012.220403468295, 24393.044871497557, 29012.220403468295, 27573.78226484069, 24504.376599471787, 27573.78226484069
32, 29112.790336185317, 24420.26233277364, 29112.790336185317, 27587.857609912477, 24519.057744545175, 27587.857609912477
33, 29235.622759496204, 24615.589006043538, 29235.622759496204, 27715.918856659624, 24525.178251443194, 27715.918856659624
34, 29235.622759496204, 24615.589006043538, 29235.622759496204, 27736.131259730086, 24505.12988587818, 27736.131259730086
35, 29235.622759496204, 24615.589006043538, 29235.622759496204, 27795.689715496865, 24467.844004348903, 27795.689715496865
36, 29496.7758586775, 24606.41596369416, 29496.7758586775, 27799.794313820974, 24492.955743569713, 27799.794313820974
37, 29496.7758586775, 24606.41596369416, 29496.7758586775, 27930.60657506898, 24490.508966146124, 27930.60657506898
38, 29526.41971628363, 24506.38143013931, 29526.41971628363, 27908.43243009754, 24520.67656525649, 27908.43243009754
39, 29526.41971628363, 24506.38143013931, 29526.41971628363, 27961.794958369454, 24537.42823509598, 27961.794958369454
40, 29526.41971628363, 24506.38143013931, 29526.41971628363, 28037.81460221189, 24585.167562163446, 28037.81460221189
41, 29578.41507909711, 24502.967360063198, 29578.41507909711, 28083.71717623181, 24610.33173554509, 28083.71717623181
42, 29586.862756990777, 24592.790088499158, 29586.862756990777, 28122.985104495696, 24592.241545133675, 28122.985104495696
43, 29612.65576340445, 24638.929142460765, 29612.65576340445, 28194.29542768878, 24600.607370981368, 28194.29542768878
44, 29787.76760405976, 24544.999784518634, 29787.76760405976, 28227.40683210669, 24605.179578625248, 28227.40683210669
45, 29787.76760405976, 24544.999784518634, 29787.76760405976, 28195.492160153066, 24589.925803331276, 28195.492160153066
46, 29787.76760405976, 24544.999784518634, 29787.76760405976, 28256.56328710734, 24585.477742522377, 28256.56328710734
47, 29787.76760405976, 24544.999784518634, 29787.76760405976, 28281.414842182043, 24589.27666354156, 28281.414842182043
48, 29837.325698701006, 24545.855640793983, 29837.325698701006, 28303.971358663002, 24595.703038543084, 28303.971358663002
49, 29857.858796164335, 24556.09867448665, 29857.858796164335, 28315.42492445076, 24582.7853833009, 28315.42492445076
50, 29928.73765207808, 24558.348694168348, 29928.73765207808, 28361.405019608374, 24595.590833511702, 28361.405019608374
51, 30032.709951316192, 24577.964336458022, 30032.709951316192, 28347.62612840596, 24601.284715167, 28347.62612840596
52, 30117.170605220836, 24586.73076905422, 30117.170605220836, 28420.374304635752, 24598.7865267544, 28420.374304635752
53, 30117.170605220836, 24586.73076905422, 30117.170605220836, 28415.164847180913, 24585.982088404537, 28415.164847180913
54, 30117.170605220836, 24586.73076905422, 30117.170605220836, 28478.393802181556, 24593.21472864224, 28478.393802181556
55, 30117.170605220836, 24586.73076905422, 30117.170605220836, 28459.738865573072, 24595.274523343996, 28459.738865573072
56, 30117.170605220836, 24586.73076905422, 30117.170605220836, 28480.042653262815, 24597.60322175478, 28480.042653262815
57, 30248.062909980978, 24502.872030616305, 30248.062909980978, 28547.551660845817, 24594.44967528706, 28547.551660845817
58, 30248.062909980978, 24502.872030616305, 30248.062909980978, 28579.835980691598, 24587.85904135576, 28579.835980691598
59, 30248.062909980978, 24502.872030616305, 30248.062909980978, 28605.905599464924, 24596.003741260003, 28605.905599464924
60, 30285.21616950508, 24686.076347581296, 30285.21616950508, 28639.010388659783, 24593.11664071569, 28639.010388659783
61, 30285.21616950508, 24686.076347581296, 30285.21616950508, 28684.574034726065, 24596.76751745607, 28684.574034726065
62, 30374.067857906823, 24377.998876871923, 30374.067857906823, 28705.006060440504, 24585.35352870459, 28705.006060440504
63, 30374.067857906823, 24377.998876871923, 30374.067857906823, 28675.216758898012, 24569.94414417014, 28675.216758898012
64, 30374.067857906823, 24377.998876871923, 30374.067857906823, 28764.656385860908, 24576.213563277197, 28764.656385860908
65, 30374.067857906823, 24377.998876871923, 30374.067857906823, 28741.603454867705, 24523.534578720188, 28741.603454867705
66, 30445.76421404834, 24268.69622618332, 30445.76421404834, 28773.973873336945, 24571.53222546871, 28773.973873336945
67, 30445.76421404834, 24268.69622618332, 30445.76421404834, 28796.98618395863, 24562.685931281834, 28796.98618395863
68, 30463.624301328662, 24595.89508811804, 30463.624301328662, 28804.412491134262, 24508.099995941993, 28804.412491134262
69, 30488.040762204044, 24505.793496943294, 30488.040762204044, 28815.74633442155, 24499.263955729653, 28815.74633442155
70, 30561.747655577958, 24660.717676059223, 30561.747655577958, 28824.122098556552, 24495.20241360208, 28824.122098556552
71, 30561.747655577958, 24660.717676059223, 30561.747655577958, 28816.84331642617, 24486.76867990118, 28816.84331642617
72, 30605.363576377535, 24290.440626526386, 30605.363576377535, 28851.199403811876, 24487.266879538776, 28851.199403811876
73, 30605.363576377535, 24290.440626526386, 30605.363576377535, 28864.221885605082, 24511.86406708401, 28864.221885605082
74, 30628.868376053746, 24465.634964129447, 30628.868376053746, 28846.705632640693, 24510.126682483722, 28846.705632640693
75, 30714.875420965298, 24523.822988831696, 30714.875420965298, 28909.887196535223, 24553.894779549086, 28909.887196535223
76, 30714.875420965298, 24523.822988831696, 30714.875420965298, 28953.299649276156, 24547.0048904808, 28953.299649276156
77, 30759.52546205853, 24607.396235825345, 30759.52546205853, 28919.5211517963, 24542.50178231377, 28919.5211517963
78, 30759.52546205853, 24607.396235825345, 30759.52546205853, 28973.689545347344, 24559.9729924444, 28973.689545347344
79, 30759.52546205853, 24607.396235825345, 30759.52546205853, 28977.53231639392, 24566.77821379356, 28977.53231639392
80, 30856.118211564826, 24684.737955964283, 30856.118211564826, 29016.087558431187, 24520.142132934736, 29016.087558431187
81, 30856.118211564826, 24684.737955964283, 30856.118211564826, 28979.294977037796, 24501.225740464535, 28979.294977037796
82, 30856.118211564826, 24684.737955964283, 30856.118211564826, 29098.085130910888, 24568.186507018596, 29098.085130910888
83, 30866.60623634567, 24502.52296127324, 30866.60623634567, 29030.6897996666, 24557.032463110318, 29030.6897996666
84, 30866.60623634567, 24502.52296127324, 30866.60623634567, 29106.09585918176, 24579.31776758377, 29106.09585918176
85, 30943.949080558457, 24684.329260696788, 30943.949080558457, 29089.905016785353, 24594.33827227239, 29089.905016785353
86, 30943.949080558457, 24684.329260696788, 30943.949080558457, 29097.167418271085, 24613.919592203518, 29097.167418271085
87, 31077.878819893594, 24633.1842297993, 31077.878819893594, 29084.29895920641, 24631.151509410658, 29084.29895920641
88, 31077.878819893594, 24633.1842297993, 31077.878819893594, 29155.102010644823, 24635.123576869868, 29155.102010644823
89, 31077.878819893594, 24633.1842297993, 31077.878819893594, 29170.300362451024, 24651.858886071146, 29170.300362451024
90, 31077.878819893594, 24633.1842297993, 31077.878819893594, 29126.855433953464, 24630.244753676383, 29126.855433953464
91, 31077.878819893594, 24633.1842297993, 31077.878819893594, 29217.693835548696, 24599.2202622967, 29217.693835548696
92, 31100.177183421078, 24309.02091289628, 31100.177183421078, 29205.96646988699, 24580.93654165696, 29205.96646988699
93, 31100.177183421078, 24309.02091289628, 31100.177183421078, 29212.151026824085, 24589.26801350806, 29212.151026824085
94, 31100.177183421078, 24309.02091289628, 31100.177183421078, 29195.07065033651, 24629.445229036068, 29195.07065033651
95, 31102.396674689353, 24608.017166426485, 31102.396674689353, 29243.93078294867, 24623.695571895627, 29243.93078294867
96, 31168.936583253068, 24614.97233977452, 31168.936583253068, 29264.955590330545, 24601.127813884304, 29264.955590330545
97, 31168.936583253068, 24614.97233977452, 31168.936583253068, 29300.70252420254, 24597.643506345536, 29300.70252420254
98, 31172.534888892267, 24565.61060794507, 31172.534888892267, 29290.112287123287, 24592.929424185102, 29290.112287123287
99, 31172.534888892267, 24565.61060794507, 31172.534888892267, 29270.767641069953, 24563.33793763031, 29270.767641069953
100, 31205.614843662945, 24593.39634415278, 31205.614843662945, 29326.50092858835, 24521.390827142088, 29326.50092858835
101, 31308.816607089153, 24368.885457483608, 31308.816607089153, 29356.26426721225, 24509.029969444004, 29356.26426721225
102, 31308.816607089153, 24368.885457483608, 31308.816607089153, 29360.83142322944, 24567.79785649795, 29360.83142322944
103, 31352.22033224214, 24617.374820039448, 31352.22033224214, 29359.554481478164, 24578.36770492741, 29359.554481478164
104, 31359.240327499956, 24619.323906240774, 31359.240327499956, 29386.650627246076, 24586.0903143778, 29386.650627246076
105, 31359.240327499956, 24619.323906240774, 31359.240327499956, 29409.826587228526, 24581.50787903721, 29409.826587228526
106, 31359.240327499956, 24619.323906240774, 31359.240327499956, 29430.350057210388, 24550.803810643945, 29430.350057210388
107, 31359.240327499956, 24619.323906240774, 31359.240327499956, 29412.87131203619, 24570.758374506004, 29412.87131203619
108, 31373.521122791233, 24279.51991279934, 31373.521122791233, 29469.506058571842, 24558.33947401981, 29469.506058571842
109, 31374.20680920242, 24664.4683532756, 31374.20680920242, 29435.461478251633, 24549.19979680269, 29435.461478251633
110, 31374.20680920242, 24664.4683532756, 31374.20680920242, 29465.23158812146, 24540.909442971413, 29465.23158812146
111, 31374.20680920242, 24664.4683532756, 31374.20680920242, 29467.784679837176, 24541.44762230234, 29467.784679837176
112, 31393.735535493637, 24301.114562943225, 31393.735535493637, 29489.130067358543, 24586.746020748316, 29489.130067358543
113, 31501.38566921914, 24593.873017901147, 31501.38566921914, 29504.957407352907, 24603.051901257, 29504.957407352907
114, 31644.474322616148, 24549.158411123426, 31644.474322616148, 29513.580318536537, 24587.930969060155, 29513.580318536537
115, 31644.474322616148, 24549.158411123426, 31644.474322616148, 29494.328871871727, 24571.747399927204, 29494.328871871727
116, 31644.474322616148, 24549.158411123426, 31644.474322616148, 29478.962005667283, 24535.242307500892, 29478.962005667283
117, 31644.474322616148, 24549.158411123426, 31644.474322616148, 29512.152366447677, 24497.967995066116, 29512.152366447677
118, 31644.474322616148, 24549.158411123426, 31644.474322616148, 29513.064949098807, 24489.782996466438, 29513.064949098807
119, 31644.474322616148, 24549.158411123426, 31644.474322616148, 29533.1704623812, 24545.47437465638, 29533.1704623812
120, 31644.474322616148, 24549.158411123426, 31644.474322616148, 29549.23469550635, 24585.414231917526, 29549.23469550635
121, 31644.474322616148, 24549.158411123426, 31644.474322616148, 29584.03339724712, 24592.163443893067, 29584.03339724712
122, 31644.474322616148, 24549.158411123426, 31644.474322616148, 29569.13724828449, 24602.806282885384, 29569.13724828449
123, 31644.474322616148, 24549.158411123426, 31644.474322616148, 29620.98394929978, 24552.38121397529, 29620.98394929978
124, 31644.474322616148, 24549.158411123426, 31644.474322616148, 29668.377101567094, 24574.437243590783, 29668.377101567094
125, 31644.474322616148, 24549.158411123426, 31644.474322616148, 29648.580957683953, 24580.06590036072, 29648.580957683953
126, 31728.020225963883, 24507.381476279916, 31728.020225963883, 29675.684747610605, 24580.97178198239, 29675.684747610605
127, 31728.020225963883, 24507.381476279916, 31728.020225963883, 29705.513037364242, 24583.47407661511, 29705.513037364242
128, 31756.966650584436, 24582.120038114896, 31756.966650584436, 29697.244799447675, 24582.811699226688, 29697.244799447675
129, 31867.98201483101, 24509.14066505697, 31867.98201483101, 29712.209700271007, 24586.798256951683, 29712.209700271007
130, 31867.98201483101, 24509.14066505697, 31867.98201483101, 29721.859227603207, 24589.993580699, 29721.859227603207
131, 31958.695645330063, 24677.608466523725, 31958.695645330063, 29769.28866884904, 24597.642633536994, 29769.28866884904
132, 31958.695645330063, 24677.608466523725, 31958.695645330063, 29720.596779824067, 24608.862203648678, 29720.596779824067
133, 31958.695645330063, 24677.608466523725, 31958.695645330063, 29765.513374047106, 24605.6780758704, 29765.513374047106
134, 31958.695645330063, 24677.608466523725, 31958.695645330063, 29750.768519519057, 24580.755468765004, 29750.768519519057
135, 31958.695645330063, 24677.608466523725, 31958.695645330063, 29753.753089728452, 24588.039422712332, 29753.753089728452
136, 31958.695645330063, 24677.608466523725, 31958.695645330063, 29817.26649628936, 24612.113168384196, 29817.26649628936
137, 31958.695645330063, 24677.608466523725, 31958.695645330063, 29819.519343092023, 24588.926676117444, 29819.519343092023
138, 31970.585007972968, 24616.449370021804, 31970.585007972968, 29865.267346529712, 24582.893417728144, 29865.267346529712
139, 32055.99985401809, 24565.341268826218, 32055.99985401809, 29856.31855231221, 24580.424218254037, 29856.31855231221
140, 32055.99985401809, 24565.341268826218, 32055.99985401809, 29874.210809990847, 24585.57716192446, 29874.210809990847
141, 32055.99985401809, 24565.341268826218, 32055.99985401809, 29849.445960879362, 24602.048382273475, 29849.445960879362
142, 32055.99985401809, 24565.341268826218, 32055.99985401809, 29915.34584507062, 24628.66580488229, 29915.34584507062
143, 32055.99985401809, 24565.341268826218, 32055.99985401809, 29936.908583624736, 24662.120533451274, 29936.908583624736
144, 32068.593805611185, 24538.274461309447, 32068.593805611185, 29916.671799200492, 24658.453603534894, 29916.671799200492
145, 32068.593805611185, 24538.274461309447, 32068.593805611185, 29972.933200780768, 24650.30483139778, 29972.933200780768
146, 32068.593805611185, 24538.274461309447, 32068.593805611185, 29902.112437675503, 24637.79169453295, 29902.112437675503
147, 32074.40817988579, 24640.56340345783, 32074.40817988579, 29996.050181172974, 24612.511911246493, 29996.050181172974
148, 32074.40817988579, 24640.56340345783, 32074.40817988579, 29990.42827587764, 24597.370263367513, 29990.42827587764
149, 32074.40817988579, 24640.56340345783, 32074.40817988579, 29981.585906530658, 24591.38809558202, 29981.585906530658
150, 32122.44655214405, 24670.97183562444, 32122.44655214405, 29958.964689723194, 24590.122763217456, 29958.964689723194
151, 32122.44655214405, 24670.97183562444, 32122.44655214405, 29940.830689925715, 24587.117210469627, 29940.830689925715
152, 32122.44655214405, 24670.97183562444, 32122.44655214405, 29974.199686383232, 24587.67985988655, 29974.199686383232
153, 32122.44655214405, 24670.97183562444, 32122.44655214405, 30022.59300582066, 24585.6157874919, 30022.59300582066
154, 32122.44655214405, 24670.97183562444, 32122.44655214405, 30010.805475750974, 24594.01710967163, 30010.805475750974
155, 32155.58241810716, 24534.202494549594, 32155.58241810716, 30046.669297485758, 24608.285981805762, 30046.669297485758
156, 32155.58241810716, 24534.202494549594, 32155.58241810716, 30015.13581430348, 24629.89357970594, 30015.13581430348
157, 32165.10628824386, 24638.25825482658, 32165.10628824386, 30042.765072080587, 24651.251344581837, 30042.765072080587
158, 32347.850024544936, 24504.59043728891, 32347.850024544936, 30025.416343255416, 24661.982990898072, 30025.416343255416
159, 32347.850024544936, 24504.59043728891, 32347.850024544936, 30051.293037235286, 24659.06254069517, 30051.293037235286
160, 32347.850024544936, 24504.59043728891, 32347.850024544936, 30084.627342774005, 24655.37699147572, 30084.627342774005
161, 32373.89397937735, 24529.833994252836, 32373.89397937735, 30061.737696293825, 24646.459204424467, 30061.737696293825
162, 32373.89397937735, 24529.833994252836, 32373.89397937735, 30053.054160495227, 24634.646876870018, 30053.054160495227
163, 32373.89397937735, 24529.833994252836, 32373.89397937735, 30060.811870727037, 24621.003035823152, 30060.811870727037
164, 32373.89397937735, 24529.833994252836, 32373.89397937735, 30117.935287914002, 24610.184398817597, 30117.935287914002
165, 32373.89397937735, 24529.833994252836, 32373.89397937735, 30101.919450853067, 24602.9697684921, 30101.919450853067
166, 32373.89397937735, 24529.833994252836, 32373.89397937735, 30124.966173697463, 24598.216964107774, 30124.966173697463
167, 32373.89397937735, 24529.833994252836, 32373.89397937735, 30134.570321355244, 24585.42749220267, 30134.570321355244
168, 32449.55288747844, 24361.006021969053, 32449.55288747844, 30194.826163792, 24562.44928251837, 30194.826163792
169, 32449.55288747844, 24361.006021969053, 32449.55288747844, 30176.32120495462, 24549.368407182734, 30176.32120495462
170, 32449.55288747844, 24361.006021969053, 32449.55288747844, 30185.50859000884, 24549.732067036028, 30185.50859000884
171, 32449.55288747844, 24361.006021969053, 32449.55288747844, 30182.34480690777, 24550.838548272488, 30182.34480690777
172, 32449.55288747844, 24361.006021969053, 32449.55288747844, 30206.319147851536, 24551.534706772167, 30206.319147851536
173, 32449.55288747844, 24361.006021969053, 32449.55288747844, 30224.510484953873, 24552.84913869536, 30224.510484953873
174, 32483.153216691586, 24513.823010689466, 32483.153216691586, 30216.730832592173, 24549.23970485155, 30216.730832592173
175, 32483.153216691586, 24513.823010689466, 32483.153216691586, 30232.924804558723, 24555.305174097015, 30232.924804558723
176, 32502.022007619977, 24461.047370056232, 32502.022007619977, 30242.27354552725, 24559.17079171551, 30242.27354552725
177, 32502.022007619977, 24461.047370056232, 32502.022007619977, 30312.79334643754, 24508.870293715907, 30312.79334643754
178, 32502.022007619977, 24461.047370056232, 32502.022007619977, 30263.447235187647, 24460.179248980327, 30263.447235187647
179, 32530.173399264062, 24460.053190056253, 32530.173399264062, 30262.83244647689, 24466.025286728884, 30262.83244647689
180, 32530.173399264062, 24460.053190056253, 32530.173399264062, 30291.36794443738, 24474.64849041433, 30291.36794443738
181, 32530.173399264062, 24460.053190056253, 32530.173399264062, 30307.177069968373, 24493.145506540695, 30307.177069968373
182, 32530.173399264062, 24460.053190056253, 32530.173399264062, 30233.36331092489, 24525.088175483546, 30233.36331092489
183, 32530.173399264062, 24460.053190056253, 32530.173399264062, 30346.096552918632, 24552.192833153516, 30346.096552918632
184, 32552.478876323283, 24289.14975855711, 32552.478876323283, 30276.419914222493, 24546.332897822525, 30276.419914222493
185, 32552.478876323283, 24289.14975855711, 32552.478876323283, 30292.152595466046, 24538.3843863032, 30292.152595466046
186, 32552.478876323283, 24289.14975855711, 32552.478876323283, 30278.197166121212, 24526.13406011236, 30278.197166121212
187, 32552.478876323283, 24289.14975855711, 32552.478876323283, 30286.31319729624, 24526.259474259787, 30286.31319729624
188, 32552.478876323283, 24289.14975855711, 32552.478876323283, 30322.86812866925, 24528.87499409046, 30322.86812866925
189, 32552.478876323283, 24289.14975855711, 32552.478876323283, 30263.16223844196, 24533.226639798613, 30263.16223844196
190, 32552.478876323283, 24289.14975855711, 32552.478876323283, 30298.867279604172, 24528.05082384795, 30298.867279604172
191, 32706.54156303144, 24503.600386035858, 32706.54156303144, 30301.765311135972, 24514.542356227787, 30301.765311135972
192, 32706.54156303144, 24503.600386035858, 32706.54156303144, 30330.95196991016, 24510.028082013177, 30330.95196991016
193, 32706.54156303144, 24503.600386035858, 32706.54156303144, 30345.570262665045, 24507.95328747466, 30345.570262665045
194, 32706.54156303144, 24503.600386035858, 32706.54156303144, 30324.531015411954, 24495.520229365295, 30324.531015411954
195, 32706.54156303144, 24503.600386035858, 32706.54156303144, 30326.46259842414, 24509.27604637159, 30326.46259842414
196, 32706.54156303144, 24503.600386035858, 32706.54156303144, 30317.191744496846, 24450.90077005752, 30317.191744496846
197, 32706.54156303144, 24503.600386035858, 32706.54156303144, 30333.52616131083, 24479.65838281157, 30333.52616131083
198, 32706.54156303144, 24503.600386035858, 32706.54156303144, 30404.08751248783, 24543.994275541623, 30404.08751248783
199, 32706.54156303144, 24503.600386035858, 32706.54156303144, 30387.419133228035, 24577.9558268616, 30387.419133228035
200, 32706.54156303144, 24503.600386035858, 32706.54156303144, 30416.74934789982, 24572.491797766394, 30416.74934789982
201, 32706.54156303144, 24503.600386035858, 32706.54156303144, 30457.255182322802, 24566.86031848843, 30457.255182322802
202, 32714.06480425807, 24665.233257147363, 32714.06480425807, 30400.90881194008, 24552.424208357235, 30400.90881194008
203, 32714.06480425807, 24665.233257147363, 32714.06480425807, 30393.642413411406, 24551.912876248614, 30393.642413411406
204, 32748.92481090137, 24522.912117656884, 32748.92481090137, 30445.295270628314, 24553.42290070803, 30445.295270628314
205, 32748.92481090137, 24522.912117656884, 32748.92481090137, 30411.255170869128, 24554.95076628304, 30411.255170869128
206, 32880.91517223851, 24450.72551887784, 32880.91517223851, 30425.831504715687, 24557.320830595945, 30425.831504715687
207, 32880.91517223851, 24450.72551887784, 32880.91517223851, 30456.789076565605, 24561.632705220018, 30456.789076565605
208, 32880.91517223851, 24450.72551887784, 32880.91517223851, 30434.466768016024, 24571.540141015947, 30434.466768016024
209, 32880.91517223851, 24450.72551887784, 32880.91517223851, 30433.25473231214, 24586.643537455617, 30433.25473231214
210, 32880.91517223851, 24450.72551887784, 32880.91517223851, 30460.75174611328, 24615.044563755415, 30460.75174611328
211, 32880.91517223851, 24450.72551887784, 32880.91517223851, 30466.80075689888, 24633.396737656858, 30466.80075689888
212, 32966.97163333308, 24584.465416445008, 32966.97163333308, 30456.948446278588, 24627.739934573267, 30456.948446278588
213, 32966.97163333308, 24584.465416445008, 32966.97163333308, 30459.31265876746, 24605.603130196483, 30459.31265876746
214, 32966.97163333308, 24584.465416445008, 32966.97163333308, 30480.884065491664, 24586.14111812434, 30480.884065491664
215, 32966.97163333308, 24584.465416445008, 32966.97163333308, 30516.804065162283, 24590.20278519737, 30516.804065162283
216, 32966.97163333308, 24584.465416445008, 32966.97163333308, 30539.570074935455, 24573.62619579195, 30539.570074935455
217, 32966.97163333308, 24584.465416445008, 32966.97163333308, 30576.400185802904, 24544.172479343673, 30576.400185802904
218, 32966.97163333308, 24584.465416445008, 32966.97163333308, 30543.671319665442, 24549.44939233457, 30543.671319665442
219, 32966.97163333308, 24584.465416445008, 32966.97163333308, 30622.79396972257, 24569.182062379914, 30622.79396972257
220, 32966.97163333308, 24584.465416445008, 32966.97163333308, 30633.8729237305, 24602.808527344005, 30633.8729237305
221, 32966.97163333308, 24584.465416445008, 32966.97163333308, 30573.613847038243, 24605.622583338903, 30573.613847038243
222, 33006.11321053337, 24646.53165043631, 33006.11321053337, 30597.28526834552, 24606.532048677713, 30597.28526834552
223, 33006.11321053337, 24646.53165043631, 33006.11321053337, 30597.350026089935, 24606.432154334445, 30597.350026089935
224, 33006.11321053337, 24646.53165043631, 33006.11321053337, 30645.03140049884, 24606.40058232555, 30645.03140049884
225, 33006.11321053337, 24646.53165043631, 33006.11321053337, 30656.972362350178, 24607.622951165562, 30656.972362350178
226, 33006.11321053337, 24646.53165043631, 33006.11321053337, 30627.647040178636, 24609.0514658741, 30627.647040178636
227, 33006.11321053337, 24646.53165043631, 33006.11321053337, 30605.84528421619, 24608.664161005512, 30605.84528421619
228, 33006.11321053337, 24646.53165043631, 33006.11321053337, 30608.161448471765, 24607.610071228755, 30608.161448471765
229, 33006.11321053337, 24646.53165043631, 33006.11321053337, 30615.825359522176, 24609.72977185248, 30615.825359522176
230, 33006.11321053337, 24646.53165043631, 33006.11321053337, 30643.706793935416, 24613.95322302706, 30643.706793935416
231, 33006.11321053337, 24646.53165043631, 33006.11321053337, 30615.56865738948, 24614.337899725913, 30615.56865738948
232, 33006.11321053337, 24646.53165043631, 33006.11321053337, 30653.85838150525, 24618.700698187164, 30653.85838150525
233, 33028.11321244602, 24563.92801535455, 33028.11321244602, 30670.292532748663, 24627.14607517496, 30670.292532748663
234, 33028.11321244602, 24563.92801535455, 33028.11321244602, 30662.06900852561, 24642.317505676925, 30662.06900852561
235, 33028.11321244602, 24563.92801535455, 33028.11321244602, 30705.31998176221, 24649.452184136437, 30705.31998176221
236, 33067.79089132608, 24572.12634366327, 33067.79089132608, 30667.899090425108, 24649.135260216975, 30667.899090425108
237, 33067.79089132608, 24572.12634366327, 33067.79089132608, 30679.139463539224, 24648.343118301564, 30679.139463539224
238, 33067.79089132608, 24572.12634366327, 33067.79089132608, 30649.001803482195, 24643.93443141758, 30649.001803482195
239, 33067.79089132608, 24572.12634366327, 33067.79089132608, 30646.907646832442, 24643.79232989147, 30646.907646832442
240, 33067.79089132608, 24572.12634366327, 33067.79089132608, 30655.32251147898, 24639.15642216138, 30655.32251147898
241, 33067.79089132608, 24572.12634366327, 33067.79089132608, 30697.879144327864, 24631.280325432195, 30697.879144327864
242, 33067.79089132608, 24572.12634366327, 33067.79089132608, 30622.15856819734, 24621.788517239536, 30622.15856819734
243, 33067.79089132608, 24572.12634366327, 33067.79089132608, 30682.44477315382, 24604.208522477697, 30682.44477315382
244, 33067.79089132608, 24572.12634366327, 33067.79089132608, 30632.323290588934, 24594.349445802964, 30632.323290588934
245, 33163.645137502244, 24580.963802168564, 33163.645137502244, 30671.056482482752, 24594.577347516777, 30671.056482482752
246, 33163.645137502244, 24580.963802168564, 33163.645137502244, 30675.268203929776, 24598.890379571418, 30675.268203929776
247, 33163.645137502244, 24580.963802168564, 33163.645137502244, 30722.606548191743, 24604.59593175864, 30722.606548191743
248, 33163.645137502244, 24580.963802168564, 33163.645137502244, 30688.0326678406, 24602.738844576885, 30688.0326678406
249, 33163.645137502244, 24580.963802168564, 33163.645137502244, 30684.12571784217, 24598.47393098958, 30684.12571784217
250, 33163.645137502244, 24580.963802168564, 33163.645137502244, 30672.14814636268, 24600.0116216462, 30672.14814636268
251, 33163.645137502244, 24580.963802168564, 33163.645137502244, 30654.435664654226, 24600.241852814943, 30654.435664654226
252, 33163.645137502244, 24580.963802168564, 33163.645137502244, 30713.19021492862, 24602.170856383047, 30713.19021492862
253, 33163.645137502244, 24580.963802168564, 33163.645137502244, 30690.375977904507, 24604.754667033074, 30690.375977904507
254, 33163.645137502244, 24580.963802168564, 33163.645137502244, 30660.397559594017, 24609.60334880223, 30660.397559594017
255, 33163.645137502244, 24580.963802168564, 33163.645137502244, 30779.410099390327, 24617.28094865142, 30779.410099390327
256, 33163.645137502244, 24580.963802168564, 33163.645137502244, 30708.961924036776, 24621.523492903343, 30708.961924036776
257, 33163.645137502244, 24580.963802168564, 33163.645137502244, 30778.819481560313, 24611.278827582504, 30778.819481560313
258, 33236.28820672287, 24501.957376176313, 33236.28820672287, 30735.9189133562, 24603.34076061216, 30735.9189133562
259, 33236.28820672287, 24501.957376176313, 33236.28820672287, 30785.179006099872, 24603.224075015107, 30785.179006099872
260, 33236.28820672287, 24501.957376176313, 33236.28820672287, 30796.849400993386, 24604.024134059717, 30796.849400993386
261, 33236.28820672287, 24501.957376176313, 33236.28820672287, 30772.728859424275, 24601.04388767108, 30772.728859424275
262, 33236.28820672287, 24501.957376176313, 33236.28820672287, 30760.267818291835, 24603.520445178823, 30760.267818291835
263, 33236.28820672287, 24501.957376176313, 33236.28820672287, 30784.18860750651, 24601.709528191437, 30784.18860750651
264, 33236.28820672287, 24501.957376176313, 33236.28820672287, 30737.214284129193, 24598.417200470027, 30737.214284129193
265, 33236.28820672287, 24501.957376176313, 33236.28820672287, 30771.99633355648, 24598.332151649447, 30771.99633355648
266, 33236.28820672287, 24501.957376176313, 33236.28820672287, 30769.309173806403, 24592.610138692242, 30769.309173806403
267, 33236.28820672287, 24501.957376176313, 33236.28820672287, 30784.992569752507, 24587.961149781313, 30784.992569752507
268, 33236.28820672287, 24501.957376176313, 33236.28820672287, 30831.10242417526, 24572.962755776472, 30831.10242417526
269, 33268.21756766564, 24530.328679399947, 33268.21756766564, 30811.199212280517, 24547.937284049156, 30811.199212280517
270, 33272.43734986682, 24496.693470137903, 33272.43734986682, 30852.4430225295, 24549.334576152603, 30852.4430225295
271, 33284.15236864024, 24560.539087580644, 33284.15236864024, 30817.84089738145, 24549.984124128587, 30817.84089738145
272, 33290.35471761121, 24442.13343889442, 33290.35471761121, 30828.482133397396, 24552.2878064618, 30828.482133397396
273, 33290.35471761121, 24442.13343889442, 33290.35471761121, 30869.033631365382, 24554.056955437813, 30869.033631365382
274, 33290.35471761121, 24442.13343889442, 33290.35471761121, 30822.22618644851, 24556.325997437052, 30822.22618644851
275, 33290.35471761121, 24442.13343889442, 33290.35471761121, 30794.223696035486, 24563.609870976008, 30794.223696035486
276, 33290.35471761121, 24442.13343889442, 33290.35471761121, 30849.495969412652, 24572.81436899815, 30849.495969412652
277, 33290.35471761121, 24442.13343889442, 33290.35471761121, 30867.980802473478, 24574.12243374162, 30867.980802473478
278, 33290.35471761121, 24442.13343889442, 33290.35471761121, 30831.720003173123, 24579.240864931173, 30831.720003173123
279, 33290.35471761121, 24442.13343889442, 33290.35471761121, 30822.646145765735, 24586.020652928386, 30822.646145765735
280, 33290.35471761121, 24442.13343889442, 33290.35471761121, 30809.16011342889, 24583.107816669573, 30809.16011342889
281, 33290.35471761121, 24442.13343889442, 33290.35471761121, 30844.13966447122, 24582.56053478079, 30844.13966447122
282, 33290.35471761121, 24442.13343889442, 33290.35471761121, 30862.590662012146, 24580.69275519209, 30862.590662012146
283, 33290.35471761121, 24442.13343889442, 33290.35471761121, 30831.50006597848, 24575.034602102358, 30831.50006597848
284, 33290.35471761121, 24442.13343889442, 33290.35471761121, 30840.014291072137, 24564.7860862198, 30840.014291072137
285, 33290.35471761121, 24442.13343889442, 33290.35471761121, 30863.39763865617, 24549.78009760579, 30863.39763865617
286, 33290.35471761121, 24442.13343889442, 33290.35471761121, 30862.307859505778, 24523.153741140417, 30862.307859505778
287, 33290.35471761121, 24442.13343889442, 33290.35471761121, 30847.826190140942, 24505.29619182252, 30847.826190140942
288, 33311.06923700844, 24497.08137223669, 33311.06923700844, 30860.593495821966, 24506.774089036862, 30860.593495821966
289, 33311.06923700844, 24497.08137223669, 33311.06923700844, 30846.088996464234, 24505.56992958456, 30846.088996464234
290, 33311.06923700844, 24497.08137223669, 33311.06923700844, 30838.93135211974, 24506.875790860842, 30838.93135211974
291, 33311.06923700844, 24497.08137223669, 33311.06923700844, 30781.41405366742, 24506.200422173464, 30781.41405366742
292, 33311.06923700844, 24497.08137223669, 33311.06923700844, 30857.09308416787, 24506.319356265412, 30857.09308416787
293, 33311.06923700844, 24497.08137223669, 33311.06923700844, 30878.800007176076, 24509.338204866875, 30878.800007176076
294, 33457.46321943754, 24594.46429180291, 33457.46321943754, 30838.8594183477, 24509.213253874528, 30838.8594183477
295, 33457.46321943754, 24594.46429180291, 33457.46321943754, 30824.257449985875, 24511.94345110293, 30824.257449985875
296, 33457.46321943754, 24594.46429180291, 33457.46321943754, 30889.51989780216, 24514.47270861309, 30889.51989780216
297, 33457.46321943754, 24594.46429180291, 33457.46321943754, 30873.584445524048, 24519.852181690618, 30873.584445524048
298, 33457.46321943754, 24594.46429180291, 33457.46321943754, 30846.1070447101, 24522.91753003742, 30846.1070447101
299, 33527.87601563986, 24567.190577576293, 33527.87601563986, 30870.467433618403, 24538.469843964274, 30870.467433618403
300, 33527.87601563986, 24567.190577576293, 33527.87601563986, 30845.939113422824, 24548.081438731555, 30845.939113422824
301, 33527.87601563986, 24567.190577576293, 33527.87601563986, 30936.509218246276, 24554.847643359113, 30936.509218246276
302, 33527.87601563986, 24567.190577576293, 33527.87601563986, 30897.12412424392, 24559.87867842818, 30897.12412424392
303, 33527.87601563986, 24567.190577576293, 33527.87601563986, 30917.633547494817, 24572.71655818665, 30917.633547494817
304, 33527.87601563986, 24567.190577576293, 33527.87601563986, 30931.318980449592, 24594.854831654247, 30931.318980449592
305, 33527.87601563986, 24567.190577576293, 33527.87601563986, 30980.003310252014, 24609.71032508619, 30980.003310252014
306, 33527.87601563986, 24567.190577576293, 33527.87601563986, 30987.46860835796, 24605.969346850783, 30987.46860835796
307, 33527.87601563986, 24567.190577576293, 33527.87601563986, 30930.035348707963, 24604.01836475169, 30930.035348707963
308, 33527.87601563986, 24567.190577576293, 33527.87601563986, 30969.524135833726, 24599.323028275678, 30969.524135833726
309, 33527.87601563986, 24567.190577576293, 33527.87601563986, 31049.179561414778, 24593.725905608586, 31049.179561414778
310, 33527.87601563986, 24567.190577576293, 33527.87601563986, 31022.2868219179, 24594.852492314, 31022.2868219179
311, 33527.87601563986, 24567.190577576293, 33527.87601563986, 31014.093076561207, 24593.2487044206, 31014.093076561207
312, 33603.41147277516, 24688.438334054437, 33603.41147277516, 31028.657527079627, 24593.655245375405, 31028.657527079627
313, 33603.41147277516, 24688.438334054437, 33603.41147277516, 31031.358333587865, 24594.63338700502, 31031.358333587865
314, 33603.41147277516, 24688.438334054437, 33603.41147277516, 30987.728482782604, 24595.90324580208, 30987.728482782604
315, 33603.41147277516, 24688.438334054437, 33603.41147277516, 31065.648021760036, 24597.704726028252, 31065.648021760036
316, 33603.41147277516, 24688.438334054437, 33603.41147277516, 31014.682008597247, 24599.90347525384, 31014.682008597247
317, 33603.41147277516, 24688.438334054437, 33603.41147277516, 31018.10605005913, 24604.575610180433, 31018.10605005913
318, 33603.41147277516, 24688.438334054437, 33603.41147277516, 31044.219765748876, 24613.39078505535, 31044.219765748876
319, 33603.41147277516, 24688.438334054437, 33603.41147277516, 30986.03705873695, 24622.81893053932, 30986.03705873695
320, 33603.41147277516, 24688.438334054437, 33603.41147277516, 31058.93076391209, 24641.705947251674, 31058.93076391209
321, 33603.41147277516, 24688.438334054437, 33603.41147277516, 31087.146395542906, 24673.83123822713, 31087.146395542906
322, 33603.41147277516, 24688.438334054437, 33603.41147277516, 31106.29072262059, 24679.272337534454, 31106.29072262059
323, 33603.41147277516, 24688.438334054437, 33603.41147277516, 31043.817121961285, 24679.28353952195, 31043.817121961285
324, 33603.41147277516, 24688.438334054437, 33603.41147277516, 31074.37123678104, 24678.579172898793, 31074.37123678104
325, 33603.41147277516, 24688.438334054437, 33603.41147277516, 31040.93160492945, 24677.52580481197, 31040.93160492945
326, 33603.41147277516, 24688.438334054437, 33603.41147277516, 31080.34059306929, 24678.070359477988, 31080.34059306929
327, 33603.41147277516, 24688.438334054437, 33603.41147277516, 31042.111865640007, 24678.104804759045, 31042.111865640007
328, 33603.41147277516, 24688.438334054437, 33603.41147277516, 31036.60610841155, 24678.227599341084, 31036.60610841155
329, 33754.407873712866, 24660.98478665472, 33754.407873712866, 31038.37241333369, 24678.04125893058, 31038.37241333369
330, 33754.407873712866, 24660.98478665472, 33754.407873712866, 31068.186192257435, 24677.340758684135, 31068.186192257435
331, 33754.407873712866, 24660.98478665472, 33754.407873712866, 31032.730041821782, 24678.711233245194, 31032.730041821782
332, 33754.407873712866, 24660.98478665472, 33754.407873712866, 31076.142109295288, 24678.715680888752, 31076.142109295288
333, 33754.407873712866, 24660.98478665472, 33754.407873712866, 31101.498256567782, 24678.823355975765, 31101.498256567782
334, 33754.407873712866, 24660.98478665472, 33754.407873712866, 31059.17931310026, 24678.123900367726, 31059.17931310026
335, 33754.407873712866, 24660.98478665472, 33754.407873712866, 31033.9713585539, 24676.03904920845, 31033.9713585539
336, 33754.407873712866, 24660.98478665472, 33754.407873712866, 31068.101119663777, 24677.654772859343, 31068.101119663777
337, 33754.407873712866, 24660.98478665472, 33754.407873712866, 31065.102800708835, 24676.527199540506, 31065.102800708835
338, 33754.407873712866, 24660.98478665472, 33754.407873712866, 31054.0782676657, 24675.234155230708, 31054.0782676657
339, 33754.407873712866, 24660.98478665472, 33754.407873712866, 31085.28427072515, 24674.843350666713, 31085.28427072515
340, 33754.407873712866, 24660.98478665472, 33754.407873712866, 31110.933824748437, 24668.942269727493, 31110.933824748437
341, 33754.407873712866, 24660.98478665472, 33754.407873712866, 31127.652197266965, 24665.64527133179, 31127.652197266965
342, 33754.407873712866, 24660.98478665472, 33754.407873712866, 31161.677270612458, 24654.634562666084, 31161.677270612458
343, 33754.407873712866, 24660.98478665472, 33754.407873712866, 31185.81582927097, 24660.23477003573, 31185.81582927097
344, 33754.407873712866, 24660.98478665472, 33754.407873712866, 31155.340561151377, 24660.689527792812, 31155.340561151377
345, 33821.402954580626, 24635.59700408858, 33821.402954580626, 31197.271384009444, 24659.308111601087, 31197.271384009444
346, 33821.402954580626, 24635.59700408858, 33821.402954580626, 31231.473630212113, 24660.514547773055, 31231.473630212113
347, 33821.402954580626, 24635.59700408858, 33821.402954580626, 31215.519273908194, 24659.35993441686, 31215.519273908194
348, 33821.402954580626, 24635.59700408858, 33821.402954580626, 31145.30437606583, 24657.020814604206, 31145.30437606583
349, 33821.402954580626, 24635.59700408858, 33821.402954580626, 31160.367126006877, 24658.831672978766, 31160.367126006877
350, 33821.402954580626, 24635.59700408858, 33821.402954580626, 31206.70388242443, 24656.33702025196, 31206.70388242443
351, 33821.402954580626, 24635.59700408858, 33821.402954580626, 31185.11652365062, 24655.370136673373, 31185.11652365062
352, 33821.402954580626, 24635.59700408858, 33821.402954580626, 31162.52902052117, 24653.70192662105, 31162.52902052117
353, 33821.402954580626, 24635.59700408858, 33821.402954580626, 31176.667291293565, 24648.722903499507, 31176.667291293565
354, 33821.402954580626, 24635.59700408858, 33821.402954580626, 31227.54886627477, 24645.266853898614, 31227.54886627477
355, 33821.402954580626, 24635.59700408858, 33821.402954580626, 31245.821060838312, 24641.47355640249, 31245.821060838312
356, 33821.402954580626, 24635.59700408858, 33821.402954580626, 31223.24741410299, 24641.38806008771, 31223.24741410299
357, 33821.402954580626, 24635.59700408858, 33821.402954580626, 31210.816627519474, 24642.300978932893, 31210.816627519474
358, 33821.402954580626, 24635.59700408858, 33821.402954580626, 31245.666000543024, 24642.802330345046, 31245.666000543024
359, 33821.402954580626, 24635.59700408858, 33821.402954580626, 31178.508003191993, 24641.77621608555, 31178.508003191993
360, 33821.402954580626, 24635.59700408858, 33821.402954580626, 31234.29888374974, 24642.351003697346, 31234.29888374974
361, 33821.402954580626, 24635.59700408858, 33821.402954580626, 31198.454885893563, 24642.79543557793, 31198.454885893563
362, 33821.402954580626, 24635.59700408858, 33821.402954580626, 31203.657133269076, 24643.35425528577, 31203.657133269076
363, 33821.402954580626, 24635.59700408858, 33821.402954580626, 31198.31708518063, 24641.034434761023, 31198.31708518063
364, 33874.558783192224, 24553.04596162725, 33874.558783192224, 31206.01288522237, 24641.570354351225, 31206.01288522237
365, 33874.558783192224, 24553.04596162725, 33874.558783192224, 31211.31750498087, 24641.387173755844, 31211.31750498087
366, 33874.558783192224, 24553.04596162725, 33874.558783192224, 31228.03017066387, 24640.00079886033, 31228.03017066387
367, 33874.558783192224, 24553.04596162725, 33874.558783192224, 31245.82882652377, 24639.67499787488, 31245.82882652377
368, 33874.558783192224, 24553.04596162725, 33874.558783192224, 31203.787728118266, 24640.821892600277, 31203.787728118266
369, 33874.558783192224, 24553.04596162725, 33874.558783192224, 31196.48342180848, 24636.029515695045, 31196.48342180848
370, 33874.558783192224, 24553.04596162725, 33874.558783192224, 31246.4819087775, 24633.978705814276, 31246.4819087775
371, 33874.558783192224, 24553.04596162725, 33874.558783192224, 31234.810649138737, 24630.316922538328, 31234.810649138737
372, 33874.558783192224, 24553.04596162725, 33874.558783192224, 31273.82033535434, 24625.63276102981, 31273.82033535434
373, 33874.558783192224, 24553.04596162725, 33874.558783192224, 31245.304377363515, 24615.574203858185, 31245.304377363515
374, 33874.558783192224, 24553.04596162725, 33874.558783192224, 31207.6320419423, 24601.876732656117, 31207.6320419423
375, 33874.558783192224, 24553.04596162725, 33874.558783192224, 31243.595991474063, 24583.54837308318, 31243.595991474063
376, 33874.558783192224, 24553.04596162725, 33874.558783192224, 31246.76563157183, 24584.172589845224, 31246.76563157183
377, 33874.558783192224, 24553.04596162725, 33874.558783192224, 31263.602896196186, 24584.572684866427, 31263.602896196186
378, 33874.558783192224, 24553.04596162725, 33874.558783192224, 31295.95378402507, 24583.208773552207, 31295.95378402507
379, 33894.747432216005, 24552.650123374107, 33894.747432216005, 31266.95378589095, 24584.90408817813, 31266.95378589095
380, 33894.747432216005, 24552.650123374107, 33894.747432216005, 31262.43671400428, 24582.89085373924, 31262.43671400428
381, 33894.747432216005, 24552.650123374107, 33894.747432216005, 31280.186288821922, 24585.397455954553, 31280.186288821922
382, 33911.751760678984, 24372.347189447064, 33911.751760678984, 31257.4294082928, 24583.087428578514, 31257.4294082928
383, 33984.823200611085, 24598.5962905732, 33984.823200611085, 31256.690567342648, 24582.0376670674, 31256.690567342648
384, 33984.823200611085, 24598.5962905732, 33984.823200611085, 31273.374097790987, 24584.587419493855, 31273.374097790987
385, 33984.823200611085, 24598.5962905732, 33984.823200611085, 31256.852234613056, 24581.3575095868, 31256.852234613056
386, 33984.823200611085, 24598.5962905732, 33984.823200611085, 31221.173766202275, 24583.362489523868, 31221.173766202275
387, 33984.823200611085, 24598.5962905732, 33984.823200611085, 31281.272066969304, 24582.517610840336, 31281.272066969304
388, 33984.823200611085, 24598.5962905732, 33984.823200611085, 31263.758529962834, 24582.20174806952, 31263.758529962834
389, 33984.823200611085, 24598.5962905732, 33984.823200611085, 31275.824875152248, 24582.436950643874, 31275.824875152248
390, 33984.823200611085, 24598.5962905732, 33984.823200611085, 31259.380375298875, 24581.882084597884, 31259.380375298875
391, 33984.823200611085, 24598.5962905732, 33984.823200611085, 31275.66130637515, 24580.010086298833, 31275.66130637515
392, 33984.823200611085, 24598.5962905732, 33984.823200611085, 31293.959471338094, 24575.337315702393, 31293.959471338094
393, 33984.823200611085, 24598.5962905732, 33984.823200611085, 31275.41604157969, 24570.28401971678, 31275.41604157969
394, 33994.0971272823, 24651.780666531493, 33994.0971272823, 31313.346625113772, 24595.249297202252, 31313.346625113772
395, 34064.83750169843, 24581.58619078177, 34064.83750169843, 31357.13909069394, 24615.496797191692, 31357.13909069394
396, 34064.83750169843, 24581.58619078177, 34064.83750169843, 31352.69663232097, 24616.835911167258, 31352.69663232097
397, 34070.945293913064, 24672.1195083063, 34070.945293913064, 31350.923139381775, 24614.33176232886, 31350.923139381775
398, 34070.945293913064, 24672.1195083063, 34070.945293913064, 31328.928958491037, 24615.406103078523, 31328.928958491037
399, 34070.945293913064, 24672.1195083063, 34070.945293913064, 31371.168265308042, 24613.511958484803, 31371.168265308042
400, 34070.945293913064, 24672.1195083063, 34070.945293913064, 31322.91943417634, 24610.400846913544, 31322.91943417634
401, 34070.945293913064, 24672.1195083063, 34070.945293913064, 31367.15694218803, 24609.82299280028, 31367.15694218803
402, 34070.945293913064, 24672.1195083063, 34070.945293913064, 31411.401183515627, 24607.28100667369, 31411.401183515627
403, 34070.945293913064, 24672.1195083063, 34070.945293913064, 31372.190312576815, 24576.177422694163, 31372.190312576815
404, 34070.945293913064, 24672.1195083063, 34070.945293913064, 31392.65840516161, 24585.708785456452, 31392.65840516161
405, 34070.945293913064, 24672.1195083063, 34070.945293913064, 31393.972949236115, 24596.138205264622, 31393.972949236115
406, 34070.945293913064, 24672.1195083063, 34070.945293913064, 31425.14609202764, 24617.362432814836, 31425.14609202764
407, 34070.945293913064, 24672.1195083063, 34070.945293913064, 31434.771118444143, 24637.66019570995, 31434.771118444143
408, 34070.945293913064, 24672.1195083063, 34070.945293913064, 31389.489114555312, 24656.485139081906, 31389.489114555312
409, 34070.945293913064, 24672.1195083063, 34070.945293913064, 31378.195685307175, 24667.447046619825, 31378.195685307175
410, 34070.945293913064, 24672.1195083063, 34070.945293913064, 31428.34832095212, 24667.29033316684, 31428.34832095212
411, 34070.945293913064, 24672.1195083063, 34070.945293913064, 31363.686050658842, 24667.92009075751, 31363.686050658842
412, 34070.945293913064, 24672.1195083063, 34070.945293913064, 31369.719156993015, 24667.437869650945, 31369.719156993015
413, 34093.67476033838, 24667.225415642493, 34093.67476033838, 31348.753200399093, 24666.49950188009, 31348.753200399093
414, 34093.67476033838, 24667.225415642493, 34093.67476033838, 31395.549735171022, 24667.038876279734, 31395.549735171022
415, 34093.67476033838, 24667.225415642493, 34093.67476033838, 31358.420780839268, 24668.70922648524, 31358.420780839268
416, 34093.67476033838, 24667.225415642493, 34093.67476033838, 31363.903973495577, 24666.930783486543, 31363.903973495577
417, 34093.67476033838, 24667.225415642493, 34093.67476033838, 31399.573977270546, 24666.469918057104, 31399.573977270546
418, 34093.67476033838, 24667.225415642493, 34093.67476033838, 31403.602947305986, 24667.494389515672, 31403.602947305986
419, 34093.67476033838, 24667.225415642493, 34093.67476033838, 31380.63186827265, 24667.03370762595, 31380.63186827265
420, 34093.67476033838, 24667.225415642493, 34093.67476033838, 31400.532544149486, 24665.532098038668, 31400.532544149486
421, 34093.67476033838, 24667.225415642493, 34093.67476033838, 31390.042692564148, 24662.19744124975, 31390.042692564148
422, 34093.67476033838, 24667.225415642493, 34093.67476033838, 31380.958006706533, 24663.82661483876, 31380.958006706533
423, 34093.67476033838, 24667.225415642493, 34093.67476033838, 31369.57610701795, 24662.895660893726, 31369.57610701795
424, 34093.67476033838, 24667.225415642493, 34093.67476033838, 31411.950721051366, 24664.437172367117, 31411.950721051366
425, 34093.67476033838, 24667.225415642493, 34093.67476033838, 31408.98842934188, 24664.39438768862, 31408.98842934188
426, 34093.67476033838, 24667.225415642493, 34093.67476033838, 31376.63493524996, 24661.31682837976, 31376.63493524996
427, 34093.67476033838, 24667.225415642493, 34093.67476033838, 31458.45066707139, 24663.530887999117, 31458.45066707139
428, 34093.67476033838, 24667.225415642493, 34093.67476033838, 31431.65695761684, 24662.605455459132, 31431.65695761684
429, 34093.67476033838, 24667.225415642493, 34093.67476033838, 31418.29915772947, 24662.250913912725, 31418.29915772947
430, 34150.525097328005, 24638.12432328981, 34150.525097328005, 31391.0491139872, 24662.914612054097, 31391.0491139872
431, 34150.525097328005, 24638.12432328981, 34150.525097328005, 31418.605574084362, 24663.477084767357, 31418.605574084362
432, 34150.525097328005, 24638.12432328981, 34150.525097328005, 31352.938681900447, 24663.477164923348, 31352.938681900447
433, 34150.525097328005, 24638.12432328981, 34150.525097328005, 31438.562569805817, 24663.617316030315, 31438.562569805817
434, 34150.525097328005, 24638.12432328981, 34150.525097328005, 31466.425352656435, 24662.909320958872, 31466.425352656435
435, 34150.525097328005, 24638.12432328981, 34150.525097328005, 31413.353889472237, 24662.724140940023, 31413.353889472237
436, 34150.525097328005, 24638.12432328981, 34150.525097328005, 31351.77920305365, 24661.917695999422, 31351.77920305365
437, 34150.525097328005, 24638.12432328981, 34150.525097328005, 31461.314327967033, 24658.36673164938, 31461.314327967033
438, 34150.525097328005, 24638.12432328981, 34150.525097328005, 31388.910585117195, 24657.16906971578, 31388.910585117195
439, 34150.525097328005, 24638.12432328981, 34150.525097328005, 31460.020131804315, 24652.174772982653, 31460.020131804315
440, 34150.525097328005, 24638.12432328981, 34150.525097328005, 31424.409771421648, 24647.634561542378, 31424.409771421648
441, 34150.525097328005, 24638.12432328981, 34150.525097328005, 31455.335665909657, 24643.974637281302, 31455.335665909657
442, 34150.525097328005, 24638.12432328981, 34150.525097328005, 31491.051072965838, 24643.18344574959, 31491.051072965838
443, 34150.525097328005, 24638.12432328981, 34150.525097328005, 31512.03948888339, 24642.729394732116, 31512.03948888339
444, 34150.525097328005, 24638.12432328981, 34150.525097328005, 31462.555119593962, 24644.374790610847, 31462.555119593962
445, 34150.525097328005, 24638.12432328981, 34150.525097328005, 31492.50455364823, 24643.06305488472, 31492.50455364823
446, 34150.525097328005, 24638.12432328981, 34150.525097328005, 31447.23291808368, 24642.776677600228, 31447.23291808368
447, 34150.525097328005, 24638.12432328981, 34150.525097328005, 31395.830104719567, 24643.69312610379, 31395.830104719567
448, 34150.525097328005, 24638.12432328981, 34150.525097328005, 31423.212644737727, 24643.366330419834, 31423.212644737727
449, 34150.525097328005, 24638.12432328981, 34150.525097328005, 31449.72576737333, 24644.27272141675, 31449.72576737333
450, 34150.525097328005, 24638.12432328981, 34150.525097328005, 31447.324772578802, 24643.7593213556, 31447.324772578802
451, 34150.525097328005, 24638.12432328981, 34150.525097328005, 31487.70386131411, 24643.872569533843, 31487.70386131411
452, 34150.525097328005, 24638.12432328981, 34150.525097328005, 31415.99343758787, 24642.33684882326, 31415.99343758787
453, 34150.525097328005, 24638.12432328981, 34150.525097328005, 31437.761064665814, 24642.535092433453, 31437.761064665814
454, 34150.8755855832, 24670.97722871944, 34150.8755855832, 31423.735617437993, 24644.199653911255, 31423.735617437993
455, 34150.8755855832, 24670.97722871944, 34150.8755855832, 31438.4538389086, 24645.117077261013, 31438.4538389086
456, 34150.8755855832, 24670.97722871944, 34150.8755855832, 31458.225896356696, 24644.60080481409, 31458.225896356696
457, 34150.8755855832, 24670.97722871944, 34150.8755855832, 31424.980699560158, 24645.669336715913, 31424.980699560158
458, 34150.8755855832, 24670.97722871944, 34150.8755855832, 31449.2945874074, 24645.59677647605, 31449.2945874074
459, 34150.8755855832, 24670.97722871944, 34150.8755855832, 31441.638033080846, 24647.89902752966, 31441.638033080846
460, 34150.8755855832, 24670.97722871944, 34150.8755855832, 31458.39567711397, 24648.93608580737, 31458.39567711397
461, 34150.8755855832, 24670.97722871944, 34150.8755855832, 31480.02508514802, 24653.679649384947, 31480.02508514802
462, 34150.8755855832, 24670.97722871944, 34150.8755855832, 31457.7613800353, 24657.275902767593, 31457.7613800353
463, 34150.8755855832, 24670.97722871944, 34150.8755855832, 31422.80903166675, 24662.527569037797, 31422.80903166675
464, 34150.8755855832, 24670.97722871944, 34150.8755855832, 31489.30667447071, 24666.245240764525, 31489.30667447071
465, 34150.8755855832, 24670.97722871944, 34150.8755855832, 31423.949840933517, 24665.673755113487, 31423.949840933517
466, 34150.8755855832, 24670.97722871944, 34150.8755855832, 31441.922487828982, 24666.242634515755, 31441.922487828982
467, 34150.8755855832, 24670.97722871944, 34150.8755855832, 31456.429600035855, 24665.743686918126, 31456.429600035855
468, 34150.8755855832, 24670.97722871944, 34150.8755855832, 31441.623772666855, 24664.7773649236, 31441.623772666855
469, 34150.8755855832, 24670.97722871944, 34150.8755855832, 31431.49096100533, 24666.933153958787, 31431.49096100533
470, 34150.8755855832, 24670.97722871944, 34150.8755855832, 31407.690213536265, 24665.63542671433, 31407.690213536265
471, 34150.8755855832, 24670.97722871944, 34150.8755855832, 31461.48394796618, 24668.418937070666, 31461.48394796618
472, 34150.8755855832, 24670.97722871944, 34150.8755855832, 31441.31149295096, 24667.294330126162, 31441.31149295096
473, 34150.8755855832, 24670.97722871944, 34150.8755855832, 31455.535903415093, 24667.422910552068, 31455.535903415093
474, 34150.8755855832, 24670.97722871944, 34150.8755855832, 31451.170591133097, 24665.433248185855, 31451.170591133097
475, 34150.8755855832, 24670.97722871944, 34150.8755855832, 31478.002462204448, 24666.57374451133, 31478.002462204448
476, 34150.8755855832, 24670.97722871944, 34150.8755855832, 31456.052141976055, 24666.522892668007, 31456.052141976055
477, 34150.8755855832, 24670.97722871944, 34150.8755855832, 31429.927422100518, 24666.662797195044, 31429.927422100518
478, 34150.8755855832, 24670.97722871944, 34150.8755855832, 31447.859687124277, 24666.342700850848, 31447.859687124277
479, 34150.8755855832, 24670.97722871944, 34150.8755855832, 31491.727499235705, 24666.793739830006, 31491.727499235705
480, 34150.8755855832, 24670.97722871944, 34150.8755855832, 31434.89446802174, 24667.21459034438, 31434.89446802174
481, 34150.8755855832, 24670.97722871944, 34150.8755855832, 31460.096966696725, 24666.475116145368, 31460.096966696725
482, 34150.8755855832, 24670.97722871944, 34150.8755855832, 31495.093961602757, 24666.69893611186, 31495.093961602757
483, 34150.8755855832, 24670.97722871944, 34150.8755855832, 31482.171238531904, 24665.10293240242, 31482.171238531904
484, 34271.37908365797, 24629.298049302084, 34271.37908365797, 31459.455825687673, 24666.683089530143, 31459.455825687673
485, 34271.37908365797, 24629.298049302084, 34271.37908365797, 31478.302367152224, 24665.613966219622, 31478.302367152224
486, 34271.37908365797, 24629.298049302084, 34271.37908365797, 31456.71849412163, 24666.934130899896, 31456.71849412163
487, 34271.37908365797, 24629.298049302084, 34271.37908365797, 31459.89792325723, 24665.67349277977, 31459.89792325723
488, 34271.37908365797, 24629.298049302084, 34271.37908365797, 31410.13755826401, 24665.694777778703, 31410.13755826401
489, 34271.37908365797, 24629.298049302084, 34271.37908365797, 31467.40831790876, 24666.679719890395, 31467.40831790876
490, 34271.37908365797, 24629.298049302084, 34271.37908365797, 31423.69337886853, 24666.519798433073, 31423.69337886853
491, 34271.37908365797, 24629.298049302084, 34271.37908365797, 31455.378689875324, 24663.888833279678, 31455.378689875324
492, 34271.37908365797, 24629.298049302084, 34271.37908365797, 31405.694819577864, 24665.030969645573, 31405.694819577864
493, 34271.37908365797, 24629.298049302084, 34271.37908365797, 31409.925082029076, 24661.897326477007, 31409.925082029076
494, 34271.37908365797, 24629.298049302084, 34271.37908365797, 31465.008476273157, 24658.921022769657, 31465.008476273157
495, 34271.37908365797, 24629.298049302084, 34271.37908365797, 31503.259518041446, 24656.75844051381, 31503.259518041446
496, 34271.37908365797, 24629.298049302084, 34271.37908365797, 31464.894473114047, 24649.60901652413, 31464.894473114047
497, 34271.37908365797, 24629.298049302084, 34271.37908365797, 31532.709559961557, 24640.416534038628, 31532.709559961557
498, 34302.547230045755, 24600.64704710255, 34302.547230045755, 31470.834529013544, 24632.46405953243, 31470.834529013544
499, 34317.336768978086, 24629.80738809754, 34317.336768978086, 31555.793099947936, 24638.028582132836, 31555.793099947936
500, 34317.336768978086, 24629.80738809754, 34317.336768978086, 31490.11948652081, 24636.778806810646, 31490.11948652081
