1, 26905.033698883435, 24675.531211191395, 26905.033698883435, 25130.63035329136, 24657.414688022272, 25130.63035329136
2, 26905.033698883435, 24675.531211191395, 26905.033698883435, 25677.889012017367, 24641.892053854117, 25677.889012017367
3, 26905.033698883435, 24675.531211191395, 26905.033698883435, 25876.159127075545, 24627.432961333558, 25876.159127075545
4, 27095.590988602442, 24222.28149544405, 27095.590988602442, 26069.97058206804, 24610.102573665306, 26069.97058206804
5, 27197.055787714013, 24662.287027442526, 27197.055787714013, 26201.75921245802, 24600.83743520314, 26201.75921245802
6, 27198.628802314506, 24605.183252311777, 27198.628802314506, 26298.90095661532, 24584.482169741885, 26298.90095661532
7, 27451.907095722654, 24565.90064602832, 27451.907095722654, 26437.006421868475, 24568.20651419817, 26437.006421868475
8, 27695.164516326036, 24006.77290944637, 27695.164516326036, 26452.585116536775, 24533.972910109987, 26452.585116536775
9, 27695.164516326036, 24006.77290944637, 27695.164516326036, 26618.953125013682, 24519.325094163913, 26618.953125013682
10, 27805.731876977654, 24080.151687208287, 27805.731876977654, 26683.515471550356, 24558.581758303557, 26683.515471550356
11, 27805.731876977654, 24080.151687208287, 27805.731876977654, 26759.75625406482, 24530.50351791989, 26759.75625406482
12, 27856.068124703248, 24365.983914851946, 27856.068124703248, 26876.317022104962, 24509.22686634907, 26876.317022104962
13, 27933.848366823073, 24624.99131255411, 27933.848366823073, 26855.226597488505, 24500.181887492607, 26855.226597488505
14, 27978.334475488085, 24243.88823423742, 27978.334475488085, 26963.833026097145, 24443.09096789088, 26963.833026097145
15, 28172.20115275129, 24348.394915290923, 28172.20115275129, 27036.333749838857, 24462.813178220866, 27036.333749838857
16, 28172.20115275129, 24348.394915290923, 28172.20115275129, 27057.86858126032, 24480.134564746066, 27057.86858126032
17, 28451.908431087344, 24555.8645278907, 28451.908431087344, 27097.292234309367, 24498.367711796935, 27097.292234309367
18, 28451.908431087344, 24555.8645278907, 28451.908431087344, 27110.98762787974, 24504.17154188078, 27110.98762787974
19, 28451.908431087344, 24555.8645278907, 28451.908431087344, 27225.33938372841, 24533.12962223441, 27225.33938372841
20, 28451.908431087344, 24555.8645278907, 28451.908431087344, 27242.55940040095, 24511.375363475134, 27242.55940040095
21, 28775.08888354915, 24511.770181239503, 28775.08888354915, 27283.51424441979, 24477.980232192636, 27283.51424441979
22, 28925.809804642548, 24410.050680978926, 28925.809804642548, 27316.322490541166, 24495.811655634094, 27316.322490541166
23, 28948.045548618622, 24231.18158201215, 28948.045548618622, 27406.688685194054, 24522.428019622355, 27406.688685194054
24, 28948.045548618622, 24231.18158201215, 28948.045548618622, 27454.62408675819, 24536.484901189226, 27454.62408675819
25, 28948.045548618622, 24231.18158201215, 28948.045548618622, 27492.15074100314, 24549.069516505468, 27492.15074100314
26, 28948.045548618622, 24231.18158201215, 28948.045548618622, 27595.471015256353, 24521.78818209573, 27595.471015256353
27, 29049.57511786146, 24590.318902426043, 29049.57511786146, 27648.05678106573, 24471.27759899026, 27648.05678106573
28, 29202.372244975068, 24473.126231417373, 29202.372244975068, 27693.474626013358, 24449.207247820865, 27693.474626013358
29, 29202.372244975068, 24473.126231417373, 29202.372244975068, 27802.268410215336, 24439.73837957089, 27802.268410215336
30, 29239.18351148781, 24382.088490265014, 29239.18351148781, 27803.843970641716, 24456.075784839624, 27803.843970641716
31, 29239.18351148781, 24382.088490265014, 29239.18351148781, 27818.877969992114, 24464.568047427834, 27818.877969992114
32, 29239.18351148781, 24382.088490265014, 29239.18351148781, 27886.201714448234, 24478.6974845863, 27886.201714448234
33, 29310.45294710356, 24284.430565057915, 29310.45294710356, 27914.747179759564, 24475.007474100556, 27914.747179759564
34, 29331.31534661137, 24172.221527388556, 29331.31534661137, 27920.841188180148, 24452.174058183147, 27920.841188180148
35, 29491.42861813055, 24551.06114827785, 29491.42861813055, 28007.68937959593, 24478.446970209963, 28007.68937959593
36, 29491.42861813055, 24551.06114827785, 29491.42861813055, 28011.52599000953, 24517.657200424812, 28011.52599000953
37, 29491.42861813055, 24551.06114827785, 29491.42861813055, 28047.04835890147, 24516.087103439328, 28047.04835890147
38, 29505.01470209082, 24304.924449803635, 29505.01470209082, 28071.96732250678, 24464.472052590227, 28071.96732250678
39, 29551.524788830815, 24069.042005979085, 29551.524788830815, 28094.926874330165, 24455.056387416233, 28094.926874330165
40, 29551.524788830815, 24069.042005979085, 29551.524788830815, 28126.176187942503, 24468.08173453691, 28126.176187942503
41, 29551.524788830815, 24069.042005979085, 29551.524788830815, 28139.99024914579, 24482.270566630064, 28139.99024914579
42, 29596.284500826634, 24296.931842502563, 29596.284500826634, 28111.260491164638, 24479.509418020654, 28111.260491164638
43, 29609.204392553926, 24113.065788522817, 29609.204392553926, 28224.21581120029, 24475.298531041957, 28224.21581120029
44, 29705.404530403503, 24248.087727584483, 29705.404530403503, 28200.01889693491, 24460.647779318868, 28200.01889693491
45, 29717.309856670472, 24553.266774704527, 29717.309856670472, 28203.102244583824, 24399.48971130644, 28203.102244583824
46, 29737.49388538339, 24362.61477221117, 29737.49388538339, 28274.632724352577, 24384.82726082758, 28274.632724352577
47, 29757.260553839813, 24267.554231708713, 29757.260553839813, 28254.18473810768, 24366.66271881702, 28254.18473810768
48, 29943.710067074284, 24301.013117128598, 29943.710067074284, 28334.42579161221, 24392.36203225953, 28334.42579161221
49, 29943.710067074284, 24301.013117128598, 29943.710067074284, 28359.672347060092, 24413.025113385636, 28359.672347060092
50, 29952.865590805908, 24198.247120909895, 29952.865590805908, 28364.234685542495, 24459.273504400262, 28364.234685542495
51, 29952.865590805908, 24198.247120909895, 29952.865590805908, 28402.50934584879, 24466.952743009795, 28402.50934584879
52, 30029.69128904713, 24679.376528017696, 30029.69128904713, 28435.68876451307, 24462.733170870597, 28435.68876451307
53, 30029.69128904713, 24679.376528017696, 30029.69128904713, 28404.578011340378, 24458.474190693134, 28404.578011340378
54, 30033.41970135215, 24100.202149476856, 30033.41970135215, 28476.125533982577, 24452.586695994927, 28476.125533982577
55, 30185.83287086109, 24326.462060030022, 30185.83287086109, 28555.704720628913, 24452.89252023733, 28555.704720628913
56, 30185.83287086109, 24326.462060030022, 30185.83287086109, 28535.987484974998, 24429.01931738523, 28535.987484974998
57, 30185.83287086109, 24326.462060030022, 30185.83287086109, 28540.043423266896, 24452.63450196169, 28540.043423266896
58, 30185.83287086109, 24326.462060030022, 30185.83287086109, 28562.04923968074, 24468.116029962293, 28562.04923968074
59, 30185.83287086109, 24326.462060030022, 30185.83287086109, 28547.59801128404, 24514.817735316316, 28547.59801128404
60, 30287.016345613036, 24414.231135324742, 30287.016345613036, 28569.112442727514, 24514.479028298956, 28569.112442727514
61, 30287.016345613036, 24414.231135324742, 30287.016345613036, 28597.389977137536, 24540.35389922087, 28597.389977137536
62, 30342.577186320163, 24382.666625051777, 30342.577186320163, 28599.744471126192, 24514.14521094146, 28599.744471126192
63, 30342.577186320163, 24382.666625051777, 30342.577186320163, 28639.11092565639, 24526.589069061534, 28639.11092565639
64, 30342.577186320163, 24382.666625051777, 30342.577186320163, 28636.764197894143, 24497.95887392718, 28636.764197894143
65, 30367.7708108742, 24563.567494274186, 30367.7708108742, 28684.888834701465, 24477.11049436309, 28684.888834701465
66, 30430.594593529586, 24549.788081139868, 30430.594593529586, 28689.88056969872, 24482.84885480607, 28689.88056969872
67, 30430.867859393886, 24544.8865250188, 30430.867859393886, 28680.292503825676, 24527.71781043915, 28680.292503825676
68, 30430.867859393886, 24544.8865250188, 30430.867859393886, 28710.16444067256, 24514.65149419439, 28710.16444067256
69, 30485.76494267335, 24375.884535773435, 30485.76494267335, 28752.071067028817, 24520.33124837828, 28752.071067028817
70, 30485.76494267335, 24375.884535773435, 30485.76494267335, 28777.1504402923, 24524.628882584817, 28777.1504402923
71, 30506.435696262906, 24563.9308736214, 30506.435696262906, 28832.490548703565, 24523.56982959278, 28832.490548703565
72, 30511.06805589701, 24610.121338194258, 30511.06805589701, 28807.513021846506, 24560.84890168523, 28807.513021846506
73, 30525.438621422996, 24507.94103438853, 30525.438621422996, 28855.89584380481, 24565.11965949908, 28855.89584380481
74, 30531.98152160287, 24642.75432153297, 30531.98152160287, 28855.434702248374, 24546.943692253968, 28855.434702248374
75, 30626.740038764732, 24524.788611428055, 30626.740038764732, 28903.67369759138, 24567.718192663106, 28903.67369759138
76, 30626.740038764732, 24524.788611428055, 30626.740038764732, 28866.859081129456, 24576.84515789203, 28866.859081129456
77, 30626.740038764732, 24524.788611428055, 30626.740038764732, 28873.68748903458, 24571.517696499937, 28873.68748903458
78, 30626.740038764732, 24524.788611428055, 30626.740038764732, 28931.27340651858, 24588.704024524064, 28931.27340651858
79, 30626.740038764732, 24524.788611428055, 30626.740038764732, 28910.390811904144, 24601.20654251622, 28910.390811904144
80, 30626.740038764732, 24524.788611428055, 30626.740038764732, 28941.754705259456, 24599.61626539445, 28941.754705259456
81, 30626.740038764732, 24524.788611428055, 30626.740038764732, 28956.96971477445, 24605.519659247446, 28956.96971477445
82, 30819.266871994572, 24637.993750252703, 30819.266871994572, 28969.063881242884, 24581.917063656067, 28969.063881242884
83, 30819.266871994572, 24637.993750252703, 30819.266871994572, 28985.501763886637, 24557.254664180215, 28985.501763886637
84, 30819.266871994572, 24637.993750252703, 30819.266871994572, 28966.663850944577, 24568.371901191294, 28966.663850944577
85, 30819.266871994572, 24637.993750252703, 30819.266871994572, 28982.17477967176, 24560.67759398535, 28982.17477967176
86, 30819.266871994572, 24637.993750252703, 30819.266871994572, 29011.504865401686, 24565.815841844702, 29011.504865401686
87, 30819.266871994572, 24637.993750252703, 30819.266871994572, 29046.657531757046, 24558.953684544686, 29046.657531757046
88, 30819.266871994572, 24637.993750252703, 30819.266871994572, 29013.459383733585, 24546.362102982304, 29013.459383733585
89, 30819.266871994572, 24637.993750252703, 30819.266871994572, 29017.542122069215, 24566.70002629986, 29017.542122069215
90, 30819.266871994572, 24637.993750252703, 30819.266871994572, 29020.235773088258, 24591.351982752294, 29020.235773088258
91, 30878.528603198683, 24473.657171138388, 30878.528603198683, 29111.22411742318, 24611.323422972575, 29111.22411742318
92, 30878.528603198683, 24473.657171138388, 30878.528603198683, 29092.710273359833, 24595.010989188893, 29092.710273359833
93, 30878.528603198683, 24473.657171138388, 30878.528603198683, 29074.568983166173, 24600.539976759097, 29074.568983166173
94, 30878.528603198683, 24473.657171138388, 30878.528603198683, 29135.76407819443, 24631.19580272164, 29135.76407819443
95, 30894.60662650275, 24376.909378934168, 30894.60662650275, 29079.917180016542, 24632.207779063745, 29079.917180016542
96, 30914.042228231527, 24581.420158850524, 30914.042228231527, 29120.057625318008, 24622.25426097344, 29120.057625318008
97, 30914.042228231527, 24581.420158850524, 30914.042228231527, 29112.369818404204, 24605.93620245269, 29112.369818404204
98, 30914.042228231527, 24581.420158850524, 30914.042228231527, 29137.159825667262, 24587.127407141834, 29137.159825667262
99, 30988.52675454496, 24344.15193933405, 30988.52675454496, 29167.119922500166, 24574.077958051377, 29167.119922500166
100, 31037.24048409362, 24604.274013345395, 31037.24048409362, 29206.24444973166, 24548.41845951864, 29206.24444973166
101, 31037.24048409362, 24604.274013345395, 31037.24048409362, 29138.73588034722, 24543.10164283424, 29138.73588034722
102, 31037.24048409362, 24604.274013345395, 31037.24048409362, 29170.213965045787, 24554.199009274, 29170.213965045787
103, 31037.24048409362, 24604.274013345395, 31037.24048409362, 29220.582802706, 24565.732927706074, 29220.582802706
104, 31037.24048409362, 24604.274013345395, 31037.24048409362, 29205.716052571348, 24593.96194301467, 29205.716052571348
105, 31037.24048409362, 24604.274013345395, 31037.24048409362, 29234.88140901813, 24591.845537653804, 29234.88140901813
106, 31037.24048409362, 24604.274013345395, 31037.24048409362, 29258.231816990632, 24563.3286444081, 29258.231816990632
107, 31048.430916675174, 24614.873924798332, 31048.430916675174, 29266.950077194055, 24557.051505962238, 29266.950077194055
108, 31139.172812166104, 24469.607565152797, 31139.172812166104, 29250.255308345044, 24574.294161236212, 29250.255308345044
109, 31139.172812166104, 24469.607565152797, 31139.172812166104, 29255.18999826235, 24615.12087204395, 29255.18999826235
110, 31208.638727934776, 24434.208113264, 31208.638727934776, 29296.239697343302, 24610.24551265231, 29296.239697343302
111, 31208.638727934776, 24434.208113264, 31208.638727934776, 29307.382401016104, 24607.190813695277, 29307.382401016104
112, 31208.638727934776, 24434.208113264, 31208.638727934776, 29281.788261929276, 24599.43660579602, 29281.788261929276
113, 31208.638727934776, 24434.208113264, 31208.638727934776, 29312.30931738325, 24589.23652832934, 29312.30931738325
114, 31208.638727934776, 24434.208113264, 31208.638727934776, 29330.668570274673, 24598.19229672641, 29330.668570274673
115, 31275.789679161426, 24532.142623352593, 31275.789679161426, 29306.01761857615, 24582.337265068345, 29306.01761857615
116, 31275.789679161426, 24532.142623352593, 31275.789679161426, 29341.434406503642, 24551.75815176093, 29341.434406503642
117, 31275.789679161426, 24532.142623352593, 31275.789679161426, 29340.530418619524, 24558.316150400056, 29340.530418619524
118, 31275.789679161426, 24532.142623352593, 31275.789679161426, 29349.258978953025, 24584.784541112942, 29349.258978953025
119, 31275.789679161426, 24532.142623352593, 31275.789679161426, 29393.021258948073, 24533.435080250005, 29393.021258948073
120, 31275.789679161426, 24532.142623352593, 31275.789679161426, 29413.238194323858, 24509.375581273514, 29413.238194323858
121, 31275.789679161426, 24532.142623352593, 31275.789679161426, 29394.890826310926, 24505.26321983674, 29394.890826310926
122, 31317.992538939954, 24302.35917242378, 31317.992538939954, 29377.742496252144, 24511.551407725503, 29377.742496252144
123, 31317.992538939954, 24302.35917242378, 31317.992538939954, 29386.74437604391, 24520.104912855833, 29386.74437604391
124, 31522.36995691992, 24478.727074530936, 31522.36995691992, 29379.96070067047, 24537.00699160045, 29379.96070067047
125, 31522.36995691992, 24478.727074530936, 31522.36995691992, 29420.123152831522, 24558.418002433165, 29420.123152831522
126, 31522.36995691992, 24478.727074530936, 31522.36995691992, 29442.25232271425, 24567.46329017122, 29442.25232271425
127, 31522.36995691992, 24478.727074530936, 31522.36995691992, 29503.242147273235, 24564.146475965157, 29503.242147273235
128, 31522.36995691992, 24478.727074530936, 31522.36995691992, 29483.74239749105, 24549.16295878325, 29483.74239749105
129, 31522.36995691992, 24478.727074530936, 31522.36995691992, 29482.57706113799, 24534.86758617866, 29482.57706113799
130, 31522.36995691992, 24478.727074530936, 31522.36995691992, 29507.001915521898, 24509.107602534386, 29507.001915521898
131, 31522.36995691992, 24478.727074530936, 31522.36995691992, 29528.65598431977, 24531.08998241974, 29528.65598431977
132, 31522.36995691992, 24478.727074530936, 31522.36995691992, 29566.138604678268, 24538.843434578794, 29566.138604678268
133, 31552.911170421812, 24494.183474302034, 31552.911170421812, 29620.831566847228, 24535.891302883687, 29620.831566847228
134, 31552.911170421812, 24494.183474302034, 31552.911170421812, 29645.831243929373, 24531.412044242777, 29645.831243929373
135, 31552.911170421812, 24494.183474302034, 31552.911170421812, 29598.34146258401, 24532.337617702382, 29598.34146258401
136, 31715.557300008688, 24466.09729660363, 31715.557300008688, 29625.492684871042, 24527.47943959235, 29625.492684871042
137, 31715.557300008688, 24466.09729660363, 31715.557300008688, 29608.057736325944, 24525.606390733123, 29608.057736325944
138, 31715.557300008688, 24466.09729660363, 31715.557300008688, 29617.103810155695, 24527.200988261582, 29617.103810155695
139, 31715.557300008688, 24466.09729660363, 31715.557300008688, 29588.862486323836, 24524.675883616947, 29588.862486323836
140, 31715.557300008688, 24466.09729660363, 31715.557300008688, 29664.15653815624, 24521.780936472613, 29664.15653815624
141, 31715.557300008688, 24466.09729660363, 31715.557300008688, 29669.78964229343, 24524.319874327644, 29669.78964229343
142, 31715.557300008688, 24466.09729660363, 31715.557300008688, 29643.65431973699, 24547.82264293263, 29643.65431973699
143, 31738.305176661335, 24540.962823114198, 31738.305176661335, 29652.222266525994, 24553.19948627674, 29652.222266525994
144, 31738.305176661335, 24540.962823114198, 31738.305176661335, 29718.119625450672, 24552.860785417226, 29718.119625450672
145, 31831.361362581407, 24626.780287941976, 31831.361362581407, 29760.644840213557, 24543.021047217677, 29760.644840213557
146, 31831.361362581407, 24626.780287941976, 31831.361362581407, 29724.36232440806, 24525.618530128162, 29724.36232440806
147, 31857.573589499872, 24299.812374811198, 31857.573589499872, 29763.40905771384, 24528.5315618553, 29763.40905771384
148, 31857.573589499872, 24299.812374811198, 31857.573589499872, 29735.967134861377, 24530.806634317418, 29735.967134861377
149, 31857.573589499872, 24299.812374811198, 31857.573589499872, 29746.718406147058, 24537.21649093635, 29746.718406147058
150, 31857.573589499872, 24299.812374811198, 31857.573589499872, 29765.662321937907, 24541.139749264963, 29765.662321937907
151, 31857.573589499872, 24299.812374811198, 31857.573589499872, 29788.52973081598, 24551.735812941344, 29788.52973081598
152, 31957.93477686162, 24534.714842297137, 31957.93477686162, 29757.49634356815, 24542.65321593288, 29757.49634356815
153, 31957.93477686162, 24534.714842297137, 31957.93477686162, 29815.041743202317, 24530.254706024298, 29815.041743202317
154, 31957.93477686162, 24534.714842297137, 31957.93477686162, 29839.355318401238, 24516.46201815262, 29839.355318401238
155, 31957.93477686162, 24534.714842297137, 31957.93477686162, 29867.647322258115, 24559.41840488716, 29867.647322258115
156, 31957.93477686162, 24534.714842297137, 31957.93477686162, 29877.79402722156, 24523.98325729237, 29877.79402722156
157, 31957.93477686162, 24534.714842297137, 31957.93477686162, 29842.741524094763, 24493.396486675294, 29842.741524094763
158, 31957.93477686162, 24534.714842297137, 31957.93477686162, 29895.421283370204, 24511.472031114055, 29895.421283370204
159, 31957.93477686162, 24534.714842297137, 31957.93477686162, 29866.91092676368, 24530.125608972263, 29866.91092676368
160, 31957.93477686162, 24534.714842297137, 31957.93477686162, 29878.565045057712, 24584.314532946613, 29878.565045057712
161, 31957.93477686162, 24534.714842297137, 31957.93477686162, 29873.04107601547, 24584.51509273916, 29873.04107601547
162, 31957.93477686162, 24534.714842297137, 31957.93477686162, 29920.81479291522, 24579.31276264518, 29920.81479291522
163, 32000.03025526595, 24485.191672979403, 32000.03025526595, 29910.223250338753, 24573.263588118283, 29910.223250338753
164, 32006.531875127966, 24540.750844065715, 32006.531875127966, 29903.72664337066, 24573.603485371423, 29903.72664337066
165, 32006.531875127966, 24540.750844065715, 32006.531875127966, 29867.9634063059, 24573.40752270924, 29867.9634063059
166, 32006.531875127966, 24540.750844065715, 32006.531875127966, 29924.18362553649, 24574.16254629272, 29924.18362553649
167, 32110.92905741099, 24631.221670926585, 32110.92905741099, 29965.460476376662, 24581.034938737655, 29965.460476376662
168, 32110.92905741099, 24631.221670926585, 32110.92905741099, 29872.168237734866, 24586.43750539566, 29872.168237734866
169, 32110.92905741099, 24631.221670926585, 32110.92905741099, 29872.316365169605, 24593.858048915976, 29872.316365169605
170, 32110.92905741099, 24631.221670926585, 32110.92905741099, 29922.660812050388, 24609.70801755628, 29922.660812050388
171, 32110.92905741099, 24631.221670926585, 32110.92905741099, 29920.828179241984, 24605.05510467574, 29920.828179241984
172, 32110.92905741099, 24631.221670926585, 32110.92905741099, 29971.26056227326, 24604.825481184795, 29971.26056227326
173, 32110.92905741099, 24631.221670926585, 32110.92905741099, 29913.784274194175, 24573.898198196683, 29913.784274194175
174, 32110.92905741099, 24631.221670926585, 32110.92905741099, 29966.15070957394, 24580.713911423794, 29966.15070957394
175, 32110.92905741099, 24631.221670926585, 32110.92905741099, 29974.13026681669, 24605.499331015195, 29974.13026681669
176, 32110.92905741099, 24631.221670926585, 32110.92905741099, 30001.74106091901, 24619.98171998652, 30001.74106091901
177, 32110.92905741099, 24631.221670926585, 32110.92905741099, 30050.040553329378, 24632.91055303562, 30050.040553329378
178, 32117.830471885412, 24547.245551107953, 32117.830471885412, 30063.952695653195, 24638.537437830375, 30063.952695653195
179, 32117.830471885412, 24547.245551107953, 32117.830471885412, 30030.87620750319, 24638.067673661386, 30030.87620750319
180, 32254.543562930656, 24671.784695883514, 32254.543562930656, 30038.38714876812, 24637.309923385335, 30038.38714876812
181, 32254.543562930656, 24671.784695883514, 32254.543562930656, 30010.156021797342, 24636.752518138353, 30010.156021797342
182, 32254.543562930656, 24671.784695883514, 32254.543562930656, 30005.07647246447, 24635.36315681042, 30005.07647246447
183, 32254.543562930656, 24671.784695883514, 32254.543562930656, 30019.783610217495, 24635.108799827613, 30019.783610217495
184, 32254.543562930656, 24671.784695883514, 32254.543562930656, 30051.59096520003, 24633.878491077885, 30051.59096520003
185, 32254.543562930656, 24671.784695883514, 32254.543562930656, 30014.0137502483, 24632.042953019292, 30014.0137502483
186, 32254.543562930656, 24671.784695883514, 32254.543562930656, 30046.22521482157, 24622.837903768286, 30046.22521482157
187, 32254.543562930656, 24671.784695883514, 32254.543562930656, 30067.335994488694, 24628.581449334157, 30067.335994488694
188, 32254.543562930656, 24671.784695883514, 32254.543562930656, 30090.683135502284, 24655.15936750975, 30090.683135502284
189, 32254.543562930656, 24671.784695883514, 32254.543562930656, 30135.09346922999, 24668.81203844872, 30135.09346922999
190, 32254.543562930656, 24671.784695883514, 32254.543562930656, 30121.70997378259, 24666.97640740122, 30121.70997378259
191, 32254.543562930656, 24671.784695883514, 32254.543562930656, 30109.916938373717, 24667.701224757853, 30109.916938373717
192, 32305.742786005558, 24672.946097676133, 32305.742786005558, 30166.566220319735, 24665.907920338926, 30166.566220319735
193, 32305.742786005558, 24672.946097676133, 32305.742786005558, 30115.663303831538, 24668.133098200808, 30115.663303831538
194, 32305.742786005558, 24672.946097676133, 32305.742786005558, 30143.36134177777, 24666.057441051384, 30143.36134177777
195, 32305.742786005558, 24672.946097676133, 32305.742786005558, 30143.201721990266, 24667.52840449603, 30143.201721990266
196, 32331.245654218554, 24664.628823685205, 32331.245654218554, 30136.388750077338, 24666.749516607724, 30136.388750077338
197, 32373.193739546092, 24484.389413191184, 32373.193739546092, 30098.76057492978, 24662.027487144474, 30098.76057492978
198, 32373.193739546092, 24484.389413191184, 32373.193739546092, 30156.48470085146, 24659.0110837701, 30156.48470085146
199, 32373.193739546092, 24484.389413191184, 32373.193739546092, 30172.97202932201, 24656.134977751208, 30172.97202932201
200, 32373.193739546092, 24484.389413191184, 32373.193739546092, 30155.477360785208, 24653.33632378382, 30155.477360785208
201, 32373.193739546092, 24484.389413191184, 32373.193739546092, 30173.41052879036, 24654.37353883631, 30173.41052879036
202, 32373.193739546092, 24484.389413191184, 32373.193739546092, 30135.318308600028, 24647.184727638443, 30135.318308600028
203, 32373.193739546092, 24484.389413191184, 32373.193739546092, 30171.16344697471, 24632.792190304237, 30171.16344697471
204, 32403.427614191256, 24504.61504985115, 32403.427614191256, 30211.30099133191, 24606.25305068182, 30211.30099133191
205, 32403.427614191256, 24504.61504985115, 32403.427614191256, 30173.400522979748, 24575.59206533427, 30173.400522979748
206, 32403.427614191256, 24504.61504985115, 32403.427614191256, 30197.45695956845, 24558.861060508407, 30197.45695956845
207, 32403.427614191256, 24504.61504985115, 32403.427614191256, 30193.024367444537, 24538.12008967595, 30193.024367444537
208, 32403.427614191256, 24504.61504985115, 32403.427614191256, 30185.618886700497, 24535.089325959925, 30185.618886700497
209, 32403.427614191256, 24504.61504985115, 32403.427614191256, 30184.40165791958, 24537.3443999137, 30184.40165791958
210, 32403.427614191256, 24504.61504985115, 32403.427614191256, 30241.779562924377, 24540.25722544647, 30241.779562924377
211, 32411.29934232119, 24466.36872729092, 32411.29934232119, 30208.60544543499, 24539.596375454388, 30208.60544543499
212, 32411.29934232119, 24466.36872729092, 32411.29934232119, 30226.65218316424, 24541.343843916227, 30226.65218316424
213, 32411.29934232119, 24466.36872729092, 32411.29934232119, 30222.453239265913, 24549.126668787954, 30222.453239265913
214, 32472.60928057835, 24464.565096747818, 32472.60928057835, 30245.84352834582, 24550.667045009715, 30245.84352834582
215, 32482.806866024595, 24592.729004797307, 32482.806866024595, 30217.655681381257, 24549.68735772138, 30217.655681381257
216, 32482.806866024595, 24592.729004797307, 32482.806866024595, 30260.112793572214, 24550.775057663937, 30260.112793572214
217, 32482.806866024595, 24592.729004797307, 32482.806866024595, 30247.407589651197, 24549.776708135836, 30247.407589651197
218, 32482.806866024595, 24592.729004797307, 32482.806866024595, 30267.481708148196, 24549.77608752281, 30267.481708148196
219, 32482.806866024595, 24592.729004797307, 32482.806866024595, 30216.725664364578, 24548.849099964107, 30216.725664364578
220, 32482.806866024595, 24592.729004797307, 32482.806866024595, 30254.212490749058, 24549.874769651466, 30254.212490749058
221, 32482.806866024595, 24592.729004797307, 32482.806866024595, 30242.22946319357, 24552.144774117318, 30242.22946319357
222, 32482.806866024595, 24592.729004797307, 32482.806866024595, 30280.925557777897, 24562.777242241507, 30280.925557777897
223, 32482.806866024595, 24592.729004797307, 32482.806866024595, 30262.890068978548, 24548.661104999992, 30262.890068978548
224, 32482.806866024595, 24592.729004797307, 32482.806866024595, 30272.855176105935, 24554.110057715105, 30272.855176105935
225, 32581.761933481484, 24672.313513858313, 32581.761933481484, 30298.96348925941, 24571.92866143432, 30298.96348925941
226, 32581.761933481484, 24672.313513858313, 32581.761933481484, 30266.365757117885, 24601.062390508563, 30266.365757117885
227, 32581.761933481484, 24672.313513858313, 32581.761933481484, 30296.55654644056, 24609.507005602838, 30296.55654644056
228, 32581.761933481484, 24672.313513858313, 32581.761933481484, 30277.35088691175, 24617.513274276465, 30277.35088691175
229, 32581.761933481484, 24672.313513858313, 32581.761933481484, 30303.270993749295, 24619.348380631105, 30303.270993749295
230, 32581.761933481484, 24672.313513858313, 32581.761933481484, 30348.412364036714, 24621.046892662198, 30348.412364036714
231, 32581.761933481484, 24672.313513858313, 32581.761933481484, 30279.07302367379, 24625.88139528146, 30279.07302367379
232, 32581.761933481484, 24672.313513858313, 32581.761933481484, 30293.4309958621, 24634.534891462583, 30293.4309958621
233, 32581.761933481484, 24672.313513858313, 32581.761933481484, 30337.702028640502, 24648.497575362697, 30337.702028640502
234, 32581.761933481484, 24672.313513858313, 32581.761933481484, 30356.79805038344, 24664.61876576869, 30356.79805038344
235, 32581.761933481484, 24672.313513858313, 32581.761933481484, 30363.551484072468, 24665.913458045536, 30363.551484072468
236, 32581.761933481484, 24672.313513858313, 32581.761933481484, 30336.556730483047, 24667.42545516438, 30336.556730483047
237, 32581.761933481484, 24672.313513858313, 32581.761933481484, 30363.905254375255, 24667.532177450696, 30363.905254375255
238, 32581.761933481484, 24672.313513858313, 32581.761933481484, 30333.331824550136, 24667.016571193944, 30333.331824550136
239, 32581.761933481484, 24672.313513858313, 32581.761933481484, 30357.86304668292, 24668.683363203214, 30357.86304668292
240, 32581.761933481484, 24672.313513858313, 32581.761933481484, 30330.936455358773, 24667.56579148643, 30330.936455358773
241, 32581.761933481484, 24672.313513858313, 32581.761933481484, 30352.008275780758, 24666.65239179222, 30352.008275780758
242, 32654.709131287953, 24442.723816190326, 32654.709131287953, 30357.0039280038, 24666.527773610786, 30357.0039280038
243, 32654.709131287953, 24442.723816190326, 32654.709131287953, 30342.735444683196, 24666.546765249303, 30342.735444683196
244, 32697.874461116036, 24676.555908460643, 32697.874461116036, 30367.782655392657, 24665.003790486786, 30367.782655392657
245, 32697.874461116036, 24676.555908460643, 32697.874461116036, 30341.700747388255, 24664.72002806719, 30341.700747388255
246, 32697.874461116036, 24676.555908460643, 32697.874461116036, 30392.64166761582, 24658.93414531887, 30392.64166761582
247, 32697.874461116036, 24676.555908460643, 32697.874461116036, 30378.791110368693, 24654.0992457506, 30378.791110368693
248, 32697.874461116036, 24676.555908460643, 32697.874461116036, 30361.370746724555, 24645.19121403626, 30361.370746724555
249, 32697.874461116036, 24676.555908460643, 32697.874461116036, 30435.869868314094, 24632.223982274227, 30435.869868314094
250, 32697.874461116036, 24676.555908460643, 32697.874461116036, 30375.8728638546, 24594.61973517152, 30375.8728638546
251, 32697.874461116036, 24676.555908460643, 32697.874461116036, 30440.047481099475, 24558.921497277523, 30440.047481099475
252, 32697.874461116036, 24676.555908460643, 32697.874461116036, 30396.32111983295, 24603.2106373682, 30396.32111983295
253, 32735.991657510647, 24408.887755656266, 32735.991657510647, 30441.817663921127, 24660.25356832629, 30441.817663921127
254, 32735.991657510647, 24408.887755656266, 32735.991657510647, 30477.703818521524, 24668.954826250792, 30477.703818521524
255, 32735.991657510647, 24408.887755656266, 32735.991657510647, 30455.994259435873, 24666.041116805678, 30455.994259435873
256, 32735.991657510647, 24408.887755656266, 32735.991657510647, 30452.566047754997, 24664.881791205622, 30452.566047754997
257, 32755.656270195173, 24638.876218689267, 32755.656270195173, 30463.376829305675, 24660.630734699, 30463.376829305675
258, 32755.656270195173, 24638.876218689267, 32755.656270195173, 30427.36512691339, 24653.28169340612, 30427.36512691339
259, 32755.656270195173, 24638.876218689267, 32755.656270195173, 30435.83876249979, 24646.052229347824, 30435.83876249979
260, 32755.656270195173, 24638.876218689267, 32755.656270195173, 30454.25045201758, 24637.043854081305, 30454.25045201758
261, 32755.656270195173, 24638.876218689267, 32755.656270195173, 30448.026761032146, 24624.20865765854, 30448.026761032146
262, 32755.656270195173, 24638.876218689267, 32755.656270195173, 30472.355108049494, 24592.249173219676, 30472.355108049494
263, 32755.656270195173, 24638.876218689267, 32755.656270195173, 30435.60646430992, 24559.03579143679, 30435.60646430992
264, 32755.656270195173, 24638.876218689267, 32755.656270195173, 30452.609857531785, 24572.79443974406, 30452.609857531785
265, 32755.656270195173, 24638.876218689267, 32755.656270195173, 30527.170632737303, 24587.14555589466, 30527.170632737303
266, 32755.656270195173, 24638.876218689267, 32755.656270195173, 30479.694465574743, 24623.891171705196, 30479.694465574743
267, 32784.931082969095, 24660.489209974032, 32784.931082969095, 30497.85086767761, 24644.254368136244, 30497.85086767761
268, 32784.931082969095, 24660.489209974032, 32784.931082969095, 30462.728923700055, 24645.319836626626, 30462.728923700055
269, 32790.236554400464, 24593.197054420238, 32790.236554400464, 30479.611339395316, 24643.367660755513, 30479.611339395316
270, 32831.28724372152, 24648.111043243054, 32831.28724372152, 30479.596992877217, 24643.55080879068, 30479.596992877217
271, 32831.28724372152, 24648.111043243054, 32831.28724372152, 30466.28441449662, 24643.89185935961, 30466.28441449662
272, 32860.78739921924, 24446.008801349577, 32860.78739921924, 30477.549141513784, 24643.223119382914, 30477.549141513784
273, 32860.78739921924, 24446.008801349577, 32860.78739921924, 30471.26105075991, 24643.548999817456, 30471.26105075991
274, 32860.78739921924, 24446.008801349577, 32860.78739921924, 30509.53147561437, 24642.21182580059, 30509.53147561437
275, 32860.78739921924, 24446.008801349577, 32860.78739921924, 30482.541893030437, 24642.880047421688, 30482.541893030437
276, 32860.78739921924, 24446.008801349577, 32860.78739921924, 30486.74365575457, 24639.977951372253, 30486.74365575457
277, 32860.78739921924, 24446.008801349577, 32860.78739921924, 30529.133180161887, 24638.73072478992, 30529.133180161887
278, 32860.78739921924, 24446.008801349577, 32860.78739921924, 30487.794899283464, 24631.28838470065, 30487.794899283464
279, 32860.78739921924, 24446.008801349577, 32860.78739921924, 30535.38872599653, 24609.7524639358, 30535.38872599653
280, 32860.78739921924, 24446.008801349577, 32860.78739921924, 30498.5059702429, 24596.598719145255, 30498.5059702429
281, 32860.78739921924, 24446.008801349577, 32860.78739921924, 30508.173978721476, 24586.288334493678, 30508.173978721476
282, 32860.78739921924, 24446.008801349577, 32860.78739921924, 30537.32952247226, 24572.721220634718, 30537.32952247226
283, 32948.373960721234, 24664.180526576987, 32948.373960721234, 30575.57705133753, 24520.71884192063, 30575.57705133753
284, 32948.373960721234, 24664.180526576987, 32948.373960721234, 30512.140994326794, 24510.31282903718, 30512.140994326794
285, 32948.373960721234, 24664.180526576987, 32948.373960721234, 30557.8182530406, 24511.44637480387, 30557.8182530406
286, 32948.373960721234, 24664.180526576987, 32948.373960721234, 30549.90499143268, 24513.460136995913, 30549.90499143268
287, 32948.373960721234, 24664.180526576987, 32948.373960721234, 30541.53544318858, 24517.525542670213, 30541.53544318858
288, 32948.373960721234, 24664.180526576987, 32948.373960721234, 30575.702050175405, 24522.38761310336, 30575.702050175405
289, 32948.373960721234, 24664.180526576987, 32948.373960721234, 30529.133442890485, 24530.41930801288, 30529.133442890485
290, 32948.373960721234, 24664.180526576987, 32948.373960721234, 30564.813285741584, 24545.041131760845, 30564.813285741584
291, 32948.373960721234, 24664.180526576987, 32948.373960721234, 30550.091372431692, 24562.983513880725, 30550.091372431692
292, 32968.63885809406, 24402.454374706278, 32968.63885809406, 30581.947235201187, 24600.72539960532, 30581.947235201187
293, 32968.63885809406, 24402.454374706278, 32968.63885809406, 30564.51519606948, 24580.677359297588, 30564.51519606948
294, 32981.51517121177, 24295.573824524236, 32981.51517121177, 30631.64020687229, 24550.722668348677, 30631.64020687229
295, 32981.51517121177, 24295.573824524236, 32981.51517121177, 30591.74910140894, 24527.499208930345, 30591.74910140894
296, 33016.41582453809, 24462.574200079576, 33016.41582453809, 30641.203879161876, 24620.553152177912, 30641.203879161876
297, 33016.41582453809, 24462.574200079576, 33016.41582453809, 30620.321442736822, 24648.059680846098, 30620.321442736822
298, 33016.41582453809, 24462.574200079576, 33016.41582453809, 30610.916168427895, 24643.695408944717, 30610.916168427895
299, 33016.41582453809, 24462.574200079576, 33016.41582453809, 30606.73889471437, 24632.263901997787, 30606.73889471437
300, 33016.41582453809, 24462.574200079576, 33016.41582453809, 30608.967216737354, 24615.286031361684, 30608.967216737354
301, 33016.41582453809, 24462.574200079576, 33016.41582453809, 30607.445269478856, 24595.255908876403, 30607.445269478856
302, 33016.41582453809, 24462.574200079576, 33016.41582453809, 30616.8929810654, 24550.693836879673, 30616.8929810654
303, 33016.41582453809, 24462.574200079576, 33016.41582453809, 30604.096823975317, 24482.914365426797, 30604.096823975317
304, 33058.83687996883, 24241.717435279093, 33058.83687996883, 30601.416219219947, 24485.240929526997, 30601.416219219947
305, 33058.83687996883, 24241.717435279093, 33058.83687996883, 30651.771007835378, 24489.485903288776, 30651.771007835378
306, 33058.83687996883, 24241.717435279093, 33058.83687996883, 30641.711049979254, 24493.71273873231, 30641.711049979254
307, 33058.83687996883, 24241.717435279093, 33058.83687996883, 30645.708908518827, 24498.299102116056, 30645.708908518827
308, 33058.83687996883, 24241.717435279093, 33058.83687996883, 30661.71167180526, 24524.624010985255, 30661.71167180526
309, 33058.83687996883, 24241.717435279093, 33058.83687996883, 30663.45586834487, 24525.757951452542, 30663.45586834487
310, 33058.83687996883, 24241.717435279093, 33058.83687996883, 30642.891155887213, 24514.410357632223, 30642.891155887213
311, 33058.83687996883, 24241.717435279093, 33058.83687996883, 30631.321864300404, 24508.914682221915, 30631.321864300404
312, 33080.87407114486, 24559.119027078264, 33080.87407114486, 30678.856243133207, 24506.992823454108, 30678.856243133207
313, 33080.87407114486, 24559.119027078264, 33080.87407114486, 30711.83547229351, 24499.686955192064, 30711.83547229351
314, 33225.89531094213, 24179.82282204425, 33225.89531094213, 30666.335756023975, 24486.642820952387, 30666.335756023975
315, 33225.89531094213, 24179.82282204425, 33225.89531094213, 30653.97214137837, 24467.7325924894, 30653.97214137837
316, 33225.89531094213, 24179.82282204425, 33225.89531094213, 30662.94772557883, 24436.652295805558, 30662.94772557883
317, 33225.89531094213, 24179.82282204425, 33225.89531094213, 30687.261290891445, 24406.237638009294, 30687.261290891445
318, 33225.89531094213, 24179.82282204425, 33225.89531094213, 30720.537692390582, 24378.814813979472, 30720.537692390582
319, 33225.89531094213, 24179.82282204425, 33225.89531094213, 30691.259955243808, 24388.666009760644, 30691.259955243808
320, 33225.89531094213, 24179.82282204425, 33225.89531094213, 30708.95306293018, 24396.305166143004, 30708.95306293018
321, 33225.89531094213, 24179.82282204425, 33225.89531094213, 30737.25205575214, 24419.167199790045, 30737.25205575214
322, 33225.89531094213, 24179.82282204425, 33225.89531094213, 30797.54268480268, 24459.295209651395, 30797.54268480268
323, 33225.89531094213, 24179.82282204425, 33225.89531094213, 30779.00309309571, 24379.408008354778, 30779.00309309571
324, 33273.749387083495, 24214.171114744207, 33273.749387083495, 30851.71415551306, 24323.769643966407, 30851.71415551306
325, 33273.749387083495, 24214.171114744207, 33273.749387083495, 30780.802740200455, 24321.651916581188, 30780.802740200455
326, 33285.47103734898, 24403.46051637581, 33285.47103734898, 30815.865477745516, 24324.74045151294, 30815.865477745516
327, 33285.47103734898, 24403.46051637581, 33285.47103734898, 30772.472326016574, 24323.67454143778, 30772.472326016574
328, 33285.47103734898, 24403.46051637581, 33285.47103734898, 30781.711319758342, 24326.987465154583, 30781.711319758342
329, 33285.47103734898, 24403.46051637581, 33285.47103734898, 30784.358207746944, 24328.134149477137, 30784.358207746944
330, 33285.47103734898, 24403.46051637581, 33285.47103734898, 30779.735005814127, 24328.471777737286, 30779.735005814127
331, 33285.47103734898, 24403.46051637581, 33285.47103734898, 30794.590511241484, 24334.78831390859, 30794.590511241484
332, 33285.47103734898, 24403.46051637581, 33285.47103734898, 30774.781223764505, 24342.06420793684, 30774.781223764505
333, 33285.47103734898, 24403.46051637581, 33285.47103734898, 30832.43282739609, 24358.30626276236, 30832.43282739609
334, 33285.47103734898, 24403.46051637581, 33285.47103734898, 30830.413360889666, 24380.659608939608, 30830.413360889666
335, 33285.47103734898, 24403.46051637581, 33285.47103734898, 30803.09591710391, 24410.759298020435, 30803.09591710391
336, 33285.47103734898, 24403.46051637581, 33285.47103734898, 30795.749871595362, 24446.37364035516, 30795.749871595362
337, 33285.47103734898, 24403.46051637581, 33285.47103734898, 30864.08635389847, 24431.605166442496, 30864.08635389847
338, 33305.42196140722, 24636.588244910527, 33305.42196140722, 30833.393448496736, 24443.45513849173, 30833.393448496736
339, 33338.772317512776, 24517.51294288757, 33338.772317512776, 30868.97908678346, 24481.328687797406, 30868.97908678346
340, 33338.772317512776, 24517.51294288757, 33338.772317512776, 30836.17503628745, 24481.90493784209, 30836.17503628745
341, 33338.772317512776, 24517.51294288757, 33338.772317512776, 30868.992870042006, 24482.490739247267, 30868.992870042006
342, 33338.772317512776, 24517.51294288757, 33338.772317512776, 30883.333233948582, 24484.294897327844, 30883.333233948582
343, 33338.772317512776, 24517.51294288757, 33338.772317512776, 30869.85592338847, 24486.22438636457, 30869.85592338847
344, 33338.772317512776, 24517.51294288757, 33338.772317512776, 30859.26256187238, 24493.449814592925, 30859.26256187238
345, 33338.772317512776, 24517.51294288757, 33338.772317512776, 30857.982808810124, 24500.17534880288, 30857.982808810124
346, 33338.772317512776, 24517.51294288757, 33338.772317512776, 30908.09628102627, 24516.22406742035, 30908.09628102627
347, 33393.19890436123, 24374.222723051673, 33393.19890436123, 30869.76980582956, 24536.929183205102, 30869.76980582956
348, 33393.19890436123, 24374.222723051673, 33393.19890436123, 30913.01708334638, 24564.678286093807, 30913.01708334638
349, 33393.19890436123, 24374.222723051673, 33393.19890436123, 30896.054732808425, 24559.919497443167, 30896.054732808425
350, 33393.19890436123, 24374.222723051673, 33393.19890436123, 30896.501716487153, 24555.847214855425, 30896.501716487153
351, 33393.19890436123, 24374.222723051673, 33393.19890436123, 30860.2407473879, 24557.636488354445, 30860.2407473879
352, 33393.19890436123, 24374.222723051673, 33393.19890436123, 30902.63738276015, 24554.7954911431, 30902.63738276015
353, 33393.19890436123, 24374.222723051673, 33393.19890436123, 30863.125045302528, 24552.34118905426, 30863.125045302528
354, 33393.19890436123, 24374.222723051673, 33393.19890436123, 30912.164421712365, 24546.020246573407, 30912.164421712365
355, 33393.19890436123, 24374.222723051673, 33393.19890436123, 30897.168465087427, 24538.406431640033, 30897.168465087427
356, 33393.19890436123, 24374.222723051673, 33393.19890436123, 30923.892913733915, 24525.711261989512, 30923.892913733915
357, 33393.19890436123, 24374.222723051673, 33393.19890436123, 30938.926729855873, 24501.411935810655, 30938.926729855873
358, 33416.81462211543, 24256.450920639018, 33416.81462211543, 30912.054661019552, 24473.762424228025, 30912.054661019552
359, 33416.81462211543, 24256.450920639018, 33416.81462211543, 30922.599832828262, 24459.172726615518, 30922.599832828262
360, 33416.81462211543, 24256.450920639018, 33416.81462211543, 30940.77845087889, 24460.41095394853, 30940.77845087889
361, 33416.81462211543, 24256.450920639018, 33416.81462211543, 30927.196216512675, 24456.907871410767, 30927.196216512675
362, 33416.81462211543, 24256.450920639018, 33416.81462211543, 30971.19642429641, 24455.421297663852, 30971.19642429641
363, 33416.81462211543, 24256.450920639018, 33416.81462211543, 30937.217396506156, 24451.260869986545, 30937.217396506156
364, 33416.81462211543, 24256.450920639018, 33416.81462211543, 30928.780238320713, 24449.75451981095, 30928.780238320713
365, 33416.81462211543, 24256.450920639018, 33416.81462211543, 30927.555732023622, 24444.618958481864, 30927.555732023622
366, 33428.66091909876, 24422.770697076092, 33428.66091909876, 30916.88659885259, 24441.870171330633, 30916.88659885259
367, 33428.66091909876, 24422.770697076092, 33428.66091909876, 30952.410529121087, 24434.660581620563, 30952.410529121087
368, 33442.09702616948, 24435.96614565425, 33442.09702616948, 30955.20769882571, 24415.469769340285, 30955.20769882571
369, 33442.09702616948, 24435.96614565425, 33442.09702616948, 30974.77963402269, 24382.00863727387, 30974.77963402269
370, 33442.09702616948, 24435.96614565425, 33442.09702616948, 30913.09424937591, 24384.312537015016, 30913.09424937591
371, 33442.09702616948, 24435.96614565425, 33442.09702616948, 30993.70716553238, 24388.794445622785, 30993.70716553238
372, 33442.09702616948, 24435.96614565425, 33442.09702616948, 30922.334855923735, 24397.24529717377, 30922.334855923735
373, 33442.09702616948, 24435.96614565425, 33442.09702616948, 30907.464343728167, 24409.834198484896, 30907.464343728167
374, 33442.09702616948, 24435.96614565425, 33442.09702616948, 30950.170410312097, 24435.24390300728, 30950.170410312097
375, 33442.09702616948, 24435.96614565425, 33442.09702616948, 30953.280053624614, 24471.43739968678, 30953.280053624614
376, 33477.59251660814, 24241.253033567795, 33477.59251660814, 30944.56561012031, 24496.561359276875, 30944.56561012031
377, 33477.59251660814, 24241.253033567795, 33477.59251660814, 30960.977743532836, 24496.94694679116, 30960.977743532836
378, 33477.59251660814, 24241.253033567795, 33477.59251660814, 30995.83918549313, 24500.723117554633, 30995.83918549313
379, 33477.59251660814, 24241.253033567795, 33477.59251660814, 30958.74034546148, 24500.347663841447, 30958.74034546148
380, 33477.59251660814, 24241.253033567795, 33477.59251660814, 30972.85183581677, 24498.989121923816, 30972.85183581677
381, 33477.59251660814, 24241.253033567795, 33477.59251660814, 30953.317162381645, 24499.785168424554, 30953.317162381645
382, 33477.59251660814, 24241.253033567795, 33477.59251660814, 30945.7406907837, 24494.94366171516, 30945.7406907837
383, 33477.59251660814, 24241.253033567795, 33477.59251660814, 30989.106010352625, 24488.47721905108, 30989.106010352625
384, 33477.59251660814, 24241.253033567795, 33477.59251660814, 30962.194439122268, 24480.259899672223, 30962.194439122268
385, 33477.59251660814, 24241.253033567795, 33477.59251660814, 30966.14629702881, 24468.48271467881, 30966.14629702881
386, 33494.64239211871, 24153.83992462139, 33494.64239211871, 30955.787753347042, 24447.390768533427, 30955.787753347042
387, 33497.914030871674, 24010.25199242945, 33497.914030871674, 31020.387069381435, 24420.886071856818, 31020.387069381435
388, 33500.249661949776, 24415.00684359684, 33500.249661949776, 30989.967699031407, 24373.011177808523, 30989.967699031407
389, 33500.249661949776, 24415.00684359684, 33500.249661949776, 30990.805012587323, 24363.81591950322, 30990.805012587323
390, 33500.249661949776, 24415.00684359684, 33500.249661949776, 30984.914137726766, 24364.077342813885, 30984.914137726766
391, 33500.249661949776, 24415.00684359684, 33500.249661949776, 30998.763957411247, 24362.430661059927, 30998.763957411247
392, 33500.249661949776, 24415.00684359684, 33500.249661949776, 30984.14901549194, 24361.624294854417, 30984.14901549194
393, 33500.249661949776, 24415.00684359684, 33500.249661949776, 30979.517550922214, 24362.08517358206, 30979.517550922214
394, 33500.249661949776, 24415.00684359684, 33500.249661949776, 31005.20481804076, 24356.635426140536, 31005.20481804076
395, 33500.249661949776, 24415.00684359684, 33500.249661949776, 30992.43780821351, 24352.234181279477, 30992.43780821351
396, 33500.249661949776, 24415.00684359684, 33500.249661949776, 31013.21996199995, 24352.43850027743, 31013.21996199995
397, 33500.249661949776, 24415.00684359684, 33500.249661949776, 30994.01078880989, 24425.482542152295, 30994.01078880989
398, 33545.84389480952, 23934.7320788063, 33545.84389480952, 31046.26180226728, 24484.42122364019, 31046.26180226728
399, 33545.84389480952, 23934.7320788063, 33545.84389480952, 30985.566908167304, 24483.857094629846, 30985.566908167304
400, 33545.84389480952, 23934.7320788063, 33545.84389480952, 31063.089193976062, 24478.742786596344, 31063.089193976062
401, 33662.28617257417, 24589.313327309475, 33662.28617257417, 30992.039162951223, 24475.220889970427, 30992.039162951223
402, 33662.28617257417, 24589.313327309475, 33662.28617257417, 31030.81273324956, 24464.93551289957, 31030.81273324956
403, 33662.28617257417, 24589.313327309475, 33662.28617257417, 30994.96078128531, 24446.215214411706, 30994.96078128531
404, 33662.28617257417, 24589.313327309475, 33662.28617257417, 31008.314080193333, 24432.613527041394, 31008.314080193333
405, 33662.28617257417, 24589.313327309475, 33662.28617257417, 31007.226153411266, 24399.017343857, 31007.226153411266
406, 33662.28617257417, 24589.313327309475, 33662.28617257417, 31009.170562128736, 24340.355636015796, 31009.170562128736
407, 33662.28617257417, 24589.313327309475, 33662.28617257417, 31065.780039827227, 24295.618527963758, 31065.780039827227
408, 33662.28617257417, 24589.313327309475, 33662.28617257417, 31080.34539719578, 24416.87048026941, 31080.34539719578
409, 33662.28617257417, 24589.313327309475, 33662.28617257417, 31088.474266207042, 24592.436617302836, 31088.474266207042
410, 33662.28617257417, 24589.313327309475, 33662.28617257417, 31128.734427234187, 24609.551203129548, 31128.734427234187
411, 33662.28617257417, 24589.313327309475, 33662.28617257417, 31122.313370831795, 24609.789019846885, 31122.313370831795
412, 33662.28617257417, 24589.313327309475, 33662.28617257417, 31115.450394235337, 24609.233386914282, 31115.450394235337
413, 33662.28617257417, 24589.313327309475, 33662.28617257417, 31092.816120587577, 24609.098803682387, 31092.816120587577
414, 33662.28617257417, 24589.313327309475, 33662.28617257417, 31140.326874699593, 24609.045847913047, 31140.326874699593
415, 33672.49517461618, 24647.56574659742, 33672.49517461618, 31099.255320761764, 24609.236190665608, 31099.255320761764
416, 33672.49517461618, 24647.56574659742, 33672.49517461618, 31100.41974172844, 24609.94599376028, 31100.41974172844
417, 33672.49517461618, 24647.56574659742, 33672.49517461618, 31083.882860052232, 24609.11284413771, 31083.882860052232
418, 33672.49517461618, 24647.56574659742, 33672.49517461618, 31124.42997866392, 24610.27694230698, 31124.42997866392
419, 33672.49517461618, 24647.56574659742, 33672.49517461618, 31044.830798118295, 24609.361001897403, 31044.830798118295
420, 33672.49517461618, 24647.56574659742, 33672.49517461618, 31140.814990669674, 24608.922198198987, 31140.814990669674
421, 33672.49517461618, 24647.56574659742, 33672.49517461618, 31170.18341779856, 24610.75131805968, 31170.18341779856
422, 33672.49517461618, 24647.56574659742, 33672.49517461618, 31105.91869746045, 24609.950298485513, 31105.91869746045
423, 33705.27766148317, 24505.29034411807, 33705.27766148317, 31107.43582531362, 24611.48078969252, 31107.43582531362
424, 33705.27766148317, 24505.29034411807, 33705.27766148317, 31105.217603278317, 24614.397208361537, 31105.217603278317
425, 33705.27766148317, 24505.29034411807, 33705.27766148317, 31104.587359716967, 24614.388714698805, 31104.587359716967
426, 33705.27766148317, 24505.29034411807, 33705.27766148317, 31109.583194880866, 24617.97867862312, 31109.583194880866
427, 33705.27766148317, 24505.29034411807, 33705.27766148317, 31119.967837115095, 24622.222916881656, 31119.967837115095
428, 33705.27766148317, 24505.29034411807, 33705.27766148317, 31144.97663239998, 24632.880881660367, 31144.97663239998
429, 33705.27766148317, 24505.29034411807, 33705.27766148317, 31149.1832291287, 24633.429555201918, 31149.1832291287
430, 33705.27766148317, 24505.29034411807, 33705.27766148317, 31104.682409809357, 24627.114505520152, 31104.682409809357
431, 33705.27766148317, 24505.29034411807, 33705.27766148317, 31155.701429183908, 24610.3116148515, 31155.701429183908
432, 33705.27766148317, 24505.29034411807, 33705.27766148317, 31140.8148167573, 24580.239223887507, 31140.8148167573
433, 33705.27766148317, 24505.29034411807, 33705.27766148317, 31143.008394661058, 24555.220088693928, 31143.008394661058
434, 33705.27766148317, 24505.29034411807, 33705.27766148317, 31185.203327465148, 24551.20880786289, 31185.203327465148
435, 33705.27766148317, 24505.29034411807, 33705.27766148317, 31125.699580028027, 24551.69060667015, 31125.699580028027
436, 33705.27766148317, 24505.29034411807, 33705.27766148317, 31151.05238781993, 24551.07410921345, 31151.05238781993
437, 33717.33473612869, 24632.79806869697, 33717.33473612869, 31163.84484295766, 24552.83985892593, 31163.84484295766
438, 33742.19559901622, 24532.115949535306, 33742.19559901622, 31187.874089654757, 24553.225824342724, 31187.874089654757
439, 33742.19559901622, 24532.115949535306, 33742.19559901622, 31116.118368738516, 24552.800354739033, 31116.118368738516
440, 33742.19559901622, 24532.115949535306, 33742.19559901622, 31113.136764725838, 24554.390476862154, 31113.136764725838
441, 33742.19559901622, 24532.115949535306, 33742.19559901622, 31162.7975485247, 24560.612270044163, 31162.7975485247
442, 33742.19559901622, 24532.115949535306, 33742.19559901622, 31153.755978904494, 24564.606086153424, 31153.755978904494
443, 33742.19559901622, 24532.115949535306, 33742.19559901622, 31142.75361151022, 24573.17877353295, 31142.75361151022
444, 33742.19559901622, 24532.115949535306, 33742.19559901622, 31176.885506608305, 24581.440076853833, 31176.885506608305
445, 33742.19559901622, 24532.115949535306, 33742.19559901622, 31152.47204349319, 24598.883502082903, 31152.47204349319
446, 33742.19559901622, 24532.115949535306, 33742.19559901622, 31155.147777324637, 24620.47716012331, 31155.147777324637
447, 33742.19559901622, 24532.115949535306, 33742.19559901622, 31198.220873255144, 24609.038909673178, 31198.220873255144
448, 33742.19559901622, 24532.115949535306, 33742.19559901622, 31155.73200475694, 24584.703082144857, 31155.73200475694
449, 33742.19559901622, 24532.115949535306, 33742.19559901622, 31197.652998265465, 24570.562054968108, 31197.652998265465
450, 33742.19559901622, 24532.115949535306, 33742.19559901622, 31137.335388721236, 24569.6533640564, 31137.335388721236
451, 33742.19559901622, 24532.115949535306, 33742.19559901622, 31142.46028910636, 24568.798090436874, 31142.46028910636
452, 33742.19559901622, 24532.115949535306, 33742.19559901622, 31168.43435816859, 24569.893850681234, 31168.43435816859
453, 33742.19559901622, 24532.115949535306, 33742.19559901622, 31120.443041413495, 24569.455163317663, 31120.443041413495
454, 33842.2703073886, 24645.620804257436, 33842.2703073886, 31171.753711392776, 24569.382065190013, 31171.753711392776
455, 33842.2703073886, 24645.620804257436, 33842.2703073886, 31148.236353246495, 24570.088952269194, 31148.236353246495
456, 33842.2703073886, 24645.620804257436, 33842.2703073886, 31178.55572951339, 24571.487566402233, 31178.55572951339
457, 33842.2703073886, 24645.620804257436, 33842.2703073886, 31205.93064948455, 24572.13111186392, 31205.93064948455
458, 33842.2703073886, 24645.620804257436, 33842.2703073886, 31181.238553091363, 24573.362262411145, 31181.238553091363
459, 33842.2703073886, 24645.620804257436, 33842.2703073886, 31188.597263372787, 24573.733809443736, 31188.597263372787
460, 33842.2703073886, 24645.620804257436, 33842.2703073886, 31207.38367967328, 24578.110553558206, 31207.38367967328
461, 33842.2703073886, 24645.620804257436, 33842.2703073886, 31222.13912708341, 24580.764383194386, 31222.13912708341
462, 33842.2703073886, 24645.620804257436, 33842.2703073886, 31171.53354486613, 24589.78150206377, 31171.53354486613
463, 33842.2703073886, 24645.620804257436, 33842.2703073886, 31177.760635538132, 24603.161083137267, 31177.760635538132
464, 33842.2703073886, 24645.620804257436, 33842.2703073886, 31255.403509266835, 24628.733643642063, 31255.403509266835
465, 33842.2703073886, 24645.620804257436, 33842.2703073886, 31244.74048616075, 24648.305317644, 31244.74048616075
466, 33842.2703073886, 24645.620804257436, 33842.2703073886, 31266.37045928402, 24649.303854531874, 31266.37045928402
467, 33842.2703073886, 24645.620804257436, 33842.2703073886, 31201.44597610884, 24649.207783989605, 31201.44597610884
468, 33842.2703073886, 24645.620804257436, 33842.2703073886, 31212.476649532804, 24649.15225011371, 31212.476649532804
469, 33842.2703073886, 24645.620804257436, 33842.2703073886, 31218.442022946, 24648.384404988465, 31218.442022946
470, 33842.2703073886, 24645.620804257436, 33842.2703073886, 31245.144562781294, 24649.536271925263, 31245.144562781294
471, 33842.2703073886, 24645.620804257436, 33842.2703073886, 31252.818604725933, 24648.699510504342, 31252.818604725933
472, 33859.78705765401, 24440.930498710142, 33859.78705765401, 31221.629212307864, 24648.86767549724, 31221.629212307864
473, 33859.78705765401, 24440.930498710142, 33859.78705765401, 31233.391575908616, 24647.32522980205, 31233.391575908616
474, 33859.78705765401, 24440.930498710142, 33859.78705765401, 31232.20286075047, 24644.6284956297, 31232.20286075047
475, 33859.78705765401, 24440.930498710142, 33859.78705765401, 31233.376823942574, 24643.352099037013, 31233.376823942574
476, 33859.78705765401, 24440.930498710142, 33859.78705765401, 31271.026505294078, 24641.06549651076, 31271.026505294078
477, 33859.78705765401, 24440.930498710142, 33859.78705765401, 31226.2272959117, 24636.81131152305, 31226.2272959117
478, 33859.78705765401, 24440.930498710142, 33859.78705765401, 31259.405539858522, 24625.14526575776, 31259.405539858522
479, 33859.78705765401, 24440.930498710142, 33859.78705765401, 31223.791012010523, 24607.91673320174, 31223.791012010523
480, 33859.78705765401, 24440.930498710142, 33859.78705765401, 31265.975806738596, 24578.70107726504, 31265.975806738596
481, 33859.78705765401, 24440.930498710142, 33859.78705765401, 31261.050503795686, 24543.024696208817, 31261.050503795686
482, 33859.78705765401, 24440.930498710142, 33859.78705765401, 31266.78277217947, 24511.575687467226, 31266.78277217947
483, 33859.78705765401, 24440.930498710142, 33859.78705765401, 31220.50923449796, 24505.541588584772, 31220.50923449796
484, 33859.78705765401, 24440.930498710142, 33859.78705765401, 31212.29801588479, 24502.48670877854, 31212.29801588479
485, 33933.38892388558, 24574.577157534164, 33933.38892388558, 31231.981471120926, 24505.975984514556, 31231.981471120926
486, 33933.38892388558, 24574.577157534164, 33933.38892388558, 31253.23898615607, 24506.268750147814, 31253.23898615607
487, 33933.38892388558, 24574.577157534164, 33933.38892388558, 31225.798594791137, 24507.356674497376, 31225.798594791137
488, 33933.38892388558, 24574.577157534164, 33933.38892388558, 31233.37157233342, 24509.499563890364, 31233.37157233342
489, 33933.38892388558, 24574.577157534164, 33933.38892388558, 31275.824297474017, 24511.290184238864, 31275.824297474017
490, 33933.38892388558, 24574.577157534164, 33933.38892388558, 31280.064091373733, 24516.988666309127, 31280.064091373733
491, 33933.38892388558, 24574.577157534164, 33933.38892388558, 31228.313964606463, 24523.54065738001, 31228.313964606463
492, 33933.38892388558, 24574.577157534164, 33933.38892388558, 31241.669071102016, 24533.523374344073, 31241.669071102016
493, 33933.38892388558, 24574.577157534164, 33933.38892388558, 31276.72956785956, 24551.38724039653, 31276.72956785956
494, 33933.38892388558, 24574.577157534164, 33933.38892388558, 31275.0037343058, 24577.693908711964, 31275.0037343058
495, 33933.38892388558, 24574.577157534164, 33933.38892388558, 31276.81745428556, 24592.972311524252, 31276.81745428556
496, 33933.38892388558, 24574.577157534164, 33933.38892388558, 31282.695914464668, 24596.635852062314, 31282.695914464668
497, 33933.38892388558, 24574.577157534164, 33933.38892388558, 31278.204182469937, 24599.94067085366, 31278.204182469937
498, 33933.38892388558, 24574.577157534164, 33933.38892388558, 31316.816097718598, 24600.092347309554, 31316.816097718598
499, 33933.38892388558, 24574.577157534164, 33933.38892388558, 31294.00515205042, 24597.59228570688, 31294.00515205042
500, 33933.38892388558, 24574.577157534164, 33933.38892388558, 31238.51443640885, 24598.767451190935, 31238.51443640885
