1, 26760.229317497327, 24687.22223259777, 26760.229317497327, 25166.166646941736, 24656.725005696513, 25166.166646941736
2, 26760.229317497327, 24687.22223259777, 26760.229317497327, 25676.291167662475, 24635.527525440106, 25676.291167662475
3, 27142.287174920275, 24681.568589045513, 27142.287174920275, 25892.487369844286, 24609.22716321848, 25892.487369844286
4, 27142.287174920275, 24681.568589045513, 27142.287174920275, 25971.849187459135, 24598.441533869478, 25971.849187459135
5, 27202.37149772683, 24517.49819183722, 27202.37149772683, 26112.56855519284, 24548.567756777244, 26112.56855519284
6, 27202.37149772683, 24517.49819183722, 27202.37149772683, 26186.99959946369, 24553.97875670602, 26186.99959946369
7, 27277.323386052336, 24555.3355902226, 27277.323386052336, 26315.53656837259, 24556.07033981213, 26315.53656837259
8, 27290.770962113853, 24509.811074295736, 27290.770962113853, 26340.813058436703, 24580.4943617277, 26340.813058436703
9, 27369.63097755206, 24495.5355734146, 27369.63097755206, 26465.413054509416, 24595.491994662443, 26465.413054509416
10, 27489.580170736084, 24542.681059652572, 27489.580170736084, 26559.274506886493, 24616.407199499045, 26559.274506886493
11, 27492.531399389703, 24516.478166089004, 27492.531399389703, 26605.44938269161, 24603.42489969815, 26605.44938269161
12, 27514.467199148898, 24504.23959097696, 27514.467199148898, 26651.255900013948, 24564.692499374007, 26651.255900013948
13, 27610.769422340025, 24430.649636588554, 27610.769422340025, 26741.842282900077, 24548.58439402918, 26741.842282900077
14, 27670.69162988892, 24658.49236693744, 27670.69162988892, 26775.244547712522, 24558.786004498565, 26775.244547712522
15, 27711.72636627994, 24390.651269982023, 27711.72636627994, 26796.671256907932, 24549.210276417365, 26796.671256907932
16, 28008.169921478402, 24590.689527798542, 28008.169921478402, 26787.653943981943, 24520.518735284513, 26787.653943981943
17, 28008.169921478402, 24590.689527798542, 28008.169921478402, 26860.676441286447, 24531.32549136014, 26860.676441286447
18, 28008.169921478402, 24590.689527798542, 28008.169921478402, 26845.90105652975, 24540.437586528853, 26845.90105652975
19, 28305.963383112296, 24364.68499655585, 28305.963383112296, 27016.52874760517, 24528.678682262165, 27016.52874760517
20, 28305.963383112296, 24364.68499655585, 28305.963383112296, 27036.02063240715, 24541.789532531897, 27036.02063240715
21, 28457.49428019469, 24183.20637381748, 28457.49428019469, 27084.96897314352, 24552.44741867742, 27084.96897314352
22, 28457.49428019469, 24183.20637381748, 28457.49428019469, 27161.236219377468, 24542.621743490516, 27161.236219377468
23, 28457.49428019469, 24183.20637381748, 28457.49428019469, 27205.814711462037, 24522.94897681004, 27205.814711462037
24, 28567.69619735489, 24471.512411467134, 28567.69619735489, 27231.87255972449, 24482.85831218815, 27231.87255972449
25, 28832.390014975703, 24598.058753027064, 28832.390014975703, 27305.62725137269, 24481.236539496975, 27305.62725137269
26, 28832.390014975703, 24598.058753027064, 28832.390014975703, 27401.538212828207, 24478.806711265406, 27401.538212828207
27, 28832.390014975703, 24598.058753027064, 28832.390014975703, 27431.70989285971, 24486.200165367347, 27431.70989285971
28, 28832.390014975703, 24598.058753027064, 28832.390014975703, 27443.348857049896, 24484.09665629314, 27443.348857049896
29, 28832.390014975703, 24598.058753027064, 28832.390014975703, 27510.50672124915, 24473.738375123823, 27510.50672124915
30, 28872.50793301559, 24628.54590335729, 28872.50793301559, 27558.875310222884, 24490.92314383737, 27558.875310222884
31, 28872.50793301559, 24628.54590335729, 28872.50793301559, 27569.86048926328, 24526.035002089302, 27569.86048926328
32, 28872.50793301559, 24628.54590335729, 28872.50793301559, 27655.710421191292, 24523.36888451791, 27655.710421191292
33, 29019.82028172062, 24261.74371763746, 29019.82028172062, 27678.814933485904, 24549.09721102975, 27678.814933485904
34, 29041.705046856147, 24232.39785539238, 29041.705046856147, 27676.41225752482, 24575.11319937666, 27676.41225752482
35, 29052.37703216996, 24674.569132700097, 29052.37703216996, 27713.86863585512, 24569.359369559843, 27713.86863585512
36, 29052.37703216996, 24674.569132700097, 29052.37703216996, 27748.929074179734, 24565.797528472136, 27748.929074179734
37, 29097.807836501037, 24495.764539352043, 29097.807836501037, 27809.818914417978, 24541.368530805627, 27809.818914417978
38, 29160.654763633123, 24595.733326702117, 29160.654763633123, 27833.75562147558, 24508.63963455296, 27833.75562147558
39, 29196.278187844513, 24505.580418226975, 29196.278187844513, 27901.108627701524, 24457.551191485443, 27901.108627701524
40, 29217.517831426856, 24686.388074658626, 29217.517831426856, 27869.56640149806, 24484.008986830533, 27869.56640149806
41, 29309.089634566702, 24103.50935217063, 29309.089634566702, 27888.387586452496, 24510.391581821867, 27888.387586452496
42, 29309.089634566702, 24103.50935217063, 29309.089634566702, 27954.638807681185, 24522.63036365913, 27954.638807681185
43, 29485.24945572959, 24345.829567126257, 29485.24945572959, 27976.85385556358, 24497.48773260065, 27976.85385556358
44, 29485.24945572959, 24345.829567126257, 29485.24945572959, 27953.318262401066, 24510.59381980615, 27953.318262401066
45, 29485.24945572959, 24345.829567126257, 29485.24945572959, 28017.086996051123, 24497.839200382325, 28017.086996051123
46, 29485.24945572959, 24345.829567126257, 29485.24945572959, 28023.95828142787, 24478.861246602224, 28023.95828142787
47, 29509.01432003857, 24530.43909068115, 29509.01432003857, 28062.803914140448, 24453.74104159681, 28062.803914140448
48, 29560.454276675617, 24357.37352264643, 29560.454276675617, 28139.437437510314, 24388.219994569536, 28139.437437510314
49, 29694.28153420218, 24644.58707443028, 29694.28153420218, 28144.6927118046, 24380.124642134044, 28144.6927118046
50, 29694.28153420218, 24644.58707443028, 29694.28153420218, 28208.943730815277, 24430.417231715506, 28208.943730815277
51, 29694.28153420218, 24644.58707443028, 29694.28153420218, 28189.43630328522, 24476.733985374438, 28189.43630328522
52, 29788.50787894185, 24685.246714367328, 29788.50787894185, 28172.941646094747, 24466.669517702354, 28172.941646094747
53, 29788.50787894185, 24685.246714367328, 29788.50787894185, 28258.642020260828, 24485.23920759231, 28258.642020260828
54, 29788.50787894185, 24685.246714367328, 29788.50787894185, 28248.715607257345, 24467.063640910346, 28248.715607257345
55, 29819.03483610704, 24357.723792168104, 29819.03483610704, 28335.22949084821, 24504.98801021846, 28335.22949084821
56, 29819.03483610704, 24357.723792168104, 29819.03483610704, 28301.466218679965, 24484.01397937641, 28301.466218679965
57, 29890.109918772217, 24410.722439658675, 29890.109918772217, 28308.108148227948, 24491.872370237747, 28308.108148227948
58, 29890.109918772217, 24410.722439658675, 29890.109918772217, 28324.604952672926, 24514.47135661792, 28324.604952672926
59, 29890.109918772217, 24410.722439658675, 29890.109918772217, 28392.241450118167, 24530.776261711475, 28392.241450118167
60, 29890.109918772217, 24410.722439658675, 29890.109918772217, 28368.460090653403, 24528.840517838675, 28368.460090653403
61, 29890.109918772217, 24410.722439658675, 29890.109918772217, 28359.59841638453, 24532.184662330445, 28359.59841638453
62, 29890.109918772217, 24410.722439658675, 29890.109918772217, 28403.26606096394, 24533.691425619403, 28403.26606096394
63, 29935.593582925256, 24622.243854811684, 29935.593582925256, 28471.520356547324, 24496.506699850346, 28471.520356547324
64, 29982.974511020868, 24440.91591461141, 29982.974511020868, 28406.801593113785, 24515.413940142364, 28406.801593113785
65, 30028.742028008062, 24265.253895637794, 30028.742028008062, 28440.26469178282, 24488.313995985325, 28440.26469178282
66, 30077.31484423386, 24620.645633408265, 30077.31484423386, 28484.609451156794, 24498.40135672806, 28484.609451156794
67, 30077.31484423386, 24620.645633408265, 30077.31484423386, 28513.272359890398, 24516.98718764916, 28513.272359890398
68, 30119.134362009318, 24553.728710677184, 30119.134362009318, 28507.652306943284, 24541.759651792054, 28507.652306943284
69, 30141.91514957307, 24618.261274591936, 30141.91514957307, 28531.86391074944, 24562.990870921072, 28531.86391074944
70, 30141.91514957307, 24618.261274591936, 30141.91514957307, 28560.581434357915, 24542.344523866683, 28560.581434357915
71, 30141.91514957307, 24618.261274591936, 30141.91514957307, 28582.960285038404, 24545.168629291184, 28582.960285038404
72, 30196.22564364695, 24086.995847369162, 30196.22564364695, 28536.23968168902, 24543.10574086907, 28536.23968168902
73, 30196.22564364695, 24086.995847369162, 30196.22564364695, 28604.325311269997, 24563.577347096427, 28604.325311269997
74, 30196.22564364695, 24086.995847369162, 30196.22564364695, 28561.215630243765, 24567.35269279705, 28561.215630243765
75, 30208.667813199645, 24180.89307850778, 30208.667813199645, 28603.654776799744, 24548.62160613524, 28603.654776799744
76, 30208.667813199645, 24180.89307850778, 30208.667813199645, 28647.828998521138, 24522.54571575404, 28647.828998521138
77, 30287.02300995716, 24600.25588886312, 30287.02300995716, 28651.023643314285, 24553.347607254786, 28651.023643314285
78, 30323.31616970366, 24124.686925680813, 30323.31616970366, 28672.713863440225, 24496.429276591356, 28672.713863440225
79, 30323.31616970366, 24124.686925680813, 30323.31616970366, 28694.75152600941, 24431.73453280877, 28694.75152600941
80, 30323.31616970366, 24124.686925680813, 30323.31616970366, 28694.535746556736, 24367.715446265476, 28694.535746556736
81, 30323.31616970366, 24124.686925680813, 30323.31616970366, 28713.31452144664, 24355.747146119647, 28713.31452144664
82, 30378.715760057235, 24585.73534149446, 30378.715760057235, 28720.894174043395, 24418.010484861414, 28720.894174043395
83, 30410.486173611196, 24419.903657799983, 30410.486173611196, 28767.906357684074, 24438.945985845345, 28767.906357684074
84, 30410.486173611196, 24419.903657799983, 30410.486173611196, 28750.18054478398, 24449.4617708747, 28750.18054478398
85, 30437.228007760525, 24642.00948532827, 30437.228007760525, 28775.671376301627, 24467.543431325495, 28775.671376301627
86, 30469.131605788418, 24479.96580530659, 30469.131605788418, 28798.44264264407, 24440.958759623147, 28798.44264264407
87, 30511.355169345563, 24065.63764777228, 30511.355169345563, 28803.12858738039, 24417.871004971996, 28803.12858738039
88, 30511.355169345563, 24065.63764777228, 30511.355169345563, 28777.843226876226, 24437.575103225176, 28777.843226876226
89, 30511.355169345563, 24065.63764777228, 30511.355169345563, 28826.915117400982, 24508.79906195268, 28826.915117400982
90, 30511.355169345563, 24065.63764777228, 30511.355169345563, 28800.559727203185, 24484.18012999869, 28800.559727203185
91, 30671.466164040907, 24047.637008580714, 30671.466164040907, 28862.84798014408, 24447.18250553964, 28862.84798014408
92, 30671.466164040907, 24047.637008580714, 30671.466164040907, 28858.203149762157, 24479.746731493324, 28858.203149762157
93, 30671.466164040907, 24047.637008580714, 30671.466164040907, 28876.69625381317, 24520.312811027245, 28876.69625381317
94, 30814.15091252076, 24277.20229939137, 30814.15091252076, 28916.1101143296, 24478.747947349857, 28916.1101143296
95, 30814.15091252076, 24277.20229939137, 30814.15091252076, 28914.73516276868, 24472.595153503116, 28914.73516276868
96, 30814.15091252076, 24277.20229939137, 30814.15091252076, 28935.987892016066, 24452.27803248789, 28935.987892016066
97, 30814.15091252076, 24277.20229939137, 30814.15091252076, 28941.438479681023, 24367.21161382782, 28941.438479681023
98, 30814.15091252076, 24277.20229939137, 30814.15091252076, 28936.9046379394, 24417.127618571292, 28936.9046379394
99, 30814.15091252076, 24277.20229939137, 30814.15091252076, 28919.88497584856, 24442.963447981445, 28919.88497584856
100, 30814.15091252076, 24277.20229939137, 30814.15091252076, 28975.775110787723, 24375.13039741326, 28975.775110787723
101, 30814.15091252076, 24277.20229939137, 30814.15091252076, 29011.764980537057, 24309.409210494272, 29011.764980537057
102, 30814.15091252076, 24277.20229939137, 30814.15091252076, 29040.882271538954, 24299.766449789895, 29040.882271538954
103, 30840.186037474414, 24227.293606176245, 30840.186037474414, 29020.378086264165, 24377.987127895107, 29020.378086264165
104, 30869.095712951555, 24472.8974378192, 30869.095712951555, 29046.841073807715, 24419.146183683875, 29046.841073807715
105, 30879.685194829064, 24289.61339463361, 30879.685194829064, 29089.945654160078, 24399.19709067796, 29089.945654160078
106, 30879.685194829064, 24289.61339463361, 30879.685194829064, 29099.52021511821, 24397.449418798027, 29099.52021511821
107, 31011.40664768576, 24302.712870558324, 31011.40664768576, 29119.246326068704, 24391.083157925055, 29119.246326068704
108, 31027.256918972682, 24677.14410720598, 31027.256918972682, 29164.291183359008, 24399.62748820225, 29164.291183359008
109, 31027.256918972682, 24677.14410720598, 31027.256918972682, 29155.723740287092, 24404.722025966836, 29155.723740287092
110, 31042.550323580017, 24451.144471565825, 31042.550323580017, 29197.20991639399, 24410.841085765664, 29197.20991639399
111, 31042.550323580017, 24451.144471565825, 31042.550323580017, 29157.05491462934, 24410.505020076343, 29157.05491462934
112, 31042.550323580017, 24451.144471565825, 31042.550323580017, 29216.288024119072, 24425.732320242976, 29216.288024119072
113, 31042.550323580017, 24451.144471565825, 31042.550323580017, 29215.334715139525, 24448.31557399149, 29215.334715139525
114, 31042.550323580017, 24451.144471565825, 31042.550323580017, 29251.855831984874, 24443.30715637759, 29251.855831984874
115, 31096.579269419675, 24248.562527463433, 31096.579269419675, 29288.242832264114, 24442.39995603854, 29288.242832264114
116, 31135.226514294056, 24461.0270959783, 31135.226514294056, 29305.05873542169, 24458.680121981924, 29305.05873542169
117, 31158.119216723375, 24410.94069742456, 31158.119216723375, 29208.650426144675, 24475.708779515066, 29208.650426144675
118, 31168.742584422278, 24269.837613323587, 31168.742584422278, 29289.083502487327, 24567.565413792854, 29289.083502487327
119, 31168.742584422278, 24269.837613323587, 31168.742584422278, 29317.293679754228, 24515.868163357467, 29317.293679754228
120, 31168.742584422278, 24269.837613323587, 31168.742584422278, 29333.721435892956, 24482.21947389455, 29333.721435892956
121, 31198.9345079259, 24526.639853899018, 31198.9345079259, 29294.375511733953, 24468.487321859287, 29294.375511733953
122, 31214.13983317479, 24570.261376215385, 31214.13983317479, 29353.098571239017, 24443.747767550358, 29353.098571239017
123, 31214.13983317479, 24570.261376215385, 31214.13983317479, 29326.147879510834, 24480.34967537718, 29326.147879510834
124, 31281.43283626925, 24384.8012382634, 31281.43283626925, 29360.34220254745, 24477.46526095492, 29360.34220254745
125, 31281.43283626925, 24384.8012382634, 31281.43283626925, 29381.424585768233, 24461.870510908124, 29381.424585768233
126, 31281.43283626925, 24384.8012382634, 31281.43283626925, 29350.639528410466, 24442.792170475404, 29350.639528410466
127, 31281.43283626925, 24384.8012382634, 31281.43283626925, 29404.28861723295, 24443.299358199863, 29404.28861723295
128, 31296.3530053463, 24365.711037730493, 31296.3530053463, 29414.258432376297, 24480.594637086677, 29414.258432376297
129, 31343.250511222333, 24407.08169541827, 31343.250511222333, 29422.447099439218, 24462.985782560954, 29422.447099439218
130, 31343.250511222333, 24407.08169541827, 31343.250511222333, 29410.618261302865, 24447.4932434901, 29410.618261302865
131, 31343.250511222333, 24407.08169541827, 31343.250511222333, 29429.374326313842, 24503.601281864198, 29429.374326313842
132, 31343.250511222333, 24407.08169541827, 31343.250511222333, 29427.116491316952, 24477.0294042917, 29427.116491316952
133, 31433.484457414168, 24395.64696786445, 31433.484457414168, 29454.89692607289, 24488.247697253522, 29454.89692607289
134, 31461.25616836359, 24617.910679757704, 31461.25616836359, 29442.299273210443, 24462.207381081516, 29442.299273210443
135, 31461.25616836359, 24617.910679757704, 31461.25616836359, 29489.57144931775, 24455.56004145958, 29489.57144931775
136, 31461.25616836359, 24617.910679757704, 31461.25616836359, 29468.911013793753, 24446.361221979085, 29468.911013793753
137, 31461.25616836359, 24617.910679757704, 31461.25616836359, 29516.544938890034, 24447.275390578012, 29516.544938890034
138, 31461.25616836359, 24617.910679757704, 31461.25616836359, 29480.149216012178, 24468.335465775115, 29480.149216012178
139, 31461.25616836359, 24617.910679757704, 31461.25616836359, 29508.15792474327, 24517.093376781293, 29508.15792474327
140, 31514.28931053879, 24434.992136975423, 31514.28931053879, 29539.821267056876, 24536.565259105042, 29539.821267056876
141, 31514.28931053879, 24434.992136975423, 31514.28931053879, 29560.312581720675, 24569.218142349833, 29560.312581720675
142, 31514.28931053879, 24434.992136975423, 31514.28931053879, 29586.753837697885, 24614.127039969553, 29586.753837697885
143, 31569.71761386664, 24664.73312948237, 31569.71761386664, 29597.82731709027, 24613.56614601452, 29597.82731709027
144, 31569.71761386664, 24664.73312948237, 31569.71761386664, 29598.499393511436, 24617.576925158763, 29598.499393511436
145, 31569.71761386664, 24664.73312948237, 31569.71761386664, 29554.266127572522, 24617.248457569927, 29554.266127572522
146, 31569.71761386664, 24664.73312948237, 31569.71761386664, 29603.009224212274, 24604.908137732185, 29603.009224212274
147, 31636.54817528199, 24474.65757961695, 31636.54817528199, 29582.412475502766, 24588.80077963239, 29582.412475502766
148, 31636.54817528199, 24474.65757961695, 31636.54817528199, 29632.80179608882, 24564.850762924132, 29632.80179608882
149, 31652.136375749735, 24646.081740002188, 31652.136375749735, 29628.99645012965, 24562.88405264089, 29628.99645012965
150, 31652.136375749735, 24646.081740002188, 31652.136375749735, 29633.299964227095, 24582.274015274063, 29633.299964227095
151, 31652.136375749735, 24646.081740002188, 31652.136375749735, 29637.681791825424, 24627.819960656576, 29637.681791825424
152, 31652.136375749735, 24646.081740002188, 31652.136375749735, 29615.224357860166, 24649.70723851172, 29615.224357860166
153, 31700.0695589319, 24677.602007792855, 31700.0695589319, 29638.117256929385, 24648.934501925814, 29638.117256929385
154, 31700.0695589319, 24677.602007792855, 31700.0695589319, 29681.596562467133, 24639.78949210038, 29681.596562467133
155, 31751.46870630471, 24548.655013351632, 31751.46870630471, 29700.895823439354, 24622.155650926536, 29700.895823439354
156, 31751.46870630471, 24548.655013351632, 31751.46870630471, 29697.836935286323, 24601.219928393955, 29697.836935286323
157, 31751.46870630471, 24548.655013351632, 31751.46870630471, 29725.16153121394, 24569.140837796636, 29725.16153121394
158, 31751.46870630471, 24548.655013351632, 31751.46870630471, 29760.642414848797, 24575.798245603237, 29760.642414848797
159, 31751.46870630471, 24548.655013351632, 31751.46870630471, 29681.9118671591, 24612.40758510577, 29681.9118671591
160, 31751.46870630471, 24548.655013351632, 31751.46870630471, 29710.637160408925, 24618.193383144975, 29710.637160408925
161, 31751.46870630471, 24548.655013351632, 31751.46870630471, 29687.61215247189, 24601.54858469033, 29687.61215247189
162, 31751.46870630471, 24548.655013351632, 31751.46870630471, 29703.034238031618, 24570.414690247177, 29703.034238031618
163, 31761.031851307347, 24376.37528302345, 31761.031851307347, 29747.208548683022, 24581.11416351886, 29747.208548683022
164, 31761.031851307347, 24376.37528302345, 31761.031851307347, 29733.13647992689, 24609.294684018427, 29733.13647992689
165, 31861.277705213386, 24531.828069999978, 31861.277705213386, 29724.040179100182, 24576.886217710377, 29724.040179100182
166, 31861.277705213386, 24531.828069999978, 31861.277705213386, 29822.63949246074, 24558.16925655256, 29822.63949246074
167, 31861.277705213386, 24531.828069999978, 31861.277705213386, 29802.60958567717, 24577.113414792846, 29802.60958567717
168, 31861.277705213386, 24531.828069999978, 31861.277705213386, 29808.44496352164, 24575.600038671633, 29808.44496352164
169, 31861.277705213386, 24531.828069999978, 31861.277705213386, 29733.3545401408, 24578.112827311004, 29733.3545401408
170, 31861.277705213386, 24531.828069999978, 31861.277705213386, 29783.95925556857, 24574.890028192312, 29783.95925556857
171, 31861.277705213386, 24531.828069999978, 31861.277705213386, 29768.289014293277, 24569.361452609486, 29768.289014293277
172, 31865.657121427164, 24201.705573569958, 31865.657121427164, 29813.25740024544, 24555.9784804709, 29813.25740024544
173, 31865.657121427164, 24201.705573569958, 31865.657121427164, 29772.891054464657, 24533.091537878616, 29772.891054464657
174, 31865.657121427164, 24201.705573569958, 31865.657121427164, 29769.075911989563, 24549.11692947554, 29769.075911989563
175, 31865.657121427164, 24201.705573569958, 31865.657121427164, 29881.10886136171, 24556.62012631358, 29881.10886136171
176, 31865.657121427164, 24201.705573569958, 31865.657121427164, 29824.486142290436, 24535.366380893942, 29824.486142290436
177, 31868.841615726767, 24582.324072582145, 31868.841615726767, 29832.73034827272, 24514.36445398572, 29832.73034827272
178, 31912.18136140856, 24642.11745802946, 31912.18136140856, 29852.202352442633, 24484.740097755377, 29852.202352442633
179, 31912.18136140856, 24642.11745802946, 31912.18136140856, 29820.81509060258, 24424.449163202185, 29820.81509060258
180, 31919.1921092463, 24516.8220648603, 31919.1921092463, 29831.858638068134, 24369.174249830125, 29831.858638068134
181, 31919.1921092463, 24516.8220648603, 31919.1921092463, 29880.85515574131, 24383.638282295247, 29880.85515574131
182, 31919.1921092463, 24516.8220648603, 31919.1921092463, 29831.614034787002, 24424.437979062386, 29831.614034787002
183, 31956.31442316977, 24180.558992196482, 31956.31442316977, 29816.35854483856, 24488.872904132422, 29816.35854483856
184, 31956.31442316977, 24180.558992196482, 31956.31442316977, 29875.182409542856, 24574.08558961253, 29875.182409542856
185, 31956.31442316977, 24180.558992196482, 31956.31442316977, 29874.417712326933, 24558.846785680325, 29874.417712326933
186, 31956.31442316977, 24180.558992196482, 31956.31442316977, 29882.546120239782, 24521.22762377291, 29882.546120239782
187, 31973.860442046553, 24205.948822547165, 31973.860442046553, 29835.055635782435, 24606.31927015863, 29835.055635782435
188, 32006.67172541561, 24467.358308263465, 32006.67172541561, 29941.32779434519, 24589.44702585118, 29941.32779434519
189, 32006.67172541561, 24467.358308263465, 32006.67172541561, 29938.056630004518, 24565.953257304667, 29938.056630004518
190, 32006.67172541561, 24467.358308263465, 32006.67172541561, 29859.319119054708, 24514.788973612514, 29859.319119054708
191, 32006.67172541561, 24467.358308263465, 32006.67172541561, 29932.19159478946, 24476.435826002136, 29932.19159478946
192, 32008.98873533022, 24453.323976899952, 32008.98873533022, 29879.13907170677, 24433.14408054767, 29879.13907170677
193, 32008.98873533022, 24453.323976899952, 32008.98873533022, 29948.206827346272, 24373.922744272328, 29948.206827346272
194, 32024.90562298063, 24249.51840749805, 32024.90562298063, 29921.018343913474, 24384.5897260053, 29921.018343913474
195, 32080.277799231033, 24273.2194717439, 32080.277799231033, 29968.785849999, 24433.766234232324, 29968.785849999
196, 32080.277799231033, 24273.2194717439, 32080.277799231033, 29955.226700853178, 24504.265873204597, 29955.226700853178
197, 32080.277799231033, 24273.2194717439, 32080.277799231033, 30007.84234244183, 24516.3848573855, 30007.84234244183
198, 32080.277799231033, 24273.2194717439, 32080.277799231033, 29994.784397128373, 24512.2895527135, 29994.784397128373
199, 32080.277799231033, 24273.2194717439, 32080.277799231033, 29923.605765760938, 24508.821079851044, 29923.605765760938
200, 32080.277799231033, 24273.2194717439, 32080.277799231033, 29938.902253917386, 24500.846697908975, 29938.902253917386
201, 32082.113468533706, 24492.692114194688, 32082.113468533706, 29970.495809866432, 24488.512803159538, 29970.495809866432
202, 32082.113468533706, 24492.692114194688, 32082.113468533706, 30020.0211665963, 24470.59538612715, 30020.0211665963
203, 32082.113468533706, 24492.692114194688, 32082.113468533706, 29955.005854285893, 24443.80810427802, 29955.005854285893
204, 32124.1904225026, 24397.71375573352, 32124.1904225026, 30010.74124516065, 24421.514670148077, 30010.74124516065
205, 32131.9022781751, 24464.432600955388, 32131.9022781751, 29993.584707166014, 24393.633467642958, 29993.584707166014
206, 32131.9022781751, 24464.432600955388, 32131.9022781751, 30010.826222552503, 24402.721343656525, 30010.826222552503
207, 32131.9022781751, 24464.432600955388, 32131.9022781751, 30036.949249159996, 24414.417319692107, 30036.949249159996
208, 32165.593149813532, 24307.316939704855, 32165.593149813532, 30004.49637325766, 24427.71530696792, 30004.49637325766
209, 32165.593149813532, 24307.316939704855, 32165.593149813532, 30030.836070106776, 24452.492942489134, 30030.836070106776
210, 32236.483363516923, 24393.863870758756, 32236.483363516923, 30010.60826539466, 24493.92560545498, 30010.60826539466
211, 32236.483363516923, 24393.863870758756, 32236.483363516923, 29993.45445268398, 24500.101172901544, 29993.45445268398
212, 32236.483363516923, 24393.863870758756, 32236.483363516923, 30029.555333410986, 24485.090034249042, 30029.555333410986
213, 32236.483363516923, 24393.863870758756, 32236.483363516923, 30045.028502172838, 24502.848411830462, 30045.028502172838
214, 32236.483363516923, 24393.863870758756, 32236.483363516923, 30034.2615803418, 24521.989805426532, 30034.2615803418
215, 32236.483363516923, 24393.863870758756, 32236.483363516923, 30053.56865772655, 24532.58462318588, 30053.56865772655
216, 32236.483363516923, 24393.863870758756, 32236.483363516923, 30088.201532038398, 24536.608624397377, 30088.201532038398
217, 32236.483363516923, 24393.863870758756, 32236.483363516923, 30046.487487724215, 24481.33430840502, 30046.487487724215
218, 32236.483363516923, 24393.863870758756, 32236.483363516923, 30076.516648979858, 24466.149639455823, 30076.516648979858
219, 32290.427828600463, 24409.52497053278, 32290.427828600463, 30084.966895791655, 24498.316029138678, 30084.966895791655
220, 32290.427828600463, 24409.52497053278, 32290.427828600463, 30117.900153682596, 24465.328791138385, 30117.900153682596
221, 32354.270209858503, 24686.60543271339, 32354.270209858503, 30105.674466890297, 24471.828572936294, 30105.674466890297
222, 32354.270209858503, 24686.60543271339, 32354.270209858503, 30142.951239139307, 24473.29816677107, 30142.951239139307
223, 32354.270209858503, 24686.60543271339, 32354.270209858503, 30075.62676508172, 24476.7093795595, 30075.62676508172
224, 32354.270209858503, 24686.60543271339, 32354.270209858503, 30117.797152226674, 24475.232378099034, 30117.797152226674
225, 32354.270209858503, 24686.60543271339, 32354.270209858503, 30138.03575535797, 24488.1261137825, 30138.03575535797
226, 32354.270209858503, 24686.60543271339, 32354.270209858503, 30137.992663005913, 24499.19208547128, 30137.992663005913
227, 32354.270209858503, 24686.60543271339, 32354.270209858503, 30185.591528132845, 24512.777334168873, 30185.591528132845
228, 32354.270209858503, 24686.60543271339, 32354.270209858503, 30137.083151285602, 24565.00158275262, 30137.083151285602
229, 32354.270209858503, 24686.60543271339, 32354.270209858503, 30201.63158231776, 24606.351052245358, 30201.63158231776
230, 32354.270209858503, 24686.60543271339, 32354.270209858503, 30173.89552223668, 24671.425199011974, 30173.89552223668
231, 32354.270209858503, 24686.60543271339, 32354.270209858503, 30205.94155160342, 24677.580600968566, 30205.94155160342
232, 32354.270209858503, 24686.60543271339, 32354.270209858503, 30143.418337299358, 24677.22982773003, 30143.418337299358
233, 32365.901468109456, 24507.026279708964, 32365.901468109456, 30174.106720640495, 24677.484852850448, 30174.106720640495
234, 32365.901468109456, 24507.026279708964, 32365.901468109456, 30202.105334130818, 24675.12137642473, 30202.105334130818
235, 32365.901468109456, 24507.026279708964, 32365.901468109456, 30178.42983932833, 24674.03277339054, 30178.42983932833
236, 32365.901468109456, 24507.026279708964, 32365.901468109456, 30194.385156427026, 24670.833723527958, 30194.385156427026
237, 32365.901468109456, 24507.026279708964, 32365.901468109456, 30238.969533053398, 24669.72274193218, 30238.969533053398
238, 32372.410319170856, 24628.280532343884, 32372.410319170856, 30196.251901031126, 24668.52426798467, 30196.251901031126
239, 32372.410319170856, 24628.280532343884, 32372.410319170856, 30220.849661514476, 24661.476272527976, 30220.849661514476
240, 32372.410319170856, 24628.280532343884, 32372.410319170856, 30197.8056708472, 24649.26629043893, 30197.8056708472
241, 32372.410319170856, 24628.280532343884, 32372.410319170856, 30205.976170535185, 24632.81923094578, 30205.976170535185
242, 32478.403258315448, 24524.978178306832, 32478.403258315448, 30212.242023773506, 24608.18854944213, 30212.242023773506
243, 32478.403258315448, 24524.978178306832, 32478.403258315448, 30216.657671932066, 24571.071652453593, 30216.657671932066
244, 32478.403258315448, 24524.978178306832, 32478.403258315448, 30178.956796391354, 24554.121494289084, 30178.956796391354
245, 32478.403258315448, 24524.978178306832, 32478.403258315448, 30212.574322831922, 24554.74016515217, 30212.574322831922
246, 32478.403258315448, 24524.978178306832, 32478.403258315448, 30223.407649779812, 24556.53463980131, 30223.407649779812
247, 32478.403258315448, 24524.978178306832, 32478.403258315448, 30170.344292062757, 24558.43506962968, 30170.344292062757
248, 32478.403258315448, 24524.978178306832, 32478.403258315448, 30195.20846658712, 24559.897017997344, 30195.20846658712
249, 32478.403258315448, 24524.978178306832, 32478.403258315448, 30211.721539996062, 24564.22571765406, 30211.721539996062
250, 32478.403258315448, 24524.978178306832, 32478.403258315448, 30219.76176696077, 24536.549743752144, 30219.76176696077
251, 32478.403258315448, 24524.978178306832, 32478.403258315448, 30244.422485923467, 24480.378971385973, 30244.422485923467
252, 32489.06029647892, 24680.49694088365, 32489.06029647892, 30284.79369271479, 24488.43347121474, 30284.79369271479
253, 32489.06029647892, 24680.49694088365, 32489.06029647892, 30288.292396537545, 24500.793398547317, 30288.292396537545
254, 32489.06029647892, 24680.49694088365, 32489.06029647892, 30236.669781716857, 24536.81301675433, 30236.669781716857
255, 32489.06029647892, 24680.49694088365, 32489.06029647892, 30283.14187724085, 24545.89859629435, 30283.14187724085
256, 32489.06029647892, 24680.49694088365, 32489.06029647892, 30261.488012832284, 24564.17424702343, 30261.488012832284
257, 32499.212875223973, 24671.28172221371, 32499.212875223973, 30327.083960727334, 24581.055989742363, 30327.083960727334
258, 32499.212875223973, 24671.28172221371, 32499.212875223973, 30311.851115829646, 24589.186823863365, 30311.851115829646
259, 32499.212875223973, 24671.28172221371, 32499.212875223973, 30301.88267351664, 24601.815730165927, 30301.88267351664
260, 32499.212875223973, 24671.28172221371, 32499.212875223973, 30273.49784057035, 24619.37722761781, 30273.49784057035
261, 32499.212875223973, 24671.28172221371, 32499.212875223973, 30312.86550700909, 24654.107763870314, 30312.86550700909
262, 32499.212875223973, 24671.28172221371, 32499.212875223973, 30244.62621193737, 24672.980102389003, 30244.62621193737
263, 32499.212875223973, 24671.28172221371, 32499.212875223973, 30257.413083075284, 24673.15909476621, 30257.413083075284
264, 32499.212875223973, 24671.28172221371, 32499.212875223973, 30303.144698192416, 24671.39124390031, 30303.144698192416
265, 32499.212875223973, 24671.28172221371, 32499.212875223973, 30335.613479490377, 24671.3669159745, 30335.613479490377
266, 32501.42492518619, 24571.307973520175, 32501.42492518619, 30341.200302534486, 24671.61268166943, 30341.200302534486
267, 32501.42492518619, 24571.307973520175, 32501.42492518619, 30318.358469550687, 24667.919759042034, 30318.358469550687
268, 32501.42492518619, 24571.307973520175, 32501.42492518619, 30327.61081783781, 24663.609467300583, 30327.61081783781
269, 32526.222469037086, 24654.511356338007, 32526.222469037086, 30299.807290443467, 24661.02146934662, 30299.807290443467
270, 32526.222469037086, 24654.511356338007, 32526.222469037086, 30306.02304399624, 24658.217855584673, 30306.02304399624
271, 32534.629811690374, 24566.392134197642, 32534.629811690374, 30289.439506512015, 24654.960261880326, 30289.439506512015
272, 32534.629811690374, 24566.392134197642, 32534.629811690374, 30269.89911629728, 24644.8353514197, 30269.89911629728
273, 32534.629811690374, 24566.392134197642, 32534.629811690374, 30315.66297291921, 24634.481295778667, 30315.66297291921
274, 32534.629811690374, 24566.392134197642, 32534.629811690374, 30289.038867122028, 24612.711915834312, 30289.038867122028
275, 32534.629811690374, 24566.392134197642, 32534.629811690374, 30302.543981943196, 24597.876959700086, 30302.543981943196
276, 32534.629811690374, 24566.392134197642, 32534.629811690374, 30296.757178036663, 24599.796149351663, 30296.757178036663
277, 32539.28875532822, 24681.689281200368, 32539.28875532822, 30316.45648199903, 24602.91004180413, 30316.45648199903
278, 32543.9951415339, 24625.682192121083, 32543.9951415339, 30302.830969241608, 24606.97797948835, 30302.830969241608
279, 32543.9951415339, 24625.682192121083, 32543.9951415339, 30319.790075726254, 24614.642067105942, 30319.790075726254
280, 32543.9951415339, 24625.682192121083, 32543.9951415339, 30285.74838707834, 24625.434098946484, 30285.74838707834
281, 32543.9951415339, 24625.682192121083, 32543.9951415339, 30351.9153456341, 24633.665636866666, 30351.9153456341
282, 32543.9951415339, 24625.682192121083, 32543.9951415339, 30313.10433968667, 24636.264030169918, 30313.10433968667
283, 32543.9951415339, 24625.682192121083, 32543.9951415339, 30333.125685118826, 24621.491040966735, 30333.125685118826
284, 32543.9951415339, 24625.682192121083, 32543.9951415339, 30297.012681670058, 24631.078440830566, 30297.012681670058
285, 32543.9951415339, 24625.682192121083, 32543.9951415339, 30310.70265195389, 24653.836331063267, 30310.70265195389
286, 32543.9951415339, 24625.682192121083, 32543.9951415339, 30343.047485994528, 24662.21877178546, 30343.047485994528
287, 32564.655379595733, 24547.279332046928, 32564.655379595733, 30306.327898043917, 24654.988544205436, 30306.327898043917
288, 32564.655379595733, 24547.279332046928, 32564.655379595733, 30312.333159441954, 24646.957770107016, 30312.333159441954
289, 32564.655379595733, 24547.279332046928, 32564.655379595733, 30335.089777035322, 24633.29925505812, 30335.089777035322
290, 32564.655379595733, 24547.279332046928, 32564.655379595733, 30297.60873512554, 24631.588503655614, 30297.60873512554
291, 32564.655379595733, 24547.279332046928, 32564.655379595733, 30367.644104806703, 24629.724338184697, 30367.644104806703
292, 32564.655379595733, 24547.279332046928, 32564.655379595733, 30351.998204136762, 24627.24730395765, 30351.998204136762
293, 32564.655379595733, 24547.279332046928, 32564.655379595733, 30360.21518484768, 24623.769161603264, 30360.21518484768
294, 32564.655379595733, 24547.279332046928, 32564.655379595733, 30325.651633294354, 24619.122360690748, 30325.651633294354
295, 32564.655379595733, 24547.279332046928, 32564.655379595733, 30311.596101404102, 24606.491782281544, 30311.596101404102
296, 32564.655379595733, 24547.279332046928, 32564.655379595733, 30338.231721493194, 24584.33342354424, 30338.231721493194
297, 32622.69886426894, 24565.906111971337, 32622.69886426894, 30334.372665903113, 24579.732428023155, 30334.372665903113
298, 32622.69886426894, 24565.906111971337, 32622.69886426894, 30336.088573890593, 24579.74948237346, 30336.088573890593
299, 32640.45106981807, 24645.96450945418, 32640.45106981807, 30325.961587706828, 24580.821366589622, 30325.961587706828
300, 32640.45106981807, 24645.96450945418, 32640.45106981807, 30359.747347894412, 24579.57889441857, 30359.747347894412
301, 32640.45106981807, 24645.96450945418, 32640.45106981807, 30313.803532377617, 24579.53390952966, 30313.803532377617
302, 32640.45106981807, 24645.96450945418, 32640.45106981807, 30299.48386290872, 24579.59873034677, 30299.48386290872
303, 32640.45106981807, 24645.96450945418, 32640.45106981807, 30374.763967990493, 24581.869431451923, 30374.763967990493
304, 32640.45106981807, 24645.96450945418, 32640.45106981807, 30370.11328869859, 24577.811341771994, 30370.11328869859
305, 32640.45106981807, 24645.96450945418, 32640.45106981807, 30329.567988223513, 24579.613824558997, 30329.567988223513
306, 32640.45106981807, 24645.96450945418, 32640.45106981807, 30423.658871849886, 24600.88011117346, 30423.658871849886
307, 32700.8278518385, 24679.727342593782, 32700.8278518385, 30377.106194706732, 24608.527612814225, 30377.106194706732
308, 32700.8278518385, 24679.727342593782, 32700.8278518385, 30431.201346440954, 24617.876416138533, 30431.201346440954
309, 32700.8278518385, 24679.727342593782, 32700.8278518385, 30398.020098796253, 24627.40096726016, 30398.020098796253
310, 32700.8278518385, 24679.727342593782, 32700.8278518385, 30408.339250546916, 24641.943156233505, 30408.339250546916
311, 32700.8278518385, 24679.727342593782, 32700.8278518385, 30430.96108024504, 24644.56395766689, 30430.96108024504
312, 32700.8278518385, 24679.727342593782, 32700.8278518385, 30387.31741775251, 24643.24363765708, 30387.31741775251
313, 32700.8278518385, 24679.727342593782, 32700.8278518385, 30346.792386689744, 24640.30596299089, 30346.792386689744
314, 32700.8278518385, 24679.727342593782, 32700.8278518385, 30432.920353626265, 24631.93156200517, 30432.920353626265
315, 32700.8278518385, 24679.727342593782, 32700.8278518385, 30407.673720285195, 24618.068507312437, 30407.673720285195
316, 32752.419972804313, 24676.72127715338, 32752.419972804313, 30437.61423299596, 24618.459490373716, 30437.61423299596
317, 32752.419972804313, 24676.72127715338, 32752.419972804313, 30432.64664671738, 24621.477567195278, 30432.64664671738
318, 32752.419972804313, 24676.72127715338, 32752.419972804313, 30433.900132448984, 24625.49550733594, 30433.900132448984
319, 32752.419972804313, 24676.72127715338, 32752.419972804313, 30431.361625301965, 24635.04801611267, 30431.361625301965
320, 32752.419972804313, 24676.72127715338, 32752.419972804313, 30432.162753157547, 24647.854106402378, 30432.162753157547
321, 32752.419972804313, 24676.72127715338, 32752.419972804313, 30458.08363641532, 24671.917655265825, 30458.08363641532
322, 32752.419972804313, 24676.72127715338, 32752.419972804313, 30425.16195932857, 24673.32491013829, 30425.16195932857
323, 32752.419972804313, 24676.72127715338, 32752.419972804313, 30460.9305907733, 24671.754794997523, 30460.9305907733
324, 32752.419972804313, 24676.72127715338, 32752.419972804313, 30454.421312930368, 24672.62338349927, 30454.421312930368
325, 32752.419972804313, 24676.72127715338, 32752.419972804313, 30457.07797357032, 24672.743540783544, 30457.07797357032
326, 32752.419972804313, 24676.72127715338, 32752.419972804313, 30447.014507393018, 24672.84954979395, 30447.014507393018
327, 32752.419972804313, 24676.72127715338, 32752.419972804313, 30457.776649581072, 24670.979936631844, 30457.776649581072
328, 32770.1200924352, 24627.86736455488, 32770.1200924352, 30479.839084189574, 24670.70658654726, 30479.839084189574
329, 32770.1200924352, 24627.86736455488, 32770.1200924352, 30521.433231053365, 24669.729130093627, 30521.433231053365
330, 32770.1200924352, 24627.86736455488, 32770.1200924352, 30443.963054699692, 24668.67360343611, 30443.963054699692
331, 32770.1200924352, 24627.86736455488, 32770.1200924352, 30509.683289312095, 24670.859167091534, 30509.683289312095
332, 32774.05766065444, 24682.478107194114, 32774.05766065444, 30477.194287021426, 24668.111066393587, 30477.194287021426
333, 32774.05766065444, 24682.478107194114, 32774.05766065444, 30535.906791406844, 24668.02990100811, 30535.906791406844
334, 32774.05766065444, 24682.478107194114, 32774.05766065444, 30489.75071672696, 24667.036197021967, 30489.75071672696
335, 32810.780517097286, 24452.08226202149, 32810.780517097286, 30476.11534776126, 24665.46112277217, 30476.11534776126
336, 32810.780517097286, 24452.08226202149, 32810.780517097286, 30478.75438769897, 24663.218174242753, 30478.75438769897
337, 32810.780517097286, 24452.08226202149, 32810.780517097286, 30490.469016169132, 24659.984060901286, 30490.469016169132
338, 32810.780517097286, 24452.08226202149, 32810.780517097286, 30481.822150569777, 24655.121331770737, 30481.822150569777
339, 32810.780517097286, 24452.08226202149, 32810.780517097286, 30512.63271212699, 24645.192224019724, 30512.63271212699
340, 32810.93637484233, 24553.043483240745, 32810.93637484233, 30481.65214057614, 24639.996764940945, 30481.65214057614
341, 32810.93637484233, 24553.043483240745, 32810.93637484233, 30490.246726137484, 24641.93193934903, 30490.246726137484
342, 32810.93637484233, 24553.043483240745, 32810.93637484233, 30482.42505427273, 24649.062677536924, 30482.42505427273
343, 32810.93637484233, 24553.043483240745, 32810.93637484233, 30482.7257427497, 24656.969340028907, 30482.7257427497
344, 32810.93637484233, 24553.043483240745, 32810.93637484233, 30488.794995191824, 24654.284319223956, 30488.794995191824
345, 32810.93637484233, 24553.043483240745, 32810.93637484233, 30525.00758795667, 24636.749312177795, 30525.00758795667
346, 32810.93637484233, 24553.043483240745, 32810.93637484233, 30496.281626121723, 24605.35086325746, 30496.281626121723
347, 32810.93637484233, 24553.043483240745, 32810.93637484233, 30508.835453122705, 24575.787537893462, 30508.835453122705
348, 32810.93637484233, 24553.043483240745, 32810.93637484233, 30527.0381070672, 24525.355179674894, 30527.0381070672
349, 32810.93637484233, 24553.043483240745, 32810.93637484233, 30499.412493235053, 24532.91782465457, 30499.412493235053
350, 32841.49275293002, 24443.99722913537, 32841.49275293002, 30521.706799983414, 24546.564066121882, 30521.706799983414
351, 32841.49275293002, 24443.99722913537, 32841.49275293002, 30514.610690882066, 24569.730925048352, 30514.610690882066
352, 32841.49275293002, 24443.99722913537, 32841.49275293002, 30519.16176768806, 24579.431363796033, 30519.16176768806
353, 32841.49275293002, 24443.99722913537, 32841.49275293002, 30516.39939900246, 24579.777291868515, 30516.39939900246
354, 32841.49275293002, 24443.99722913537, 32841.49275293002, 30536.57047651167, 24577.12398528969, 30536.57047651167
355, 32945.915499785995, 24673.441958599986, 32945.915499785995, 30530.601597197834, 24573.37247975521, 30530.601597197834
356, 32945.915499785995, 24673.441958599986, 32945.915499785995, 30501.74143684824, 24566.55572602782, 30501.74143684824
357, 32945.915499785995, 24673.441958599986, 32945.915499785995, 30530.545656683207, 24558.513706822167, 30530.545656683207
358, 32945.915499785995, 24673.441958599986, 32945.915499785995, 30558.410064192525, 24540.102130985157, 30558.410064192525
359, 32945.915499785995, 24673.441958599986, 32945.915499785995, 30596.838546774627, 24521.915729993034, 30596.838546774627
360, 32945.915499785995, 24673.441958599986, 32945.915499785995, 30520.791457090258, 24539.68496770982, 30520.791457090258
361, 32945.915499785995, 24673.441958599986, 32945.915499785995, 30559.515087594427, 24563.509483494465, 30559.515087594427
362, 32945.915499785995, 24673.441958599986, 32945.915499785995, 30544.290546522145, 24603.387718492835, 30544.290546522145
363, 32945.915499785995, 24673.441958599986, 32945.915499785995, 30611.62471703157, 24644.86091453169, 30611.62471703157
364, 32947.20639447524, 24621.919079892825, 32947.20639447524, 30620.91451628164, 24652.72843277025, 30620.91451628164
365, 32947.20639447524, 24621.919079892825, 32947.20639447524, 30656.52817867474, 24668.164692317125, 30656.52817867474
366, 32947.20639447524, 24621.919079892825, 32947.20639447524, 30587.506828729616, 24667.103161223593, 30587.506828729616
367, 32947.20639447524, 24621.919079892825, 32947.20639447524, 30607.634378585648, 24667.28848250358, 30607.634378585648
368, 32947.20639447524, 24621.919079892825, 32947.20639447524, 30589.158673303944, 24665.847796239086, 30589.158673303944
369, 32947.20639447524, 24621.919079892825, 32947.20639447524, 30591.630771679593, 24664.09682231485, 30591.630771679593
370, 32947.20639447524, 24621.919079892825, 32947.20639447524, 30654.499215233383, 24664.228568014838, 30654.499215233383
371, 32947.20639447524, 24621.919079892825, 32947.20639447524, 30648.949381583516, 24662.826274011015, 30648.949381583516
372, 32965.96039550037, 24621.446929973143, 32965.96039550037, 30653.50385918475, 24659.43847499651, 30653.50385918475
373, 32965.96039550037, 24621.446929973143, 32965.96039550037, 30656.82860584071, 24654.65109712995, 30656.82860584071
374, 32965.96039550037, 24621.446929973143, 32965.96039550037, 30645.48330839748, 24646.622801645957, 30645.48330839748
375, 32965.96039550037, 24621.446929973143, 32965.96039550037, 30552.233596453563, 24634.9409956867, 30552.233596453563
376, 32965.96039550037, 24621.446929973143, 32965.96039550037, 30592.059083627275, 24632.181472435266, 30592.059083627275
377, 32965.96039550037, 24621.446929973143, 32965.96039550037, 30541.10865355265, 24633.482443206063, 30541.10865355265
378, 32965.96039550037, 24621.446929973143, 32965.96039550037, 30582.3865291078, 24632.03835545374, 30582.3865291078
379, 32965.96039550037, 24621.446929973143, 32965.96039550037, 30600.96648181429, 24631.761480939036, 30600.96648181429
380, 32965.96039550037, 24621.446929973143, 32965.96039550037, 30624.587341105664, 24632.968508422968, 30624.587341105664
381, 32965.96039550037, 24621.446929973143, 32965.96039550037, 30656.350916871266, 24631.263690041247, 30656.350916871266
382, 32965.96039550037, 24621.446929973143, 32965.96039550037, 30559.472500816202, 24630.777922791247, 30559.472500816202
383, 32965.96039550037, 24621.446929973143, 32965.96039550037, 30611.893097337568, 24632.173487544653, 30611.893097337568
384, 32965.96039550037, 24621.446929973143, 32965.96039550037, 30608.43426532659, 24632.54447339954, 30608.43426532659
385, 32965.96039550037, 24621.446929973143, 32965.96039550037, 30618.057038045732, 24631.109221708924, 30618.057038045732
386, 32965.96039550037, 24621.446929973143, 32965.96039550037, 30583.386141793853, 24632.22715699986, 30583.386141793853
387, 32965.96039550037, 24621.446929973143, 32965.96039550037, 30607.661519481146, 24630.623711300792, 30607.661519481146
388, 32965.96039550037, 24621.446929973143, 32965.96039550037, 30571.100744999232, 24630.9100311634, 30571.100744999232
389, 32982.10940943225, 24621.215537869994, 32982.10940943225, 30597.334350698817, 24632.854040014663, 30597.334350698817
390, 32982.10940943225, 24621.215537869994, 32982.10940943225, 30568.42946305721, 24632.85432258684, 30568.42946305721
391, 32982.10940943225, 24621.215537869994, 32982.10940943225, 30664.387702256943, 24631.722938720948, 30664.387702256943
392, 32982.10940943225, 24621.215537869994, 32982.10940943225, 30623.68072837573, 24632.990479774893, 30623.68072837573
393, 32982.10940943225, 24621.215537869994, 32982.10940943225, 30669.58142756474, 24634.4307865387, 30669.58142756474
394, 32982.10940943225, 24621.215537869994, 32982.10940943225, 30645.987170547665, 24636.6459804237, 30645.987170547665
395, 32982.10940943225, 24621.215537869994, 32982.10940943225, 30595.67607334525, 24638.361093587257, 30595.67607334525
396, 32982.10940943225, 24621.215537869994, 32982.10940943225, 30590.906408170966, 24638.96208318027, 30590.906408170966
397, 32982.10940943225, 24621.215537869994, 32982.10940943225, 30624.27984126735, 24646.081314624476, 30624.27984126735
398, 32982.10940943225, 24621.215537869994, 32982.10940943225, 30651.43478188679, 24655.831877890058, 30651.43478188679
399, 32982.10940943225, 24621.215537869994, 32982.10940943225, 30632.97306514255, 24662.930517757544, 30632.97306514255
400, 32982.10940943225, 24621.215537869994, 32982.10940943225, 30656.277134002583, 24659.798849782048, 30656.277134002583
401, 32982.10940943225, 24621.215537869994, 32982.10940943225, 30593.04419857631, 24652.49152292779, 30593.04419857631
402, 32982.10940943225, 24621.215537869994, 32982.10940943225, 30701.137269825227, 24646.19332180623, 30701.137269825227
403, 33038.4033446051, 24579.233563696573, 33038.4033446051, 30678.833472252685, 24630.937115884888, 30678.833472252685
404, 33038.4033446051, 24579.233563696573, 33038.4033446051, 30643.350235802118, 24631.231619600352, 30643.350235802118
405, 33038.4033446051, 24579.233563696573, 33038.4033446051, 30637.943892574916, 24632.3096989633, 30637.943892574916
406, 33038.4033446051, 24579.233563696573, 33038.4033446051, 30613.705267410896, 24631.265091048223, 30613.705267410896
407, 33038.4033446051, 24579.233563696573, 33038.4033446051, 30627.710570639432, 24630.507244609664, 30627.710570639432
408, 33038.4033446051, 24579.233563696573, 33038.4033446051, 30627.82209169151, 24630.97767687057, 30627.82209169151
409, 33038.4033446051, 24579.233563696573, 33038.4033446051, 30597.99901378303, 24630.100327734126, 30597.99901378303
410, 33038.4033446051, 24579.233563696573, 33038.4033446051, 30627.54814734139, 24630.03694591812, 30627.54814734139
411, 33038.4033446051, 24579.233563696573, 33038.4033446051, 30661.38895854612, 24629.249443495857, 30661.38895854612
412, 33038.4033446051, 24579.233563696573, 33038.4033446051, 30664.6260654628, 24627.424268282935, 30664.6260654628
413, 33038.4033446051, 24579.233563696573, 33038.4033446051, 30652.004356357633, 24624.15550740537, 30652.004356357633
414, 33038.4033446051, 24579.233563696573, 33038.4033446051, 30647.534136009603, 24617.82646050412, 30647.534136009603
415, 33038.4033446051, 24579.233563696573, 33038.4033446051, 30670.401461419046, 24607.367871754384, 30670.401461419046
416, 33038.4033446051, 24579.233563696573, 33038.4033446051, 30698.295240911277, 24598.949266979747, 30698.295240911277
417, 33038.4033446051, 24579.233563696573, 33038.4033446051, 30695.577268589856, 24603.15123875778, 30695.577268589856
418, 33038.4033446051, 24579.233563696573, 33038.4033446051, 30696.26165773319, 24603.65977000651, 30696.26165773319
419, 33038.4033446051, 24579.233563696573, 33038.4033446051, 30698.74422248056, 24604.249726870483, 30698.74422248056
420, 33038.4033446051, 24579.233563696573, 33038.4033446051, 30662.07108087059, 24603.39402136418, 30662.07108087059
421, 33038.4033446051, 24579.233563696573, 33038.4033446051, 30684.869139236413, 24602.739515137244, 30684.869139236413
422, 33100.245653677644, 24574.30953743142, 33100.245653677644, 30677.50568019825, 24603.32045931444, 30677.50568019825
423, 33100.245653677644, 24574.30953743142, 33100.245653677644, 30698.4756368303, 24601.839882404925, 30698.4756368303
424, 33126.93827955264, 24422.465337090183, 33126.93827955264, 30675.689077551342, 24601.378276098516, 30675.689077551342
425, 33126.93827955264, 24422.465337090183, 33126.93827955264, 30675.823197365586, 24600.657451963252, 30675.823197365586
426, 33126.93827955264, 24422.465337090183, 33126.93827955264, 30754.978002063985, 24600.314230960113, 30754.978002063985
427, 33126.93827955264, 24422.465337090183, 33126.93827955264, 30696.91640324177, 24599.553563063404, 30696.91640324177
428, 33126.93827955264, 24422.465337090183, 33126.93827955264, 30637.319062393974, 24594.873914019157, 30637.319062393974
429, 33126.93827955264, 24422.465337090183, 33126.93827955264, 30661.48496786791, 24593.929006462018, 30661.48496786791
430, 33126.93827955264, 24422.465337090183, 33126.93827955264, 30722.749561404526, 24588.15347966054, 30722.749561404526
431, 33126.93827955264, 24422.465337090183, 33126.93827955264, 30688.3491939964, 24578.560727733224, 30688.3491939964
432, 33126.93827955264, 24422.465337090183, 33126.93827955264, 30695.758359935102, 24563.43277316326, 30695.758359935102
433, 33126.93827955264, 24422.465337090183, 33126.93827955264, 30725.454599396446, 24546.392822806603, 30725.454599396446
434, 33126.93827955264, 24422.465337090183, 33126.93827955264, 30739.92801718323, 24522.268975419905, 30739.92801718323
435, 33162.16040077082, 24529.056744963313, 33162.16040077082, 30744.95648254342, 24494.44802979782, 30744.95648254342
436, 33230.421815281086, 24443.80695610044, 33230.421815281086, 30704.11798520058, 24494.317210443285, 30704.11798520058
437, 33230.421815281086, 24443.80695610044, 33230.421815281086, 30726.776946542108, 24494.88817832869, 30726.776946542108
438, 33230.421815281086, 24443.80695610044, 33230.421815281086, 30767.2023668943, 24494.126758718907, 30767.2023668943
439, 33230.421815281086, 24443.80695610044, 33230.421815281086, 30755.01090439538, 24494.362996957178, 30755.01090439538
440, 33230.421815281086, 24443.80695610044, 33230.421815281086, 30733.182831482798, 24496.0954510239, 30733.182831482798
441, 33230.421815281086, 24443.80695610044, 33230.421815281086, 30752.282190123584, 24495.15949078773, 30752.282190123584
442, 33230.421815281086, 24443.80695610044, 33230.421815281086, 30709.455867596374, 24496.17784798668, 30709.455867596374
443, 33230.421815281086, 24443.80695610044, 33230.421815281086, 30735.549751803363, 24501.11104145648, 30735.549751803363
444, 33230.421815281086, 24443.80695610044, 33230.421815281086, 30765.20441705552, 24502.49161079669, 30765.20441705552
445, 33230.421815281086, 24443.80695610044, 33230.421815281086, 30808.561492876805, 24509.0034340077, 30808.561492876805
446, 33247.87347909628, 24387.58283937175, 33247.87347909628, 30780.16791790168, 24511.08940025926, 30780.16791790168
447, 33247.87347909628, 24387.58283937175, 33247.87347909628, 30813.617610464484, 24505.16592773121, 30813.617610464484
448, 33247.87347909628, 24387.58283937175, 33247.87347909628, 30831.188080604144, 24509.255901853056, 30831.188080604144
449, 33247.87347909628, 24387.58283937175, 33247.87347909628, 30784.750238684283, 24507.32162843137, 30784.750238684283
450, 33247.87347909628, 24387.58283937175, 33247.87347909628, 30799.228401664048, 24507.651222312357, 30799.228401664048
451, 33274.64359568652, 24351.146646693545, 33274.64359568652, 30811.442461329534, 24507.27749625476, 30811.442461329534
452, 33274.64359568652, 24351.146646693545, 33274.64359568652, 30782.310004922347, 24507.195092257265, 30782.310004922347
453, 33274.64359568652, 24351.146646693545, 33274.64359568652, 30773.225263628698, 24508.3786319282, 30773.225263628698
454, 33274.64359568652, 24351.146646693545, 33274.64359568652, 30845.58627151074, 24507.26604843618, 30845.58627151074
455, 33274.64359568652, 24351.146646693545, 33274.64359568652, 30838.931991221518, 24509.132347397626, 30838.931991221518
456, 33274.64359568652, 24351.146646693545, 33274.64359568652, 30806.104639140394, 24508.243706465073, 30806.104639140394
457, 33274.64359568652, 24351.146646693545, 33274.64359568652, 30792.474577980312, 24509.360160434208, 30792.474577980312
458, 33274.64359568652, 24351.146646693545, 33274.64359568652, 30811.030900767833, 24512.2594606829, 30811.030900767833
459, 33274.64359568652, 24351.146646693545, 33274.64359568652, 30835.532391959037, 24514.55128889424, 30835.532391959037
460, 33274.64359568652, 24351.146646693545, 33274.64359568652, 30829.236660212515, 24520.261065852268, 30829.236660212515
461, 33274.64359568652, 24351.146646693545, 33274.64359568652, 30812.954021085043, 24494.08188127725, 30812.954021085043
462, 33274.64359568652, 24351.146646693545, 33274.64359568652, 30814.187773400423, 24467.36489765911, 30814.187773400423
463, 33274.64359568652, 24351.146646693545, 33274.64359568652, 30855.03393065916, 24471.19457636111, 30855.03393065916
464, 33274.64359568652, 24351.146646693545, 33274.64359568652, 30805.540611981196, 24468.789924988163, 30805.540611981196
465, 33274.64359568652, 24351.146646693545, 33274.64359568652, 30818.908713777462, 24467.565194575167, 30818.908713777462
466, 33274.64359568652, 24351.146646693545, 33274.64359568652, 30834.051354990002, 24471.786771184925, 30834.051354990002
467, 33274.64359568652, 24351.146646693545, 33274.64359568652, 30839.357088124645, 24470.62769542126, 30839.357088124645
468, 33274.64359568652, 24351.146646693545, 33274.64359568652, 30807.444812950707, 24442.38503170444, 30807.444812950707
469, 33274.64359568652, 24351.146646693545, 33274.64359568652, 30803.07002615267, 24442.230512244678, 30803.07002615267
470, 33274.64359568652, 24351.146646693545, 33274.64359568652, 30869.665861644702, 24442.091622123633, 30869.665861644702
471, 33274.64359568652, 24351.146646693545, 33274.64359568652, 30873.48198067498, 24443.628780411662, 30873.48198067498
472, 33274.64359568652, 24351.146646693545, 33274.64359568652, 30827.731627554494, 24443.82661749334, 30827.731627554494
473, 33274.64359568652, 24351.146646693545, 33274.64359568652, 30866.337618442154, 24442.23378176613, 30866.337618442154
474, 33292.31344687608, 24546.53287009115, 33292.31344687608, 30855.189449118017, 24442.84750968964, 30855.189449118017
475, 33292.31344687608, 24546.53287009115, 33292.31344687608, 30858.312768843418, 24442.67638568345, 30858.312768843418
476, 33292.31344687608, 24546.53287009115, 33292.31344687608, 30855.575026299382, 24444.98569752385, 30855.575026299382
477, 33292.31344687608, 24546.53287009115, 33292.31344687608, 30838.55845832485, 24451.56231450641, 30838.55845832485
478, 33292.31344687608, 24546.53287009115, 33292.31344687608, 30850.804261520923, 24458.628137822514, 30850.804261520923
479, 33292.31344687608, 24546.53287009115, 33292.31344687608, 30876.088406399107, 24466.77071829275, 30876.088406399107
480, 33292.31344687608, 24546.53287009115, 33292.31344687608, 30864.599622344784, 24482.48820686162, 30864.599622344784
481, 33292.31344687608, 24546.53287009115, 33292.31344687608, 30847.865073871413, 24506.04941133758, 30847.865073871413
482, 33292.31344687608, 24546.53287009115, 33292.31344687608, 30878.63844388302, 24534.54071988629, 30878.63844388302
483, 33303.832897407774, 24466.71526640225, 33303.832897407774, 30862.68380159847, 24579.663047096987, 30862.68380159847
484, 33303.832897407774, 24466.71526640225, 33303.832897407774, 30855.101736100853, 24579.49779748827, 30855.101736100853
485, 33303.832897407774, 24466.71526640225, 33303.832897407774, 30880.465870798485, 24579.901193898277, 30880.465870798485
486, 33303.832897407774, 24466.71526640225, 33303.832897407774, 30872.72985802445, 24577.046719696427, 30872.72985802445
487, 33303.832897407774, 24466.71526640225, 33303.832897407774, 30881.475002454743, 24578.629631841806, 30881.475002454743
488, 33303.832897407774, 24466.71526640225, 33303.832897407774, 30859.092048660783, 24578.427474532415, 30859.092048660783
489, 33303.832897407774, 24466.71526640225, 33303.832897407774, 30843.368830107232, 24575.981041128154, 30843.368830107232
490, 33303.832897407774, 24466.71526640225, 33303.832897407774, 30818.257275728687, 24576.312832590906, 30818.257275728687
491, 33303.832897407774, 24466.71526640225, 33303.832897407774, 30837.360870994424, 24573.101864457025, 30837.360870994424
492, 33303.832897407774, 24466.71526640225, 33303.832897407774, 30839.906870563165, 24569.760140940994, 30839.906870563165
493, 33303.832897407774, 24466.71526640225, 33303.832897407774, 30850.95874184512, 24562.22945893438, 30850.95874184512
494, 33303.832897407774, 24466.71526640225, 33303.832897407774, 30857.269215502947, 24550.870128778824, 30857.269215502947
495, 33303.832897407774, 24466.71526640225, 33303.832897407774, 30832.71322303553, 24534.378063398584, 30832.71322303553
496, 33303.832897407774, 24466.71526640225, 33303.832897407774, 30888.413622469856, 24524.466320367246, 30888.413622469856
497, 33303.832897407774, 24466.71526640225, 33303.832897407774, 30848.043420060356, 24523.28989313746, 30848.043420060356
498, 33315.89992574235, 24594.965262617672, 33315.89992574235, 30853.30162860059, 24524.905141169, 30853.30162860059
499, 33315.89992574235, 24594.965262617672, 33315.89992574235, 30855.14271570934, 24523.904859430633, 30855.14271570934
500, 33315.89992574235, 24594.965262617672, 33315.89992574235, 30861.02846083372, 24527.242804803805, 30861.02846083372
