1, 27060.07425301294, 24684.60553919615, 27060.07425301294, 25106.300457219317, 24657.226200128207, 25106.300457219317
2, 27060.07425301294, 24684.60553919615, 27060.07425301294, 25597.181221517814, 24632.99782680586, 25597.181221517814
3, 27060.07425301294, 24684.60553919615, 27060.07425301294, 25899.190871067865, 24605.79986803023, 25899.190871067865
4, 27060.07425301294, 24684.60553919615, 27060.07425301294, 26146.488721152586, 24579.51107401973, 26146.488721152586
5, 27060.07425301294, 24684.60553919615, 27060.07425301294, 26355.56816174215, 24567.353471510556, 26355.56816174215
6, 27305.64666871225, 24484.276187409796, 27305.64666871225, 26563.028783841444, 24553.03936326221, 26563.028783841444
7, 27305.64666871225, 24484.276187409796, 27305.64666871225, 26729.66019383387, 24530.862277879427, 26729.66019383387
8, 27403.424015089717, 24382.151636402647, 27403.424015089717, 26885.384360559798, 24482.73624672603, 26885.384360559798
9, 27642.459314368298, 24522.44482718145, 27642.459314368298, 27029.273266420772, 24474.496881216437, 27029.273266420772
10, 27662.81934597525, 24444.35314066847, 27662.81934597525, 27156.615982839183, 24469.479252193305, 27156.615982839183
11, 27662.81934597525, 24444.35314066847, 27662.81934597525, 27275.33546561918, 24425.029634301016, 27275.33546561918
12, 27702.995469354937, 24452.009653028133, 27702.995469354937, 27377.15425176624, 24426.24589989673, 27377.15425176624
13, 27808.087061486407, 24439.557860331017, 27808.087061486407, 27460.22692346285, 24401.23473240111, 27460.22692346285
14, 27924.853604935557, 24127.96574398208, 27924.853604935557, 27541.1692680477, 24373.084181560953, 27541.1692680477
15, 27924.853604935557, 24127.96574398208, 27924.853604935557, 27609.932339357467, 24378.538330052244, 27609.932339357467
16, 28044.911567040243, 24538.564812679328, 28044.911567040243, 27675.496781230573, 24370.750289575695, 27675.496781230573
17, 28044.911567040243, 24538.564812679328, 28044.911567040243, 27731.99732120578, 24410.18150062994, 27731.99732120578
18, 28161.839232675713, 24401.697602467964, 28161.839232675713, 27800.71623248976, 24397.596811542157, 27800.71623248976
19, 28301.07588333982, 24351.858250587757, 28301.07588333982, 27871.201350925086, 24371.087145073434, 27871.201350925086
20, 28342.33569567165, 24012.24175275852, 28342.33569567165, 27939.827890317076, 24320.138363471382, 27939.827890317076
21, 28342.33569567165, 24012.24175275852, 28342.33569567165, 28006.005595178165, 24293.66400572844, 28006.005595178165
22, 28342.33569567165, 24012.24175275852, 28342.33569567165, 28057.889883594544, 24285.483415409486, 28057.889883594544
23, 28342.33569567165, 24012.24175275852, 28342.33569567165, 28110.889423869616, 24248.143491193787, 28110.889423869616
24, 28430.480240432134, 24205.51319337795, 28430.480240432134, 28168.16248870949, 24178.359886109196, 28168.16248870949
25, 28638.176449533163, 24517.696730694042, 28638.176449533163, 28224.067769437333, 24162.29125408038, 28224.067769437333
26, 28638.176449533163, 24517.696730694042, 28638.176449533163, 28276.43660921036, 24236.092316124417, 28276.43660921036
27, 28638.176449533163, 24517.696730694042, 28638.176449533163, 28335.6379813601, 24271.89465494549, 28335.6379813601
28, 28644.725844701166, 24442.421764682582, 28644.725844701166, 28385.45897826049, 24209.41506015769, 28385.45897826049
29, 28699.64954328099, 24433.936574242147, 28699.64954328099, 28440.814183901086, 24196.268387947566, 28440.814183901086
30, 28748.453184471753, 24597.431895417714, 28748.453184471753, 28486.975692229007, 24206.358089405723, 28486.975692229007
31, 28813.395194362583, 24459.440338087326, 28813.395194362583, 28532.44309109486, 24204.842150565237, 28532.44309109486
32, 28813.395194362583, 24459.440338087326, 28813.395194362583, 28583.240833543794, 24286.13693170209, 28583.240833543794
33, 28813.395194362583, 24459.440338087326, 28813.395194362583, 28637.242188323402, 24382.105878556475, 28637.242188323402
34, 28828.307711157773, 24591.223782392324, 28828.307711157773, 28661.619214911658, 24398.086230801637, 28661.619214911658
35, 28985.426083707403, 24586.13155321123, 28985.426083707403, 28693.141914854255, 24339.90938563825, 28693.141914854255
36, 29006.686452416296, 24530.863624605994, 29006.686452416296, 28732.952041231656, 24378.18465576931, 28732.952041231656
37, 29006.686452416296, 24530.863624605994, 29006.686452416296, 28773.823140963283, 24407.206114043747, 28773.823140963283
38, 29011.102640700672, 24511.67990709479, 29011.102640700672, 28805.004312516936, 24399.214279105934, 28805.004312516936
39, 29011.102640700672, 24511.67990709479, 29011.102640700672, 28842.277634756047, 24346.139870177823, 28842.277634756047
40, 29011.102640700672, 24511.67990709479, 29011.102640700672, 28875.794123668376, 24362.66801636164, 28875.794123668376
41, 29136.987541399412, 24244.1109484867, 29136.987541399412, 28914.4386609793, 24354.827910381202, 28914.4386609793
42, 29136.987541399412, 24244.1109484867, 29136.987541399412, 28951.799174669377, 24424.94417160784, 28951.799174669377
43, 29136.987541399412, 24244.1109484867, 29136.987541399412, 28987.221834001433, 24436.787701800553, 28987.221834001433
44, 29168.9328416609, 24228.240982497377, 29168.9328416609, 29012.85682054807, 24448.255576288462, 29012.85682054807
45, 29215.048218860356, 24360.67783870917, 29215.048218860356, 29031.225122547636, 24477.173869337526, 29031.225122547636
46, 29240.19965133617, 24089.034528412525, 29240.19965133617, 29061.21007027128, 24410.043976500285, 29061.21007027128
47, 29240.19965133617, 24089.034528412525, 29240.19965133617, 29089.34796832396, 24374.080324115544, 29089.34796832396
48, 29354.483121887137, 24187.346777398183, 29354.483121887137, 29116.83196313405, 24354.123088960525, 29116.83196313405
49, 29354.483121887137, 24187.346777398183, 29354.483121887137, 29139.666810907005, 24388.916411886396, 29139.666810907005
50, 29354.483121887137, 24187.346777398183, 29354.483121887137, 29163.436162774684, 24413.954557251724, 29163.436162774684
51, 29364.64634482732, 24620.481376971664, 29364.64634482732, 29189.3752407934, 24361.602492323917, 29189.3752407934
52, 29364.64634482732, 24620.481376971664, 29364.64634482732, 29222.269265313822, 24334.48990757234, 29222.269265313822
53, 29455.958688790924, 24307.85420834422, 29455.958688790924, 29250.499647829747, 24309.432051653297, 29250.499647829747
54, 29455.958688790924, 24307.85420834422, 29455.958688790924, 29278.55466797737, 24250.401706399774, 29278.55466797737
55, 29455.958688790924, 24307.85420834422, 29455.958688790924, 29302.275985358337, 24298.235861284873, 29302.275985358337
56, 29465.04679238014, 24603.540111994604, 29465.04679238014, 29331.258768636766, 24266.689820442632, 29331.258768636766
57, 29701.945507529996, 24005.539818729852, 29701.945507529996, 29359.325641663883, 24239.039568387332, 29359.325641663883
58, 29713.703058081093, 24029.923667232153, 29713.703058081093, 29383.647202318156, 24238.96969342472, 29383.647202318156
59, 29713.703058081093, 24029.923667232153, 29713.703058081093, 29403.5714985838, 24275.591184408724, 29403.5714985838
60, 29713.703058081093, 24029.923667232153, 29713.703058081093, 29434.450763706656, 24281.09084767661, 29434.450763706656
61, 29713.703058081093, 24029.923667232153, 29713.703058081093, 29462.43108066933, 24349.58938792083, 29462.43108066933
62, 29713.83725723664, 24000.683062833625, 29713.83725723664, 29492.801160309187, 24315.80000144195, 29492.801160309187
63, 29742.853438564223, 24244.636429450326, 29742.853438564223, 29527.35632763183, 24252.819000984637, 29527.35632763183
64, 29798.152459134566, 23941.42329462162, 29798.152459134566, 29563.914287393618, 24166.73142980377, 29563.914287393618
65, 29798.152459134566, 23941.42329462162, 29798.152459134566, 29598.178766629593, 24052.15856474123, 29598.178766629593
66, 29877.890600055878, 23863.893245744268, 29877.890600055878, 29647.75821424825, 24083.76582038599, 29647.75821424825
67, 29877.890600055878, 23863.893245744268, 29877.890600055878, 29700.602869465692, 24067.705851972125, 29700.602869465692
68, 29877.890600055878, 23863.893245744268, 29877.890600055878, 29724.49547124078, 24049.61320652755, 29724.49547124078
69, 29943.577537292444, 23986.642997465024, 29943.577537292444, 29738.36230208335, 24050.561386652258, 29738.36230208335
70, 29943.577537292444, 23986.642997465024, 29943.577537292444, 29759.138992341883, 24064.943102281908, 29759.138992341883
71, 29943.577537292444, 23986.642997465024, 29943.577537292444, 29784.855719601903, 24098.435620324206, 29784.855719601903
72, 29999.24550578764, 24249.66104416619, 29999.24550578764, 29809.119023805102, 24072.500197756217, 29809.119023805102
73, 29999.24550578764, 24249.66104416619, 29999.24550578764, 29826.359789008773, 24034.75343380864, 29826.359789008773
74, 30118.119704447134, 24049.838830685832, 30118.119704447134, 29847.258696148183, 24096.28342100692, 29847.258696148183
75, 30118.119704447134, 24049.838830685832, 30118.119704447134, 29870.96759751447, 24078.49402236134, 29870.96759751447
76, 30118.119704447134, 24049.838830685832, 30118.119704447134, 29894.38402977752, 24037.218749483847, 29894.38402977752
77, 30164.361776429538, 23927.07810644076, 30164.361776429538, 29920.682192518805, 24042.666009790035, 29920.682192518805
78, 30190.220577522083, 23919.609679787944, 30190.220577522083, 29955.64517375329, 24115.436330023753, 29955.64517375329
79, 30190.220577522083, 23919.609679787944, 30190.220577522083, 29998.862191691962, 24069.75004539338, 29998.862191691962
80, 30190.220577522083, 23919.609679787944, 30190.220577522083, 30038.94378006684, 24095.82193728387, 30038.94378006684
81, 30212.154417605965, 24070.636313037372, 30212.154417605965, 30073.844730527177, 24082.697495662906, 30073.844730527177
82, 30212.154417605965, 24070.636313037372, 30212.154417605965, 30114.449826109256, 24037.641437097634, 30114.449826109256
83, 30221.23893445581, 24429.270548836106, 30221.23893445581, 30136.18049856049, 24023.30376938586, 30136.18049856049
84, 30270.899814886892, 24044.961762188934, 30270.899814886892, 30149.336342706556, 24014.22637625652, 30149.336342706556
85, 30284.752185058078, 23969.54402967845, 30284.752185058078, 30174.716230466125, 24025.032244273563, 30174.716230466125
86, 30398.65305059483, 24204.63780437246, 30398.65305059483, 30191.054347636433, 24001.678182601325, 30191.054347636433
87, 30398.65305059483, 24204.63780437246, 30398.65305059483, 30209.103207867676, 24030.062760710356, 30209.103207867676
88, 30398.65305059483, 24204.63780437246, 30398.65305059483, 30221.46316369167, 24100.5196777815, 30221.46316369167
89, 30445.21148001072, 24267.195692013807, 30445.21148001072, 30240.54647227972, 24133.83992275462, 30240.54647227972
90, 30527.855214460407, 24248.012350150784, 30527.855214460407, 30259.257492897497, 24145.909708156993, 30259.257492897497
91, 30527.855214460407, 24248.012350150784, 30527.855214460407, 30292.551234390052, 24103.9045455684, 30292.551234390052
92, 30572.61154940902, 24191.39541058296, 30572.61154940902, 30319.750985198552, 24121.577449923818, 30319.750985198552
93, 30572.61154940902, 24191.39541058296, 30572.61154940902, 30352.75122021207, 24183.771155069317, 30352.75122021207
94, 30572.61154940902, 24191.39541058296, 30572.61154940902, 30381.886850974122, 24214.047279372713, 30381.886850974122
95, 30572.61154940902, 24191.39541058296, 30572.61154940902, 30410.404627656924, 24219.43335509418, 30410.404627656924
96, 30572.61154940902, 24191.39541058296, 30572.61154940902, 30425.77142263042, 24222.926043803804, 30425.77142263042
97, 30572.61154940902, 24191.39541058296, 30572.61154940902, 30440.80748434505, 24232.533844417514, 30440.80748434505
98, 30681.996812746856, 24416.308008903194, 30681.996812746856, 30461.44641168005, 24239.02239359096, 30461.44641168005
99, 30681.996812746856, 24416.308008903194, 30681.996812746856, 30474.959892920004, 24229.109560213466, 30474.959892920004
100, 30681.996812746856, 24416.308008903194, 30681.996812746856, 30493.28409472223, 24205.697362692496, 30493.28409472223
101, 30681.996812746856, 24416.308008903194, 30681.996812746856, 30517.842575087358, 24205.862726213312, 30517.842575087358
102, 30681.996812746856, 24416.308008903194, 30681.996812746856, 30537.87758707365, 24202.2662158719, 30537.87758707365
103, 30681.996812746856, 24416.308008903194, 30681.996812746856, 30552.93258922341, 24209.28426501456, 30552.93258922341
104, 30681.996812746856, 24416.308008903194, 30681.996812746856, 30568.272280055917, 24243.871188792935, 30568.272280055917
105, 30694.828157337197, 24366.48745120202, 30694.828157337197, 30589.825876411778, 24240.755240815488, 30589.825876411778
106, 30767.046771590125, 24374.67260059412, 30767.046771590125, 30603.47825072521, 24253.94929566879, 30603.47825072521
107, 30767.046771590125, 24374.67260059412, 30767.046771590125, 30625.147232987954, 24295.453805685964, 30625.147232987954
108, 30767.046771590125, 24374.67260059412, 30767.046771590125, 30654.005022735473, 24370.63076427436, 30654.005022735473
109, 30767.046771590125, 24374.67260059412, 30767.046771590125, 30674.544956924565, 24400.546644720518, 30674.544956924565
110, 30806.03896281486, 24505.133376813552, 30806.03896281486, 30685.552558657313, 24419.840879082636, 30685.552558657313
111, 30828.18141337723, 24263.48000003906, 30828.18141337723, 30690.328587896354, 24427.360911759264, 30690.328587896354
112, 30828.18141337723, 24263.48000003906, 30828.18141337723, 30696.186294953073, 24434.840477717462, 30696.186294953073
113, 30828.18141337723, 24263.48000003906, 30828.18141337723, 30703.71558769664, 24445.374010586165, 30703.71558769664
114, 30828.18141337723, 24263.48000003906, 30828.18141337723, 30717.101108245482, 24461.391225601896, 30717.101108245482
115, 30828.18141337723, 24263.48000003906, 30828.18141337723, 30735.413072862524, 24467.44714488392, 30735.413072862524
116, 30833.363611867302, 24232.910977581127, 30833.363611867302, 30748.481343462925, 24434.28584336529, 30748.481343462925
117, 30974.46839689242, 24370.45798523833, 30974.46839689242, 30768.71770999932, 24475.898317418578, 30768.71770999932
118, 30974.46839689242, 24370.45798523833, 30974.46839689242, 30795.34006188619, 24456.860313623434, 30795.34006188619
119, 30974.46839689242, 24370.45798523833, 30974.46839689242, 30813.57186039901, 24507.42533232631, 30813.57186039901
120, 30974.46839689242, 24370.45798523833, 30974.46839689242, 30823.33452118241, 24520.64243523825, 30823.33452118241
121, 30974.46839689242, 24370.45798523833, 30974.46839689242, 30833.160070037902, 24506.62969891815, 30833.160070037902
122, 30974.46839689242, 24370.45798523833, 30974.46839689242, 30841.20118383496, 24428.529130126437, 30841.20118383496
123, 30974.46839689242, 24370.45798523833, 30974.46839689242, 30853.50822633334, 24324.72203429083, 30853.50822633334
124, 30975.150789439012, 24166.157906690638, 30975.150789439012, 30872.14916665724, 24313.10405754483, 30872.14916665724
125, 30992.226764733066, 24123.99139788875, 30992.226764733066, 30905.880203742334, 24345.285204986805, 30905.880203742334
126, 30992.226764733066, 24123.99139788875, 30992.226764733066, 30938.357537551616, 24284.920951695545, 30938.357537551616
127, 30992.226764733066, 24123.99139788875, 30992.226764733066, 30953.46562101858, 24289.621567005302, 30953.46562101858
128, 31049.086073875995, 24454.529337758187, 31049.086073875995, 30975.803455122485, 24347.8165399756, 30975.803455122485
129, 31049.086073875995, 24454.529337758187, 31049.086073875995, 30976.610432228226, 24332.422799307573, 30976.610432228226
130, 31049.086073875995, 24454.529337758187, 31049.086073875995, 30979.122845468362, 24303.113503172328, 30979.122845468362
131, 31049.086073875995, 24454.529337758187, 31049.086073875995, 30982.88130270675, 24265.417004731, 30982.88130270675
132, 31152.38466222807, 24593.751799151836, 31152.38466222807, 30989.644950139085, 24208.604638794866, 30989.644950139085
133, 31152.38466222807, 24593.751799151836, 31152.38466222807, 31003.11038773892, 24246.75064507732, 31003.11038773892
134, 31152.38466222807, 24593.751799151836, 31152.38466222807, 31010.27907707757, 24227.81895440682, 31010.27907707757
135, 31152.38466222807, 24593.751799151836, 31152.38466222807, 31020.32835084641, 24295.998053805044, 31020.32835084641
136, 31152.38466222807, 24593.751799151836, 31152.38466222807, 31043.105614987995, 24410.599855892528, 31043.105614987995
137, 31152.38466222807, 24593.751799151836, 31152.38466222807, 31064.77263760038, 24388.83320325975, 31064.77263760038
138, 31219.37356125988, 24032.114185082533, 31219.37356125988, 31079.07497785382, 24354.09234144228, 31079.07497785382
139, 31219.37356125988, 24032.114185082533, 31219.37356125988, 31097.704461000372, 24292.431587926858, 31097.704461000372
140, 31219.37356125988, 24032.114185082533, 31219.37356125988, 31115.610742045217, 24292.681452357327, 31115.610742045217
141, 31257.878272245136, 24338.9602952816, 31257.878272245136, 31137.132150492635, 24440.4425566576, 31137.132150492635
142, 31257.878272245136, 24338.9602952816, 31257.878272245136, 31150.631280245812, 24509.225814416553, 31150.631280245812
143, 31257.878272245136, 24338.9602952816, 31257.878272245136, 31160.320995248818, 24521.122843610854, 31160.320995248818
144, 31257.878272245136, 24338.9602952816, 31257.878272245136, 31166.713917734098, 24476.395871929508, 31166.713917734098
145, 31257.878272245136, 24338.9602952816, 31257.878272245136, 31176.800093188605, 24385.720424032956, 31176.800093188605
146, 31257.878272245136, 24338.9602952816, 31257.878272245136, 31190.42086013949, 24265.341561445046, 31190.42086013949
147, 31257.878272245136, 24338.9602952816, 31257.878272245136, 31210.812170567853, 24196.381449139633, 31210.812170567853
148, 31265.354918587982, 24260.03505454484, 31265.354918587982, 31222.69600796089, 24074.090403992417, 31222.69600796089
149, 31265.354918587982, 24260.03505454484, 31265.354918587982, 31225.234753450633, 24101.70836359651, 31225.234753450633
150, 31272.268264417344, 24357.512688296487, 31272.268264417344, 31229.554397057644, 24149.063749594825, 31229.554397057644
151, 31285.133632466994, 24403.32068887324, 31285.133632466994, 31236.85923388773, 24227.83269779724, 31236.85923388773
152, 31301.404311543207, 24010.860270729183, 31301.404311543207, 31247.21563722411, 24316.332996924804, 31247.21563722411
153, 31301.404311543207, 24010.860270729183, 31301.404311543207, 31255.469778089246, 24380.41092157242, 31255.469778089246
154, 31311.192452390067, 24210.749005310237, 31311.192452390067, 31261.09660952864, 24342.186182620775, 31261.09660952864
155, 31314.511755054187, 24350.664066490004, 31314.511755054187, 31263.194431233605, 24346.11424948723, 31263.194431233605
156, 31339.90286651341, 24467.885765484716, 31339.90286651341, 31267.956880977115, 24357.707708791626, 31267.956880977115
157, 31339.90286651341, 24467.885765484716, 31339.90286651341, 31273.783850533917, 24362.611792329346, 31273.783850533917
158, 31339.90286651341, 24467.885765484716, 31339.90286651341, 31281.941709783183, 24337.75205857939, 31281.941709783183
159, 31380.281122309774, 24497.733237944663, 31380.281122309774, 31289.891802396345, 24333.738398532147, 31289.891802396345
160, 31380.281122309774, 24497.733237944663, 31380.281122309774, 31298.44508335788, 24324.34262268944, 31298.44508335788
161, 31380.281122309774, 24497.733237944663, 31380.281122309774, 31306.43676240761, 24285.498365726235, 31306.43676240761
162, 31380.281122309774, 24497.733237944663, 31380.281122309774, 31318.444346319833, 24284.841430463184, 31318.444346319833
163, 31380.281122309774, 24497.733237944663, 31380.281122309774, 31326.508373232853, 24345.62524041103, 31326.508373232853
164, 31395.393458503248, 23871.847156151518, 31395.393458503248, 31335.37361164674, 24361.159068690078, 31335.37361164674
165, 31396.539576290015, 24120.16761577975, 31396.539576290015, 31340.4826204251, 24387.845347178878, 31340.4826204251
166, 31396.539576290015, 24120.16761577975, 31396.539576290015, 31345.701968907575, 24427.56822040381, 31345.701968907575
167, 31396.539576290015, 24120.16761577975, 31396.539576290015, 31349.141535092793, 24406.5695156255, 31349.141535092793
168, 31399.730598966788, 24564.809910620475, 31399.730598966788, 31355.041886341412, 24371.524166059993, 31355.041886341412
169, 31399.730598966788, 24564.809910620475, 31399.730598966788, 31363.512415736976, 24328.96871056852, 31363.512415736976
170, 31441.105184749078, 24671.471776147122, 31441.105184749078, 31378.061734052062, 24305.477819282667, 31378.061734052062
171, 31528.33258992046, 24394.485644745557, 31528.33258992046, 31388.562703610252, 24381.148574823186, 31388.562703610252
172, 31528.33258992046, 24394.485644745557, 31528.33258992046, 31394.694598001046, 24307.915593239963, 31394.694598001046
173, 31528.33258992046, 24394.485644745557, 31528.33258992046, 31400.427760143386, 24231.3336657825, 31400.427760143386
174, 31528.33258992046, 24394.485644745557, 31528.33258992046, 31406.14033864853, 24291.40132936469, 31406.14033864853
175, 31528.33258992046, 24394.485644745557, 31528.33258992046, 31410.41057136301, 24249.638347149827, 31410.41057136301
176, 31528.33258992046, 24394.485644745557, 31528.33258992046, 31418.5105246571, 24328.203266419674, 31418.5105246571
177, 31622.31057335481, 24302.541689365313, 31622.31057335481, 31432.68792358646, 24458.301688799023, 31432.68792358646
178, 31622.31057335481, 24302.541689365313, 31622.31057335481, 31454.748542381145, 24429.69531783106, 31454.748542381145
179, 31622.31057335481, 24302.541689365313, 31622.31057335481, 31478.443132407432, 24378.84104144703, 31478.443132407432
180, 31622.31057335481, 24302.541689365313, 31622.31057335481, 31502.570832533343, 24277.75623361703, 31502.570832533343
181, 31622.31057335481, 24302.541689365313, 31622.31057335481, 31526.475851401236, 24356.596438313987, 31526.475851401236
182, 31622.31057335481, 24302.541689365313, 31622.31057335481, 31532.1061840097, 24389.565091067627, 31532.1061840097
183, 31622.31057335481, 24302.541689365313, 31622.31057335481, 31535.409861870805, 24381.518020642383, 31535.409861870805
184, 31629.84854173369, 24460.403197746207, 31629.84854173369, 31539.790052413522, 24376.753451574496, 31539.790052413522
185, 31629.84854173369, 24460.403197746207, 31629.84854173369, 31545.272091183946, 24363.468959476028, 31545.272091183946
186, 31629.84854173369, 24460.403197746207, 31629.84854173369, 31558.671188484146, 24333.73439116229, 31558.671188484146
187, 31629.84854173369, 24460.403197746207, 31629.84854173369, 31573.865807580994, 24290.333353220267, 31573.865807580994
188, 31629.84854173369, 24460.403197746207, 31629.84854173369, 31595.55901515692, 24276.01117809531, 31595.55901515692
189, 31629.84854173369, 24460.403197746207, 31629.84854173369, 31617.24351898988, 24319.53477798474, 31617.24351898988
190, 31629.84854173369, 24460.403197746207, 31629.84854173369, 31622.612092089825, 24308.856149700485, 31622.612092089825
191, 31647.34597148251, 24392.983306865284, 31647.34597148251, 31622.96340813183, 24314.04420303941, 31622.96340813183
192, 31647.34597148251, 24392.983306865284, 31647.34597148251, 31623.32683163879, 24317.316541840126, 31623.32683163879
193, 31688.60950535475, 24516.584891092734, 31688.60950535475, 31624.297686163965, 24325.268534904597, 31624.297686163965
194, 31695.949012084715, 24462.6886623135, 31695.949012084715, 31625.956120077826, 24337.00719338066, 31625.956120077826
195, 31695.949012084715, 24462.6886623135, 31695.949012084715, 31628.783092268623, 24359.420986892306, 31628.783092268623
196, 31695.949012084715, 24462.6886623135, 31695.949012084715, 31632.87221086925, 24396.265840856293, 31632.87221086925
197, 31695.949012084715, 24462.6886623135, 31695.949012084715, 31638.448103451952, 24452.073219625592, 31638.448103451952
198, 31695.949012084715, 24462.6886623135, 31695.949012084715, 31645.89292740832, 24448.984104284118, 31645.89292740832
199, 31695.949012084715, 24462.6886623135, 31695.949012084715, 31656.2869524986, 24444.521636530677, 31656.2869524986
200, 31704.295786061288, 24440.077266408694, 31704.295786061288, 31665.900197970142, 24438.83913287876, 31665.900197970142
201, 31761.50962471291, 24212.501264355134, 31761.50962471291, 31677.40827920291, 24463.766560576823, 31677.40827920291
202, 31761.50962471291, 24212.501264355134, 31761.50962471291, 31693.202171215784, 24488.36124627103, 31693.202171215784
203, 31761.50962471291, 24212.501264355134, 31761.50962471291, 31695.450507168825, 24479.311671297393, 31695.450507168825
204, 31761.50962471291, 24212.501264355134, 31761.50962471291, 31696.443750627473, 24460.985497405592, 31696.443750627473
205, 31761.50962471291, 24212.501264355134, 31761.50962471291, 31697.18282449352, 24458.257509466963, 31697.18282449352
206, 31767.116791013214, 24562.372412483284, 31767.116791013214, 31697.94993419107, 24457.278877268967, 31697.94993419107
207, 31767.116791013214, 24562.372412483284, 31767.116791013214, 31699.583784297003, 24454.305288401953, 31699.583784297003
208, 31767.116791013214, 24562.372412483284, 31767.116791013214, 31701.44584693284, 24450.856020279705, 31701.44584693284
209, 31767.116791013214, 24562.372412483284, 31767.116791013214, 31704.509482417117, 24447.71554266392, 31704.509482417117
210, 31767.116791013214, 24562.372412483284, 31767.116791013214, 31709.451360259252, 24443.8033308602, 31709.451360259252
211, 31767.116791013214, 24562.372412483284, 31767.116791013214, 31716.100295949174, 24436.011822017645, 31716.100295949174
212, 31767.116791013214, 24562.372412483284, 31767.116791013214, 31730.116379128875, 24401.761015206157, 31730.116379128875
213, 31803.47286979154, 24417.457529001425, 31803.47286979154, 31746.95304780123, 24376.0494530029, 31746.95304780123
214, 31803.47286979154, 24417.457529001425, 31803.47286979154, 31762.465853956724, 24336.747822503374, 31762.465853956724
215, 31803.47286979154, 24417.457529001425, 31803.47286979154, 31764.67205200105, 24396.534706004535, 31764.67205200105
216, 31803.47286979154, 24417.457529001425, 31803.47286979154, 31766.680750581254, 24507.273854385927, 31766.680750581254
217, 31803.47286979154, 24417.457529001425, 31803.47286979154, 31768.219860176378, 24551.48157993984, 31768.219860176378
218, 31812.046849962022, 24653.739483823356, 31812.046849962022, 31769.430278845735, 24541.383361670432, 31769.430278845735
219, 31812.046849962022, 24653.739483823356, 31812.046849962022, 31770.32848460753, 24531.186688278707, 31770.32848460753
220, 31812.046849962022, 24653.739483823356, 31812.046849962022, 31772.41331374421, 24515.41977049636, 31772.41331374421
221, 31875.963663511393, 24520.953138034958, 31875.963663511393, 31775.509211198598, 24498.306270633213, 31775.509211198598
222, 31875.963663511393, 24520.953138034958, 31875.963663511393, 31783.151769401335, 24453.284541761164, 31783.151769401335
223, 31875.963663511393, 24520.953138034958, 31875.963663511393, 31792.43101103037, 24380.2950712017, 31792.43101103037
224, 31875.963663511393, 24520.953138034958, 31875.963663511393, 31804.301893777956, 24319.372056689706, 31804.301893777956
225, 31875.963663511393, 24520.953138034958, 31875.963663511393, 31809.44070002934, 24385.037638002264, 31809.44070002934
226, 31875.963663511393, 24520.953138034958, 31875.963663511393, 31815.003046444966, 24513.53841178455, 31815.003046444966
227, 31893.31406100682, 24581.816523862224, 31893.31406100682, 31824.427355218413, 24565.516217685603, 31824.427355218413
228, 31893.31406100682, 24581.816523862224, 31893.31406100682, 31835.161651949653, 24558.772228992562, 31835.161651949653
229, 31893.31406100682, 24581.816523862224, 31893.31406100682, 31846.256278887173, 24502.962294033176, 31846.256278887173
230, 31893.31406100682, 24581.816523862224, 31893.31406100682, 31867.16551899479, 24493.225779555436, 31867.16551899479
231, 31924.078999422523, 24438.638038605422, 31924.078999422523, 31876.75927675768, 24522.57703449774, 31876.75927675768
232, 31924.078999422523, 24438.638038605422, 31924.078999422523, 31877.188067829586, 24523.723600258254, 31877.188067829586
233, 31924.078999422523, 24438.638038605422, 31924.078999422523, 31877.968282959828, 24525.06633055837, 31877.968282959828
234, 31924.078999422523, 24438.638038605422, 31924.078999422523, 31880.011697991235, 24527.483199335322, 31880.011697991235
235, 31924.078999422523, 24438.638038605422, 31924.078999422523, 31882.203151769103, 24532.507179845437, 31882.203151769103
236, 31999.472987560956, 24615.787374885127, 31999.472987560956, 31886.930353532494, 24538.99742962994, 31886.930353532494
237, 31999.472987560956, 24615.787374885127, 31999.472987560956, 31894.15874066338, 24549.56791117385, 31894.15874066338
238, 31999.472987560956, 24615.787374885127, 31999.472987560956, 31899.66092867673, 24553.74079601661, 31899.66092867673
239, 31999.472987560956, 24615.787374885127, 31999.472987560956, 31903.13160991583, 24536.614085591933, 31903.13160991583
240, 31999.472987560956, 24615.787374885127, 31999.472987560956, 31909.587006750255, 24508.019811044982, 31909.587006750255
241, 31999.472987560956, 24615.787374885127, 31999.472987560956, 31921.302896156485, 24460.808458610907, 31921.302896156485
242, 32036.086095460938, 24517.358461667474, 32036.086095460938, 31931.82563396208, 24453.157132811215, 31931.82563396208
243, 32036.086095460938, 24517.358461667474, 32036.086095460938, 31936.192334452564, 24467.606572807512, 31936.192334452564
244, 32036.086095460938, 24517.358461667474, 32036.086095460938, 31942.41519914845, 24484.07472888079, 31942.41519914845
245, 32036.086095460938, 24517.358461667474, 32036.086095460938, 31953.36020383556, 24511.20661933893, 31953.36020383556
246, 32036.086095460938, 24517.358461667474, 32036.086095460938, 31974.526790506923, 24559.14545999847, 31974.526790506923
247, 32074.55819891041, 24583.211840678967, 32074.55819891041, 31998.377552887352, 24608.97727904841, 31998.377552887352
248, 32074.55819891041, 24583.211840678967, 32074.55819891041, 32004.93026335988, 24602.18163017322, 32004.93026335988
249, 32074.55819891041, 24583.211840678967, 32074.55819891041, 32007.69421602851, 24595.098861348786, 32007.69421602851
250, 32074.55819891041, 24583.211840678967, 32074.55819891041, 32013.60508208695, 24581.664370910778, 32013.60508208695
251, 32074.55819891041, 24583.211840678967, 32074.55819891041, 32023.885054973067, 24559.716063442575, 32023.885054973067
252, 32074.55819891041, 24583.211840678967, 32074.55819891041, 32039.926689026448, 24521.427057023655, 32039.926689026448
253, 32074.55819891041, 24583.211840678967, 32074.55819891041, 32045.77398403624, 24530.10354273103, 32045.77398403624
254, 32075.03176838713, 24600.60472778053, 32075.03176838713, 32052.072422014186, 24538.671019368085, 32052.072422014186
255, 32075.03176838713, 24600.60472778053, 32075.03176838713, 32059.88364903545, 24551.730731339674, 32059.88364903545
256, 32151.597210548705, 24477.54600130525, 32151.597210548705, 32072.90745259449, 24565.948199608974, 32072.90745259449
257, 32151.597210548705, 24477.54600130525, 32151.597210548705, 32075.376849662513, 24582.322142921636, 32075.376849662513
258, 32151.597210548705, 24477.54600130525, 32151.597210548705, 32076.301646254207, 24582.07655211359, 32076.301646254207
259, 32151.597210548705, 24477.54600130525, 32151.597210548705, 32078.598802839555, 24581.025502407854, 32078.598802839555
260, 32151.597210548705, 24477.54600130525, 32151.597210548705, 32082.111095177563, 24578.341686315198, 32082.111095177563
261, 32151.597210548705, 24477.54600130525, 32151.597210548705, 32088.369060167846, 24574.371758665922, 32088.369060167846
262, 32151.597210548705, 24477.54600130525, 32151.597210548705, 32097.056544061983, 24565.583958034524, 32097.056544061983
263, 32151.597210548705, 24477.54600130525, 32151.597210548705, 32110.220384387256, 24552.003692899387, 32110.220384387256
264, 32165.118065390197, 24585.896745890153, 32165.118065390197, 32125.146054669305, 24528.8119557762, 32125.146054669305
265, 32165.118065390197, 24585.896745890153, 32165.118065390197, 32138.385816521582, 24530.046611066336, 32138.385816521582
266, 32165.118065390197, 24585.896745890153, 32165.118065390197, 32151.2377899533, 24483.799847364608, 32151.2377899533
267, 32238.05649978005, 24455.68620699903, 32238.05649978005, 32152.570341188613, 24481.770732117115, 32152.570341188613
268, 32238.05649978005, 24455.68620699903, 32238.05649978005, 32153.080710269296, 24482.840906922753, 32153.080710269296
269, 32238.05649978005, 24455.68620699903, 32238.05649978005, 32154.564151249, 24486.5390665279, 32154.564151249
270, 32238.05649978005, 24455.68620699903, 32238.05649978005, 32156.3235131692, 24488.920375772836, 32156.3235131692
271, 32238.05649978005, 24455.68620699903, 32238.05649978005, 32159.20285284253, 24494.745552349053, 32159.20285284253
272, 32316.480070584774, 24401.394009571053, 32316.480070584774, 32164.346536757555, 24508.100952275196, 32164.346536757555
273, 32316.480070584774, 24401.394009571053, 32316.480070584774, 32173.84448030786, 24527.6022116311, 32173.84448030786
274, 32316.480070584774, 24401.394009571053, 32316.480070584774, 32185.052093657116, 24548.53585546831, 32185.052093657116
275, 32316.480070584774, 24401.394009571053, 32316.480070584774, 32196.055926922592, 24537.821341110095, 32196.055926922592
276, 32316.480070584774, 24401.394009571053, 32316.480070584774, 32211.283455247303, 24519.322810562997, 32211.283455247303
277, 32316.480070584774, 24401.394009571053, 32316.480070584774, 32226.4738391396, 24498.97655904219, 32226.4738391396
278, 32316.480070584774, 24401.394009571053, 32316.480070584774, 32234.909315807057, 24463.960636748012, 32234.909315807057
279, 32316.480070584774, 24401.394009571053, 32316.480070584774, 32241.858697783533, 24456.15981131671, 32241.858697783533
280, 32316.480070584774, 24401.394009571053, 32316.480070584774, 32250.12569122007, 24446.375854340884, 32250.12569122007
281, 32316.480070584774, 24401.394009571053, 32316.480070584774, 32254.831105468344, 24443.118322495207, 32254.831105468344
282, 32316.480070584774, 24401.394009571053, 32316.480070584774, 32264.634051818914, 24436.331797816718, 32264.634051818914
283, 32316.480070584774, 24401.394009571053, 32316.480070584774, 32284.136325404626, 24422.563677872877, 32284.136325404626
284, 32316.480070584774, 24401.394009571053, 32316.480070584774, 32316.480070584697, 24401.394009570988, 32316.480070584697
285, 32316.480070584774, 24401.394009571053, 32316.480070584774, 32316.480070584697, 24401.394009570988, 32316.480070584697
286, 32341.497874479115, 24426.035878940653, 32341.497874479115, 32316.60515960417, 24401.517218917837, 32316.60515960417
287, 32341.497874479115, 24426.035878940653, 32341.497874479115, 32316.78184331495, 24401.805612248085, 32316.78184331495
288, 32341.497874479115, 24426.035878940653, 32341.497874479115, 32316.833438006273, 24401.970796231482, 32316.833438006273
289, 32429.409418018946, 24384.80747064572, 32429.409418018946, 32317.6998574737, 24402.299466213954, 32317.6998574737
290, 32429.409418018946, 24384.80747064572, 32429.409418018946, 32319.310309209206, 24403.543525197594, 32319.310309209206
291, 32429.409418018946, 24384.80747064572, 32429.409418018946, 32321.17870670373, 24405.366805763144, 32321.17870670373
292, 32429.409418018946, 24384.80747064572, 32429.409418018946, 32323.83441818986, 24406.765621214345, 32323.83441818986
293, 32429.409418018946, 24384.80747064572, 32429.409418018946, 32328.378498683487, 24410.60908399532, 32328.378498683487
294, 32429.409418018946, 24384.80747064572, 32429.409418018946, 32338.399259020407, 24418.60942604246, 32338.399259020407
295, 32429.409418018946, 24384.80747064572, 32429.409418018946, 32352.314958983836, 24418.483540894667, 32352.314958983836
296, 32429.409418018946, 24384.80747064572, 32429.409418018946, 32359.709100217315, 24414.62763685218, 32359.709100217315
297, 32429.409418018946, 24384.80747064572, 32429.409418018946, 32371.7396053594, 24405.28129362822, 32371.7396053594
298, 32429.409418018946, 24384.80747064572, 32429.409418018946, 32389.09443902452, 24394.122712458673, 32389.09443902452
299, 32429.409418018946, 24384.80747064572, 32429.409418018946, 32415.448708333228, 24392.508817298207, 32415.448708333228
300, 32574.298237838888, 24490.428732836284, 32574.298237838888, 32429.148125123764, 24385.934366191508, 32429.148125123764
301, 32574.298237838888, 24490.428732836284, 32574.298237838888, 32430.13386211793, 24385.3355769567, 32430.13386211793
302, 32574.298237838888, 24490.428732836284, 32574.298237838888, 32430.13386211793, 24385.3355769567, 32430.13386211793
303, 32574.298237838888, 24490.428732836284, 32574.298237838888, 32430.85830621703, 24385.863683267657, 32430.85830621703
304, 32574.298237838888, 24490.428732836284, 32574.298237838888, 32433.2955041732, 24387.09433820298, 32433.2955041732
305, 32574.298237838888, 24490.428732836284, 32574.298237838888, 32435.468836470496, 24388.67865713584, 32435.468836470496
306, 32574.298237838888, 24490.428732836284, 32574.298237838888, 32437.90603442667, 24389.909312071162, 32437.90603442667
307, 32574.298237838888, 24490.428732836284, 32574.298237838888, 32440.803810823065, 24392.021737314975, 32440.803810823065
308, 32574.298237838888, 24490.428732836284, 32574.298237838888, 32448.400597143685, 24397.939450562666, 32448.400597143685
309, 32574.298237838888, 24490.428732836284, 32574.298237838888, 32457.900339251868, 24402.44509038424, 32457.900339251868
310, 32574.298237838888, 24490.428732836284, 32574.298237838888, 32475.240899214725, 24413.765585179623, 32475.240899214725
311, 32574.298237838888, 24490.428732836284, 32574.298237838888, 32502.836950063138, 24428.30000956104, 32502.836950063138
312, 32574.298237838888, 24490.428732836284, 32574.298237838888, 32542.346246504705, 24453.115284791853, 32542.346246504705
313, 32574.298237838888, 24490.428732836284, 32574.298237838888, 32574.2982378388, 24490.42873283629, 32574.2982378388
314, 32627.742486005645, 24412.398407200755, 32627.742486005645, 32574.565459079637, 24490.038581208115, 32574.565459079637
315, 32627.742486005645, 24412.398407200755, 32627.742486005645, 32574.83268032047, 24489.64842957994, 32574.83268032047
316, 32627.742486005645, 24412.398407200755, 32627.742486005645, 32575.367122802138, 24488.868126323585, 32575.367122802138
317, 32627.742486005645, 24412.398407200755, 32627.742486005645, 32577.237671487976, 24486.13706492634, 32577.237671487976
318, 32627.742486005645, 24412.398407200755, 32627.742486005645, 32578.306556451305, 24484.57645841363, 32578.306556451305
319, 32678.018040778945, 24456.16141677732, 32678.018040778945, 32580.968393291834, 24481.937810070685, 32580.968393291834
320, 32678.018040778945, 24456.16141677732, 32678.018040778945, 32584.453205220994, 24478.173641429912, 32584.453205220994
321, 32678.018040778945, 24456.16141677732, 32678.018040778945, 32591.66327105487, 24469.55631667071, 32591.66327105487
322, 32678.018040778945, 24456.16141677732, 32678.018040778945, 32602.872903962714, 24455.272210659838, 32602.872903962714
323, 32678.018040778945, 24456.16141677732, 32678.018040778945, 32613.85084643355, 24441.891598955674, 32613.85084643355
324, 32678.018040778945, 24456.16141677732, 32678.018040778945, 32628.733777663416, 24412.805259300465, 32628.733777663416
325, 32678.018040778945, 24456.16141677732, 32678.018040778945, 32629.6536497207, 24413.143820158442, 32629.6536497207
326, 32678.018040778945, 24456.16141677732, 32678.018040778945, 32629.90502749457, 24413.362635206326, 32629.90502749457
327, 32678.018040778945, 24456.16141677732, 32678.018040778945, 32630.93558865392, 24413.830952801804, 32630.93558865392
328, 32678.018040778945, 24456.16141677732, 32678.018040778945, 32633.965568098123, 24416.250110047225, 32633.965568098123
329, 32678.018040778945, 24456.16141677732, 32678.018040778945, 32637.495687558443, 24418.438170029734, 32637.495687558443
330, 32678.018040778945, 24456.16141677732, 32678.018040778945, 32644.186105862515, 24423.350136857298, 32644.186105862515
331, 32689.759337007574, 24322.450211301453, 32689.759337007574, 32655.204023154674, 24430.274800914445, 32655.204023154674
332, 32689.759337007574, 24322.450211301453, 32689.759337007574, 32674.50033385857, 24438.89103602284, 32674.50033385857
333, 32689.759337007574, 24322.450211301453, 32689.759337007574, 32678.135453741314, 24454.824304722628, 32678.135453741314
334, 32689.759337007574, 24322.450211301453, 32689.759337007574, 32678.194160222458, 24454.155748695248, 32678.194160222458
335, 32739.776199509426, 24336.22278175786, 32739.776199509426, 32678.73093056035, 24450.946318594622, 32678.73093056035
336, 32739.776199509426, 24336.22278175786, 32739.776199509426, 32679.302258220312, 24447.82637164657, 32679.302258220312
337, 32739.776199509426, 24336.22278175786, 32739.776199509426, 32680.94836676292, 24440.74770675453, 32680.94836676292
338, 32739.776199509426, 24336.22278175786, 32739.776199509426, 32682.254688972476, 24435.09126140152, 32682.254688972476
339, 32739.776199509426, 24336.22278175786, 32739.776199509426, 32685.145624033685, 24417.747765815464, 32685.145624033685
340, 32739.776199509426, 24336.22278175786, 32739.776199509426, 32688.866845214157, 24393.79679777322, 32688.866845214157
341, 32819.78111068638, 24384.162051953677, 32819.78111068638, 32694.24817585707, 24362.56378234973, 32694.24817585707
342, 32819.78111068638, 24384.162051953677, 32819.78111068638, 32702.442722382788, 24321.471560965707, 32702.442722382788
343, 32819.78111068638, 24384.162051953677, 32819.78111068638, 32711.103562204033, 24322.190398578987, 32711.103562204033
344, 32819.78111068638, 24384.162051953677, 32819.78111068638, 32723.807128619916, 24324.905942006688, 32723.807128619916
345, 32819.78111068638, 24384.162051953677, 32819.78111068638, 32743.77644506824, 24338.61974526762, 32743.77644506824
346, 32819.78111068638, 24384.162051953677, 32819.78111068638, 32746.176592403554, 24340.057923373497, 32746.176592403554
347, 32819.78111068638, 24384.162051953677, 32819.78111068638, 32751.77693618594, 24343.413672287203, 32751.77693618594
348, 32819.78111068638, 24384.162051953677, 32819.78111068638, 32758.57735363599, 24347.488510253854, 32758.57735363599
349, 32819.78111068638, 24384.162051953677, 32819.78111068638, 32772.33882298839, 24354.670300564394, 32772.33882298839
350, 32819.78111068638, 24384.162051953677, 32819.78111068638, 32795.21818772158, 24367.28515504575, 32795.21818772158
351, 32819.78111068638, 24384.162051953677, 32819.78111068638, 32819.78111068631, 24384.162051953695, 32819.78111068631
352, 32819.78111068638, 24384.162051953677, 32819.78111068638, 32819.78111068631, 24384.162051953695, 32819.78111068631
353, 32819.78111068638, 24384.162051953677, 32819.78111068638, 32819.78111068631, 24384.162051953695, 32819.78111068631
354, 32819.78111068638, 24384.162051953677, 32819.78111068638, 32819.78111068631, 24384.162051953695, 32819.78111068631
355, 32841.78725340664, 24156.009811516567, 32841.78725340664, 32819.89114139991, 24383.02129075151, 32819.89114139991
356, 32841.78725340664, 24156.009811516567, 32841.78725340664, 32819.89114139991, 24383.02129075151, 32819.89114139991
357, 32841.78725340664, 24156.009811516567, 32841.78725340664, 32819.89114139991, 24383.02129075151, 32819.89114139991
358, 32841.78725340664, 24156.009811516567, 32841.78725340664, 32819.89114139991, 24383.02129075151, 32819.89114139991
359, 32841.78725340664, 24156.009811516567, 32841.78725340664, 32819.89114139991, 24383.02129075151, 32819.89114139991
360, 32841.78725340664, 24156.009811516567, 32841.78725340664, 32820.00117211351, 24381.880529549326, 32820.00117211351
361, 32841.78725340664, 24156.009811516567, 32841.78725340664, 32820.11120282711, 24380.73976834714, 32820.11120282711
362, 32841.78725340664, 24156.009811516567, 32841.78725340664, 32820.11120282711, 24380.73976834714, 32820.11120282711
363, 32841.78725340664, 24156.009811516567, 32841.78725340664, 32820.22123354071, 24379.599007144952, 32820.22123354071
364, 32868.94618483749, 24322.46867003637, 32868.94618483749, 32820.92331260429, 24376.85032963179, 32820.92331260429
365, 32868.94618483749, 24322.46867003637, 32868.94618483749, 32821.49923011585, 24373.11957911565, 32821.49923011585
366, 32868.94618483749, 24322.46867003637, 32868.94618483749, 32821.82932225665, 24369.697295509093, 32821.82932225665
367, 32868.94618483749, 24322.46867003637, 32868.94618483749, 32823.29543211262, 24365.361146357973, 32823.29543211262
368, 32868.94618483749, 24322.46867003637, 32868.94618483749, 32824.68995713463, 24360.013570042032, 32824.68995713463
369, 32868.94618483749, 24322.46867003637, 32868.94618483749, 32828.31788415306, 24337.70273569887, 32828.31788415306
370, 32868.94618483749, 24322.46867003637, 32868.94618483749, 32832.732072673185, 24311.073935448523, 32832.732072673185
371, 32868.94618483749, 24322.46867003637, 32868.94618483749, 32839.29643867616, 24284.770385736738, 32839.29643867616
372, 32868.94618483749, 24322.46867003637, 32868.94618483749, 32845.371576885474, 24252.86515154487, 32845.371576885474
373, 32868.94618483749, 24322.46867003637, 32868.94618483749, 32848.27429213964, 24311.135427207588, 32848.27429213964
374, 32868.94618483749, 24322.46867003637, 32868.94618483749, 32851.697307234164, 24386.76242518426, 32851.697307234164
375, 32868.94618483749, 24322.46867003637, 32868.94618483749, 32856.925690789365, 24451.846887914176, 32856.925690789365
376, 32868.94618483749, 24322.46867003637, 32868.94618483749, 32864.46451136994, 24370.542873422426, 32864.46451136994
377, 32868.94618483749, 24322.46867003637, 32868.94618483749, 32868.94618483733, 24322.468670036338, 32868.94618483733
378, 32868.94618483749, 24322.46867003637, 32868.94618483749, 32868.94618483733, 24322.468670036338, 32868.94618483733
379, 32868.94618483749, 24322.46867003637, 32868.94618483749, 32868.94618483733, 24322.468670036338, 32868.94618483733
380, 32897.957759967016, 24612.841910779607, 32897.957759967016, 32869.15733102289, 24324.76755833593, 32869.15733102289
381, 32897.957759967016, 24612.841910779607, 32897.957759967016, 32869.30238889854, 24326.219424539646, 32869.30238889854
382, 32897.957759967016, 24612.841910779607, 32897.957759967016, 32869.30238889854, 24326.219424539646, 32869.30238889854
383, 32897.957759967016, 24612.841910779607, 32897.957759967016, 32869.44744677419, 24327.671290743365, 32869.44744677419
384, 32897.957759967016, 24612.841910779607, 32897.957759967016, 32869.579623394005, 24329.36533493512, 32869.579623394005
385, 32897.957759967016, 24612.841910779607, 32897.957759967016, 32869.89922940981, 24333.17862807154, 32869.89922940981
386, 32897.957759967016, 24612.841910779607, 32897.957759967016, 32870.77330441656, 24343.283741998905, 32870.77330441656
387, 32897.957759967016, 24612.841910779607, 32897.957759967016, 32871.75916056161, 24353.752754776757, 32871.75916056161
388, 32949.443950568544, 24198.057166984105, 32949.443950568544, 32874.21407199685, 24375.515968880278, 32874.21407199685
389, 32949.443950568544, 24198.057166984105, 32949.443950568544, 32877.83189860419, 24410.77453997392, 32877.83189860419
390, 32949.443950568544, 24198.057166984105, 32949.443950568544, 32883.02575148261, 24468.127492062682, 32883.02575148261
391, 32949.443950568544, 24198.057166984105, 32949.443950568544, 32891.063834364235, 24541.888335874683, 32891.063834364235
392, 32949.443950568544, 24198.057166984105, 32949.443950568544, 32898.38548769787, 24577.24592421826, 32898.38548769787
393, 32949.443950568544, 24198.057166984105, 32949.443950568544, 32900.789500450155, 24590.028749870802, 32900.789500450155
394, 32949.443950568544, 24198.057166984105, 32949.443950568544, 32901.81922426218, 24581.73305499489, 32901.81922426218
395, 32949.443950568544, 24198.057166984105, 32949.443950568544, 32903.87867188624, 24565.141665243074, 32903.87867188624
396, 32949.443950568544, 24198.057166984105, 32949.443950568544, 32907.48270522835, 24536.106733177385, 32907.48270522835
397, 32949.443950568544, 24198.057166984105, 32949.443950568544, 32914.69077191255, 24478.036869045998, 32914.69077191255
398, 32979.705898190914, 24582.223666291942, 32979.705898190914, 32925.343010887365, 24395.14404633151, 32925.343010887365
399, 32979.705898190914, 24582.223666291942, 32979.705898190914, 32937.85100636978, 24297.51654031721, 32937.85100636978
400, 32979.705898190914, 24582.223666291942, 32979.705898190914, 32950.20049925896, 24207.661329466904, 32950.20049925896
401, 32979.705898190914, 24582.223666291942, 32979.705898190914, 32950.654428473295, 24213.42382695652, 32950.654428473295
402, 32979.705898190914, 24582.223666291942, 32979.705898190914, 32951.562286901964, 24224.948821935755, 32951.562286901964
403, 32979.705898190914, 24582.223666291942, 32979.705898190914, 32952.31883559252, 24234.55298441845, 32952.31883559252
404, 32979.705898190914, 24582.223666291942, 32979.705898190914, 32954.28586218798, 24259.52380687346, 32954.28586218798
405, 32979.705898190914, 24582.223666291942, 32979.705898190914, 32956.555508259655, 24288.336294321547, 32956.555508259655
406, 32979.705898190914, 24582.223666291942, 32979.705898190914, 32960.48956145056, 24338.277939231568, 32960.48956145056
407, 32979.705898190914, 24582.223666291942, 32979.705898190914, 32967.90373861808, 24432.398731561992, 32967.90373861808
408, 32979.705898190914, 24582.223666291942, 32979.705898190914, 32976.959210824185, 24546.382894560942, 32976.959210824185
409, 32979.705898190914, 24582.223666291942, 32979.705898190914, 32979.70589819086, 24582.223666291982, 32979.70589819086
410, 32979.705898190914, 24582.223666291942, 32979.705898190914, 32979.70589819086, 24582.223666291982, 32979.70589819086
411, 32979.705898190914, 24582.223666291942, 32979.705898190914, 32979.70589819086, 24582.223666291982, 32979.70589819086
412, 32979.705898190914, 24582.223666291942, 32979.705898190914, 32979.70589819086, 24582.223666291982, 32979.70589819086
413, 32979.705898190914, 24582.223666291942, 32979.705898190914, 32979.70589819086, 24582.223666291982, 32979.70589819086
414, 32979.705898190914, 24582.223666291942, 32979.705898190914, 32979.70589819086, 24582.223666291982, 32979.70589819086
415, 33025.610247469165, 24600.499241453046, 33025.610247469165, 32979.95256181844, 24581.13993643415, 32979.95256181844
416, 33025.610247469165, 24600.499241453046, 33025.610247469165, 32979.96466213945, 24580.21533478249, 32979.96466213945
417, 33025.610247469165, 24600.499241453046, 33025.610247469165, 32979.981804020645, 24579.04022704885, 32979.981804020645
418, 33025.610247469165, 24600.499241453046, 33025.610247469165, 32980.24560952942, 24576.78138945737, 32980.24560952942
419, 33025.610247469165, 24600.499241453046, 33025.610247469165, 32980.27787609116, 24574.854763477775, 32980.27787609116
420, 33025.610247469165, 24600.499241453046, 33025.610247469165, 32980.37064425794, 24568.305129239896, 32980.37064425794
421, 33025.610247469165, 24600.499241453046, 33025.610247469165, 32981.18626142628, 24559.679413162157, 32981.18626142628
422, 33025.610247469165, 24600.499241453046, 33025.610247469165, 32982.53453117236, 24546.28551581948, 32982.53453117236
423, 33025.610247469165, 24600.499241453046, 33025.610247469165, 32983.805873760575, 24524.755574465144, 32983.805873760575
424, 33025.610247469165, 24600.499241453046, 33025.610247469165, 32986.090910072366, 24486.603018507656, 32986.090910072366
425, 33025.610247469165, 24600.499241453046, 33025.610247469165, 32989.71202284017, 24458.649792085314, 32989.71202284017
426, 33025.610247469165, 24600.499241453046, 33025.610247469165, 32995.64269603991, 24467.957019273763, 32995.64269603991
427, 33025.610247469165, 24600.499241453046, 33025.610247469165, 33002.96317349831, 24504.881822883795, 33002.96317349831
428, 33025.610247469165, 24600.499241453046, 33025.610247469165, 33018.730351950195, 24586.142958016837, 33018.730351950195
429, 33025.610247469165, 24600.499241453046, 33025.610247469165, 33025.61024746927, 24600.499241453042, 33025.61024746927
430, 33025.610247469165, 24600.499241453046, 33025.610247469165, 33025.61024746927, 24600.499241453042, 33025.61024746927
431, 33025.610247469165, 24600.499241453046, 33025.610247469165, 33025.61024746927, 24600.499241453042, 33025.61024746927
432, 33109.37341859743, 24557.551796533247, 33109.37341859743, 33026.02906332491, 24600.284504228443, 33026.02906332491
433, 33109.37341859743, 24557.551796533247, 33109.37341859743, 33026.44787918055, 24600.069767003843, 33026.44787918055
434, 33109.37341859743, 24557.551796533247, 33109.37341859743, 33026.44787918055, 24600.069767003843, 33026.44787918055
435, 33109.37341859743, 24557.551796533247, 33109.37341859743, 33026.44787918055, 24600.069767003843, 33026.44787918055
436, 33109.37341859743, 24557.551796533247, 33109.37341859743, 33027.28551089184, 24599.640292554646, 33027.28551089184
437, 33109.37341859743, 24557.551796533247, 33109.37341859743, 33028.54195845876, 24598.99608088085, 33028.54195845876
438, 33109.37341859743, 24557.551796533247, 33109.37341859743, 33030.21722188132, 24598.13713198245, 33030.21722188132
439, 33109.37341859743, 24557.551796533247, 33109.37341859743, 33033.9865645821, 24596.204496961058, 33033.9865645821
440, 33109.37341859743, 24557.551796533247, 33109.37341859743, 33039.29196349235, 24593.059053662397, 33039.29196349235
441, 33188.42217242097, 24635.464744563247, 33188.42217242097, 33048.34313301686, 24588.585277307084, 33048.34313301686
442, 33188.42217242097, 24635.464744563247, 33188.42217242097, 33063.95614901857, 24580.32184597929, 33063.95614901857
443, 33188.42217242097, 24635.464744563247, 33188.42217242097, 33089.80606585212, 24568.753332516622, 33089.80606585212
444, 33188.42217242097, 24635.464744563247, 33188.42217242097, 33113.32585628867, 24561.44744393469, 33113.32585628867
445, 33188.42217242097, 24635.464744563247, 33188.42217242097, 33114.90683136514, 24563.00570289529, 33114.90683136514
446, 33188.42217242097, 24635.464744563247, 33188.42217242097, 33118.06878151808, 24566.12222081649, 33118.06878151808
447, 33188.42217242097, 24635.464744563247, 33188.42217242097, 33123.997438054845, 24571.965691918736, 33123.997438054845
448, 33188.42217242097, 24635.464744563247, 33188.42217242097, 33132.73461470855, 24580.300653049268, 33132.73461470855
449, 33188.42217242097, 24635.464744563247, 33188.42217242097, 33147.75387793503, 24595.104113174973, 33147.75387793503
450, 33188.42217242097, 24635.464744563247, 33188.42217242097, 33168.34749234051, 24614.940035978598, 33168.34749234051
451, 33188.42217242097, 24635.464744563247, 33188.42217242097, 33188.4221724209, 24635.464744563218, 33188.4221724209
452, 33189.59841006441, 24633.602504792656, 33189.59841006441, 33188.42805360911, 24635.455433364365, 33188.42805360911
453, 33189.59841006441, 24633.602504792656, 33189.59841006441, 33188.43981598555, 24635.43681096666, 33188.43981598555
454, 33189.59841006441, 24633.602504792656, 33189.59841006441, 33188.44569717376, 24635.427499767808, 33188.44569717376
455, 33189.59841006441, 24633.602504792656, 33189.59841006441, 33188.46922192663, 24635.390254972397, 33188.46922192663
456, 33189.59841006441, 24633.602504792656, 33189.59841006441, 33188.486865491286, 24635.362321375836, 33188.486865491286
457, 33189.59841006441, 24633.602504792656, 33189.59841006441, 33188.522152620586, 24635.30645418272, 33188.522152620586
458, 33189.59841006441, 24633.602504792656, 33189.59841006441, 33188.592726879186, 24635.194719796484, 33188.592726879186
459, 33189.59841006441, 24633.602504792656, 33189.59841006441, 33188.6985882671, 24635.02711821713, 33188.6985882671
460, 33189.59841006441, 24633.602504792656, 33189.59841006441, 33188.83385559609, 24634.81296064351, 33188.83385559609
461, 33189.59841006441, 24633.602504792656, 33189.59841006441, 33189.03969718365, 24634.48706868366, 33189.03969718365
462, 33189.59841006441, 24633.602504792656, 33189.59841006441, 33189.39844966493, 24633.91908555363, 33189.39844966493
463, 33195.57265964994, 24682.62431407678, 33195.57265964994, 33189.62828131229, 24633.84761383905, 33189.62828131229
464, 33195.57265964994, 24682.62431407678, 33195.57265964994, 33189.658152560216, 24634.092722885474, 33189.658152560216
465, 33195.57265964994, 24682.62431407678, 33195.57265964994, 33189.68802380814, 24634.33783193189, 33189.68802380814
466, 33195.57265964994, 24682.62431407678, 33195.57265964994, 33189.747766304, 24634.828050024735, 33189.747766304
467, 33195.57265964994, 24682.62431407678, 33195.57265964994, 33189.777637551924, 24635.073159071155, 33189.777637551924
468, 33195.57265964994, 24682.62431407678, 33195.57265964994, 33189.83738004778, 24635.563377164, 33189.83738004778
469, 33263.761136244655, 24479.843484887293, 33263.761136244655, 33190.26793617454, 24635.28480015731, 33190.26793617454
470, 33263.761136244655, 24479.843484887293, 33263.761136244655, 33190.87771978886, 24636.476877429144, 33190.87771978886
471, 33263.761136244655, 24479.843484887293, 33263.761136244655, 33191.146561020214, 24638.682858846933, 33191.146561020214
472, 33263.761136244655, 24479.843484887293, 33263.761136244655, 33192.708747847726, 24639.52359935403, 33192.708747847726
473, 33263.761136244655, 24479.843484887293, 33263.761136244655, 33193.666304997314, 24646.837578948853, 33193.666304997314
474, 33263.761136244655, 24479.843484887293, 33263.761136244655, 33196.77988354301, 24657.215880074466, 33196.77988354301
475, 33263.761136244655, 24479.843484887293, 33263.761136244655, 33200.61445828471, 24666.898017765343, 33200.61445828471
476, 33263.761136244655, 24479.843484887293, 33263.761136244655, 33202.2468330898, 24661.310762913352, 33202.2468330898
477, 33263.761136244655, 24479.843484887293, 33263.761136244655, 33206.25797305995, 24647.90562313792, 33206.25797305995
478, 33263.761136244655, 24479.843484887293, 33263.761136244655, 33211.42878288284, 24631.77368326735, 33211.42878288284
479, 33263.761136244655, 24479.843484887293, 33263.761136244655, 33220.27762180865, 24603.971063669116, 33220.27762180865
480, 33263.761136244655, 24479.843484887293, 33263.761136244655, 33235.18600638375, 24555.238972367995, 33235.18600638375
481, 33263.761136244655, 24479.843484887293, 33263.761136244655, 33262.25496858943, 24471.85308717547, 33262.25496858943
482, 33263.761136244655, 24479.843484887293, 33263.761136244655, 33263.76113624474, 24479.8434848873, 33263.76113624474
483, 33263.761136244655, 24479.843484887293, 33263.761136244655, 33263.76113624474, 24479.8434848873, 33263.76113624474
484, 33263.761136244655, 24479.843484887293, 33263.761136244655, 33263.76113624474, 24479.8434848873, 33263.76113624474
485, 33263.761136244655, 24479.843484887293, 33263.761136244655, 33263.76113624474, 24479.8434848873, 33263.76113624474
486, 33263.761136244655, 24479.843484887293, 33263.761136244655, 33263.76113624474, 24479.8434848873, 33263.76113624474
487, 33263.761136244655, 24479.843484887293, 33263.761136244655, 33263.76113624474, 24479.8434848873, 33263.76113624474
488, 33326.76382903452, 24448.140364479386, 33326.76382903452, 33264.07614970869, 24479.684969285256, 33264.07614970869
489, 33326.76382903452, 24448.140364479386, 33326.76382903452, 33264.07614970869, 24479.684969285256, 33264.07614970869
490, 33326.76382903452, 24448.140364479386, 33326.76382903452, 33264.391163172644, 24479.52645368322, 33264.391163172644
491, 33326.76382903452, 24448.140364479386, 33326.76382903452, 33264.706176636595, 24479.36793808118, 33264.706176636595
492, 33332.042360785155, 24400.574189481853, 33332.042360785155, 33265.989152346265, 24478.48657648927, 33265.989152346265
493, 33352.40108381625, 24181.340483580807, 33352.40108381625, 33267.05543740227, 24476.65809366113, 33267.05543740227
494, 33352.40108381625, 24181.340483580807, 33352.40108381625, 33269.71971163189, 24473.78973363904, 33269.71971163189
495, 33352.40108381625, 24181.340483580807, 33352.40108381625, 33275.54315913537, 24469.05104517775, 33275.54315913537
496, 33352.40108381625, 24181.340483580807, 33352.40108381625, 33284.608122478865, 24461.60262724024, 33284.608122478865
497, 33352.40108381625, 24181.340483580807, 33352.40108381625, 33296.90236841178, 24448.60754949919, 33296.90236841178
498, 33352.40108381625, 24181.340483580807, 33352.40108381625, 33311.09603636569, 24434.304039178554, 33311.09603636569
499, 33352.40108381625, 24181.340483580807, 33352.40108381625, 33329.76535028391, 24414.020192930904, 33329.76535028391
500, 33352.40108381625, 24181.340483580807, 33352.40108381625, 33331.81603632926, 24396.002032212993, 33331.81603632926
