1, 27039.702522871066, 24645.20010993726, 27039.702522871066, 25116.476593050385, 24656.86604125531, 25116.476593050385
2, 27173.625272538917, 24590.448601608263, 27173.625272538917, 21502.732024327408, 24667.764231168567, 26116.437540257517
3, 27453.483561634275, 24643.83675917508, 27453.483561634275, 23178.759866439465, 24638.78302938568, 26618.573070778664
4, 27912.71757168535, 24573.52422363532, 27912.71757168535, 22617.36992184219, 24635.322293522324, 27150.777754310155
5, 28147.85589987116, 24547.512347527616, 28147.85589987116, 25623.621944761067, 24587.83899791811, 27461.728766480035
6, 28466.308240301914, 24631.68633980414, 28466.308240301914, 23345.192602648174, 24603.573116974163, 27841.150640048552
7, 28482.700361527055, 24387.557904732686, 28482.700361527055, 23444.67159410098, 24601.568181526738, 28117.281336032924
8, 28725.79312003054, 24565.363966223154, 28725.79312003054, 24059.866289474965, 24612.3909731887, 28287.23268741208
9, 28929.592846160147, 24683.637773931987, 28929.592846160147, 24685.94218657454, 24596.63168872938, 28475.94444639419
10, 29044.757097379486, 24513.28413668357, 29044.757097379486, 23728.48237338284, 24607.55613326922, 28632.801901229217
11, 29166.111966349934, 24386.226286128804, 29166.111966349934, 25904.894686905212, 24580.78307264259, 28760.573049620874
12, 29293.34930914718, 24679.51653798542, 29293.34930914718, 27803.84604841814, 24546.739840577826, 28916.337130788666
13, 29504.96932787997, 24511.015921459824, 29504.96932787997, 24602.68840465814, 24560.38467472053, 29085.975690771826
14, 29622.8546211978, 24504.187254135068, 29622.8546211978, 26133.94985724235, 24538.567431212374, 29204.629251384213
15, 29888.417448218202, 24569.9371142954, 29888.417448218202, 26918.87321670907, 24534.809568203964, 29347.238788011146
16, 30059.37454315078, 24589.077619096854, 30059.37454315078, 25947.64038449528, 24573.78572104642, 29554.009026806914
17, 30200.72168437757, 24510.974435687203, 30200.72168437757, 25108.04785542199, 24576.081812324792, 29698.65859539135
18, 30378.747469743794, 24663.157833580568, 30378.747469743794, 26873.603211516704, 24562.1189565118, 29843.290607308558
19, 30378.747469743794, 24663.157833580568, 30378.747469743794, 24693.595846195305, 24621.341260412923, 30002.575386016957
20, 30378.747469743794, 24663.157833580568, 30378.747469743794, 25607.544619718803, 24619.610681219143, 30081.55880260556
21, 30473.528156438053, 24683.839117541826, 30473.528156438053, 24681.817328147656, 24619.28702157819, 30151.206244484645
22, 30513.448776899604, 24672.573132853606, 30513.448776899604, 24754.65604778462, 24597.6382016719, 30242.845439896613
23, 30685.310671994775, 24664.955343120735, 30685.310671994775, 25470.885879686295, 24620.881043834426, 30305.638185823296
24, 30706.652774112175, 24660.88062519184, 30706.652774112175, 24858.967487833776, 24666.65477008199, 30383.937368259525
25, 30706.652774112175, 24660.88062519184, 30706.652774112175, 25246.5555170782, 24671.549298844464, 30438.81115618056
26, 30715.588502095532, 24565.996972358305, 30715.588502095532, 25476.85263937758, 24657.25270995494, 30506.027242006134
27, 30738.069501554768, 24534.553427614574, 30738.069501554768, 26343.580109595576, 24634.14988630991, 30537.58431538741
28, 30824.349021815844, 24590.691902050166, 30824.349021815844, 27560.966820445115, 24611.68840831293, 30580.912651430837
29, 30896.561236121874, 24614.54285437668, 30896.561236121874, 24912.222706669178, 24646.860062505857, 30630.496123252175
30, 30928.73311487417, 24651.938093255456, 30928.73311487417, 26126.034749070335, 24640.44028845144, 30674.269971573118
31, 30928.73311487417, 24651.938093255456, 30928.73311487417, 25482.226831866592, 24664.178250313973, 30700.939272882715
32, 31231.761238706844, 24574.404958253574, 31231.761238706844, 29603.834558881354, 24594.298093309597, 30793.336891776595
33, 31280.901017332897, 24544.586367717086, 31280.901017332897, 27162.593117402783, 24609.070887120703, 30908.829602188704
34, 31389.513335863357, 24669.78749877838, 31389.513335863357, 26570.28734062066, 24598.514269779713, 31003.20568028029
35, 31389.513335863357, 24669.78749877838, 31389.513335863357, 25453.634278655496, 24610.417657956332, 31100.9937312471
36, 31441.22738658775, 24561.46603187952, 31441.22738658775, 26019.371555960635, 24624.12574320294, 31155.43737512945
37, 31450.89492486554, 24596.454007979253, 31450.89492486554, 26746.396523072613, 24626.991549893286, 31204.764620628473
38, 31640.01477024148, 24422.93945272603, 31640.01477024148, 28879.263702080345, 24586.6300606543, 31282.679464545596
39, 31746.559145338408, 24533.174545871272, 31746.559145338408, 29466.778613759176, 24564.75956940252, 31365.445446915837
40, 31882.738037341358, 24486.27942934869, 31882.738037341358, 28004.142097501634, 24581.339943365423, 31465.088596002348
41, 31893.711855897043, 24583.93674442641, 31893.711855897043, 26347.92941133689, 24601.18397721145, 31563.285342357944
42, 31926.79287268287, 24626.10490113914, 31926.79287268287, 26408.205881096186, 24586.29784131072, 31616.748690956683
43, 31926.79287268287, 24626.10490113914, 31926.79287268287, 26811.34353766752, 24583.54918823541, 31685.52145673662
44, 31933.267186853485, 24658.31564041406, 31933.267186853485, 25813.63700441898, 24607.23304019761, 31728.876960035814
45, 31975.9225857049, 24645.991135739958, 31975.9225857049, 26197.809959084287, 24620.492712430056, 31769.452074528694
46, 32013.900504197765, 24599.06063951346, 32013.900504197765, 26757.68429664676, 24628.029341861013, 31816.453244078977
47, 32180.465728538078, 24536.56012534855, 32180.465728538078, 26617.424454502056, 24648.822002374087, 31852.801108198506
48, 32180.465728538078, 24536.56012534855, 32180.465728538078, 27531.273152433125, 24644.850349884604, 31904.271988247863
49, 32216.87543057567, 24653.309286523017, 32216.87543057567, 26332.632908624684, 24668.471414001055, 31942.232919254973
50, 32216.87543057567, 24653.309286523017, 32216.87543057567, 26191.712059659414, 24649.39304739835, 31974.391796380743
51, 32216.87543057567, 24653.309286523017, 32216.87543057567, 26229.49548111569, 24639.344066979927, 32022.755238545924
52, 32324.746370273475, 24684.646141583533, 32324.746370273475, 26438.830738885237, 24630.76972077125, 32050.89119815745
53, 32406.109075026758, 24564.64060848778, 32406.109075026758, 26126.50662091836, 24634.470111538463, 32102.14320781675
54, 32413.86974899326, 24636.349638814307, 32413.86974899326, 28083.063370646792, 24599.595037518866, 32149.71037186668
55, 32413.86974899326, 24636.349638814307, 32413.86974899326, 26188.225134266984, 24636.61067970628, 32186.29366920719
56, 32413.86974899326, 24636.349638814307, 32413.86974899326, 26380.030187619526, 24647.414330439387, 32205.194735506375
57, 32721.41990138964, 24313.49520049424, 32721.41990138964, 28890.92237891719, 24634.946092789727, 32254.014551345565
58, 32734.610256690084, 24542.119180389098, 32734.610256690084, 31456.62792355402, 24572.150990631868, 32346.937749961417
59, 32942.32779671684, 24667.393035644036, 32942.32779671684, 28330.60837981262, 24585.170442957125, 32417.15976132169
60, 32942.32779671684, 24667.393035644036, 32942.32779671684, 25541.518820784382, 24611.489498994706, 32549.051371533787
61, 32942.32779671684, 24667.393035644036, 32942.32779671684, 26129.668084438654, 24577.82598675774, 32578.823676948083
62, 32943.74072217454, 24660.667970213322, 32943.74072217454, 26548.37630900493, 24578.345964489217, 32635.208257243048
63, 32943.74072217454, 24660.667970213322, 32943.74072217454, 26592.90038941438, 24592.169883674662, 32688.50461812881
64, 32943.74072217454, 24660.667970213322, 32943.74072217454, 25910.312927117193, 24554.906930949335, 32725.456882601582
65, 33012.54095125646, 24643.982206078235, 33012.54095125646, 27012.7543579293, 24546.491947574832, 32747.289819269292
66, 33017.092132389174, 24615.349373116434, 33017.092132389174, 26870.60019840798, 24624.240199582713, 32795.06304758393
67, 33017.092132389174, 24615.349373116434, 33017.092132389174, 26901.14792956485, 24650.243033324095, 32829.33341896109
68, 33017.092132389174, 24615.349373116434, 33017.092132389174, 27822.65031659894, 24662.25116125137, 32856.08885209124
69, 33017.092132389174, 24615.349373116434, 33017.092132389174, 26761.2096993842, 24679.515973163994, 32865.14907796767
70, 33017.092132389174, 24615.349373116434, 33017.092132389174, 26608.519859508193, 24695.456645166625, 32897.60947696597
71, 33017.092132389174, 24615.349373116434, 33017.092132389174, 26970.269869702577, 24696.2283287287, 32904.236682723626
72, 33017.092132389174, 24615.349373116434, 33017.092132389174, 26796.189317167977, 24679.39260002156, 32900.20055727734
73, 33017.092132389174, 24615.349373116434, 33017.092132389174, 27528.732173550827, 24671.17941687386, 32913.04464793084
74, 33039.703077543985, 24685.53233194531, 33039.703077543985, 26818.110098327317, 24678.808457720334, 32943.331687301164
75, 33039.703077543985, 24685.53233194531, 33039.703077543985, 26648.736236529534, 24684.342073058357, 32931.84285925326
76, 33054.621552140175, 24622.46982140842, 33054.621552140175, 26833.598374457095, 24675.644739737585, 32940.19343413608
77, 33054.621552140175, 24622.46982140842, 33054.621552140175, 27016.414819032292, 24666.252634047265, 32947.04072112567
78, 33054.621552140175, 24622.46982140842, 33054.621552140175, 26299.994901079164, 24674.57739336134, 32952.82079002248
79, 33054.621552140175, 24622.46982140842, 33054.621552140175, 28095.847231379536, 24658.25933419454, 32951.19271214464
80, 33054.621552140175, 24622.46982140842, 33054.621552140175, 27383.120688535182, 24663.272900939555, 32956.42390288208
81, 33099.70658693939, 24683.89208325198, 33099.70658693939, 26487.369091043303, 24680.876668460212, 32973.394607303584
82, 33099.70658693939, 24683.89208325198, 33099.70658693939, 27211.80125579579, 24692.715117639917, 32981.8358213645
83, 33099.70658693939, 24683.89208325198, 33099.70658693939, 26137.420630907065, 24705.196900715902, 32982.365706952165
84, 33099.70658693939, 24683.89208325198, 33099.70658693939, 25961.634470042096, 24692.846995916585, 32998.51049401189
85, 33225.09734551252, 24646.71152826466, 33225.09734551252, 26873.99168825934, 24663.422411373147, 32992.76270115416
86, 33225.09734551252, 24646.71152826466, 33225.09734551252, 27055.948627251997, 24649.050069342105, 33005.58989318783
87, 33291.574228000885, 24621.065851092604, 33291.574228000885, 27421.20484859983, 24632.139355044263, 33020.27431243166
88, 33317.74802330634, 24617.49777669944, 33317.74802330634, 26529.61618635851, 24618.15816582238, 33054.57241087494
89, 33317.74802330634, 24617.49777669944, 33317.74802330634, 27263.947309573254, 24577.29684639888, 33067.117591493516
90, 33317.74802330634, 24617.49777669944, 33317.74802330634, 27459.158044020787, 24590.724533159464, 33067.237121050945
91, 33317.74802330634, 24617.49777669944, 33317.74802330634, 27306.83270364758, 24654.30145427513, 33101.327240852916
92, 33317.74802330634, 24617.49777669944, 33317.74802330634, 26961.995047310345, 24656.61798231016, 33130.03506900251
93, 33336.50125523479, 24663.075713472386, 33336.50125523479, 28072.157830104068, 24631.620251026787, 33139.37639561952
94, 33336.50125523479, 24663.075713472386, 33336.50125523479, 27188.222048249645, 24642.438114912416, 33171.65069616631
95, 33336.50125523479, 24663.075713472386, 33336.50125523479, 26850.45104080955, 24657.45170688769, 33187.68796884598
96, 33336.50125523479, 24663.075713472386, 33336.50125523479, 26522.891482861458, 24684.041199842166, 33231.9312310214
97, 33336.50125523479, 24663.075713472386, 33336.50125523479, 26897.112835944066, 24676.23267828717, 33245.96837753433
98, 33336.50125523479, 24663.075713472386, 33336.50125523479, 27078.918038429365, 24668.30327141961, 33233.98427044837
99, 33353.65378106687, 24618.009049668344, 33353.65378106687, 27082.755038339, 24665.589244193157, 33248.57687229808
100, 33491.86594254904, 24626.017386256535, 33491.86594254904, 27086.202515672343, 24669.596058595223, 33245.108527779805
101, 33491.86594254904, 24626.017386256535, 33491.86594254904, 27089.456790400644, 24674.982455976882, 33273.304900240204
102, 33491.86594254904, 24626.017386256535, 33491.86594254904, 28001.80603093913, 24663.74664688703, 33289.006616574865
103, 33491.86594254904, 24626.017386256535, 33491.86594254904, 27640.577535543274, 24676.685040946733, 33285.657848340416
104, 33491.86594254904, 24626.017386256535, 33491.86594254904, 27829.330915563296, 24681.938611198875, 33292.22981392969
105, 33491.86594254904, 24626.017386256535, 33491.86594254904, 28201.414424230545, 24680.55486449428, 33305.132547848436
106, 33519.18699299173, 24680.25691645302, 33519.18699299173, 27663.72594867497, 24689.727189697674, 33314.78304351002
107, 33519.18699299173, 24680.25691645302, 33519.18699299173, 27316.15956703775, 24694.59775796524, 33331.984282147336
108, 33519.18699299173, 24680.25691645302, 33519.18699299173, 26243.46633796736, 24696.953013089904, 33346.49800227129
109, 33519.18699299173, 24680.25691645302, 33519.18699299173, 26818.88959866172, 24690.585569843577, 33373.077730057674
110, 33519.18699299173, 24680.25691645302, 33519.18699299173, 27032.78621803662, 24678.236241118077, 33414.25375196718
111, 33519.18699299173, 24680.25691645302, 33519.18699299173, 27406.251977046868, 24687.63278595476, 33420.76210781116
112, 33569.30277459822, 24628.718513785236, 33569.30277459822, 27224.589130606073, 24682.741642935966, 33416.26051529352
113, 33569.30277459822, 24628.718513785236, 33569.30277459822, 27410.882103675536, 24674.210209808803, 33433.754227794314
114, 33569.30277459822, 24628.718513785236, 33569.30277459822, 27603.319482271647, 24695.066840553594, 33435.10076351332
115, 33569.30277459822, 24628.718513785236, 33569.30277459822, 26695.097237777616, 24719.014561355223, 33447.34620312027
116, 33569.30277459822, 24628.718513785236, 33569.30277459822, 28340.185342562436, 24699.22526304974, 33447.89711575255
117, 33569.30277459822, 24628.718513785236, 33569.30277459822, 27787.41305771703, 24703.294633688653, 33445.19260768927
118, 33569.30277459822, 24628.718513785236, 33569.30277459822, 27249.213041251278, 24705.711217984543, 33460.26085591776
119, 33569.30277459822, 24628.718513785236, 33569.30277459822, 27978.359973068636, 24691.61904890619, 33452.64784100367
120, 33577.31973242087, 24580.293261155315, 33577.31973242087, 27073.46174450645, 24694.980711756452, 33445.01649778882
121, 33624.04756480849, 24657.247716523918, 33624.04756480849, 26709.725059499724, 24704.271586730047, 33463.635488180786
122, 33624.04756480849, 24657.247716523918, 33624.04756480849, 27267.240311088397, 24685.758432439197, 33483.05741381268
123, 33676.17103957195, 24672.37884760546, 33676.17103957195, 27098.929997062813, 24685.262884844396, 33505.32135712031
124, 33676.17103957195, 24672.37884760546, 33676.17103957195, 26558.57217063459, 24676.7421938033, 33502.14065877617
125, 33676.17103957195, 24672.37884760546, 33676.17103957195, 26742.258601584606, 24675.905528162755, 33518.55024979111
126, 33676.17103957195, 24672.37884760546, 33676.17103957195, 26742.804065696106, 24675.079331084045, 33503.981211024286
127, 33676.17103957195, 24672.37884760546, 33676.17103957195, 27299.0929817011, 24662.86366855897, 33522.08533359812
128, 33676.17103957195, 24672.37884760546, 33676.17103957195, 27115.479661620095, 24649.664955559452, 33526.06508192374
129, 33676.17103957195, 24672.37884760546, 33676.17103957195, 26757.85726658941, 24657.483609463732, 33531.91532169932
130, 33676.17103957195, 24672.37884760546, 33676.17103957195, 27309.17309262272, 24659.623683404225, 33521.13214851041
131, 33676.17103957195, 24672.37884760546, 33676.17103957195, 27327.386273861575, 24655.808860171557, 33547.415914864076
132, 33676.17103957195, 24672.37884760546, 33676.17103957195, 27696.746432120173, 24641.051762422194, 33560.72611664186
133, 33676.17103957195, 24672.37884760546, 33676.17103957195, 27150.372706218634, 24629.250145602527, 33552.02373170819
134, 33676.17103957195, 24672.37884760546, 33676.17103957195, 27522.56833535659, 24673.13635505062, 33571.30309476221
135, 33776.38638199398, 24613.30944486092, 33776.38638199398, 26980.48967823467, 24708.248685556428, 33587.284015947305
136, 33776.38638199398, 24613.30944486092, 33776.38638199398, 27361.714305382447, 24705.114307670083, 33599.58873978622
137, 33776.38638199398, 24613.30944486092, 33776.38638199398, 28110.005803194486, 24693.605102725833, 33607.450145412615
138, 33776.38638199398, 24613.30944486092, 33776.38638199398, 27379.556273137547, 24707.353793885657, 33606.12870653737
139, 33843.4478834117, 24655.25328064398, 33843.4478834117, 26277.763669701195, 24718.92384721633, 33632.744784164104
140, 33843.4478834117, 24655.25328064398, 33843.4478834117, 27206.083970458854, 24706.59458217142, 33645.68954516676
141, 33843.4478834117, 24655.25328064398, 33843.4478834117, 27214.285685111554, 24703.556523571155, 33655.40171211052
142, 33843.4478834117, 24655.25328064398, 33843.4478834117, 28148.25921451859, 24691.373999384334, 33671.66254943205
143, 33843.4478834117, 24655.25328064398, 33843.4478834117, 26152.552127026527, 24699.363160104054, 33687.15105871731
144, 33843.4478834117, 24655.25328064398, 33843.4478834117, 27452.990174175062, 24692.588832165413, 33695.175707783645
145, 33843.4478834117, 24655.25328064398, 33843.4478834117, 27644.861003357604, 24679.471664231813, 33715.82638316661
146, 33843.4478834117, 24655.25328064398, 33843.4478834117, 27108.57924095882, 24678.66323808329, 33728.22316428209
147, 33942.45458787194, 24451.56496247307, 33942.45458787194, 30809.00236266387, 24640.27828336504, 33754.009450990525
148, 33942.45458787194, 24451.56496247307, 33942.45458787194, 29167.321704600796, 24655.861310537355, 33773.075631506195
149, 33944.19339754338, 24645.58297238087, 33944.19339754338, 30097.506997301316, 24647.82334582633, 33779.66669190034
150, 33944.19339754338, 24645.58297238087, 33944.19339754338, 26774.636295185894, 24682.16972686605, 33780.32358733979
151, 33944.19339754338, 24645.58297238087, 33944.19339754338, 27331.71226721892, 24648.580250970663, 33785.04990202105
152, 33944.19339754338, 24645.58297238087, 33944.19339754338, 27519.383659910964, 24632.209778213077, 33796.5300829599
153, 33989.528388764826, 24498.33194549437, 33989.528388764826, 27526.531926085736, 24594.574588094463, 33791.17384238719
154, 33989.528388764826, 24498.33194549437, 33989.528388764826, 29748.929443932288, 24513.88854852792, 33809.874896413814
155, 33989.528388764826, 24498.33194549437, 33989.528388764826, 29383.05858134551, 24465.325650326846, 33809.538621713225
156, 33989.528388764826, 24498.33194549437, 33989.528388764826, 28843.055669261, 24468.827286233645, 33823.02145133889
157, 33994.60676996493, 24575.985299435415, 33994.60676996493, 27753.316812682522, 24490.640884947123, 33843.209119988984
158, 33994.60676996493, 24575.985299435415, 33994.60676996493, 29622.40555854361, 24534.035822087688, 33870.59475311897
159, 33994.60676996493, 24575.985299435415, 33994.60676996493, 28698.74075007777, 24559.567283482542, 33866.85396831466
160, 33994.60676996493, 24575.985299435415, 33994.60676996493, 28704.897343572353, 24580.741396301535, 33876.39346205639
161, 34019.87656086231, 24574.461469622784, 34019.87656086231, 28345.12121668398, 24605.585461894123, 33887.04528332623
162, 34019.87656086231, 24574.461469622784, 34019.87656086231, 28905.983097652843, 24589.821745721267, 33891.7145491247
163, 34047.240513981145, 24558.67800908036, 34047.240513981145, 29659.773750557146, 24561.176436502472, 33909.352722362506
164, 34081.57293352943, 24632.007865846626, 34081.57293352943, 27628.420123452815, 24589.66247726918, 33918.638751560415
165, 34081.57293352943, 24632.007865846626, 34081.57293352943, 27263.13740625083, 24598.872667476786, 33923.201248417354
166, 34093.21119934597, 24425.053717035258, 34093.21119934597, 30054.06917778916, 24587.001715367067, 33938.598612456786
167, 34093.21119934597, 24425.053717035258, 34093.21119934597, 30792.425938908993, 24595.47623100581, 33940.70850798444
168, 34093.21119934597, 24425.053717035258, 34093.21119934597, 32087.209417707272, 24583.644867931755, 33940.22122254908
169, 34093.21119934597, 24425.053717035258, 34093.21119934597, 30249.64641066624, 24607.76034636799, 33951.166529279435
170, 34093.21119934597, 24425.053717035258, 34093.21119934597, 31188.543614207265, 24601.419932089946, 33963.96852948523
171, 34093.21119934597, 24425.053717035258, 34093.21119934597, 31765.947402910773, 24602.658545782375, 33991.55870965979
172, 34093.21119934597, 24425.053717035258, 34093.21119934597, 30655.77638643932, 24604.423476509928, 33993.87427915606
173, 34093.21119934597, 24425.053717035258, 34093.21119934597, 31589.892044739605, 24602.373860692307, 33999.815851087755
174, 34100.90731894819, 24686.62695826298, 34100.90731894819, 26773.654247197486, 24638.084770984922, 34001.29732605561
175, 34132.497529347886, 24621.530829501557, 34132.497529347886, 28075.431736007384, 24582.482134439993, 34007.1778424935
176, 34132.497529347886, 24621.530829501557, 34132.497529347886, 27892.014849267285, 24537.711320290353, 34012.61860820243
177, 34132.497529347886, 24621.530829501557, 34132.497529347886, 27707.86282085339, 24518.865590464553, 34017.751634278895
178, 34132.497529347886, 24621.530829501557, 34132.497529347886, 27712.535628082624, 24526.759365377922, 34013.62878706944
179, 34132.497529347886, 24621.530829501557, 34132.497529347886, 27340.222492078523, 24530.77146355097, 34017.833919003424
180, 34132.497529347886, 24621.530829501557, 34132.497529347886, 28447.652927802483, 24540.750584704754, 34001.08985471999
181, 34132.497529347886, 24621.530829501557, 34132.497529347886, 27158.446009641375, 24553.260086880742, 34012.53212443542
182, 34132.497529347886, 24621.530829501557, 34132.497529347886, 27719.855389738797, 24555.961456441568, 34022.95997448542
183, 34132.497529347886, 24621.530829501557, 34132.497529347886, 28091.365641551267, 24586.76174755011, 34024.95077394837
184, 34132.497529347886, 24621.530829501557, 34132.497529347886, 27721.96039053966, 24522.30407840341, 34027.4930576309
185, 34132.497529347886, 24621.530829501557, 34132.497529347886, 28099.535114499628, 24554.33180555963, 34025.13445191998
186, 34169.63036109793, 24585.55241630643, 34169.63036109793, 28294.50295488344, 24606.312001325616, 34049.97729080584
187, 34197.84514788714, 24545.146867292788, 34197.84514788714, 28670.56861160063, 24662.7751920396, 34052.38560639088
188, 34197.84514788714, 24545.146867292788, 34197.84514788714, 29595.634909443474, 24639.282047256023, 34053.12741472918
189, 34197.84514788714, 24545.146867292788, 34197.84514788714, 29783.348816949143, 24648.00951528727, 34047.98977441839
190, 34197.84514788714, 24545.146867292788, 34197.84514788714, 29228.533464702225, 24645.781903809402, 34058.14102481353
191, 34197.84514788714, 24545.146867292788, 34197.84514788714, 29229.3102570797, 24647.532295339523, 34059.20300799765
192, 34197.84514788714, 24545.146867292788, 34197.84514788714, 28123.06462028926, 24652.96722376781, 34061.08690338842
193, 34197.84514788714, 24545.146867292788, 34197.84514788714, 29057.00560360719, 24638.12723875204, 34071.812241021624
194, 34197.84514788714, 24545.146867292788, 34197.84514788714, 28881.014864387453, 24634.772653697422, 34075.86827705617
195, 34197.84514788714, 24545.146867292788, 34197.84514788714, 28519.078491514825, 24625.186829332764, 34092.796638211345
196, 34197.84514788714, 24545.146867292788, 34197.84514788714, 29822.59288270057, 24605.004945171117, 34095.394103197345
197, 34248.69561114995, 24612.717280270743, 34248.69561114995, 27977.887789213022, 24617.605931132515, 34107.97021584
198, 34248.69561114995, 24612.717280270743, 34248.69561114995, 28352.33207585727, 24609.620754183627, 34121.94098363933
199, 34248.69561114995, 24612.717280270743, 34248.69561114995, 28162.969785915877, 24615.303726542563, 34129.41144022369
200, 34248.69561114995, 24612.717280270743, 34248.69561114995, 28169.473349636373, 24605.587346527096, 34109.87973850527
201, 34248.69561114995, 24612.717280270743, 34248.69561114995, 28722.234377184937, 24606.15702562121, 34115.34090622036
202, 34248.69561114995, 24612.717280270743, 34248.69561114995, 28350.460128963357, 24610.43399105946, 34109.86747824808
203, 34248.69561114995, 24612.717280270743, 34248.69561114995, 27800.083971595857, 24613.58153994088, 34127.12375541484
204, 34254.15906097162, 24636.19466679175, 34254.15906097162, 27053.561759681415, 24629.616089932268, 34115.42195721601
205, 34254.15906097162, 24636.19466679175, 34254.15906097162, 27619.260139891336, 24639.691665030237, 34128.89636181127
206, 34254.15906097162, 24636.19466679175, 34254.15906097162, 28001.485952197472, 24665.428619712904, 34138.95673158866
207, 34254.15906097162, 24636.19466679175, 34254.15906097162, 28005.524373181455, 24661.369412701122, 34143.64142144091
208, 34287.28500574152, 24558.55063985367, 34287.28500574152, 28393.425151488584, 24654.079188064305, 34156.07873686719
209, 34388.309126825254, 24595.578000511625, 34388.309126825254, 28768.049695542544, 24651.52567223745, 34167.360345535475
210, 34388.309126825254, 24595.578000511625, 34388.309126825254, 28212.362253152667, 24665.534460119135, 34199.00455394992
211, 34388.309126825254, 24595.578000511625, 34388.309126825254, 27842.254610738983, 24667.998100378427, 34190.084996200385
212, 34388.309126825254, 24595.578000511625, 34388.309126825254, 27658.4251595513, 24670.767423547302, 34197.37154952964
213, 34388.309126825254, 24595.578000511625, 34388.309126825254, 28595.40078822107, 24676.69604323252, 34195.51623050526
214, 34388.309126825254, 24595.578000511625, 34388.309126825254, 28781.60945078837, 24669.63006590947, 34196.89293951684
215, 34388.309126825254, 24595.578000511625, 34388.309126825254, 28036.277569411788, 24672.880813740096, 34193.87453598404
216, 34388.309126825254, 24595.578000511625, 34388.309126825254, 28036.879892348912, 24681.139187140754, 34208.60871394673
217, 34388.309126825254, 24595.578000511625, 34388.309126825254, 27486.595699679085, 24681.081868118697, 34204.232931929924
218, 34397.00363153249, 24645.88918023763, 34397.00363153249, 28436.48834180843, 24670.502531088194, 34228.79294722009
219, 34397.00363153249, 24645.88918023763, 34397.00363153249, 27135.192728863047, 24705.82203827119, 34224.19694495516
220, 34397.00363153249, 24645.88918023763, 34397.00363153249, 29008.146914698347, 24693.009144749984, 34237.81653191309
221, 34397.00363153249, 24645.88918023763, 34397.00363153249, 27520.64186714704, 24699.68077324572, 34245.267620102095
222, 34397.00363153249, 24645.88918023763, 34397.00363153249, 26782.866307842403, 24693.66245299516, 34260.26015700896
223, 34397.00363153249, 24645.88918023763, 34397.00363153249, 27734.999801128626, 24666.14424167658, 34267.17467234507
224, 34397.00363153249, 24645.88918023763, 34397.00363153249, 27567.952258990892, 24647.154288018664, 34291.21423947629
225, 34397.00363153249, 24645.88918023763, 34397.00363153249, 28511.254210590523, 24653.66876071812, 34305.251478806116
226, 34419.79975718374, 24424.735362261592, 34419.79975718374, 32063.59565704598, 24602.029678008435, 34310.07391714662
227, 34419.79975718374, 24424.735362261592, 34419.79975718374, 31498.53980310648, 24605.172130440555, 34306.83111166455
228, 34419.79975718374, 24424.735362261592, 34419.79975718374, 31305.402516156337, 24608.164123504208, 34300.9594018844
229, 34426.34626127802, 24675.39346315867, 34426.34626127802, 27762.8507620398, 24668.318495706917, 34308.51941065403
230, 34426.34626127802, 24675.39346315867, 34426.34626127802, 27206.817916099728, 24675.45114441164, 34304.947727163635
231, 34426.34626127802, 24675.39346315867, 34426.34626127802, 27578.92335953631, 24679.07998809966, 34303.09477968042
232, 34464.20639661337, 24665.876761111875, 34464.20639661337, 27770.832248564875, 24686.702139442947, 34307.947824010495
233, 34486.13705059891, 24686.559321224344, 34486.13705059891, 27588.930547925476, 24689.92503842709, 34326.65315499632
234, 34486.13705059891, 24686.559321224344, 34486.13705059891, 27592.1167472721, 24684.656829437867, 34332.12037166049
235, 34486.13705059891, 24686.559321224344, 34486.13705059891, 26845.2673550332, 24691.65538702709, 34337.66897853108
236, 34486.13705059891, 24686.559321224344, 34486.13705059891, 26852.53729379974, 24674.996991172156, 34341.86640134431
237, 34486.13705059891, 24686.559321224344, 34486.13705059891, 27045.82661480041, 24715.111302970843, 34345.335852398304
238, 34486.13705059891, 24686.559321224344, 34486.13705059891, 26677.232785593103, 24731.62082150314, 34357.70932829781
239, 34486.13705059891, 24686.559321224344, 34486.13705059891, 27427.30092177166, 24722.331010512702, 34351.5741298284
240, 34486.13705059891, 24686.559321224344, 34486.13705059891, 27254.731103418166, 24724.55018166995, 34366.4336294537
241, 34486.13705059891, 24686.559321224344, 34486.13705059891, 27080.200456934766, 24724.854431084015, 34387.97040479488
242, 34486.13705059891, 24686.559321224344, 34486.13705059891, 27272.174900138347, 24727.29598579765, 34382.532543464324
243, 34597.64750411853, 24631.568677977615, 34597.64750411853, 27464.901340106702, 24727.02030537552, 34406.08857246475
244, 34597.64750411853, 24631.568677977615, 34597.64750411853, 28028.956809669722, 24716.21276216649, 34407.462811350204
245, 34597.64750411853, 24631.568677977615, 34597.64750411853, 27847.28002639159, 24724.273901245786, 34412.26300103305
246, 34597.64750411853, 24631.568677977615, 34597.64750411853, 27656.43353696575, 24735.0081804289, 34416.74596657543
247, 34597.64750411853, 24631.568677977615, 34597.64750411853, 28224.80378786354, 24721.458598136087, 34420.81950127733
248, 34597.64750411853, 24631.568677977615, 34597.64750411853, 27473.514949499437, 24722.66002669879, 34411.41530677275
249, 34597.64750411853, 24631.568677977615, 34597.64750411853, 27290.007466034247, 24720.702282648323, 34427.456184048315
250, 34597.64750411853, 24631.568677977615, 34597.64750411853, 27106.64056206437, 24716.221160963727, 34437.096575241594
251, 34597.64750411853, 24631.568677977615, 34597.64750411853, 27674.510245470592, 24707.765128388008, 34435.20019584417
252, 34597.64750411853, 24631.568677977615, 34597.64750411853, 28442.64637700992, 24694.748103071506, 34443.02637455101
253, 34597.64750411853, 24631.568677977615, 34597.64750411853, 28656.681429296477, 24670.749295924856, 34476.48981901333
254, 34597.64750411853, 24631.568677977615, 34597.64750411853, 28301.884931850887, 24675.270841326586, 34508.312228005554
255, 34597.64750411853, 24631.568677977615, 34597.64750411853, 27927.98153978923, 24673.639928923683, 34503.427705297756
256, 34607.71090091594, 24676.293269114125, 34607.71090091594, 27552.827817123773, 24700.289797116904, 34507.858672464485
257, 34607.71090091594, 24676.293269114125, 34607.71090091594, 27551.943496305557, 24684.74403521712, 34511.53669982806
258, 34607.71090091594, 24676.293269114125, 34607.71090091594, 27742.221792786135, 24689.94487417935, 34496.21614482703
259, 34694.434350221236, 24603.867868052, 34694.434350221236, 29253.858155792455, 24655.065158995218, 34514.10219463995
260, 34694.434350221236, 24603.867868052, 34694.434350221236, 28497.77732655663, 24678.16972559239, 34520.02031134112
261, 34694.434350221236, 24603.867868052, 34694.434350221236, 28120.76566184091, 24675.100794932172, 34515.73285985161
262, 34694.434350221236, 24603.867868052, 34694.434350221236, 27936.606866421997, 24666.16046349378, 34537.44903410709
263, 34694.434350221236, 24603.867868052, 34694.434350221236, 27748.480939131863, 24671.329393376378, 34517.451011074976
264, 34694.434350221236, 24603.867868052, 34694.434350221236, 28517.062203064786, 24660.1272131295, 34547.973125013996
265, 34694.434350221236, 24603.867868052, 34694.434350221236, 28328.7515654748, 24651.898586537714, 34547.99454429083
266, 34694.434350221236, 24603.867868052, 34694.434350221236, 28528.434697873185, 24634.614147037075, 34557.975072855465
267, 34694.434350221236, 24603.867868052, 34694.434350221236, 29477.104518179156, 24595.426039125115, 34558.364264581964
268, 34694.434350221236, 24603.867868052, 34694.434350221236, 27602.77381136994, 24608.86569387448, 34573.209587456644
269, 34694.434350221236, 24603.867868052, 34694.434350221236, 27979.13748295615, 24604.67973036826, 34577.12273417686
270, 34694.434350221236, 24603.867868052, 34694.434350221236, 27602.658922981587, 24595.29821562475, 34576.65073680546
271, 34694.434350221236, 24603.867868052, 34694.434350221236, 28739.98288428378, 24595.068280635907, 34571.70174770652
272, 34694.434350221236, 24603.867868052, 34694.434350221236, 28176.445165441233, 24597.3105549123, 34576.94335611994
273, 34694.434350221236, 24603.867868052, 34694.434350221236, 28549.778174175903, 24593.559281714515, 34574.004284433344
274, 34694.434350221236, 24603.867868052, 34694.434350221236, 27803.18892794705, 24613.386739594094, 34583.20898195385
275, 34694.434350221236, 24603.867868052, 34694.434350221236, 28745.802105443436, 24618.632878848915, 34579.903946730396
276, 34694.434350221236, 24603.867868052, 34694.434350221236, 27812.009393901615, 24639.19884176539, 34595.903615549636
277, 34694.434350221236, 24603.867868052, 34694.434350221236, 27632.731838900258, 24671.822189108178, 34599.43943353302
278, 34772.914742491084, 24687.72375104688, 34772.914742491084, 28576.173106365186, 24664.24901499862, 34629.01567884277
279, 34772.914742491084, 24687.72375104688, 34772.914742491084, 27249.67224561244, 24668.918136293065, 34612.18934570604
280, 34772.914742491084, 24687.72375104688, 34772.914742491084, 27252.152010266233, 24676.862427418117, 34607.30076583284
281, 34772.914742491084, 24687.72375104688, 34772.914742491084, 27062.397553538565, 24669.12654947235, 34616.49194505393
282, 34772.914742491084, 24687.72375104688, 34772.914742491084, 27632.587501626283, 24676.399685441527, 34613.947437560484
283, 34772.914742491084, 24687.72375104688, 34772.914742491084, 28012.00745513632, 24669.269509113405, 34624.672644089595
284, 34772.914742491084, 24687.72375104688, 34772.914742491084, 27819.900415613516, 24664.211957779855, 34616.41806171801
285, 34772.914742491084, 24687.72375104688, 34772.914742491084, 27259.355099263554, 24671.327325234106, 34624.18564530291
286, 34772.914742491084, 24687.72375104688, 34772.914742491084, 27634.769937531517, 24671.757673388896, 34605.322251566926
287, 34772.914742491084, 24687.72375104688, 34772.914742491084, 26692.700040328833, 24687.543646275597, 34610.88835030125
288, 34772.914742491084, 24687.72375104688, 34772.914742491084, 27825.88020321113, 24670.535139728185, 34611.689768843484
289, 34772.914742491084, 24687.72375104688, 34772.914742491084, 27452.291079975046, 24687.31411514479, 34619.78211383145
290, 34772.914742491084, 24687.72375104688, 34772.914742491084, 27832.642931820876, 24696.307927903064, 34621.840134994694
291, 34772.914742491084, 24687.72375104688, 34772.914742491084, 27095.34385548891, 24707.45327328801, 34634.310525640525
292, 34772.914742491084, 24687.72375104688, 34772.914742491084, 27676.919666348513, 24725.272095811706, 34658.59854188395
293, 34772.914742491084, 24687.72375104688, 34772.914742491084, 28830.663274999308, 24720.48412927162, 34686.99083436496
294, 34772.914742491084, 24687.72375104688, 34772.914742491084, 27310.583556198566, 24728.969189402662, 34676.355679461136
295, 34772.914742491084, 24687.72375104688, 34772.914742491084, 27313.152794231562, 24740.340976342395, 34680.54728992292
296, 34772.914742491084, 24687.72375104688, 34772.914742491084, 27878.761508034277, 24742.00064650598, 34666.52397014677
297, 34772.914742491084, 24687.72375104688, 34772.914742491084, 27879.274015500312, 24732.121300677605, 34673.20363189141
298, 34772.914742491084, 24687.72375104688, 34772.914742491084, 27316.611596796498, 24736.755639163297, 34665.05599449634
299, 34772.914742491084, 24687.72375104688, 34772.914742491084, 27693.753082513445, 24735.01797042824, 34671.92750911673
300, 34772.914742491084, 24687.72375104688, 34772.914742491084, 27879.62161282758, 24732.445474443997, 34662.835265907495
301, 34772.914742491084, 24687.72375104688, 34772.914742491084, 27505.691977836686, 24729.066971120974, 34676.85079183381
302, 34772.914742491084, 24687.72375104688, 34772.914742491084, 27316.662414857034, 24741.862877113635, 34667.47076073833
303, 34772.914742491084, 24687.72375104688, 34772.914742491084, 27502.849475669867, 24732.86163277608, 34670.60129558375
304, 34772.914742491084, 24687.72375104688, 34772.914742491084, 27689.667953611766, 24733.18309940081, 34674.29140062148
305, 34772.914742491084, 24687.72375104688, 34772.914742491084, 27124.707619581295, 24734.688497573174, 34675.3014564659
306, 34772.914742491084, 24687.72375104688, 34772.914742491084, 27317.09680883588, 24738.64294147641, 34673.2783878637
307, 34772.914742491084, 24687.72375104688, 34772.914742491084, 27690.85264715672, 24732.074164170383, 34676.25282661085
308, 34772.914742491084, 24687.72375104688, 34772.914742491084, 27502.216249416808, 24732.471380810828, 34675.09821385895
309, 34772.914742491084, 24687.72375104688, 34772.914742491084, 27503.22659327109, 24735.73032429751, 34680.60349545722
310, 34772.914742491084, 24687.72375104688, 34772.914742491084, 27692.303976403487, 24741.834055035182, 34666.22334747486
311, 34772.914742491084, 24687.72375104688, 34772.914742491084, 28075.11683059776, 24734.092326331822, 34694.142823959104
312, 34772.914742491084, 24687.72375104688, 34772.914742491084, 27314.225636071893, 24735.824487451657, 34663.922332519585
313, 34772.914742491084, 24687.72375104688, 34772.914742491084, 26937.42369861701, 24736.36114263584, 34672.519369563204
314, 34772.914742491084, 24687.72375104688, 34772.914742491084, 27123.035074801148, 24731.18519820151, 34679.32610186097
315, 34772.914742491084, 24687.72375104688, 34772.914742491084, 27688.721878947865, 24737.91867417395, 34670.458742859366
316, 34772.914742491084, 24687.72375104688, 34772.914742491084, 27313.78753639394, 24732.584919773144, 34684.02988907023
317, 34772.914742491084, 24687.72375104688, 34772.914742491084, 27313.196798153094, 24735.033225662733, 34668.10308500328
318, 34772.914742491084, 24687.72375104688, 34772.914742491084, 27505.646792808635, 24741.488067671253, 34676.01156101046
319, 34772.914742491084, 24687.72375104688, 34772.914742491084, 27122.734718370142, 24734.193163811648, 34677.35629005366
320, 34772.914742491084, 24687.72375104688, 34772.914742491084, 28254.268799777234, 24719.24999089087, 34675.8009622487
321, 34772.914742491084, 24687.72375104688, 34772.914742491084, 27503.482392375874, 24733.35558431607, 34674.85013193538
322, 34772.914742491084, 24687.72375104688, 34772.914742491084, 27504.225860252565, 24733.454146957214, 34678.56936485421
323, 34772.914742491084, 24687.72375104688, 34772.914742491084, 27502.541050166594, 24733.06304153324, 34685.70550279175
324, 34772.914742491084, 24687.72375104688, 34772.914742491084, 27503.679178962073, 24731.302084537478, 34687.48991372458
325, 34772.914742491084, 24687.72375104688, 34772.914742491084, 27311.556692673134, 24745.245087082105, 34672.42072976072
326, 34772.914742491084, 24687.72375104688, 34772.914742491084, 26936.728531075227, 24748.29444954266, 34673.55850818607
327, 34772.914742491084, 24687.72375104688, 34772.914742491084, 27694.268969706867, 24744.3207453668, 34676.58607414032
328, 34772.914742491084, 24687.72375104688, 34772.914742491084, 28065.478556843722, 24743.347140766215, 34664.56211081769
329, 34772.914742491084, 24687.72375104688, 34772.914742491084, 28066.118683767672, 24727.586147803653, 34663.63167301268
330, 34772.914742491084, 24687.72375104688, 34772.914742491084, 28260.99321001565, 24731.95515652462, 34679.20873328359
331, 34772.914742491084, 24687.72375104688, 34772.914742491084, 26748.395955762408, 24739.365613215694, 34668.423872793894
332, 34772.914742491084, 24687.72375104688, 34772.914742491084, 28262.947291313616, 24732.886033669507, 34684.84948023233
333, 34772.914742491084, 24687.72375104688, 34772.914742491084, 27881.61558542372, 24726.064694687826, 34675.938239097086
334, 34772.914742491084, 24687.72375104688, 34772.914742491084, 27882.35592324626, 24732.91440055148, 34676.71016500001
335, 34772.914742491084, 24687.72375104688, 34772.914742491084, 26935.610228993424, 24745.685536718465, 34670.023921437474
336, 34772.914742491084, 24687.72375104688, 34772.914742491084, 27692.016925194934, 24733.40053487297, 34666.08832282706
337, 34772.914742491084, 24687.72375104688, 34772.914742491084, 27504.276590264864, 24730.34352736273, 34675.62077894879
338, 34772.914742491084, 24687.72375104688, 34772.914742491084, 27313.898430369256, 24738.26131517336, 34670.41570076211
339, 34772.914742491084, 24687.72375104688, 34772.914742491084, 27123.168654730598, 24743.020649438196, 34660.52738402493
340, 34772.914742491084, 24687.72375104688, 34772.914742491084, 27125.62374524605, 24743.61859536194, 34671.177567633975
341, 34772.914742491084, 24687.72375104688, 34772.914742491084, 27882.16459908918, 24732.074708973985, 34672.875628743735
342, 34772.914742491084, 24687.72375104688, 34772.914742491084, 27316.11280363967, 24737.01516024427, 34680.715137508465
343, 34772.914742491084, 24687.72375104688, 34772.914742491084, 27315.475442569077, 24742.892939610687, 34671.41113677989
344, 34806.60189930612, 24629.853197447712, 34806.60189930612, 27689.599719955524, 24731.98409826478, 34670.821667883516
345, 34806.60189930612, 24629.853197447712, 34806.60189930612, 28259.67593390339, 24722.879329083175, 34674.16662759114
346, 34806.60189930612, 24629.853197447712, 34806.60189930612, 28260.058175025384, 24721.533678152686, 34680.13438043632
347, 34806.60189930612, 24629.853197447712, 34806.60189930612, 27504.50537202282, 24741.55975633183, 34677.77489633139
348, 34806.60189930612, 24629.853197447712, 34806.60189930612, 28076.940445056778, 24716.103264290155, 34693.70250974469
349, 34806.60189930612, 24629.853197447712, 34806.60189930612, 28076.499984526985, 24725.573182333945, 34689.96807088571
350, 34806.60189930612, 24629.853197447712, 34806.60189930612, 29397.13942828977, 24714.03811424349, 34695.91916824093
351, 34806.60189930612, 24629.853197447712, 34806.60189930612, 27890.637529398326, 24720.28639314488, 34684.83062376308
352, 34806.60189930612, 24629.853197447712, 34806.60189930612, 28452.105952377307, 24714.805176248614, 34688.927146155416
353, 34806.60189930612, 24629.853197447712, 34806.60189930612, 28457.549210066445, 24704.294122935302, 34695.00458371266
354, 34806.60189930612, 24629.853197447712, 34806.60189930612, 28273.578759726373, 24709.592680391364, 34688.27456710974
355, 34806.60189930612, 24629.853197447712, 34806.60189930612, 29034.55015119282, 24681.689929845972, 34694.92826545117
356, 34806.60189930612, 24629.853197447712, 34806.60189930612, 27527.98878111677, 24686.334249235875, 34703.97643640585
357, 34806.60189930612, 24629.853197447712, 34806.60189930612, 29039.708470708327, 24677.187711573875, 34700.80957772603
358, 34806.60189930612, 24629.853197447712, 34806.60189930612, 28659.336017185848, 24674.70842772365, 34700.71621235546
359, 34847.518551643196, 24577.08107747505, 34847.518551643196, 28102.256541704646, 24662.580887223667, 34736.21175390607
360, 34847.518551643196, 24577.08107747505, 34847.518551643196, 28850.470053177705, 24662.22318049216, 34710.306983475886
361, 34847.518551643196, 24577.08107747505, 34847.518551643196, 29993.41948519251, 24656.93079088615, 34718.827283055165
362, 34847.518551643196, 24577.08107747505, 34847.518551643196, 28661.035054014428, 24669.677239752924, 34711.99390976297
363, 34916.98791632402, 24604.093199563096, 34916.98791632402, 29609.358655890283, 24656.535052853647, 34711.056900655596
364, 34916.98791632402, 24604.093199563096, 34916.98791632402, 29423.638819111155, 24661.934432080263, 34728.69459321851
365, 34916.98791632402, 24604.093199563096, 34916.98791632402, 28863.848710213835, 24662.617592302726, 34738.52643325236
366, 34916.98791632402, 24604.093199563096, 34916.98791632402, 29056.70726070405, 24665.728028526544, 34736.160328604616
367, 34916.98791632402, 24604.093199563096, 34916.98791632402, 28683.602477127308, 24661.318366849482, 34752.88746841777
368, 34916.98791632402, 24604.093199563096, 34916.98791632402, 27925.674362856542, 24659.213454328503, 34752.34300423712
369, 34916.98791632402, 24604.093199563096, 34916.98791632402, 28509.304916351164, 24643.534995682774, 34753.59936857295
370, 34921.60264355636, 24657.072585485977, 34921.60264355636, 28141.370272968106, 24640.966605046793, 34777.54403466185
371, 34921.60264355636, 24657.072585485977, 34921.60264355636, 28329.275302376103, 24645.615731585774, 34764.55953771066
372, 34921.60264355636, 24657.072585485977, 34921.60264355636, 27579.47563752123, 24648.329087604994, 34777.4418085451
373, 34921.60264355636, 24657.072585485977, 34921.60264355636, 28343.639907408768, 24640.255963144853, 34786.200626822916
374, 34921.60264355636, 24657.072585485977, 34921.60264355636, 27781.370616697808, 24643.999546942097, 34789.90467438387
375, 34921.60264355636, 24657.072585485977, 34921.60264355636, 27036.917437105752, 24657.106077665372, 34802.9224975118
376, 34921.60264355636, 24657.072585485977, 34921.60264355636, 28566.295766229927, 24666.163317407205, 34819.26190784826
377, 34921.60264355636, 24657.072585485977, 34921.60264355636, 27807.646925574292, 24679.2832947006, 34815.41343299709
378, 34921.60264355636, 24657.072585485977, 34921.60264355636, 28941.192454062708, 24663.09462669786, 34804.66816354289
379, 34921.60264355636, 24657.072585485977, 34921.60264355636, 27618.530652244903, 24683.391609855036, 34811.62232223359
380, 34958.92031639953, 24647.142812493526, 34958.92031639953, 28565.599319718014, 24678.978189428548, 34819.62764359523
381, 34958.92031639953, 24647.142812493526, 34958.92031639953, 28375.4184185409, 24697.584129241608, 34827.847793888104
382, 34958.92031639953, 24647.142812493526, 34958.92031639953, 28189.371931540354, 24700.887754725947, 34835.81382851867
383, 34958.92031639953, 24647.142812493526, 34958.92031639953, 27998.18657326867, 24707.69813436719, 34828.74567631313
384, 34958.92031639953, 24647.142812493526, 34958.92031639953, 28761.689220732078, 24686.946993339126, 34828.16219712144
385, 34958.92031639953, 24647.142812493526, 34958.92031639953, 28380.284932564755, 24692.54421170188, 34836.17100328783
386, 34958.92031639953, 24647.142812493526, 34958.92031639953, 27812.95268602848, 24712.03411709761, 34828.15235783294
387, 34958.92031639953, 24647.142812493526, 34958.92031639953, 27999.999507541997, 24704.64159468629, 34825.55963986302
388, 34958.92031639953, 24647.142812493526, 34958.92031639953, 27814.60072582006, 24703.417663603068, 34835.06937303852
389, 34958.92031639953, 24647.142812493526, 34958.92031639953, 28003.318338658803, 24707.860059766233, 34828.27573901143
390, 34958.92031639953, 24647.142812493526, 34958.92031639953, 29142.777624095277, 24695.16024012414, 34831.40100526352
391, 34958.92031639953, 24647.142812493526, 34958.92031639953, 27818.56458617991, 24702.449191827753, 34843.50329279822
392, 34958.92031639953, 24647.142812493526, 34958.92031639953, 28013.9748850764, 24707.217908695482, 34842.710694639856
393, 34958.92031639953, 24647.142812493526, 34958.92031639953, 28013.698824685354, 24701.765560516375, 34847.789846235304
394, 34958.92031639953, 24647.142812493526, 34958.92031639953, 28022.85169977775, 24693.422943245918, 34862.27842284202
395, 34958.92031639953, 24647.142812493526, 34958.92031639953, 28220.58027506545, 24692.53810692941, 34853.2512624843
396, 34958.92031639953, 24647.142812493526, 34958.92031639953, 28029.80103383829, 24696.9190524851, 34865.366100481064
397, 34958.92031639953, 24647.142812493526, 34958.92031639953, 28225.4967368821, 24693.927498572742, 34872.86838882579
398, 34958.92031639953, 24647.142812493526, 34958.92031639953, 28218.612370824063, 24692.20010130782, 34861.27331968022
399, 34958.92031639953, 24647.142812493526, 34958.92031639953, 28596.10924244584, 24683.02458198492, 34863.37932605187
400, 34958.92031639953, 24647.142812493526, 34958.92031639953, 27650.344683523614, 24694.046772205544, 34867.925583937315
401, 34958.92031639953, 24647.142812493526, 34958.92031639953, 27651.791181524804, 24698.713201945786, 34852.43586191448
402, 34958.92031639953, 24647.142812493526, 34958.92031639953, 28409.63658471183, 24701.01720693603, 34855.21735361979
403, 34958.92031639953, 24647.142812493526, 34958.92031639953, 28028.649489342024, 24697.06172743021, 34862.60801801285
404, 34958.92031639953, 24647.142812493526, 34958.92031639953, 28216.88959021326, 24700.21990892256, 34853.42115216226
405, 34958.92031639953, 24647.142812493526, 34958.92031639953, 28404.735816566073, 24699.63893770127, 34848.01851395516
406, 34958.92031639953, 24647.142812493526, 34958.92031639953, 28405.043726022144, 24687.325570057143, 34858.33273983956
407, 34958.92031639953, 24647.142812493526, 34958.92031639953, 27837.147971426475, 24703.588595800873, 34855.105849636144
408, 35034.60912619977, 24687.195268929165, 35034.60912619977, 28603.71652249214, 24701.610504792272, 34877.951630210584
409, 35034.60912619977, 24687.195268929165, 35034.60912619977, 28029.214320343213, 24712.938255781155, 34866.84452117665
410, 35034.60912619977, 24687.195268929165, 35034.60912619977, 28035.848803977042, 24699.966062660053, 34887.19289942771
411, 35034.60912619977, 24687.195268929165, 35034.60912619977, 27652.37529570003, 24696.878996106832, 34872.71390639987
412, 35034.60912619977, 24687.195268929165, 35034.60912619977, 27651.720001285, 24707.170710325703, 34868.70208914063
413, 35034.60912619977, 24687.195268929165, 35034.60912619977, 28033.21664476319, 24702.25661706994, 34861.70297977403
414, 35034.60912619977, 24687.195268929165, 35034.60912619977, 28039.969062939937, 24690.473236632384, 34886.628072133
415, 35034.60912619977, 24687.195268929165, 35034.60912619977, 28039.370987223734, 24687.12041005157, 34881.149026832245
416, 35034.60912619977, 24687.195268929165, 35034.60912619977, 27672.29777540105, 24691.58119017902, 34887.96793451249
417, 35034.60912619977, 24687.195268929165, 35034.60912619977, 28062.74131853446, 24675.92508445019, 34906.491220952346
418, 35034.60912619977, 24687.195268929165, 35034.60912619977, 28074.96695474377, 24701.283632132203, 34925.075377171896
419, 35034.60912619977, 24687.195268929165, 35034.60912619977, 27891.191319634872, 24707.79576717483, 34916.24768709308
420, 35034.60912619977, 24687.195268929165, 35034.60912619977, 27522.576316026836, 24734.912984281895, 34932.653170060184
421, 35071.77070885429, 24629.508295178417, 35071.77070885429, 29044.453471564528, 24719.377032717788, 34942.848123095566
422, 35071.77070885429, 24629.508295178417, 35071.77070885429, 28280.515718842165, 24725.724507136354, 34934.258638716485
423, 35071.77070885429, 24629.508295178417, 35071.77070885429, 27520.17162828105, 24726.724946161634, 34942.517166262434
424, 35071.77070885429, 24629.508295178417, 35071.77070885429, 27712.230153868953, 24727.129507815876, 34948.75633478997
425, 35071.77070885429, 24629.508295178417, 35071.77070885429, 28658.757937281924, 24713.13808558898, 34935.929785496424
426, 35071.77070885429, 24629.508295178417, 35071.77070885429, 28093.830108397025, 24727.657797716758, 34939.85134946849
427, 35071.77070885429, 24629.508295178417, 35071.77070885429, 28095.938515593738, 24714.101054743525, 34947.826702588325
428, 35071.77070885429, 24629.508295178417, 35071.77070885429, 28668.41010313862, 24706.84979989572, 34953.7007488526
429, 35071.77070885429, 24629.508295178417, 35071.77070885429, 28291.42747798104, 24706.448179128267, 34944.75861368607
430, 35071.77070885429, 24629.508295178417, 35071.77070885429, 28103.28244472466, 24699.416951567062, 34953.657152541426
431, 35071.77070885429, 24629.508295178417, 35071.77070885429, 27539.49129134537, 24696.236508977734, 34960.48000412193
432, 35071.77070885429, 24629.508295178417, 35071.77070885429, 29068.087580055468, 24672.388404237823, 34952.03898908115
433, 35071.77070885429, 24629.508295178417, 35071.77070885429, 28504.446980571247, 24672.998974440994, 34971.56432975271
434, 35071.77070885429, 24629.508295178417, 35071.77070885429, 28504.03404020425, 24679.87580214092, 34973.14783840775
435, 35071.77070885429, 24629.508295178417, 35071.77070885429, 28499.48364771378, 24678.890257425155, 34959.81901366555
436, 35071.77070885429, 24629.508295178417, 35071.77070885429, 28496.45506613746, 24679.27457270492, 34957.68559570812
437, 35071.77070885429, 24629.508295178417, 35071.77070885429, 28691.193653242048, 24679.777058825915, 34961.87271906152
438, 35071.77070885429, 24629.508295178417, 35071.77070885429, 28687.26267144288, 24669.25609879079, 34962.76299424081
439, 35071.77070885429, 24629.508295178417, 35071.77070885429, 28883.37746778679, 24673.448721780263, 34976.86885032878
440, 35071.77070885429, 24629.508295178417, 35071.77070885429, 28117.129679304093, 24690.85590673699, 34968.883361812324
441, 35071.77070885429, 24629.508295178417, 35071.77070885429, 28497.092265787625, 24681.184722173555, 34954.94454185314
442, 35071.77070885429, 24629.508295178417, 35071.77070885429, 28311.277991159528, 24671.37666783449, 34976.28606808448
443, 35071.77070885429, 24629.508295178417, 35071.77070885429, 28880.470427220032, 24673.478217959582, 34964.85784972879
444, 35071.77070885429, 24629.508295178417, 35071.77070885429, 28122.388740332997, 24676.60597324554, 34961.328302068105
445, 35071.77070885429, 24629.508295178417, 35071.77070885429, 28497.706907158063, 24674.75268785156, 34969.54293571767
446, 35071.77070885429, 24629.508295178417, 35071.77070885429, 27549.784280007214, 24695.120238458847, 34966.8095664057
447, 35071.77070885429, 24629.508295178417, 35071.77070885429, 27930.104695560032, 24686.76267202756, 34970.067460628496
448, 35071.77070885429, 24629.508295178417, 35071.77070885429, 27549.59558762674, 24685.708778032476, 34969.012744378844
449, 35071.77070885429, 24629.508295178417, 35071.77070885429, 28690.74995948032, 24670.107633624437, 34971.24880306781
450, 35214.89980800491, 24659.496812119465, 35214.89980800491, 28123.37562831777, 24681.79097218737, 34960.18631277198
451, 35214.89980800491, 24659.496812119465, 35214.89980800491, 28126.650607072974, 24692.557562342427, 34995.3854494641
452, 35214.89980800491, 24659.496812119465, 35214.89980800491, 28130.82486576587, 24683.49553623384, 35004.69334825954
453, 35214.89980800491, 24659.496812119465, 35214.89980800491, 28319.410234073923, 24680.998206759214, 35009.75932052796
454, 35214.89980800491, 24659.496812119465, 35214.89980800491, 27938.236741507342, 24672.103554210575, 35002.99692794693
455, 35214.89980800491, 24659.496812119465, 35214.89980800491, 27556.968914650075, 24688.919351863377, 35000.391330161714
456, 35214.89980800491, 24659.496812119465, 35214.89980800491, 27941.30177459866, 24688.406065034167, 35015.17301558929
457, 35214.89980800491, 24659.496812119465, 35214.89980800491, 28907.85680027784, 24674.746909947957, 35017.95720469355
458, 35214.89980800491, 24659.496812119465, 35214.89980800491, 28150.1396174338, 24700.41232041184, 35031.5727432856
459, 35214.89980800491, 24659.496812119465, 35214.89980800491, 27779.838045818884, 24695.02576814257, 35031.519606924136
460, 35214.89980800491, 24659.496812119465, 35214.89980800491, 28749.428471716477, 24695.56254684268, 35052.204341325916
461, 35214.89980800491, 24659.496812119465, 35214.89980800491, 28960.73897981416, 24683.497547702664, 35070.03492981807
462, 35214.89980800491, 24659.496812119465, 35214.89980800491, 28039.202819276874, 24718.144634401404, 35095.147740564134
463, 35214.89980800491, 24659.496812119465, 35214.89980800491, 28617.700316518734, 24701.438145287586, 35109.6005843455
464, 35214.89980800491, 24659.496812119465, 35214.89980800491, 27662.48751814784, 24712.975095266593, 35115.16810420605
465, 35214.89980800491, 24659.496812119465, 35214.89980800491, 28807.07612450082, 24707.14210211741, 35100.057529040416
466, 35214.89980800491, 24659.496812119465, 35214.89980800491, 28234.210057598713, 24709.179995335955, 35111.667140758735
467, 35214.89980800491, 24659.496812119465, 35214.89980800491, 28230.81991978566, 24710.27930509178, 35123.411865921684
468, 35214.89980800491, 24659.496812119465, 35214.89980800491, 28042.730786162425, 24712.38775243119, 35107.99271344458
469, 35214.89980800491, 24659.496812119465, 35214.89980800491, 28619.69670045848, 24698.50262825251, 35112.33120416005
470, 35214.89980800491, 24659.496812119465, 35214.89980800491, 27663.464399779892, 24715.036148423842, 35102.237726754516
471, 35214.89980800491, 24659.496812119465, 35214.89980800491, 28429.46395480937, 24710.429687317457, 35110.56755457666
472, 35214.89980800491, 24659.496812119465, 35214.89980800491, 28808.05659955787, 24704.63800593746, 35111.99709230497
473, 35214.89980800491, 24659.496812119465, 35214.89980800491, 28235.908346618253, 24705.552660828253, 35105.47378505902
474, 35214.89980800491, 24659.496812119465, 35214.89980800491, 28426.335439066996, 24708.973515587597, 35106.69493159464
475, 35214.89980800491, 24659.496812119465, 35214.89980800491, 28232.202282830138, 24708.305753739576, 35121.335972837354
476, 35214.89980800491, 24659.496812119465, 35214.89980800491, 28234.270542409413, 24700.350106070848, 35121.119180518006
477, 35214.89980800491, 24659.496812119465, 35214.89980800491, 28612.88795208353, 24703.616033765855, 35112.68930977162
478, 35214.89980800491, 24659.496812119465, 35214.89980800491, 28232.6653956448, 24717.032047869365, 35109.498694514434
479, 35214.89980800491, 24659.496812119465, 35214.89980800491, 28616.34749058604, 24699.32572463126, 35113.33577985242
480, 35214.89980800491, 24659.496812119465, 35214.89980800491, 28043.267211084043, 24719.93208168857, 35107.56910963239
481, 35214.89980800491, 24659.496812119465, 35214.89980800491, 29190.656967865565, 24698.63627829301, 35108.983911043855
482, 35214.89980800491, 24659.496812119465, 35214.89980800491, 28426.82839386265, 24705.54235643488, 35116.435308969434
483, 35214.89980800491, 24659.496812119465, 35214.89980800491, 28231.445108071293, 24705.403132508727, 35103.4792148522
484, 35214.89980800491, 24659.496812119465, 35214.89980800491, 27850.852275360565, 24707.244484651907, 35110.41515517385
485, 35214.89980800491, 24659.496812119465, 35214.89980800491, 27853.62261711045, 24713.184770336524, 35104.15567609624
486, 35214.89980800491, 24659.496812119465, 35214.89980800491, 28041.907593898388, 24708.60468180108, 35103.955701317114
487, 35214.89980800491, 24659.496812119465, 35214.89980800491, 27852.1594194171, 24704.94656535091, 35097.028395187495
488, 35214.89980800491, 24659.496812119465, 35214.89980800491, 28232.20913548414, 24711.942510206034, 35103.065172880495
489, 35214.89980800491, 24659.496812119465, 35214.89980800491, 27851.72925825489, 24716.38466906198, 35100.114526310856
490, 35214.89980800491, 24659.496812119465, 35214.89980800491, 29001.477833855133, 24702.21027768138, 35116.98057422215
491, 35214.89980800491, 24659.496812119465, 35214.89980800491, 27280.365990474318, 24720.698165630143, 35101.339550727644
492, 35214.89980800491, 24659.496812119465, 35214.89980800491, 28045.16751872849, 24703.7661614406, 35104.35034007281
493, 35214.89980800491, 24659.496812119465, 35214.89980800491, 28616.210925406045, 24705.709246426482, 35108.925654046776
494, 35214.89980800491, 24659.496812119465, 35214.89980800491, 28044.856991096312, 24710.857440339692, 35107.876552881484
495, 35214.89980800491, 24659.496812119465, 35214.89980800491, 28041.602956660397, 24712.06020589715, 35104.74214563205
496, 35214.89980800491, 24659.496812119465, 35214.89980800491, 28617.897423550516, 24699.96684053612, 35107.04313030172
497, 35214.89980800491, 24659.496812119465, 35214.89980800491, 28233.96170355322, 24705.60953590362, 35113.44765984004
498, 35214.89980800491, 24659.496812119465, 35214.89980800491, 28808.415176012404, 24700.876986518455, 35107.37792120673
499, 35214.89980800491, 24659.496812119465, 35214.89980800491, 28042.78268100106, 24709.149760613076, 35104.55859021388
500, 35214.89980800491, 24659.496812119465, 35214.89980800491, 28428.398253077197, 24698.612700600992, 35114.63651958038
