1, 27073.60774316399, 24679.31797512393, 27073.60774316399, 25204.87836271387, 24654.789364513963, 25204.87836271387
2, 27073.60774316399, 24679.31797512393, 27073.60774316399, 25676.31245603398, 24641.302356445813, 25676.31245603398
3, 27073.60774316399, 24679.31797512393, 27073.60774316399, 25938.097688320515, 24624.39415425977, 25938.097688320515
4, 27073.60774316399, 24679.31797512393, 27073.60774316399, 26117.81816359834, 24611.527796883856, 26117.81816359834
5, 27155.467229601258, 24620.325628908493, 27155.467229601258, 26267.742579831945, 24595.18927979885, 26267.742579831945
6, 27159.657657495314, 24434.88581056829, 27159.657657495314, 26368.523291420457, 24573.76756982367, 26368.523291420457
7, 27274.969003365695, 24379.108113539696, 27274.969003365695, 26371.323054191977, 24561.584483127095, 26371.323054191977
8, 27389.797945514132, 24451.249143166217, 27389.797945514132, 26455.81649332026, 24578.01289945967, 26455.81649332026
9, 27515.705232631313, 24366.252782623025, 27515.705232631313, 26489.66994519138, 24549.167092722702, 26489.66994519138
10, 27559.791765536484, 24596.40350278903, 27559.791765536484, 26610.066683071287, 24540.811554761473, 26610.066683071287
11, 27559.791765536484, 24596.40350278903, 27559.791765536484, 26691.772340163523, 24523.083582460575, 26691.772340163523
12, 27633.502155678543, 24666.607904758803, 27633.502155678543, 26741.94520422662, 24526.693967709114, 26741.94520422662
13, 27755.6196734247, 24592.5055113404, 27755.6196734247, 26760.959276491794, 24523.92809540716, 26760.959276491794
14, 27816.27757863332, 24294.30602677561, 27816.27757863332, 26852.717639204664, 24527.93250619499, 26852.717639204664
15, 27904.018076785094, 24474.188842385625, 27904.018076785094, 26845.031502556503, 24509.99049819498, 26845.031502556503
16, 27904.018076785094, 24474.188842385625, 27904.018076785094, 26967.201611969307, 24493.299675911196, 26967.201611969307
17, 28019.893622996267, 24540.128157400643, 28019.893622996267, 27015.905084144684, 24476.99341349434, 27015.905084144684
18, 28043.289674969215, 24193.989392880867, 28043.289674969215, 27008.587324387827, 24498.452038961495, 27008.587324387827
19, 28100.919895073264, 24634.73263004475, 28100.919895073264, 27026.481706521845, 24501.18642360227, 27026.481706521845
20, 28150.655799492804, 24102.997702826262, 28150.655799492804, 27051.96831563007, 24491.283396694027, 27051.96831563007
21, 28262.1734520242, 24585.665113872365, 28262.1734520242, 27109.26595126289, 24498.96060198647, 27109.26595126289
22, 28262.1734520242, 24585.665113872365, 28262.1734520242, 27153.975772511283, 24510.702510918443, 27153.975772511283
23, 28353.914725257568, 24425.14834458459, 28353.914725257568, 27224.46442519651, 24469.203416309807, 27224.46442519651
24, 28353.914725257568, 24425.14834458459, 28353.914725257568, 27253.041866144096, 24469.728687494466, 27253.041866144096
25, 28391.04643546867, 24394.75552088211, 28391.04643546867, 27300.916009922566, 24463.829955460602, 27300.916009922566
26, 28451.958289214934, 24247.35947537634, 28451.958289214934, 27328.2581364803, 24510.88481761971, 27328.2581364803
27, 28618.302861663866, 24311.8635229128, 28618.302861663866, 27380.47103418894, 24527.159780207152, 27380.47103418894
28, 28639.16895950932, 24496.72920259299, 28639.16895950932, 27407.327281513848, 24491.473319645025, 27407.327281513848
29, 28669.366165175375, 24466.43861970487, 28669.366165175375, 27449.625096803313, 24499.025645905487, 27449.625096803313
30, 28669.366165175375, 24466.43861970487, 28669.366165175375, 27471.689091174867, 24487.01677328711, 27471.689091174867
31, 28803.852623747927, 24668.13345234895, 28803.852623747927, 27515.116711915154, 24477.780385411123, 27515.116711915154
32, 28811.892118423002, 24565.817401143868, 28811.892118423002, 27558.005097938083, 24461.90988659102, 27558.005097938083
33, 28811.892118423002, 24565.817401143868, 28811.892118423002, 27605.8799756519, 24442.685243454376, 27605.8799756519
34, 28865.81360126219, 24672.04032115614, 28865.81360126219, 27637.524941613177, 24496.237590962905, 27637.524941613177
35, 29020.032675743754, 24589.87986313434, 29020.032675743754, 27659.114983671567, 24508.43190803138, 27659.114983671567
36, 29020.032675743754, 24589.87986313434, 29020.032675743754, 27657.900696774013, 24497.114089419654, 27657.900696774013
37, 29097.4667566546, 24582.1967579667, 29097.4667566546, 27733.34056272128, 24494.42056590449, 27733.34056272128
38, 29097.4667566546, 24582.1967579667, 29097.4667566546, 27725.814319858673, 24533.650145967476, 27725.814319858673
39, 29097.4667566546, 24582.1967579667, 29097.4667566546, 27754.88575937052, 24519.351904426516, 27754.88575937052
40, 29120.11774699464, 24400.23866275916, 29120.11774699464, 27803.709194295225, 24505.846193381603, 27803.709194295225
41, 29120.11774699464, 24400.23866275916, 29120.11774699464, 27815.31047391095, 24489.998631703747, 27815.31047391095
42, 29198.341500180784, 24438.543296108295, 29198.341500180784, 27832.55252830477, 24496.670653547197, 27832.55252830477
43, 29230.263561600543, 24645.21290663225, 29230.263561600543, 27906.787518884306, 24519.38677544307, 27906.787518884306
44, 29230.263561600543, 24645.21290663225, 29230.263561600543, 27932.782413417983, 24501.362260781356, 27932.782413417983
45, 29277.728358042423, 24398.95679965149, 29277.728358042423, 27941.935469222226, 24510.88456492561, 27941.935469222226
46, 29335.358365222786, 24286.357774666434, 29335.358365222786, 27940.123685387724, 24532.49479311204, 27940.123685387724
47, 29338.49038781591, 24611.116254565346, 29338.49038781591, 27998.535799391586, 24535.592658201345, 27998.535799391586
48, 29393.011859089613, 24639.333728492045, 29393.011859089613, 28045.438021301543, 24545.341082558385, 28045.438021301543
49, 29401.10443505664, 24335.26599923635, 29401.10443505664, 28049.168281578623, 24548.475530290656, 28049.168281578623
50, 29551.107951010465, 24471.719901848774, 29551.107951010465, 28063.690707657915, 24530.183862569673, 28063.690707657915
51, 29551.107951010465, 24471.719901848774, 29551.107951010465, 28093.79079388248, 24546.5184829925, 28093.79079388248
52, 29596.150045511888, 24416.25392306137, 29596.150045511888, 28101.218777524442, 24535.255621097713, 28101.218777524442
53, 29609.788401711055, 24193.85457056444, 29609.788401711055, 28125.643965597676, 24543.85750123569, 28125.643965597676
54, 29757.112926273938, 24247.390874254474, 29757.112926273938, 28187.92906589176, 24527.98564771679, 28187.92906589176
55, 29757.112926273938, 24247.390874254474, 29757.112926273938, 28181.96463253757, 24520.163079839444, 28181.96463253757
56, 29836.565544215475, 24101.835711308464, 29836.565544215475, 28217.63399295963, 24517.710840642812, 28217.63399295963
57, 29836.565544215475, 24101.835711308464, 29836.565544215475, 28217.631238801318, 24499.57036927509, 28217.631238801318
58, 29836.565544215475, 24101.835711308464, 29836.565544215475, 28265.569371902257, 24488.396176504073, 28265.569371902257
59, 29836.565544215475, 24101.835711308464, 29836.565544215475, 28271.262607236993, 24473.09808461255, 28271.262607236993
60, 29836.565544215475, 24101.835711308464, 29836.565544215475, 28281.677435363705, 24453.238544817832, 28281.677435363705
61, 29911.410458986105, 24227.275952594595, 29911.410458986105, 28308.104577782233, 24439.004387878646, 28308.104577782233
62, 30026.22553428431, 24679.57086811038, 30026.22553428431, 28407.5365104441, 24434.89979339136, 28407.5365104441
63, 30026.22553428431, 24679.57086811038, 30026.22553428431, 28382.373876648824, 24425.793691203045, 28382.373876648824
64, 30027.15230370084, 24255.412952828294, 30027.15230370084, 28395.259104098703, 24415.80888637244, 28395.259104098703
65, 30083.278856874855, 24388.935511288753, 30083.278856874855, 28452.23756034155, 24382.576186259394, 28452.23756034155
66, 30083.278856874855, 24388.935511288753, 30083.278856874855, 28414.07040338997, 24426.29262927396, 28414.07040338997
67, 30101.105433961664, 24527.41635747081, 30101.105433961664, 28514.15679496333, 24462.14449541836, 28514.15679496333
68, 30158.325504769884, 24257.721227436516, 30158.325504769884, 28456.280516392657, 24462.261338472817, 28456.280516392657
69, 30158.325504769884, 24257.721227436516, 30158.325504769884, 28551.789576769384, 24467.611379517763, 28551.789576769384
70, 30288.86572603394, 24300.96321957778, 30288.86572603394, 28572.50730951573, 24480.780026233777, 28572.50730951573
71, 30288.86572603394, 24300.96321957778, 30288.86572603394, 28562.067889613583, 24430.071797252618, 28562.067889613583
72, 30288.86572603394, 24300.96321957778, 30288.86572603394, 28621.38524980406, 24468.02285437008, 28621.38524980406
73, 30288.86572603394, 24300.96321957778, 30288.86572603394, 28651.15320556105, 24471.28875483957, 28651.15320556105
74, 30374.985275056766, 24538.915846792952, 30374.985275056766, 28646.72521101933, 24493.91922114864, 28646.72521101933
75, 30374.985275056766, 24538.915846792952, 30374.985275056766, 28685.759802659442, 24476.77461960055, 28685.759802659442
76, 30481.44864885042, 24407.34077496963, 30481.44864885042, 28671.229339995334, 24459.673399487787, 28671.229339995334
77, 30481.44864885042, 24407.34077496963, 30481.44864885042, 28730.321111182893, 24472.289127173288, 28730.321111182893
78, 30481.44864885042, 24407.34077496963, 30481.44864885042, 28735.57670045519, 24504.831135991048, 28735.57670045519
79, 30481.44864885042, 24407.34077496963, 30481.44864885042, 28780.393805498396, 24463.22366941343, 28780.393805498396
80, 30585.572382712027, 24641.20789786007, 30585.572382712027, 28783.388368677603, 24463.55091519333, 28783.388368677603
81, 30585.572382712027, 24641.20789786007, 30585.572382712027, 28777.188188810112, 24494.793577799002, 28777.188188810112
82, 30585.572382712027, 24641.20789786007, 30585.572382712027, 28825.01952506901, 24509.850339695367, 28825.01952506901
83, 30632.556617982948, 24427.477639444438, 30632.556617982948, 28864.804078068602, 24464.17174044542, 28864.804078068602
84, 30713.076499606508, 24568.680513228384, 30713.076499606508, 28861.147175493872, 24494.460055049207, 28861.147175493872
85, 30713.076499606508, 24568.680513228384, 30713.076499606508, 28901.089818090095, 24494.736235582983, 28901.089818090095
86, 30713.076499606508, 24568.680513228384, 30713.076499606508, 28931.901296840417, 24497.170956280585, 28931.901296840417
87, 30713.076499606508, 24568.680513228384, 30713.076499606508, 28946.936309068875, 24531.69953208099, 28946.936309068875
88, 30713.076499606508, 24568.680513228384, 30713.076499606508, 28970.197931375642, 24573.467890716125, 28970.197931375642
89, 30713.076499606508, 24568.680513228384, 30713.076499606508, 28953.773067238122, 24580.650946789992, 28953.773067238122
90, 30837.26113426193, 24528.444213463277, 30837.26113426193, 28961.786020392057, 24534.659791918322, 28961.786020392057
91, 30837.26113426193, 24528.444213463277, 30837.26113426193, 29023.244063531092, 24513.146013238984, 29023.244063531092
92, 30837.26113426193, 24528.444213463277, 30837.26113426193, 28977.42821001752, 24506.79184775702, 28977.42821001752
93, 30837.26113426193, 24528.444213463277, 30837.26113426193, 29018.67385205517, 24522.931451036275, 29018.67385205517
94, 30837.26113426193, 24528.444213463277, 30837.26113426193, 29073.195335673932, 24541.41802350079, 29073.195335673932
95, 30837.26113426193, 24528.444213463277, 30837.26113426193, 29115.16817960532, 24550.985082231186, 29115.16817960532
96, 30837.26113426193, 24528.444213463277, 30837.26113426193, 29061.956128927566, 24588.751874132853, 29061.956128927566
97, 30837.26113426193, 24528.444213463277, 30837.26113426193, 29068.57301161648, 24585.637833648143, 29068.57301161648
98, 30856.29763425599, 24518.875538872173, 30856.29763425599, 29078.209505500137, 24584.89167092691, 29078.209505500137
99, 30967.55649360115, 24549.752823406463, 30967.55649360115, 29074.62447850429, 24579.89515953583, 29074.62447850429
100, 30967.55649360115, 24549.752823406463, 30967.55649360115, 29110.928645892738, 24571.036489840564, 29110.928645892738
101, 30967.55649360115, 24549.752823406463, 30967.55649360115, 29092.787405652623, 24568.234986025345, 29092.787405652623
102, 30967.55649360115, 24549.752823406463, 30967.55649360115, 29135.867593378876, 24568.99002652793, 29135.867593378876
103, 30967.55649360115, 24549.752823406463, 30967.55649360115, 29146.571675541712, 24569.7855677753, 29146.571675541712
104, 30967.55649360115, 24549.752823406463, 30967.55649360115, 29163.438001953837, 24569.25851394993, 29163.438001953837
105, 30967.55649360115, 24549.752823406463, 30967.55649360115, 29140.17753730256, 24564.409772867715, 29140.17753730256
106, 30967.55649360115, 24549.752823406463, 30967.55649360115, 29157.99649647954, 24553.12954181073, 29157.99649647954
107, 30967.55649360115, 24549.752823406463, 30967.55649360115, 29150.961484970787, 24558.000614265107, 29150.961484970787
108, 31065.215904420238, 24563.586404434154, 31065.215904420238, 29217.99912652438, 24578.867911996353, 29217.99912652438
109, 31065.233482774503, 24446.70043877099, 31065.233482774503, 29247.17420763043, 24578.193789575744, 29247.17420763043
110, 31134.20258016287, 24482.958326827313, 31134.20258016287, 29214.123848382253, 24581.057982417944, 29214.123848382253
111, 31134.20258016287, 24482.958326827313, 31134.20258016287, 29230.696455000518, 24582.877708169144, 29230.696455000518
112, 31259.12039128932, 24447.284146114092, 31259.12039128932, 29229.13010735575, 24582.03053338279, 29229.13010735575
113, 31259.12039128932, 24447.284146114092, 31259.12039128932, 29211.530477025008, 24583.917169619886, 29211.530477025008
114, 31259.12039128932, 24447.284146114092, 31259.12039128932, 29272.508994112457, 24581.349023242794, 29272.508994112457
115, 31259.12039128932, 24447.284146114092, 31259.12039128932, 29281.161163997192, 24572.336365290324, 29281.161163997192
116, 31259.12039128932, 24447.284146114092, 31259.12039128932, 29293.726319632646, 24575.837231435187, 29293.726319632646
117, 31259.12039128932, 24447.284146114092, 31259.12039128932, 29298.889225321967, 24582.210199299123, 29298.889225321967
118, 31259.12039128932, 24447.284146114092, 31259.12039128932, 29304.16021536519, 24572.66999143186, 29304.16021536519
119, 31259.12039128932, 24447.284146114092, 31259.12039128932, 29310.00550827168, 24560.988038952648, 29310.00550827168
120, 31259.12039128932, 24447.284146114092, 31259.12039128932, 29385.433813383457, 24545.30970767227, 29385.433813383457
121, 31262.042887699048, 24489.197690096935, 31262.042887699048, 29359.87481451116, 24535.54627847122, 29359.87481451116
122, 31262.042887699048, 24489.197690096935, 31262.042887699048, 29391.329635144793, 24519.687653277335, 29391.329635144793
123, 31402.0750561844, 24536.649499837586, 31402.0750561844, 29400.93844944111, 24512.6649143089, 29400.93844944111
124, 31402.0750561844, 24536.649499837586, 31402.0750561844, 29431.09899746416, 24515.770450040967, 29431.09899746416
125, 31402.0750561844, 24536.649499837586, 31402.0750561844, 29415.1399010478, 24522.885725451582, 29415.1399010478
126, 31402.0750561844, 24536.649499837586, 31402.0750561844, 29432.327149579472, 24530.777425239114, 29432.327149579472
127, 31402.0750561844, 24536.649499837586, 31402.0750561844, 29472.53238864976, 24544.404388425333, 29472.53238864976
128, 31402.0750561844, 24536.649499837586, 31402.0750561844, 29463.587554968788, 24564.49140597383, 29463.587554968788
129, 31469.60005302634, 24643.179325523743, 31469.60005302634, 29479.366816341357, 24575.036536668133, 29479.366816341357
130, 31469.60005302634, 24643.179325523743, 31469.60005302634, 29494.812082197728, 24569.59022653604, 29494.812082197728
131, 31498.881337478742, 24466.719629456024, 31498.881337478742, 29490.245424798195, 24560.301904323183, 29490.245424798195
132, 31498.881337478742, 24466.719629456024, 31498.881337478742, 29531.441234944137, 24566.93023673493, 29531.441234944137
133, 31498.881337478742, 24466.719629456024, 31498.881337478742, 29523.915576180243, 24576.541228463662, 29523.915576180243
134, 31498.881337478742, 24466.719629456024, 31498.881337478742, 29545.02792296746, 24580.588056225806, 29545.02792296746
135, 31500.682271248483, 24544.19687345864, 31500.682271248483, 29563.274662396892, 24588.902863047704, 29563.274662396892
136, 31500.682271248483, 24544.19687345864, 31500.682271248483, 29552.122639860903, 24599.893515650834, 29552.122639860903
137, 31500.682271248483, 24544.19687345864, 31500.682271248483, 29511.724338990207, 24594.079248224483, 29511.724338990207
138, 31566.898768062107, 24478.028543469227, 31566.898768062107, 29556.10184513397, 24616.054515301286, 29556.10184513397
139, 31566.898768062107, 24478.028543469227, 31566.898768062107, 29522.53487602201, 24631.803093486105, 29522.53487602201
140, 31566.898768062107, 24478.028543469227, 31566.898768062107, 29651.318848276554, 24623.603067076136, 29651.318848276554
141, 31566.898768062107, 24478.028543469227, 31566.898768062107, 29627.556790888844, 24608.908995194244, 29627.556790888844
142, 31566.898768062107, 24478.028543469227, 31566.898768062107, 29616.140566950977, 24568.9906607511, 29616.140566950977
143, 31566.898768062107, 24478.028543469227, 31566.898768062107, 29607.390112615893, 24543.014344291547, 29607.390112615893
144, 31566.898768062107, 24478.028543469227, 31566.898768062107, 29598.354079980025, 24520.32769116076, 29598.354079980025
145, 31613.818699098978, 24469.740084532314, 31613.818699098978, 29648.091754457426, 24523.62345180248, 29648.091754457426
146, 31613.818699098978, 24469.740084532314, 31613.818699098978, 29669.206355504477, 24523.37854244519, 29669.206355504477
147, 31613.818699098978, 24469.740084532314, 31613.818699098978, 29643.106570420667, 24507.457074073227, 29643.106570420667
148, 31613.818699098978, 24469.740084532314, 31613.818699098978, 29635.653763116385, 24529.082574207452, 29635.653763116385
149, 31687.276137380293, 24406.61286519002, 31687.276137380293, 29649.45853963333, 24528.945834834027, 29649.45853963333
150, 31687.276137380293, 24406.61286519002, 31687.276137380293, 29647.879349304, 24528.270469831485, 29647.879349304
151, 31687.276137380293, 24406.61286519002, 31687.276137380293, 29624.624552605514, 24528.371237847234, 29624.624552605514
152, 31687.276137380293, 24406.61286519002, 31687.276137380293, 29635.387463624495, 24523.73319934267, 29635.387463624495
153, 31687.276137380293, 24406.61286519002, 31687.276137380293, 29625.4836818341, 24520.51700290129, 29625.4836818341
154, 31687.276137380293, 24406.61286519002, 31687.276137380293, 29658.85101347714, 24523.998392170033, 29658.85101347714
155, 31711.28425676016, 24290.98289227063, 31711.28425676016, 29686.119015437896, 24520.833172554037, 29686.119015437896
156, 31711.28425676016, 24290.98289227063, 31711.28425676016, 29679.00030595486, 24519.281392975165, 29679.00030595486
157, 31711.28425676016, 24290.98289227063, 31711.28425676016, 29703.004573971437, 24517.278302898634, 29703.004573971437
158, 31711.28425676016, 24290.98289227063, 31711.28425676016, 29671.210900359674, 24509.139349383135, 29671.210900359674
159, 31711.28425676016, 24290.98289227063, 31711.28425676016, 29676.17001590612, 24497.79388495767, 29676.17001590612
160, 31711.28425676016, 24290.98289227063, 31711.28425676016, 29748.743942921443, 24481.431490479306, 29748.743942921443
161, 31798.229173653144, 24481.237275964137, 31798.229173653144, 29708.488831373208, 24471.556832070302, 29708.488831373208
162, 31798.229173653144, 24481.237275964137, 31798.229173653144, 29712.648316470822, 24467.2302797069, 29712.648316470822
163, 31798.229173653144, 24481.237275964137, 31798.229173653144, 29742.826637148708, 24461.753249801717, 29742.826637148708
164, 31798.229173653144, 24481.237275964137, 31798.229173653144, 29769.477230398115, 24447.512362279664, 29769.477230398115
165, 31798.229173653144, 24481.237275964137, 31798.229173653144, 29707.766306479458, 24430.320060897724, 29707.766306479458
166, 31798.229173653144, 24481.237275964137, 31798.229173653144, 29753.84318714115, 24427.210348789125, 29753.84318714115
167, 31798.229173653144, 24481.237275964137, 31798.229173653144, 29783.504878152366, 24457.188436350367, 29783.504878152366
168, 31798.229173653144, 24481.237275964137, 31798.229173653144, 29738.863585079493, 24466.61364778535, 29738.863585079493
169, 31798.229173653144, 24481.237275964137, 31798.229173653144, 29829.363567997065, 24489.959542310942, 29829.363567997065
170, 31798.229173653144, 24481.237275964137, 31798.229173653144, 29770.82603854661, 24476.330151184506, 29770.82603854661
171, 31798.229173653144, 24481.237275964137, 31798.229173653144, 29825.537355629873, 24526.83578752701, 29825.537355629873
172, 31842.528214638107, 24552.430358261197, 31842.528214638107, 29780.742420948045, 24532.96515610664, 29780.742420948045
173, 31842.528214638107, 24552.430358261197, 31842.528214638107, 29796.277568599973, 24535.69620724202, 29796.277568599973
174, 31928.249762764946, 24493.912230463386, 31928.249762764946, 29831.112717386706, 24534.441133346496, 29831.112717386706
175, 31928.249762764946, 24493.912230463386, 31928.249762764946, 29844.927084348343, 24533.73413061535, 29844.927084348343
176, 31928.249762764946, 24493.912230463386, 31928.249762764946, 29779.361362422704, 24531.381522878422, 29779.361362422704
177, 31928.249762764946, 24493.912230463386, 31928.249762764946, 29819.588031772313, 24530.928148782546, 29819.588031772313
178, 31928.249762764946, 24493.912230463386, 31928.249762764946, 29813.519166703936, 24524.38893945301, 29813.519166703936
179, 31928.249762764946, 24493.912230463386, 31928.249762764946, 29845.25016186641, 24525.19436466667, 29845.25016186641
180, 31928.249762764946, 24493.912230463386, 31928.249762764946, 29830.488303746868, 24506.75409244244, 29830.488303746868
181, 31936.2253323243, 24313.450342866803, 31936.2253323243, 29852.90127926598, 24508.15847905334, 29852.90127926598
182, 31936.2253323243, 24313.450342866803, 31936.2253323243, 29864.247178693186, 24536.3712650135, 29864.247178693186
183, 31936.2253323243, 24313.450342866803, 31936.2253323243, 29865.57338413896, 24540.189608703313, 29865.57338413896
184, 32016.15509440479, 24552.302486842236, 32016.15509440479, 29864.83245934902, 24507.5573920381, 29864.83245934902
185, 32016.15509440479, 24552.302486842236, 32016.15509440479, 29883.982155831418, 24558.43602906556, 29883.982155831418
186, 32016.15509440479, 24552.302486842236, 32016.15509440479, 29867.816963774985, 24525.978838215986, 29867.816963774985
187, 32016.15509440479, 24552.302486842236, 32016.15509440479, 29900.308371307347, 24534.057046046928, 29900.308371307347
188, 32016.15509440479, 24552.302486842236, 32016.15509440479, 29900.86115327564, 24529.82926709335, 29900.86115327564
189, 32016.15509440479, 24552.302486842236, 32016.15509440479, 29931.26331011904, 24523.415526632805, 29931.26331011904
190, 32016.15509440479, 24552.302486842236, 32016.15509440479, 29888.033145032656, 24504.981383441995, 29888.033145032656
191, 32016.15509440479, 24552.302486842236, 32016.15509440479, 29948.483656773347, 24478.7697135785, 29948.483656773347
192, 32016.15509440479, 24552.302486842236, 32016.15509440479, 29918.979684283626, 24469.645008136096, 29918.979684283626
193, 32021.676879491806, 24266.129658130194, 32021.676879491806, 29893.396814279276, 24501.145605580412, 29893.396814279276
194, 32067.310609549917, 23921.258625036215, 32067.310609549917, 29912.875584102014, 24538.638762267157, 29912.875584102014
195, 32067.310609549917, 23921.258625036215, 32067.310609549917, 30011.216316903, 24569.163488905848, 30011.216316903
196, 32067.310609549917, 23921.258625036215, 32067.310609549917, 29956.9162800818, 24562.748425319904, 29956.9162800818
197, 32067.310609549917, 23921.258625036215, 32067.310609549917, 29952.480934226198, 24545.23036882127, 29952.480934226198
198, 32067.310609549917, 23921.258625036215, 32067.310609549917, 29996.23817675111, 24521.228816091836, 29996.23817675111
199, 32097.78582250572, 24434.74179239585, 32097.78582250572, 29924.956699963925, 24479.922408337392, 29924.956699963925
200, 32097.78582250572, 24434.74179239585, 32097.78582250572, 29953.550143689572, 24431.85976262783, 29953.550143689572
201, 32120.44593519075, 23730.53112764437, 32120.44593519075, 29993.504052265034, 24375.117402989814, 29993.504052265034
202, 32120.44593519075, 23730.53112764437, 32120.44593519075, 29990.607650315484, 24255.743591411687, 29990.607650315484
203, 32120.44593519075, 23730.53112764437, 32120.44593519075, 30022.303411103105, 24158.685172606314, 30022.303411103105
204, 32120.44593519075, 23730.53112764437, 32120.44593519075, 29993.635351527366, 24170.50744803375, 29993.635351527366
205, 32120.44593519075, 23730.53112764437, 32120.44593519075, 29987.28232939465, 24184.064812188117, 29987.28232939465
206, 32120.44593519075, 23730.53112764437, 32120.44593519075, 30055.154673507404, 24204.8311055517, 30055.154673507404
207, 32120.44593519075, 23730.53112764437, 32120.44593519075, 30041.57479546284, 24253.722018599194, 30041.57479546284
208, 32120.44593519075, 23730.53112764437, 32120.44593519075, 30028.277651126908, 24157.230311538213, 30028.277651126908
209, 32120.44593519075, 23730.53112764437, 32120.44593519075, 30040.58267545095, 24008.658677174782, 30040.58267545095
210, 32251.911809961708, 24094.9554466708, 32251.911809961708, 30024.679600244875, 24009.384972493182, 30024.679600244875
211, 32251.911809961708, 24094.9554466708, 32251.911809961708, 30039.11212107577, 24010.674554012552, 30039.11212107577
212, 32251.911809961708, 24094.9554466708, 32251.911809961708, 30032.611066942714, 24013.157488397883, 30032.611066942714
213, 32251.911809961708, 24094.9554466708, 32251.911809961708, 30018.682176733655, 24015.267770082453, 30018.682176733655
214, 32299.49286186429, 23782.77792066388, 32299.49286186429, 30083.922961253073, 24023.376745817804, 30083.922961253073
215, 32299.49286186429, 23782.77792066388, 32299.49286186429, 30093.52327867226, 24031.076913157667, 30093.52327867226
216, 32299.49286186429, 23782.77792066388, 32299.49286186429, 30079.616500964617, 24036.72800880975, 30079.616500964617
217, 32299.49286186429, 23782.77792066388, 32299.49286186429, 30029.541828367976, 24059.04103531399, 30029.541828367976
218, 32299.49286186429, 23782.77792066388, 32299.49286186429, 30094.054407176747, 24043.133249099646, 30094.054407176747
219, 32299.49286186429, 23782.77792066388, 32299.49286186429, 30098.569798250304, 24137.97163298325, 30098.569798250304
220, 32299.49286186429, 23782.77792066388, 32299.49286186429, 30148.92832235827, 24244.527870171893, 30148.92832235827
221, 32299.49286186429, 23782.77792066388, 32299.49286186429, 30161.545820450374, 24241.086587932074, 30161.545820450374
222, 32299.49286186429, 23782.77792066388, 32299.49286186429, 30131.567106376948, 24222.779107519593, 30131.567106376948
223, 32299.49286186429, 23782.77792066388, 32299.49286186429, 30143.415112056453, 24195.151127303696, 30143.415112056453
224, 32328.57809761406, 24417.05247447146, 32328.57809761406, 30150.82460883882, 24156.450688281053, 30150.82460883882
225, 32328.57809761406, 24417.05247447146, 32328.57809761406, 30135.481434478763, 24116.284638685804, 30135.481434478763
226, 32328.57809761406, 24417.05247447146, 32328.57809761406, 30182.033066364926, 24057.88881947388, 30182.033066364926
227, 32328.57809761406, 24417.05247447146, 32328.57809761406, 30169.09896697169, 24071.141053057952, 30169.09896697169
228, 32328.57809761406, 24417.05247447146, 32328.57809761406, 30111.930827305758, 24100.200287100797, 30111.930827305758
229, 32337.31100405558, 23746.731718170293, 32337.31100405558, 30163.559966462934, 24132.873434296922, 30163.559966462934
230, 32337.31100405558, 23746.731718170293, 32337.31100405558, 30191.248549679578, 24199.223122116382, 30191.248549679578
231, 32365.054630923238, 24546.4129594129, 32365.054630923238, 30186.78243352702, 24319.205181985042, 30186.78243352702
232, 32365.054630923238, 24546.4129594129, 32365.054630923238, 30173.321436258084, 24472.91593557941, 30173.321436258084
233, 32365.054630923238, 24546.4129594129, 32365.054630923238, 30119.74472368282, 24466.526688547383, 30119.74472368282
234, 32365.054630923238, 24546.4129594129, 32365.054630923238, 30185.99870112884, 24443.57314631799, 30185.99870112884
235, 32365.054630923238, 24546.4129594129, 32365.054630923238, 30157.485501785734, 24426.765894379852, 30157.485501785734
236, 32365.69888343207, 24492.838592326974, 32365.69888343207, 30228.71949388275, 24385.52769346454, 30228.71949388275
237, 32365.69888343207, 24492.838592326974, 32365.69888343207, 30224.67872688178, 24327.185610607914, 30224.67872688178
238, 32365.69888343207, 24492.838592326974, 32365.69888343207, 30222.03211897206, 24237.37575059923, 30222.03211897206
239, 32365.69888343207, 24492.838592326974, 32365.69888343207, 30201.91468589776, 24273.98862534367, 30201.91468589776
240, 32365.69888343207, 24492.838592326974, 32365.69888343207, 30216.899334568563, 24408.550019238282, 30216.899334568563
241, 32408.157722406966, 23812.278268421112, 32408.157722406966, 30181.6391400403, 24573.67512187493, 30181.6391400403
242, 32408.157722406966, 23812.278268421112, 32408.157722406966, 30187.16643828174, 24565.694674594615, 30187.16643828174
243, 32408.157722406966, 23812.278268421112, 32408.157722406966, 30169.988499863375, 24562.175523515492, 30169.988499863375
244, 32408.157722406966, 23812.278268421112, 32408.157722406966, 30172.155634456965, 24553.9167808988, 30172.155634456965
245, 32420.72741338983, 24411.345690327988, 32420.72741338983, 30174.891870781616, 24539.240294473082, 30174.891870781616
246, 32420.72741338983, 24411.345690327988, 32420.72741338983, 30194.167722070102, 24520.395353008975, 30194.167722070102
247, 32420.72741338983, 24411.345690327988, 32420.72741338983, 30200.946112711386, 24503.552546209412, 30200.946112711386
248, 32420.72741338983, 24411.345690327988, 32420.72741338983, 30201.665452278634, 24472.65819353283, 30201.665452278634
249, 32420.72741338983, 24411.345690327988, 32420.72741338983, 30228.50162079269, 24431.147637293205, 30228.50162079269
250, 32420.72741338983, 24411.345690327988, 32420.72741338983, 30243.84695353833, 24395.57624006456, 30243.84695353833
251, 32420.72741338983, 24411.345690327988, 32420.72741338983, 30204.56235287285, 24278.812730452395, 30204.56235287285
252, 32455.752046696172, 24625.81593950499, 32455.752046696172, 30199.01242646118, 24177.837836168685, 30199.01242646118
253, 32455.93620346346, 24038.389257828614, 32455.93620346346, 30196.156831870605, 24240.651805838632, 30196.156831870605
254, 32455.93620346346, 24038.389257828614, 32455.93620346346, 30235.848675733003, 24342.602937786378, 30235.848675733003
255, 32455.93620346346, 24038.389257828614, 32455.93620346346, 30214.439383111945, 24478.746633205366, 30214.439383111945
256, 32492.28427686145, 24483.28145508509, 32492.28427686145, 30258.65441987903, 24488.930987363394, 30258.65441987903
257, 32492.28427686145, 24483.28145508509, 32492.28427686145, 30232.539069565082, 24493.358893961165, 30232.539069565082
258, 32492.28427686145, 24483.28145508509, 32492.28427686145, 30248.96455748602, 24488.72926378687, 30248.96455748602
259, 32552.044514945028, 24178.38228668104, 32552.044514945028, 30268.59999699249, 24491.814602421182, 30268.59999699249
260, 32552.044514945028, 24178.38228668104, 32552.044514945028, 30267.827736748994, 24496.415781177446, 30267.827736748994
261, 32552.044514945028, 24178.38228668104, 32552.044514945028, 30300.373232654892, 24498.665311128996, 30300.373232654892
262, 32552.044514945028, 24178.38228668104, 32552.044514945028, 30259.94734807772, 24394.27057522647, 30259.94734807772
263, 32552.044514945028, 24178.38228668104, 32552.044514945028, 30264.642984248665, 24294.674653900456, 30264.642984248665
264, 32552.044514945028, 24178.38228668104, 32552.044514945028, 30268.04648307662, 24316.88706914538, 30268.04648307662
265, 32552.044514945028, 24178.38228668104, 32552.044514945028, 30303.873410117358, 24376.13756522986, 30303.873410117358
266, 32610.978013411728, 24132.1921879664, 32610.978013411728, 30293.15773145575, 24460.30842223634, 30293.15773145575
267, 32610.978013411728, 24132.1921879664, 32610.978013411728, 30321.53774039113, 24407.51998785571, 30321.53774039113
268, 32622.808832121136, 24502.292630199463, 32622.808832121136, 30326.5456653573, 24322.579799029896, 30326.5456653573
269, 32622.808832121136, 24502.292630199463, 32622.808832121136, 30311.631406475695, 24321.727844897123, 30311.631406475695
270, 32622.808832121136, 24502.292630199463, 32622.808832121136, 30286.242016781816, 24322.308785294485, 30286.242016781816
271, 32666.28879056599, 24053.490342731307, 32666.28879056599, 30325.81636958785, 24326.28692692511, 30325.81636958785
272, 32666.28879056599, 24053.490342731307, 32666.28879056599, 30356.695244254533, 24327.93672127499, 30356.695244254533
273, 32666.28879056599, 24053.490342731307, 32666.28879056599, 30345.065381605065, 24330.905921057383, 30345.065381605065
274, 32666.28879056599, 24053.490342731307, 32666.28879056599, 30345.32590410464, 24341.48354184948, 30345.32590410464
275, 32666.28879056599, 24053.490342731307, 32666.28879056599, 30407.38962806858, 24366.67505885977, 30407.38962806858
276, 32666.28879056599, 24053.490342731307, 32666.28879056599, 30327.032106654307, 24413.446765074106, 30327.032106654307
277, 32666.28879056599, 24053.490342731307, 32666.28879056599, 30375.601457799003, 24474.53724129571, 30375.601457799003
278, 32666.28879056599, 24053.490342731307, 32666.28879056599, 30358.65229451497, 24529.526359172243, 30358.65229451497
279, 32666.28879056599, 24053.490342731307, 32666.28879056599, 30361.247519006305, 24522.006215193156, 30361.247519006305
280, 32666.28879056599, 24053.490342731307, 32666.28879056599, 30399.472062325858, 24501.04346707041, 30399.472062325858
281, 32666.28879056599, 24053.490342731307, 32666.28879056599, 30396.57434932533, 24462.692201159145, 30396.57434932533
282, 32666.28879056599, 24053.490342731307, 32666.28879056599, 30430.86918137975, 24415.395025881706, 30430.86918137975
283, 32936.85795401529, 24252.81606801912, 32936.85795401529, 30407.32404848128, 24312.35876418344, 30407.32404848128
284, 32936.85795401529, 24252.81606801912, 32936.85795401529, 30410.571074220352, 24251.614977885765, 30410.571074220352
285, 32936.85795401529, 24252.81606801912, 32936.85795401529, 30440.92312383053, 24239.039324561232, 30440.92312383053
286, 32936.85795401529, 24252.81606801912, 32936.85795401529, 30439.578944200155, 24242.099944620415, 30439.578944200155
287, 32936.85795401529, 24252.81606801912, 32936.85795401529, 30410.62256212159, 24250.718625409845, 30410.62256212159
288, 32936.85795401529, 24252.81606801912, 32936.85795401529, 30391.829302777536, 24261.33488290496, 30391.829302777536
289, 32936.85795401529, 24252.81606801912, 32936.85795401529, 30449.341893895635, 24277.35443754423, 30449.341893895635
290, 32936.85795401529, 24252.81606801912, 32936.85795401529, 30454.32722154488, 24299.811357872695, 30454.32722154488
291, 32936.85795401529, 24252.81606801912, 32936.85795401529, 30513.16988562481, 24338.571342529925, 30513.16988562481
292, 32936.85795401529, 24252.81606801912, 32936.85795401529, 30540.74992149538, 24366.6243696514, 30540.74992149538
293, 32936.85795401529, 24252.81606801912, 32936.85795401529, 30536.810776861297, 24378.458948733223, 30536.810776861297
294, 32936.85795401529, 24252.81606801912, 32936.85795401529, 30590.578064993453, 24374.43952903256, 30590.578064993453
295, 32936.85795401529, 24252.81606801912, 32936.85795401529, 30628.0079463431, 24373.054776990055, 30628.0079463431
296, 32936.85795401529, 24252.81606801912, 32936.85795401529, 30653.62774110331, 24374.658823526857, 30653.62774110331
297, 33030.40560722869, 24342.543001773516, 33030.40560722869, 30627.382118082376, 24375.83039958025, 30627.382118082376
298, 33030.40560722869, 24342.543001773516, 33030.40560722869, 30602.906829505413, 24376.662259408095, 30602.906829505413
299, 33030.40560722869, 24342.543001773516, 33030.40560722869, 30603.486697290413, 24375.477399599386, 30603.486697290413
300, 33030.40560722869, 24342.543001773516, 33030.40560722869, 30599.249370694233, 24377.07176939993, 30599.249370694233
301, 33030.40560722869, 24342.543001773516, 33030.40560722869, 30613.9267119832, 24383.726917012216, 30613.9267119832
302, 33030.40560722869, 24342.543001773516, 33030.40560722869, 30628.95955547679, 24390.530032235314, 30628.95955547679
303, 33030.40560722869, 24342.543001773516, 33030.40560722869, 30612.49162041931, 24397.370507355798, 30612.49162041931
304, 33030.40560722869, 24342.543001773516, 33030.40560722869, 30607.05280640442, 24414.52827592953, 30607.05280640442
305, 33034.4912649041, 24296.596800859374, 33034.4912649041, 30536.90587594879, 24434.738933486948, 30536.90587594879
306, 33034.4912649041, 24296.596800859374, 33034.4912649041, 30599.219871380414, 24469.220297739048, 30599.219871380414
307, 33034.4912649041, 24296.596800859374, 33034.4912649041, 30614.343750644315, 24531.615956476446, 30614.343750644315
308, 33054.27076043137, 24445.202557942655, 33054.27076043137, 30603.022990967507, 24531.44319055012, 30603.022990967507
309, 33054.27076043137, 24445.202557942655, 33054.27076043137, 30630.890571199692, 24523.513248093055, 30630.890571199692
310, 33054.27076043137, 24445.202557942655, 33054.27076043137, 30627.25735718627, 24508.673493274324, 30627.25735718627
311, 33054.27076043137, 24445.202557942655, 33054.27076043137, 30621.190909226956, 24491.024927128838, 30621.190909226956
312, 33054.27076043137, 24445.202557942655, 33054.27076043137, 30663.463394264214, 24467.004315355432, 30663.463394264214
313, 33089.13957846163, 24316.384124132826, 33089.13957846163, 30690.336619841644, 24426.938308318942, 30690.336619841644
314, 33089.13957846163, 24316.384124132826, 33089.13957846163, 30688.507930286076, 24423.007795625745, 30688.507930286076
315, 33089.13957846163, 24316.384124132826, 33089.13957846163, 30686.636529933596, 24432.526286321307, 30686.636529933596
316, 33089.13957846163, 24316.384124132826, 33089.13957846163, 30696.32248031768, 24451.68508124934, 30696.32248031768
317, 33089.13957846163, 24316.384124132826, 33089.13957846163, 30665.164456285656, 24480.463911881292, 30665.164456285656
318, 33089.13957846163, 24316.384124132826, 33089.13957846163, 30727.92487533741, 24498.57966893245, 30727.92487533741
319, 33089.13957846163, 24316.384124132826, 33089.13957846163, 30696.07558811814, 24493.243190039266, 30696.07558811814
320, 33120.147439291366, 24354.88441400699, 33120.147439291366, 30657.535719751326, 24487.191446542452, 30657.535719751326
321, 33197.47295236605, 24247.032515483363, 33197.47295236605, 30706.417058387586, 24469.39471529782, 30706.417058387586
322, 33197.47295236605, 24247.032515483363, 33197.47295236605, 30662.419278318106, 24440.19380127674, 30662.419278318106
323, 33197.47295236605, 24247.032515483363, 33197.47295236605, 30716.467161300458, 24418.270707367734, 30716.467161300458
324, 33197.47295236605, 24247.032515483363, 33197.47295236605, 30743.830803755674, 24418.1792262204, 30743.830803755674
325, 33197.47295236605, 24247.032515483363, 33197.47295236605, 30727.13830938525, 24416.163484449866, 30727.13830938525
326, 33197.47295236605, 24247.032515483363, 33197.47295236605, 30753.27688718236, 24417.70249944847, 30753.27688718236
327, 33197.47295236605, 24247.032515483363, 33197.47295236605, 30722.34653248377, 24413.466233399377, 30722.34653248377
328, 33197.47295236605, 24247.032515483363, 33197.47295236605, 30710.57362308716, 24413.93197707125, 30710.57362308716
329, 33197.47295236605, 24247.032515483363, 33197.47295236605, 30756.51266217011, 24414.9232409096, 30756.51266217011
330, 33197.47295236605, 24247.032515483363, 33197.47295236605, 30754.342983881448, 24410.777820387535, 30754.342983881448
331, 33197.47295236605, 24247.032515483363, 33197.47295236605, 30742.49483783466, 24399.158878622588, 30742.49483783466
332, 33197.47295236605, 24247.032515483363, 33197.47295236605, 30763.234421155412, 24371.075035601832, 30763.234421155412
333, 33197.47295236605, 24247.032515483363, 33197.47295236605, 30760.022233702177, 24370.878431848785, 30760.022233702177
334, 33309.58849231087, 24414.238756052382, 33309.58849231087, 30728.912205979326, 24369.42133322874, 30728.912205979326
335, 33309.58849231087, 24414.238756052382, 33309.58849231087, 30833.776481117922, 24371.866964069995, 30833.776481117922
336, 33309.58849231087, 24414.238756052382, 33309.58849231087, 30752.09833357195, 24371.333504839713, 30752.09833357195
337, 33309.58849231087, 24414.238756052382, 33309.58849231087, 30819.604078157445, 24374.098132923245, 30819.604078157445
338, 33309.58849231087, 24414.238756052382, 33309.58849231087, 30742.93000608032, 24374.020187022677, 30742.93000608032
339, 33309.58849231087, 24414.238756052382, 33309.58849231087, 30787.201400458973, 24384.78024128974, 30787.201400458973
340, 33309.58849231087, 24414.238756052382, 33309.58849231087, 30812.905332416034, 24395.773495947076, 30812.905332416034
341, 33309.58849231087, 24414.238756052382, 33309.58849231087, 30854.87825457946, 24415.85533433964, 30854.87825457946
342, 33309.58849231087, 24414.238756052382, 33309.58849231087, 30808.893099256646, 24452.348605331434, 30808.893099256646
343, 33309.58849231087, 24414.238756052382, 33309.58849231087, 30871.55803917016, 24485.73326856167, 30871.55803917016
344, 33309.58849231087, 24414.238756052382, 33309.58849231087, 30863.781015280365, 24487.668766862513, 30863.781015280365
345, 33403.80281963889, 24636.937307823584, 33403.80281963889, 30844.81978935918, 24487.777795276666, 30844.81978935918
346, 33403.80281963889, 24636.937307823584, 33403.80281963889, 30863.255409369693, 24487.48378477432, 30863.255409369693
347, 33403.80281963889, 24636.937307823584, 33403.80281963889, 30896.24559338226, 24490.966655586515, 30896.24559338226
348, 33403.80281963889, 24636.937307823584, 33403.80281963889, 30854.3134814357, 24490.199524612504, 30854.3134814357
349, 33403.80281963889, 24636.937307823584, 33403.80281963889, 30848.201302197263, 24493.73104054485, 30848.201302197263
350, 33403.80281963889, 24636.937307823584, 33403.80281963889, 30890.72785199286, 24496.563840581734, 30890.72785199286
351, 33403.80281963889, 24636.937307823584, 33403.80281963889, 30880.28545368055, 24503.30020070869, 30880.28545368055
352, 33421.17532962317, 24558.742377094233, 33421.17532962317, 30863.855686901003, 24510.509409733037, 30863.855686901003
353, 33421.17532962317, 24558.742377094233, 33421.17532962317, 30883.698499829054, 24520.851038156627, 30883.698499829054
354, 33421.17532962317, 24558.742377094233, 33421.17532962317, 30923.664561398924, 24541.897032648852, 30923.664561398924
355, 33421.17532962317, 24558.742377094233, 33421.17532962317, 30863.20624448798, 24583.244375480783, 30863.20624448798
356, 33421.17532962317, 24558.742377094233, 33421.17532962317, 30952.279356473944, 24636.474309787318, 30952.279356473944
357, 33421.17532962317, 24558.742377094233, 33421.17532962317, 30912.39159043545, 24642.180733910118, 30912.39159043545
358, 33455.5593544422, 24655.5323177091, 33455.5593544422, 30928.610689773428, 24640.87579702154, 30928.610689773428
359, 33455.5593544422, 24655.5323177091, 33455.5593544422, 30933.535856311246, 24638.451655510227, 30933.535856311246
360, 33455.5593544422, 24655.5323177091, 33455.5593544422, 30954.90351331227, 24635.74284942177, 30954.90351331227
361, 33455.5593544422, 24655.5323177091, 33455.5593544422, 30922.5268604494, 24632.934251723545, 30922.5268604494
362, 33455.5593544422, 24655.5323177091, 33455.5593544422, 30962.458561893574, 24627.436523771466, 30962.458561893574
363, 33455.5593544422, 24655.5323177091, 33455.5593544422, 30926.72082690587, 24617.296286622128, 30926.72082690587
364, 33515.19584500897, 24584.546916852334, 33515.19584500897, 30965.52867182378, 24603.836351839826, 30965.52867182378
365, 33515.19584500897, 24584.546916852334, 33515.19584500897, 30964.75570154117, 24594.91938673439, 30964.75570154117
366, 33515.19584500897, 24584.546916852334, 33515.19584500897, 30987.92059007216, 24598.172108133975, 30987.92059007216
367, 33515.19584500897, 24584.546916852334, 33515.19584500897, 30968.18169793176, 24605.025712294253, 30968.18169793176
368, 33515.19584500897, 24584.546916852334, 33515.19584500897, 30956.064942324432, 24617.45549006328, 30956.064942324432
369, 33515.19584500897, 24584.546916852334, 33515.19584500897, 31018.62465648406, 24636.52175651002, 31018.62465648406
370, 33515.19584500897, 24584.546916852334, 33515.19584500897, 30965.73803990466, 24652.330811742406, 30965.73803990466
371, 33515.19584500897, 24584.546916852334, 33515.19584500897, 30948.763963985675, 24647.733336913727, 30948.763963985675
372, 33515.19584500897, 24584.546916852334, 33515.19584500897, 30980.925951654004, 24642.89008592338, 30980.925951654004
373, 33515.19584500897, 24584.546916852334, 33515.19584500897, 30999.305277806026, 24637.38674427058, 30999.305277806026
374, 33515.19584500897, 24584.546916852334, 33515.19584500897, 31024.924275371875, 24624.02392023331, 31024.924275371875
375, 33515.19584500897, 24584.546916852334, 33515.19584500897, 31026.343253676794, 24606.239228339913, 31026.343253676794
376, 33515.19584500897, 24584.546916852334, 33515.19584500897, 31011.147163597136, 24604.845693641906, 31011.147163597136
377, 33515.19584500897, 24584.546916852334, 33515.19584500897, 30994.21501433645, 24605.460358542394, 30994.21501433645
378, 33515.19584500897, 24584.546916852334, 33515.19584500897, 30951.44808438181, 24608.398446876745, 30951.44808438181
379, 33515.19584500897, 24584.546916852334, 33515.19584500897, 30991.755244255615, 24606.46618873754, 30991.755244255615
380, 33515.19584500897, 24584.546916852334, 33515.19584500897, 31037.309975125274, 24605.168486690593, 31037.309975125274
381, 33515.19584500897, 24584.546916852334, 33515.19584500897, 30961.330021050104, 24605.306509777176, 30961.330021050104
382, 33515.19584500897, 24584.546916852334, 33515.19584500897, 31009.77794185512, 24607.328814128574, 31009.77794185512
383, 33515.19584500897, 24584.546916852334, 33515.19584500897, 31006.089555622963, 24604.90190010684, 31006.089555622963
384, 33515.19584500897, 24584.546916852334, 33515.19584500897, 30968.958779939112, 24605.932091560793, 30968.958779939112
385, 33515.19584500897, 24584.546916852334, 33515.19584500897, 31059.040087679605, 24606.582567728306, 31059.040087679605
386, 33515.19584500897, 24584.546916852334, 33515.19584500897, 31028.39246644448, 24607.02925081267, 31028.39246644448
387, 33515.19584500897, 24584.546916852334, 33515.19584500897, 30997.262841791264, 24605.276779898995, 30997.262841791264
388, 33515.19584500897, 24584.546916852334, 33515.19584500897, 31010.882471818404, 24605.695765115193, 31010.882471818404
389, 33515.19584500897, 24584.546916852334, 33515.19584500897, 31004.144601629177, 24606.779707700534, 31004.144601629177
390, 33515.19584500897, 24584.546916852334, 33515.19584500897, 31001.73287983058, 24606.90678072671, 31001.73287983058
391, 33515.19584500897, 24584.546916852334, 33515.19584500897, 31011.469868600092, 24605.856947942735, 31011.469868600092
392, 33515.19584500897, 24584.546916852334, 33515.19584500897, 30997.575742224795, 24603.98334323325, 30997.575742224795
393, 33515.19584500897, 24584.546916852334, 33515.19584500897, 31020.110884587353, 24605.400757240626, 31020.110884587353
394, 33546.79388741644, 24413.402296929038, 33546.79388741644, 31031.961480210055, 24605.172101404456, 31031.961480210055
395, 33546.79388741644, 24413.402296929038, 33546.79388741644, 30984.316443105876, 24603.936528296945, 30984.316443105876
396, 33546.79388741644, 24413.402296929038, 33546.79388741644, 30987.369800017594, 24601.90431426041, 30987.369800017594
397, 33546.79388741644, 24413.402296929038, 33546.79388741644, 30992.533947025055, 24599.28344444505, 30992.533947025055
398, 33546.79388741644, 24413.402296929038, 33546.79388741644, 31038.649924456477, 24595.99991693553, 31038.649924456477
399, 33546.79388741644, 24413.402296929038, 33546.79388741644, 31011.249828031734, 24590.42263267185, 31011.249828031734
400, 33546.79388741644, 24413.402296929038, 33546.79388741644, 31028.754435132418, 24577.594350451236, 31028.754435132418
401, 33546.79388741644, 24413.402296929038, 33546.79388741644, 30996.211795487856, 24563.265448223847, 30996.211795487856
402, 33546.79388741644, 24413.402296929038, 33546.79388741644, 31025.03028169171, 24544.740895246887, 31025.03028169171
403, 33546.79388741644, 24413.402296929038, 33546.79388741644, 31029.791785209454, 24496.351716983903, 31029.791785209454
404, 33553.8091069442, 24415.898806114546, 33553.8091069442, 31057.2456634114, 24485.227301749248, 31057.2456634114
405, 33553.8091069442, 24415.898806114546, 33553.8091069442, 30994.674575395053, 24487.05418365411, 30994.674575395053
406, 33553.8091069442, 24415.898806114546, 33553.8091069442, 31053.09887786892, 24487.687246456142, 31053.09887786892
407, 33553.8091069442, 24415.898806114546, 33553.8091069442, 31025.648787668924, 24487.55568726318, 31025.648787668924
408, 33553.8091069442, 24415.898806114546, 33553.8091069442, 31065.40025797662, 24486.686982448893, 31065.40025797662
409, 33589.28481579354, 24459.853471790975, 33589.28481579354, 30987.644243219667, 24486.619811604553, 30987.644243219667
410, 33589.28481579354, 24459.853471790975, 33589.28481579354, 31030.34308978638, 24485.61437689599, 31030.34308978638
411, 33589.28481579354, 24459.853471790975, 33589.28481579354, 31024.172105823804, 24486.31811067954, 31024.172105823804
412, 33589.28481579354, 24459.853471790975, 33589.28481579354, 31047.027728127883, 24486.61653746131, 31047.027728127883
413, 33589.28481579354, 24459.853471790975, 33589.28481579354, 31009.682153729034, 24487.323900742616, 31009.682153729034
414, 33589.28481579354, 24459.853471790975, 33589.28481579354, 31043.25899914514, 24487.91398368603, 31043.25899914514
415, 33589.28481579354, 24459.853471790975, 33589.28481579354, 31021.10866239741, 24486.777432888735, 31021.10866239741
416, 33589.28481579354, 24459.853471790975, 33589.28481579354, 31048.455366619342, 24487.385317926928, 31048.455366619342
417, 33640.19367915859, 24514.21999026312, 33640.19367915859, 31026.231515378946, 24489.674831823213, 31026.231515378946
418, 33640.19367915859, 24514.21999026312, 33640.19367915859, 31038.814258165203, 24491.860837804572, 31038.814258165203
419, 33640.19367915859, 24514.21999026312, 33640.19367915859, 31072.130619697928, 24495.570363515588, 31072.130619697928
420, 33640.19367915859, 24514.21999026312, 33640.19367915859, 31040.128403693623, 24498.1755440835, 31040.128403693623
421, 33640.19367915859, 24514.21999026312, 33640.19367915859, 31031.621367076026, 24508.011394789923, 31031.621367076026
422, 33640.19367915859, 24514.21999026312, 33640.19367915859, 31081.88997148638, 24520.64312175666, 31081.88997148638
423, 33640.19367915859, 24514.21999026312, 33640.19367915859, 31048.871771488237, 24546.81542490502, 31048.871771488237
424, 33640.19367915859, 24514.21999026312, 33640.19367915859, 31082.873285509893, 24551.444926077278, 31082.873285509893
425, 33640.19367915859, 24514.21999026312, 33640.19367915859, 31070.57704486505, 24568.948192068165, 31070.57704486505
426, 33640.19367915859, 24514.21999026312, 33640.19367915859, 31067.08422887353, 24579.471277517212, 31067.08422887353
427, 33640.19367915859, 24514.21999026312, 33640.19367915859, 31134.59552293998, 24570.02953556328, 31134.59552293998
428, 33777.28751886053, 24646.168553665, 33777.28751886053, 31095.309973840984, 24557.28978540414, 31095.309973840984
429, 33777.28751886053, 24646.168553665, 33777.28751886053, 31106.00468449879, 24556.93289824089, 31106.00468449879
430, 33777.28751886053, 24646.168553665, 33777.28751886053, 31144.423657296626, 24558.62154765687, 31144.423657296626
431, 33777.28751886053, 24646.168553665, 33777.28751886053, 31124.259468673612, 24559.89513739323, 31124.259468673612
432, 33777.28751886053, 24646.168553665, 33777.28751886053, 31092.644144775346, 24561.76258804928, 31092.644144775346
433, 33777.28751886053, 24646.168553665, 33777.28751886053, 31112.078399491962, 24562.207236693368, 31112.078399491962
434, 33777.28751886053, 24646.168553665, 33777.28751886053, 31139.152663398123, 24569.667743004713, 31139.152663398123
435, 33777.28751886053, 24646.168553665, 33777.28751886053, 31091.356716337967, 24575.456896236694, 31091.356716337967
436, 33777.28751886053, 24646.168553665, 33777.28751886053, 31137.337079169432, 24586.833111037045, 31137.337079169432
437, 33777.28751886053, 24646.168553665, 33777.28751886053, 31139.14986286216, 24609.39861931319, 31139.14986286216
438, 33777.28751886053, 24646.168553665, 33777.28751886053, 31178.97265866006, 24640.788253718834, 31178.97265866006
439, 33777.28751886053, 24646.168553665, 33777.28751886053, 31189.125056125304, 24648.572681117334, 31189.125056125304
440, 33777.28751886053, 24646.168553665, 33777.28751886053, 31228.96102591491, 24648.955017368793, 31228.96102591491
441, 33777.28751886053, 24646.168553665, 33777.28751886053, 31168.919345629605, 24649.6121909735, 31168.919345629605
442, 33777.28751886053, 24646.168553665, 33777.28751886053, 31202.9288986619, 24646.568245671024, 31202.9288986619
443, 33777.28751886053, 24646.168553665, 33777.28751886053, 31199.254242986506, 24649.196142145196, 31199.254242986506
444, 33777.28751886053, 24646.168553665, 33777.28751886053, 31224.03711854372, 24648.20427132315, 31224.03711854372
445, 33777.28751886053, 24646.168553665, 33777.28751886053, 31212.364127025878, 24649.67224858155, 31212.364127025878
446, 33777.28751886053, 24646.168553665, 33777.28751886053, 31175.382718427674, 24650.521055119018, 31175.382718427674
447, 33777.28751886053, 24646.168553665, 33777.28751886053, 31167.79752683134, 24649.2281264865, 31167.79752683134
448, 33777.28751886053, 24646.168553665, 33777.28751886053, 31181.724477890813, 24649.64955998359, 31181.724477890813
449, 33777.28751886053, 24646.168553665, 33777.28751886053, 31202.485635577315, 24649.722226405273, 31202.485635577315
450, 33777.28751886053, 24646.168553665, 33777.28751886053, 31184.670982591942, 24647.53897146089, 31184.670982591942
451, 33777.28751886053, 24646.168553665, 33777.28751886053, 31181.714750437113, 24649.39659101804, 31181.714750437113
452, 33777.28751886053, 24646.168553665, 33777.28751886053, 31184.93335923549, 24649.24460372957, 31184.93335923549
453, 33865.587291354146, 24534.588677877524, 33865.587291354146, 31185.92346711547, 24648.366948103045, 31185.92346711547
454, 33865.587291354146, 24534.588677877524, 33865.587291354146, 31171.70418164191, 24647.742704528213, 31171.70418164191
455, 33865.587291354146, 24534.588677877524, 33865.587291354146, 31188.81394654071, 24646.315626112628, 31188.81394654071
456, 33865.587291354146, 24534.588677877524, 33865.587291354146, 31235.546741770428, 24645.64734971059, 31235.546741770428
457, 33865.587291354146, 24534.588677877524, 33865.587291354146, 31177.32664073012, 24644.476319448553, 31177.32664073012
458, 33865.587291354146, 24534.588677877524, 33865.587291354146, 31202.121771546314, 24640.872130996926, 31202.121771546314
459, 33865.587291354146, 24534.588677877524, 33865.587291354146, 31156.412378428897, 24634.511273062893, 31156.412378428897
460, 33865.587291354146, 24534.588677877524, 33865.587291354146, 31206.383508018367, 24629.299147980324, 31206.383508018367
461, 33865.587291354146, 24534.588677877524, 33865.587291354146, 31227.38067829795, 24615.22882891149, 31227.38067829795
462, 33865.587291354146, 24534.588677877524, 33865.587291354146, 31227.18387880372, 24596.671517469757, 31227.18387880372
463, 33865.587291354146, 24534.588677877524, 33865.587291354146, 31306.765047230452, 24569.83981923629, 31306.765047230452
464, 33865.587291354146, 24534.588677877524, 33865.587291354146, 31251.27128883757, 24570.10978286316, 31251.27128883757
465, 33865.587291354146, 24534.588677877524, 33865.587291354146, 31252.533773586565, 24569.97760489165, 31252.533773586565
466, 33865.587291354146, 24534.588677877524, 33865.587291354146, 31266.855308781007, 24571.229779711874, 31266.855308781007
467, 33865.587291354146, 24534.588677877524, 33865.587291354146, 31235.764420670024, 24572.59789975275, 31235.764420670024
468, 33865.587291354146, 24534.588677877524, 33865.587291354146, 31289.737429716275, 24571.040307345083, 31289.737429716275
469, 33865.587291354146, 24534.588677877524, 33865.587291354146, 31265.62424108288, 24573.017842477406, 31265.62424108288
470, 33865.587291354146, 24534.588677877524, 33865.587291354146, 31256.39163497531, 24571.393165072608, 31256.39163497531
471, 33865.587291354146, 24534.588677877524, 33865.587291354146, 31203.06446729831, 24569.06493407066, 31203.06446729831
472, 33865.587291354146, 24534.588677877524, 33865.587291354146, 31262.502039228148, 24571.06633810862, 31262.502039228148
473, 33865.587291354146, 24534.588677877524, 33865.587291354146, 31254.776403547567, 24571.8560720817, 31254.776403547567
474, 33865.587291354146, 24534.588677877524, 33865.587291354146, 31271.062005350683, 24570.460113350833, 31271.062005350683
475, 33884.804525541454, 24515.02511097177, 33884.804525541454, 31224.24852812991, 24570.936850535585, 31224.24852812991
476, 33884.804525541454, 24515.02511097177, 33884.804525541454, 31285.766320142426, 24570.281843786095, 31285.766320142426
477, 33884.804525541454, 24515.02511097177, 33884.804525541454, 31265.912142629186, 24571.634706998895, 31265.912142629186
478, 33884.804525541454, 24515.02511097177, 33884.804525541454, 31300.746715489495, 24569.78692927565, 31300.746715489495
479, 33884.804525541454, 24515.02511097177, 33884.804525541454, 31281.085830070693, 24570.58180547231, 31281.085830070693
480, 33884.804525541454, 24515.02511097177, 33884.804525541454, 31248.41906391101, 24569.400337908362, 31248.41906391101
481, 33884.804525541454, 24515.02511097177, 33884.804525541454, 31243.8151373431, 24569.258717736484, 31243.8151373431
482, 33884.804525541454, 24515.02511097177, 33884.804525541454, 31312.575216816906, 24568.299832398105, 31312.575216816906
483, 33884.804525541454, 24515.02511097177, 33884.804525541454, 31229.516803463855, 24567.64289241664, 31229.516803463855
484, 33884.804525541454, 24515.02511097177, 33884.804525541454, 31243.34510337668, 24562.762965869388, 31243.34510337668
485, 33884.804525541454, 24515.02511097177, 33884.804525541454, 31277.872921100774, 24562.465152360302, 31277.872921100774
486, 33884.804525541454, 24515.02511097177, 33884.804525541454, 31249.87756334222, 24557.59907753092, 31249.87756334222
487, 33884.804525541454, 24515.02511097177, 33884.804525541454, 31290.784619658567, 24558.07985113885, 31290.784619658567
488, 33884.804525541454, 24515.02511097177, 33884.804525541454, 31272.186440000496, 24557.9374203425, 31272.186440000496
489, 33884.804525541454, 24515.02511097177, 33884.804525541454, 31224.554793381503, 24558.41194444335, 31224.554793381503
490, 33884.804525541454, 24515.02511097177, 33884.804525541454, 31280.041465973496, 24557.860009402997, 31280.041465973496
491, 33884.804525541454, 24515.02511097177, 33884.804525541454, 31268.270127002485, 24557.706668546838, 31268.270127002485
492, 33884.804525541454, 24515.02511097177, 33884.804525541454, 31286.912732132805, 24555.829760251123, 31286.912732132805
493, 33884.804525541454, 24515.02511097177, 33884.804525541454, 31238.523988827794, 24557.64774477602, 31238.523988827794
494, 33884.804525541454, 24515.02511097177, 33884.804525541454, 31224.437587705288, 24559.723478323584, 31224.437587705288
495, 33884.804525541454, 24515.02511097177, 33884.804525541454, 31280.382741043024, 24558.498055336644, 31280.382741043024
496, 33884.804525541454, 24515.02511097177, 33884.804525541454, 31240.87151893413, 24557.85881915645, 31240.87151893413
497, 33884.804525541454, 24515.02511097177, 33884.804525541454, 31289.74402957085, 24556.628095431184, 31289.74402957085
498, 33884.804525541454, 24515.02511097177, 33884.804525541454, 31280.134735973064, 24556.6762286268, 31280.134735973064
499, 33886.532568212046, 24525.16552693959, 33886.532568212046, 31308.691593352967, 24557.93687730998, 31308.691593352967
500, 33886.532568212046, 24525.16552693959, 33886.532568212046, 31241.23917819862, 24556.57539118007, 31241.23917819862
