1, 26817.931621787917, 24666.99018847069, 26817.931621787917, 25147.408894240994, 24656.836006379373, 25147.408894240994
2, 27080.110694854742, 24688.844416026583, 27080.110694854742, 25670.790176600778, 24631.059510298288, 25670.790176600778
3, 27080.110694854742, 24688.844416026583, 27080.110694854742, 26035.684997430308, 24609.1480796071, 26035.684997430308
4, 27107.130201039465, 24521.783282460266, 27107.130201039465, 26250.713941347833, 24586.943949993503, 26250.713941347833
5, 27347.861663265176, 24586.917884405964, 27347.861663265176, 26511.766652804763, 24587.665603955997, 26511.766652804763
6, 27379.428349400678, 24599.744542208602, 27379.428349400678, 26724.796474313665, 24595.348809584157, 26724.796474313665
7, 27473.205348079024, 24432.92741417737, 27473.205348079024, 26943.639396638333, 24612.73311457063, 26943.639396638333
8, 27485.77756426462, 24678.090440769396, 27485.77756426462, 27106.58992175784, 24610.008519415358, 27106.58992175784
9, 27502.36168214887, 24353.27277995181, 27502.36168214887, 27180.6868856902, 24576.269295561477, 27180.6868856902
10, 27507.31229975241, 24544.463983681664, 27507.31229975241, 27276.17879161274, 24523.803496702887, 27276.17879161274
11, 27638.16342046234, 24668.708849509127, 27638.16342046234, 27367.963058748446, 24514.199530060407, 27367.963058748446
12, 27738.63159410191, 24641.938874620217, 27738.63159410191, 27428.184461439327, 24525.70512118728, 27428.184461439327
13, 27792.151714057494, 24606.748824025366, 27792.151714057494, 27500.103599287173, 24516.061830875824, 27500.103599287173
14, 27827.47591145286, 24541.293618317246, 27827.47591145286, 27568.71948960873, 24517.461354838717, 27568.71948960873
15, 27906.51968022592, 24528.605692491332, 27906.51968022592, 27633.662752687538, 24516.731743375934, 27633.662752687538
16, 28009.789977219512, 24414.09916216368, 28009.789977219512, 27701.205333923426, 24519.34146220121, 27701.205333923426
17, 28013.043753291295, 24670.68803346962, 28013.043753291295, 27768.783928771052, 24486.504135687406, 27768.783928771052
18, 28171.260865671728, 24559.46082947251, 28171.260865671728, 27838.2986643187, 24470.275987300407, 27838.2986643187
19, 28256.484785237244, 24404.80712742972, 28256.484785237244, 27913.662589320826, 24456.345305523846, 27913.662589320826
20, 28343.187567431058, 24612.268923185497, 28343.187567431058, 27980.17194096051, 24465.939489707747, 27980.17194096051
21, 28343.187567431058, 24612.268923185497, 28343.187567431058, 28050.805255931948, 24432.167659873914, 28050.805255931948
22, 28343.187567431058, 24612.268923185497, 28343.187567431058, 28108.868050694055, 24431.98812354047, 28108.868050694055
23, 28490.155728925933, 24628.81616914717, 28490.155728925933, 28169.049640224777, 24461.315180847425, 28169.049640224777
24, 28553.560053769917, 24657.553907403028, 28553.560053769917, 28225.579307185257, 24433.352557329737, 28225.579307185257
25, 28621.5196422969, 24428.051427529474, 28621.5196422969, 28275.10875414333, 24423.77796263045, 28275.10875414333
26, 28731.63599393352, 24415.312925616247, 28731.63599393352, 28338.769271300767, 24369.009453591894, 28338.769271300767
27, 28731.63599393352, 24415.312925616247, 28731.63599393352, 28411.81247459347, 24414.344627414266, 28411.81247459347
28, 28731.63599393352, 24415.312925616247, 28731.63599393352, 28476.17426761656, 24443.277677844, 28476.17426761656
29, 28805.170448623616, 24344.544625756927, 28805.170448623616, 28541.6469466433, 24480.247229609442, 28541.6469466433
30, 28872.818285923855, 24627.448756298454, 28872.818285923855, 28599.365355193815, 24500.468207536665, 28599.365355193815
31, 28874.305580785996, 24363.79360112099, 28874.305580785996, 28648.879133966213, 24468.879519438167, 28648.879133966213
32, 28881.39063676143, 24553.163450851924, 28881.39063676143, 28690.834631874546, 24478.131302588936, 28690.834631874546
33, 28946.637078129417, 24601.72742217607, 28946.637078129417, 28735.202881375495, 24461.897774208748, 28735.202881375495
34, 29027.35396685969, 24236.777214864105, 29027.35396685969, 28790.874717094255, 24490.700513270906, 28790.874717094255
35, 29027.35396685969, 24236.777214864105, 29027.35396685969, 28830.5521538319, 24506.35603661069, 28830.5521538319
36, 29119.107884458437, 24570.43627573831, 29119.107884458437, 28867.665548651043, 24530.499347200894, 28867.665548651043
37, 29119.107884458437, 24570.43627573831, 29119.107884458437, 28901.867306653043, 24512.563614083785, 28901.867306653043
38, 29173.939671391403, 24461.780282115964, 29173.939671391403, 28941.777128049118, 24474.089460914704, 28941.777128049118
39, 29178.60836683052, 24588.626196643247, 29178.60836683052, 28980.164321421416, 24497.375280134074, 28980.164321421416
40, 29257.10150138564, 24452.28083702127, 29257.10150138564, 29023.964824455394, 24478.659829284832, 29023.964824455394
41, 29257.10150138564, 24452.28083702127, 29257.10150138564, 29070.018278820044, 24473.216917498896, 29070.018278820044
42, 29614.318188564765, 24551.71163639751, 29614.318188564765, 29110.110224024556, 24504.976761255915, 29110.110224024556
43, 29614.318188564765, 24551.71163639751, 29614.318188564765, 29150.04206455915, 24531.68554280331, 29150.04206455915
44, 29614.318188564765, 24551.71163639751, 29614.318188564765, 29183.693598925907, 24522.895511186056, 29183.693598925907
45, 29614.318188564765, 24551.71163639751, 29614.318188564765, 29240.0546523948, 24496.713700707158, 29240.0546523948
46, 29614.318188564765, 24551.71163639751, 29614.318188564765, 29295.70159445301, 24481.380387507033, 29295.70159445301
47, 29645.95203396513, 24528.622722901982, 29645.95203396513, 29356.281409156338, 24488.324585664337, 29356.281409156338
48, 29700.736241463925, 24658.41562110989, 29700.736241463925, 29422.737746026123, 24478.661305598936, 29422.737746026123
49, 29700.736241463925, 24658.41562110989, 29700.736241463925, 29472.94237821168, 24465.937586678545, 29472.94237821168
50, 29776.778633196664, 24469.1042602279, 29776.778633196664, 29524.223184564147, 24499.17887661175, 29524.223184564147
51, 29835.02403609533, 24477.63993268537, 29835.02403609533, 29566.144676879685, 24524.185064789443, 29566.144676879685
52, 29835.02403609533, 24477.63993268537, 29835.02403609533, 29601.700125221432, 24511.053737757593, 29601.700125221432
53, 29835.02403609533, 24477.63993268537, 29835.02403609533, 29633.925260003878, 24523.801383732458, 29633.925260003878
54, 29943.404279601193, 24428.396551845246, 29943.404279601193, 29647.720263888874, 24540.646850995116, 29647.720263888874
55, 29943.404279601193, 24428.396551845246, 29943.404279601193, 29671.532032465282, 24521.229305418157, 29671.532032465282
56, 29943.404279601193, 24428.396551845246, 29943.404279601193, 29700.32520250919, 24525.73484869411, 29700.32520250919
57, 29943.404279601193, 24428.396551845246, 29943.404279601193, 29732.5180114656, 24517.689408170143, 29732.5180114656
58, 29970.055376717737, 24129.08210612098, 29970.055376717737, 29761.728944143775, 24499.177136463295, 29761.728944143775
59, 30009.197196205463, 24417.020364914464, 30009.197196205463, 29795.622135225767, 24462.489736038493, 29795.622135225767
60, 30107.52521059618, 23998.023624173813, 30107.52521059618, 29832.3653930114, 24441.260455647265, 29832.3653930114
61, 30107.52521059618, 23998.023624173813, 30107.52521059618, 29876.33564611331, 24386.438939515374, 29876.33564611331
62, 30137.904674043428, 24439.60677821431, 30137.904674043428, 29923.24434645787, 24427.463869440686, 29923.24434645787
63, 30141.886852889398, 24248.53689191527, 30141.886852889398, 29966.30887242533, 24424.366681516658, 29966.30887242533
64, 30149.516258733758, 24526.193658116896, 30149.516258733758, 29990.809268427798, 24402.504154347804, 29990.809268427798
65, 30149.516258733758, 24526.193658116896, 30149.516258733758, 30024.533674356077, 24401.758518950093, 30024.533674356077
66, 30213.64994805881, 24282.040282222883, 30213.64994805881, 30064.02365225352, 24381.148568505952, 30064.02365225352
67, 30288.019384409527, 24380.117211741384, 30288.019384409527, 30104.650711176175, 24328.13294020635, 30104.650711176175
68, 30288.019384409527, 24380.117211741384, 30288.019384409527, 30133.06956275389, 24328.070566049166, 30133.06956275389
69, 30295.20716963269, 24654.696398863616, 30295.20716963269, 30150.263052313967, 24346.779753875293, 30150.263052313967
70, 30295.20716963269, 24654.696398863616, 30295.20716963269, 30164.41969099162, 24300.615125657157, 30164.41969099162
71, 30333.830504825793, 24000.72961008724, 30333.830504825793, 30181.655280115185, 24271.90528234181, 30181.655280115185
72, 30333.830504825793, 24000.72961008724, 30333.830504825793, 30203.179906911853, 24284.561199878677, 30203.179906911853
73, 30392.633724542517, 24647.5405589757, 30392.633724542517, 30227.032487061737, 24188.4272635955, 30227.032487061737
74, 30392.633724542517, 24647.5405589757, 30392.633724542517, 30247.34933090049, 24269.308185300477, 30247.34933090049
75, 30392.633724542517, 24647.5405589757, 30392.633724542517, 30274.332221140532, 24300.668957865593, 30274.332221140532
76, 30523.734307506053, 24488.221818217393, 30523.734307506053, 30305.580348074418, 24314.23051184979, 30305.580348074418
77, 30532.12277494664, 24232.796977947495, 30532.12277494664, 30317.24296557847, 24331.820933422867, 30317.24296557847
78, 30532.12277494664, 24232.796977947495, 30532.12277494664, 30338.633656363305, 24285.72699175983, 30338.633656363305
79, 30532.12277494664, 24232.796977947495, 30532.12277494664, 30365.165891330173, 24209.49744047759, 30365.165891330173
80, 30566.41715836475, 24038.608194859615, 30566.41715836475, 30388.628951184553, 24260.216238964647, 30388.628951184553
81, 30566.41715836475, 24038.608194859615, 30566.41715836475, 30416.642925577875, 24267.513405201622, 30416.642925577875
82, 30566.41715836475, 24038.608194859615, 30566.41715836475, 30447.13726600918, 24230.408611224437, 30447.13726600918
83, 30566.41715836475, 24038.608194859615, 30566.41715836475, 30482.293795607417, 24116.19364227809, 30482.293795607417
84, 30728.16116108844, 24141.526838666305, 30728.16116108844, 30515.018788114707, 24093.9276995829, 30515.018788114707
85, 30742.369392050947, 24068.313416335266, 30742.369392050947, 30527.615597563763, 24155.869144341865, 30527.615597563763
86, 30742.369392050947, 24068.313416335266, 30742.369392050947, 30547.51823905493, 24220.42276579424, 30547.51823905493
87, 30742.369392050947, 24068.313416335266, 30742.369392050947, 30565.722388026454, 24137.88554785697, 30565.722388026454
88, 30749.773827075373, 24257.281288531463, 30749.773827075373, 30592.608225873744, 24104.5259016642, 30592.608225873744
89, 31028.45732830191, 24526.077654588502, 31028.45732830191, 30624.18376911433, 24104.986406427855, 30624.18376911433
90, 31028.45732830191, 24526.077654588502, 31028.45732830191, 30664.73227990923, 24177.657669562625, 30664.73227990923
91, 31028.45732830191, 24526.077654588502, 31028.45732830191, 30708.96630429403, 24182.8153713289, 30708.96630429403
92, 31028.45732830191, 24526.077654588502, 31028.45732830191, 30742.76637773819, 24143.550319382004, 30742.76637773819
93, 31028.45732830191, 24526.077654588502, 31028.45732830191, 30767.025677021993, 24164.427425117894, 30767.025677021993
94, 31028.45732830191, 24526.077654588502, 31028.45732830191, 30783.069804571052, 24216.35258953077, 30783.069804571052
95, 31028.45732830191, 24526.077654588502, 31028.45732830191, 30808.318181003564, 24280.677809073728, 30808.318181003564
96, 31028.45732830191, 24526.077654588502, 31028.45732830191, 30846.30137821007, 24312.357262263027, 30846.30137821007
97, 31028.45732830191, 24526.077654588502, 31028.45732830191, 30893.651640842414, 24378.2839352412, 30893.651640842414
98, 31053.63168779366, 24483.25967657436, 31053.63168779366, 30927.822068777463, 24469.717025338072, 30927.822068777463
99, 31053.63168779366, 24483.25967657436, 31053.63168779366, 30968.708754385993, 24509.884225883452, 30968.708754385993
100, 31146.135530182186, 24682.045946687063, 31146.135530182186, 31011.043424793654, 24541.881207424318, 31011.043424793654
101, 31146.135530182186, 24682.045946687063, 31146.135530182186, 31032.834490402154, 24519.65989237047, 31032.834490402154
102, 31146.135530182186, 24682.045946687063, 31146.135530182186, 31035.547091465283, 24511.6265144815, 31035.547091465283
103, 31146.135530182186, 24682.045946687063, 31146.135530182186, 31040.651498303938, 24498.973948957093, 31040.651498303938
104, 31146.135530182186, 24682.045946687063, 31146.135530182186, 31050.696837666197, 24489.190056297415, 31050.696837666197
105, 31146.135530182186, 24682.045946687063, 31146.135530182186, 31068.130869843317, 24499.075528805944, 31068.130869843317
106, 31146.135530182186, 24682.045946687063, 31146.135530182186, 31083.40851449542, 24576.71121680846, 31083.40851449542
107, 31153.985837631113, 24518.25642451546, 31153.985837631113, 31102.3643445578, 24596.87545651136, 31102.3643445578
108, 31218.4740399256, 24470.62711573604, 31218.4740399256, 31122.77432234691, 24626.083455764627, 31122.77432234691
109, 31245.515577342634, 24376.757198438205, 31245.515577342634, 31147.878266053784, 24658.62379788893, 31147.878266053784
110, 31245.515577342634, 24376.757198438205, 31245.515577342634, 31149.32485364514, 24667.939842028725, 31149.32485364514
111, 31245.515577342634, 24376.757198438205, 31245.515577342634, 31151.063837676076, 24659.96632537978, 31151.063837676076
112, 31279.63637916929, 24688.335627273467, 31279.63637916929, 31156.583224164424, 24643.476210191475, 31156.583224164424
113, 31338.42146531242, 24615.147297807947, 31338.42146531242, 31165.826368140755, 24614.057960046655, 31165.826368140755
114, 31338.42146531242, 24615.147297807947, 31338.42146531242, 31181.275430157693, 24562.926243812228, 31181.275430157693
115, 31338.42146531242, 24615.147297807947, 31338.42146531242, 31200.20598505194, 24516.324975576896, 31200.20598505194
116, 31338.42146531242, 24615.147297807947, 31338.42146531242, 31228.830506908696, 24504.032240228717, 31228.830506908696
117, 31338.42146531242, 24615.147297807947, 31338.42146531242, 31244.13350458413, 24485.110557454544, 31244.13350458413
118, 31373.06896582755, 24280.403044594193, 31373.06896582755, 31256.63071084986, 24464.545113711072, 31256.63071084986
119, 31417.283448980666, 24655.818752044805, 31417.283448980666, 31267.408042159812, 24456.17038206404, 31267.408042159812
120, 31417.283448980666, 24655.818752044805, 31417.283448980666, 31282.204525611014, 24506.585570756244, 31282.204525611014
121, 31417.283448980666, 24655.818752044805, 31417.283448980666, 31303.96276320169, 24580.758797582144, 31303.96276320169
122, 31417.283448980666, 24655.818752044805, 31417.283448980666, 31320.94725813086, 24576.599135465338, 31320.94725813086
123, 31417.283448980666, 24655.818752044805, 31417.283448980666, 31337.643172288743, 24545.13479361532, 31337.643172288743
124, 31417.283448980666, 24655.818752044805, 31417.283448980666, 31346.186333609414, 24588.565895182826, 31346.186333609414
125, 31418.932282448823, 24466.70237561349, 31418.932282448823, 31351.689275104807, 24567.8224022297, 31351.689275104807
126, 31418.932282448823, 24466.70237561349, 31418.932282448823, 31362.97806346165, 24533.792006396732, 31362.97806346165
127, 31475.908072214224, 24582.77159480661, 31475.908072214224, 31373.079640013977, 24529.867803898444, 31373.079640013977
128, 31475.908072214224, 24582.77159480661, 31475.908072214224, 31390.20324953552, 24571.724911897763, 31390.20324953552
129, 31475.908072214224, 24582.77159480661, 31475.908072214224, 31405.731724726036, 24639.661814788236, 31405.731724726036
130, 31475.908072214224, 24582.77159480661, 31475.908072214224, 31418.688682640903, 24645.903044431358, 31418.688682640903
131, 31514.935938383765, 24274.299967050727, 31514.935938383765, 31419.86252069277, 24638.869804020967, 31419.86252069277
132, 31566.09980994021, 24545.996908918634, 31566.09980994021, 31422.687300605197, 24627.198762887478, 31422.687300605197
133, 31566.09980994021, 24545.996908918634, 31566.09980994021, 31427.199498078367, 24604.85026533928, 31427.199498078367
134, 31566.09980994021, 24545.996908918634, 31566.09980994021, 31435.847226725436, 24568.871638089142, 31435.847226725436
135, 31566.09980994021, 24545.996908918634, 31566.09980994021, 31449.095883137823, 24535.096125701704, 31449.095883137823
136, 31566.09980994021, 24545.996908918634, 31566.09980994021, 31466.51389260342, 24563.403756999713, 31466.51389260342
137, 31566.09980994021, 24545.996908918634, 31566.09980994021, 31485.624470839175, 24501.761429296195, 31485.624470839175
138, 31566.09980994021, 24545.996908918634, 31566.09980994021, 31500.815629672994, 24473.34194946316, 31500.815629672994
139, 31627.268977109794, 24327.873821599864, 31627.268977109794, 31519.85488329961, 24407.356164712688, 31519.85488329961
140, 31632.867374919424, 24388.073273949365, 31632.867374919424, 31535.17678886496, 24375.452897360447, 31535.17678886496
141, 31632.867374919424, 24388.073273949365, 31632.867374919424, 31546.325593927, 24432.17021408044, 31546.325593927
142, 31646.39141605484, 24515.232166679016, 31646.39141605484, 31565.23295539734, 24487.134277874036, 31565.23295539734
143, 31646.39141605484, 24515.232166679016, 31646.39141605484, 31572.878932397358, 24526.99935766378, 31572.878932397358
144, 31690.95419015787, 24259.720299759396, 31690.95419015787, 31579.32099793209, 24510.291169284814, 31579.32099793209
145, 31690.95419015787, 24259.720299759396, 31690.95419015787, 31586.99047981865, 24489.37183807213, 31586.99047981865
146, 31690.95419015787, 24259.720299759396, 31690.95419015787, 31598.87446261622, 24455.427078631878, 31598.87446261622
147, 31690.95419015787, 24259.720299759396, 31690.95419015787, 31618.92614313148, 24399.461515106756, 31618.92614313148
148, 31777.98570882452, 24391.72101906048, 31777.98570882452, 31635.23250767499, 24382.53709091537, 31635.23250767499
149, 31778.43377261352, 24394.87761605143, 31778.43377261352, 31640.881613774785, 24396.535097080443, 31640.881613774785
150, 31778.43377261352, 24394.87761605143, 31778.43377261352, 31646.60799564307, 24402.418913800157, 31646.60799564307
151, 31778.43377261352, 24394.87761605143, 31778.43377261352, 31657.476411870066, 24418.52104629782, 31657.476411870066
152, 31846.264925346044, 24309.886025910884, 31846.264925346044, 31673.363583678893, 24431.612218037702, 31673.363583678893
153, 31846.264925346044, 24309.886025910884, 31846.264925346044, 31691.982755716414, 24378.702589914265, 31691.982755716414
154, 31846.264925346044, 24309.886025910884, 31846.264925346044, 31706.243120176587, 24356.27285030373, 31706.243120176587
155, 31846.264925346044, 24309.886025910884, 31846.264925346044, 31718.014734057666, 24353.17557091251, 31718.014734057666
156, 31846.264925346044, 24309.886025910884, 31846.264925346044, 31736.83614322262, 24412.490040976587, 31736.83614322262
157, 31936.639239997057, 24356.72037707957, 31936.639239997057, 31759.410398104814, 24427.91087200074, 31759.410398104814
158, 31936.639239997057, 24356.72037707957, 31936.639239997057, 31774.752312296587, 24454.03559615712, 31774.752312296587
159, 31936.639239997057, 24356.72037707957, 31936.639239997057, 31790.877905477984, 24397.371254386253, 31790.877905477984
160, 31936.639239997057, 24356.72037707957, 31936.639239997057, 31802.69542686676, 24379.007394807926, 31802.69542686676
161, 31936.639239997057, 24356.72037707957, 31936.639239997057, 31822.2152380313, 24366.117561920193, 31822.2152380313
162, 31936.639239997057, 24356.72037707957, 31936.639239997057, 31847.600812480705, 24334.461519411696, 31847.600812480705
163, 32070.208505411912, 23938.214466563033, 32070.208505411912, 31857.185657799473, 24317.117596754026, 31857.185657799473
164, 32070.208505411912, 23938.214466563033, 32070.208505411912, 31869.229063067756, 24318.691503657265, 31869.229063067756
165, 32070.208505411912, 23938.214466563033, 32070.208505411912, 31887.029317637618, 24321.08627931854, 31887.029317637618
166, 32070.208505411912, 23938.214466563033, 32070.208505411912, 31911.209632776645, 24325.374805051404, 31911.209632776645
167, 32070.208505411912, 23938.214466563033, 32070.208505411912, 31944.436379566938, 24308.95555817263, 31944.436379566938
168, 32070.208505411912, 23938.214466563033, 32070.208505411912, 31961.798356811985, 24275.016426389255, 31961.798356811985
169, 32070.208505411912, 23938.214466563033, 32070.208505411912, 31976.039189279083, 24229.49565972609, 31976.039189279083
170, 32070.208505411912, 23938.214466563033, 32070.208505411912, 32002.598953891542, 24143.774849418398, 32002.598953891542
171, 32088.837326793673, 23926.14499501839, 32088.837326793673, 32041.684333174006, 24053.8060648451, 32041.684333174006
172, 32088.837326793673, 23926.14499501839, 32088.837326793673, 32069.998359012505, 23945.297906057855, 32069.998359012505
173, 32088.837326793673, 23926.14499501839, 32088.837326793673, 32070.39296504418, 23939.381864415693, 32070.39296504418
174, 32121.97632979992, 24028.662241859845, 32121.97632979992, 32070.65180416612, 23939.834103292174, 32070.65180416612
175, 32121.97632979992, 24028.662241859845, 32121.97632979992, 32071.233188375187, 23942.231232316666, 32071.233188375187
176, 32121.97632979992, 24028.662241859845, 32121.97632979992, 32072.43720949157, 23945.167454214323, 32072.43720949157
177, 32121.97632979992, 24028.662241859845, 32121.97632979992, 32073.601269852206, 23951.38289300352, 32073.601269852206
178, 32121.97632979992, 24028.662241859845, 32121.97632979992, 32077.196937354194, 23965.56133685097, 32077.196937354194
179, 32140.856485063567, 24116.68524968277, 32140.856485063567, 32082.00895398691, 23978.948447687686, 32082.00895398691
180, 32140.856485063567, 24116.68524968277, 32140.856485063567, 32088.818242467136, 24007.022370751874, 32088.818242467136
181, 32140.856485063567, 24116.68524968277, 32140.856485063567, 32099.485282725178, 24047.781780626072, 32099.485282725178
182, 32171.273761094024, 24181.345308563217, 32171.273761094024, 32112.9618405814, 24060.16771238769, 32112.9618405814
183, 32171.273761094024, 24181.345308563217, 32171.273761094024, 32123.58223267216, 24040.34444767165, 32123.58223267216
184, 32193.953522119416, 24252.38109986514, 32193.953522119416, 32125.829631846816, 24049.375074103198, 32125.829631846816
185, 32193.953522119416, 24252.38109986514, 32193.953522119416, 32127.447087897748, 24058.406329947386, 32127.447087897748
186, 32245.046802064488, 23868.14997137774, 32245.046802064488, 32132.969992612227, 24083.893012393186, 32132.969992612227
187, 32257.464657978668, 24506.45704145368, 32257.464657978668, 32139.805236258606, 24117.62639755664, 32139.805236258606
188, 32257.464657978668, 24506.45704145368, 32257.464657978668, 32151.774605979772, 24162.52439287577, 32151.774605979772
189, 32257.464657978668, 24506.45704145368, 32257.464657978668, 32165.16859724507, 24166.265858064253, 32165.16859724507
190, 32257.464657978668, 24506.45704145368, 32257.464657978668, 32177.773085761655, 24176.379387809266, 32177.773085761655
191, 32257.464657978668, 24506.45704145368, 32257.464657978668, 32186.48422830297, 24220.72211944011, 32186.48422830297
192, 32257.464657978668, 24506.45704145368, 32257.464657978668, 32194.94953043669, 24229.390746338795, 32194.94953043669
193, 32257.464657978668, 24506.45704145368, 32257.464657978668, 32208.864042871748, 24252.162464840294, 32208.864042871748
194, 32257.464657978668, 24506.45704145368, 32257.464657978668, 32231.782531110654, 24283.644757724247, 32231.782531110654
195, 32280.667886570027, 24620.06433268117, 32280.667886570027, 32252.41196695339, 24329.618879803267, 32252.41196695339
196, 32280.667886570027, 24620.06433268117, 32280.667886570027, 32257.17003063448, 24472.07134769149, 32257.17003063448
197, 32280.667886570027, 24620.06433268117, 32280.667886570027, 32257.854823297792, 24508.914120786496, 32257.854823297792
198, 32280.667886570027, 24620.06433268117, 32280.667886570027, 32258.40312164989, 24512.692206540018, 32258.40312164989
199, 32297.889223968446, 24550.534730307325, 32297.889223968446, 32258.87939365589, 24514.80163786105, 32258.87939365589
200, 32297.889223968446, 24550.534730307325, 32297.889223968446, 32259.279893502346, 24518.949590631266, 32259.279893502346
201, 32297.889223968446, 24550.534730307325, 32297.889223968446, 32260.988005553205, 24529.45624656817, 32260.988005553205
202, 32297.889223968446, 24550.534730307325, 32297.889223968446, 32263.37977646926, 24543.24555405562, 32263.37977646926
203, 32367.47809806091, 24583.703903038288, 32367.47809806091, 32267.45823030037, 24563.826386265904, 32267.45823030037
204, 32367.47809806091, 24583.703903038288, 32367.47809806091, 32273.457892391078, 24601.668034826023, 32273.457892391078
205, 32367.47809806091, 24583.703903038288, 32367.47809806091, 32281.921635358256, 24611.97549538136, 32281.921635358256
206, 32367.47809806091, 24583.703903038288, 32367.47809806091, 32285.89702764997, 24607.54198587795, 32285.89702764997
207, 32367.47809806091, 24583.703903038288, 32367.47809806091, 32287.692447095043, 24599.036913528802, 32287.692447095043
208, 32367.47809806091, 24583.703903038288, 32367.47809806091, 32291.690512817953, 24587.329941070075, 32291.690512817953
209, 32367.47809806091, 24583.703903038288, 32367.47809806091, 32297.886694466397, 24565.79753022521, 32297.886694466397
210, 32367.47809806091, 24583.703903038288, 32367.47809806091, 32303.291096481375, 24555.494898780467, 32303.291096481375
211, 32367.47809806091, 24583.703903038288, 32367.47809806091, 32310.530656478702, 24559.960344415886, 32310.530656478702
212, 32482.56863384484, 24644.26856729203, 32482.56863384484, 32320.275165424446, 24560.19497705324, 32320.275165424446
213, 32482.56863384484, 24644.26856729203, 32482.56863384484, 32335.925598781334, 24564.12331844451, 32335.925598781334
214, 32482.56863384484, 24644.26856729203, 32482.56863384484, 32358.74801262724, 24568.10262930265, 32358.74801262724
215, 32586.526522639335, 24571.689938025265, 32586.526522639335, 32372.102011254403, 24580.471611608456, 32372.102011254403
216, 32586.526522639335, 24571.689938025265, 32586.526522639335, 32374.59061295948, 24577.792021844856, 32374.59061295948
217, 32586.526522639335, 24571.689938025265, 32586.526522639335, 32379.048026925662, 24572.795735463995, 32379.048026925662
218, 32586.526522639335, 24571.689938025265, 32586.526522639335, 32389.02621752892, 24564.39709750798, 32389.02621752892
219, 32586.526522639335, 24571.689938025265, 32586.526522639335, 32401.110541352547, 24553.779495572744, 32401.110541352547
220, 32586.526522639335, 24571.689938025265, 32586.526522639335, 32422.91492257851, 24535.832078683256, 32422.91492257851
221, 32663.169678665407, 24536.7110472586, 32663.169678665407, 32463.679584119134, 24489.602559426454, 32463.679584119134
222, 32663.169678665407, 24536.7110472586, 32663.169678665407, 32493.335017747162, 24547.197801973474, 32493.335017747162
223, 32663.169678665407, 24536.7110472586, 32663.169678665407, 32510.425484049254, 24613.34656342194, 32510.425484049254
224, 32663.169678665407, 24536.7110472586, 32663.169678665407, 32524.619137376292, 24596.189706474197, 32524.619137376292
225, 32663.169678665407, 24536.7110472586, 32663.169678665407, 32555.329905838895, 24556.185534570162, 32555.329905838895
226, 32663.169678665407, 24536.7110472586, 32663.169678665407, 32586.686508842806, 24565.69383913428, 32586.686508842806
227, 32663.169678665407, 24536.7110472586, 32663.169678665407, 32587.918036888375, 24567.864994792206, 32587.918036888375
228, 32702.68384918028, 24516.575601176086, 32702.68384918028, 32588.76522207599, 24561.924511189878, 32588.76522207599
229, 32702.68384918028, 24516.575601176086, 32702.68384918028, 32590.57941654279, 24553.26875485655, 32590.57941654279
230, 32702.68384918028, 24516.575601176086, 32702.68384918028, 32594.50184068518, 24542.684184227444, 32594.50184068518
231, 32702.68384918028, 24516.575601176086, 32702.68384918028, 32598.59196574329, 24532.181292408135, 32598.59196574329
232, 32702.68384918028, 24516.575601176086, 32702.68384918028, 32608.81748510799, 24511.56835163914, 32608.81748510799
233, 32702.68384918028, 24516.575601176086, 32702.68384918028, 32619.054290252792, 24476.307102097147, 32619.054290252792
234, 32702.68384918028, 24516.575601176086, 32702.68384918028, 32640.256521318817, 24514.327349701874, 32640.256521318817
235, 32702.68384918028, 24516.575601176086, 32702.68384918028, 32664.42850382109, 24525.769485606812, 32664.42850382109
236, 32702.68384918028, 24516.575601176086, 32702.68384918028, 32672.289023415073, 24532.585320922477, 32672.289023415073
237, 32702.68384918028, 24516.575601176086, 32702.68384918028, 32680.625852058016, 24528.61393237507, 32680.625852058016
238, 32744.306222431504, 24449.045000007107, 32744.306222431504, 32689.365195324866, 24524.431447352403, 32689.365195324866
239, 32744.306222431504, 24449.045000007107, 32744.306222431504, 32702.891961046433, 24516.23794817021, 32702.891961046433
240, 32744.306222431504, 24449.045000007107, 32744.306222431504, 32702.891961046433, 24516.23794817021, 32702.891961046433
241, 32744.306222431504, 24449.045000007107, 32744.306222431504, 32703.10007291269, 24515.900295164363, 32703.10007291269
242, 32744.306222431504, 24449.045000007107, 32744.306222431504, 32703.371439300456, 24514.529148988393, 32703.371439300456
243, 32744.306222431504, 24449.045000007107, 32744.306222431504, 32703.382344208796, 24515.118330884277, 32703.382344208796
244, 32744.306222431504, 24449.045000007107, 32744.306222431504, 32704.181091995895, 24513.539794723798, 32704.181091995895
245, 32744.306222431504, 24449.045000007107, 32744.306222431504, 32705.358458360126, 24511.403548067454, 32705.358458360126
246, 32744.306222431504, 24449.045000007107, 32744.306222431504, 32707.196342151583, 24507.44229960896, 32707.196342151583
247, 32744.306222431504, 24449.045000007107, 32744.306222431504, 32710.547414369128, 24503.058119725007, 32710.547414369128
248, 32744.306222431504, 24449.045000007107, 32744.306222431504, 32715.73126984827, 24490.58415847355, 32715.73126984827
249, 32744.306222431504, 24449.045000007107, 32744.306222431504, 32723.332829387073, 24474.30726016737, 32723.332829387073
250, 32744.306222431504, 24449.045000007107, 32744.306222431504, 32735.218128200377, 24441.99050830699, 32735.218128200377
251, 32744.306222431504, 24449.045000007107, 32744.306222431504, 32744.292740528403, 24448.50253433817, 32744.292740528403
252, 32868.26841057619, 24604.712366669442, 32868.26841057619, 32744.926033372143, 24449.823336840385, 32744.926033372143
253, 32868.26841057619, 24604.712366669442, 32868.26841057619, 32744.926033372143, 24449.823336840385, 32744.926033372143
254, 32868.26841057619, 24604.712366669442, 32868.26841057619, 32744.926033372143, 24449.823336840385, 32744.926033372143
255, 32868.26841057619, 24604.712366669442, 32868.26841057619, 32746.4837462254, 24452.36609891857, 32746.4837462254
256, 32868.26841057619, 24604.712366669442, 32868.26841057619, 32747.16587233024, 24452.759060787015, 32747.16587233024
257, 32868.26841057619, 24604.712366669442, 32868.26841057619, 32748.04267140768, 24454.308962689232, 32748.04267140768
258, 32868.26841057619, 24604.712366669442, 32868.26841057619, 32749.822873460398, 24455.586308825063, 32749.822873460398
259, 32868.26841057619, 24604.712366669442, 32868.26841057619, 32753.51924759608, 24459.383060033782, 32753.51924759608
260, 32868.26841057619, 24604.712366669442, 32868.26841057619, 32758.31213168934, 24465.362829933325, 32758.31213168934
261, 32868.26841057619, 24604.712366669442, 32868.26841057619, 32764.13808577341, 24472.234139957447, 32764.13808577341
262, 32868.26841057619, 24604.712366669442, 32868.26841057619, 32777.14598838325, 24486.138383845468, 32777.14598838325
263, 32868.26841057619, 24604.712366669442, 32868.26841057619, 32798.534110462104, 24477.680089216115, 32798.534110462104
264, 32868.26841057619, 24604.712366669442, 32868.26841057619, 32817.305484193595, 24525.73613584489, 32817.305484193595
265, 32868.26841057619, 24604.712366669442, 32868.26841057619, 32846.41386961239, 24596.180729953307, 32846.41386961239
266, 32868.26841057619, 24604.712366669442, 32868.26841057619, 32865.35753730113, 24605.45326097157, 32865.35753730113
267, 32868.26841057619, 24604.712366669442, 32868.26841057619, 32868.26841057627, 24604.712366669442, 32868.26841057627
268, 32872.549036220844, 24630.82013517083, 32872.549036220844, 32868.28981370449, 24604.84290551195, 32868.28981370449
269, 32872.549036220844, 24630.82013517083, 32872.549036220844, 32868.28981370449, 24604.84290551195, 32868.28981370449
270, 32872.549036220844, 24630.82013517083, 32872.549036220844, 32868.28981370449, 24604.84290551195, 32868.28981370449
271, 32888.28725923506, 24564.08989260338, 32888.28725923506, 32868.41131107601, 24604.770331984124, 32868.41131107601
272, 32888.28725923506, 24564.08989260338, 32888.28725923506, 32868.654305819044, 24604.625184928478, 32868.654305819044
273, 32888.28725923506, 24564.08989260338, 32888.28725923506, 32868.67570894727, 24604.755723770984, 32868.67570894727
274, 32888.28725923506, 24564.08989260338, 32888.28725923506, 32868.92203936171, 24604.412014319623, 32868.92203936171
275, 32933.866339124346, 24537.74489398489, 32933.866339124346, 32869.735129500754, 24604.970832376697, 32869.735129500754
276, 32933.866339124346, 24537.74489398489, 32933.866339124346, 32870.57396676025, 24604.8971023661, 32870.57396676025
277, 32933.866339124346, 24537.74489398489, 32933.866339124346, 32871.86405893989, 24605.05432253076, 32871.86405893989
278, 32933.866339124346, 24537.74489398489, 32933.866339124346, 32874.13523686819, 24605.361683271305, 32874.13523686819
279, 32933.866339124346, 24537.74489398489, 32933.866339124346, 32877.1669529677, 24607.67293649159, 32877.1669529677
280, 32933.866339124346, 24537.74489398489, 32933.866339124346, 32880.90427108971, 24599.824700463178, 32880.90427108971
281, 32933.866339124346, 24537.74489398489, 32933.866339124346, 32887.20738410434, 24576.46155632902, 32887.20738410434
282, 32933.866339124346, 24537.74489398489, 32933.866339124346, 32896.03044196121, 24544.09596327695, 32896.03044196121
283, 32933.866339124346, 24537.74489398489, 32933.866339124346, 32902.99850922564, 24524.065979768915, 32902.99850922564
284, 32933.866339124346, 24537.74489398489, 32933.866339124346, 32912.35954883878, 24502.702439117962, 32912.35954883878
285, 32933.866339124346, 24537.74489398489, 32933.866339124346, 32920.73502748194, 24496.974252073276, 32920.73502748194
286, 32955.43256862687, 24340.25500690551, 32955.43256862687, 32930.800370017474, 24513.512299017282, 32930.800370017474
287, 32955.43256862687, 24340.25500690551, 32955.43256862687, 32932.4011781798, 24521.186126687553, 32932.4011781798
288, 32955.43256862687, 24340.25500690551, 32955.43256862687, 32934.23346183029, 24534.30382129109, 32934.23346183029
289, 32995.191134190085, 24633.3817802713, 32995.191134190085, 32934.88663589052, 24531.370933688944, 32934.88663589052
290, 32995.191134190085, 24633.3817802713, 32995.191134190085, 32935.233185975434, 24527.95986165537, 32935.233185975434
291, 33009.82724862238, 24505.471908948206, 33009.82724862238, 32936.131573639555, 24522.89125021341, 32936.131573639555
292, 33009.82724862238, 24505.471908948206, 33009.82724862238, 32937.60703502517, 24514.007479691696, 32937.60703502517
293, 33009.82724862238, 24505.471908948206, 33009.82724862238, 32940.87783478115, 24495.907753240514, 32940.87783478115
294, 33009.82724862238, 24505.471908948206, 33009.82724862238, 32946.06233888329, 24473.00595783727, 32946.06233888329
295, 33009.82724862238, 24505.471908948206, 33009.82724862238, 32952.04516691938, 24434.981377480537, 32952.04516691938
296, 33009.82724862238, 24505.471908948206, 33009.82724862238, 32963.69529885723, 24397.921888337074, 32963.69529885723
297, 33009.82724862238, 24505.471908948206, 33009.82724862238, 32968.160265176164, 24430.8768068078, 32968.160265176164
298, 33039.38283593701, 24550.99096197685, 33039.38283593701, 32977.75067375566, 24490.122203509705, 32977.75067375566
299, 33039.38283593701, 24550.99096197685, 33039.38283593701, 32988.58534247672, 24556.66991086844, 32988.58534247672
300, 33039.38283593701, 24550.99096197685, 33039.38283593701, 33002.59244157362, 24567.490392898177, 33002.59244157362
301, 33039.38283593701, 24550.99096197685, 33039.38283593701, 33006.23346942691, 24546.196903608805, 33006.23346942691
302, 33039.38283593701, 24550.99096197685, 33039.38283593701, 33011.13446146952, 24509.38390647963, 33011.13446146952
303, 33039.38283593701, 24550.99096197685, 33039.38283593701, 33012.164381113726, 24512.18553680546, 33012.164381113726
304, 33039.38283593701, 24550.99096197685, 33039.38283593701, 33013.3420786945, 24515.21476239643, 33013.3420786945
305, 33039.38283593701, 24550.99096197685, 33039.38283593701, 33015.41914257262, 24519.666699238605, 33015.41914257262
306, 33100.872368829936, 24536.925931023048, 33100.872368829936, 33019.54422778264, 24527.442391238343, 33019.54422778264
307, 33100.872368829936, 24536.925931023048, 33100.872368829936, 33025.10629186267, 24541.93310267608, 33025.10629186267
308, 33100.872368829936, 24536.925931023048, 33100.872368829936, 33036.9859393846, 24567.85894113683, 33036.9859393846
309, 33100.872368829936, 24536.925931023048, 33100.872368829936, 33040.86350036168, 24565.74512957582, 33040.86350036168
310, 33100.872368829936, 24536.925931023048, 33100.872368829936, 33041.12943208787, 24551.199553828217, 33041.12943208787
311, 33100.872368829936, 24536.925931023048, 33100.872368829936, 33042.4722788009, 24551.15722291977, 33042.4722788009
312, 33100.872368829936, 24536.925931023048, 33100.872368829936, 33044.126516734206, 24552.10789534533, 33044.126516734206
313, 33100.872368829936, 24536.925931023048, 33100.872368829936, 33046.82933187291, 24554.907865202265, 33046.82933187291
314, 33100.872368829936, 24536.925931023048, 33100.872368829936, 33050.571489616, 24558.799157794296, 33050.571489616
315, 33100.872368829936, 24536.925931023048, 33100.872368829936, 33060.49354102395, 24569.525911716766, 33060.49354102395
316, 33100.872368829936, 24536.925931023048, 33100.872368829936, 33071.650962108026, 24577.84724547486, 33071.650962108026
317, 33100.872368829936, 24536.925931023048, 33100.872368829936, 33090.45717082952, 24605.129261616083, 33090.45717082952
318, 33185.5129299758, 24634.452671368705, 33185.5129299758, 33096.51279439311, 24573.589144528247, 33096.51279439311
319, 33185.5129299758, 24634.452671368705, 33185.5129299758, 33101.29557163575, 24537.413564724786, 33101.29557163575
320, 33185.5129299758, 24634.452671368705, 33185.5129299758, 33101.29557163575, 24537.413564724786, 33101.29557163575
321, 33185.5129299758, 24634.452671368705, 33185.5129299758, 33101.71877444148, 24537.901198426513, 33101.71877444148
322, 33185.5129299758, 24634.452671368705, 33185.5129299758, 33101.71877444148, 24537.901198426513, 33101.71877444148
323, 33185.5129299758, 24634.452671368705, 33185.5129299758, 33101.71877444148, 24537.901198426513, 33101.71877444148
324, 33185.5129299758, 24634.452671368705, 33185.5129299758, 33101.71877444148, 24537.901198426513, 33101.71877444148
325, 33185.5129299758, 24634.452671368705, 33185.5129299758, 33102.98838285867, 24539.3640995317, 33102.98838285867
326, 33185.5129299758, 24634.452671368705, 33185.5129299758, 33104.18334524288, 24540.415502065858, 33104.18334524288
327, 33185.5129299758, 24634.452671368705, 33185.5129299758, 33105.87615646579, 24542.366036872776, 33105.87615646579
328, 33185.5129299758, 24634.452671368705, 33185.5129299758, 33109.94048848352, 24546.568828814434, 33109.94048848352
329, 33185.5129299758, 24634.452671368705, 33185.5129299758, 33115.27442891843, 24552.234521861283, 33115.27442891843
330, 33185.5129299758, 24634.452671368705, 33185.5129299758, 33125.04689634765, 24561.64251788471, 33125.04689634765
331, 33185.5129299758, 24634.452671368705, 33185.5129299758, 33147.97312134977, 24584.424128860934, 33147.97312134977
332, 33291.81872703225, 24544.727851612613, 33291.81872703225, 33180.099874395375, 24616.527232531036, 33180.099874395375
333, 33291.81872703225, 24544.727851612613, 33291.81872703225, 33186.57598794648, 24633.55542317107, 33186.57598794648
334, 33291.81872703225, 24544.727851612613, 33291.81872703225, 33188.284420998185, 24631.256451740224, 33188.284420998185
335, 33291.81872703225, 24544.727851612613, 33291.81872703225, 33189.879007954034, 24629.91057944388, 33189.879007954034
336, 33291.81872703225, 24544.727851612613, 33291.81872703225, 33194.13123983629, 24626.321586653637, 33194.13123983629
337, 33291.81872703225, 24544.727851612613, 33291.81872703225, 33203.394924777815, 24616.78877870535, 33203.394924777815
338, 33291.81872703225, 24544.727851612613, 33291.81872703225, 33215.543946837475, 24603.106651994167, 33215.543946837475
339, 33291.81872703225, 24544.727851612613, 33291.81872703225, 33228.881519059956, 24587.46116981714, 33228.881519059956
340, 33291.81872703225, 24544.727851612613, 33291.81872703225, 33252.763658908436, 24564.18291205023, 33252.763658908436
341, 33291.81872703225, 24544.727851612613, 33291.81872703225, 33287.225654506095, 24540.377030853087, 33287.225654506095
342, 33298.64866115252, 24538.516087096163, 33298.64866115252, 33291.85287670288, 24544.696792789986, 33291.85287670288
343, 33298.64866115252, 24538.516087096163, 33298.64866115252, 33291.88702637348, 24544.665733967406, 33291.88702637348
344, 33298.64866115252, 24538.516087096163, 33298.64866115252, 33291.95532571468, 24544.60361632224, 33291.95532571468
345, 33298.64866115252, 24538.516087096163, 33298.64866115252, 33292.091924397086, 24544.47938103191, 33292.091924397086
346, 33298.64866115252, 24538.516087096163, 33298.64866115252, 33292.330972091295, 24544.261969273837, 33292.330972091295
347, 33298.64866115252, 24538.516087096163, 33298.64866115252, 33292.604169456106, 24544.013498693177, 33292.604169456106
348, 33298.64866115252, 24538.516087096163, 33298.64866115252, 33292.87736682091, 24543.76502811252, 33292.87736682091
349, 33298.64866115252, 24538.516087096163, 33298.64866115252, 33293.534901793435, 24543.28258051633, 33293.534901793435
350, 33298.64866115252, 24538.516087096163, 33298.64866115252, 33294.730140264466, 24542.195521725935, 33294.730140264466
351, 33298.64866115252, 24538.516087096163, 33298.64866115252, 33296.30102511211, 24540.766815887182, 33296.30102511211
352, 33298.64866115252, 24538.516087096163, 33298.64866115252, 33298.64866115247, 24538.51608709618, 33298.64866115247
353, 33298.64866115252, 24538.516087096163, 33298.64866115252, 33298.64866115247, 24538.51608709618, 33298.64866115247
354, 33298.64866115252, 24538.516087096163, 33298.64866115252, 33298.64866115247, 24538.51608709618, 33298.64866115247
355, 33298.64866115252, 24538.516087096163, 33298.64866115252, 33298.64866115247, 24538.51608709618, 33298.64866115247
356, 33298.64866115252, 24538.516087096163, 33298.64866115252, 33298.64866115247, 24538.51608709618, 33298.64866115247
357, 33329.67569591313, 24453.196216078133, 33329.67569591313, 33298.80379632627, 24538.08948774109, 33298.80379632627
358, 33329.67569591313, 24453.196216078133, 33329.67569591313, 33298.95893150007, 24537.662888386003, 33298.95893150007
359, 33329.67569591313, 24453.196216078133, 33329.67569591313, 33299.010319264125, 24537.65749425401, 33299.010319264125
360, 33329.67569591313, 24453.196216078133, 33329.67569591313, 33299.16545443793, 24537.230894898923, 33299.16545443793
361, 33329.67569591313, 24453.196216078133, 33329.67569591313, 33299.682247723395, 24535.945702701658, 33299.682247723395
362, 33329.67569591313, 24453.196216078133, 33329.67569591313, 33300.40556394672, 24534.228517017316, 33300.40556394672
363, 33329.67569591313, 24453.196216078133, 33329.67569591313, 33301.53585832296, 24531.817116011993, 33301.53585832296
364, 33329.67569591313, 24453.196216078133, 33329.67569591313, 33303.44085668659, 24527.683135190335, 33303.44085668659
365, 33329.67569591313, 24453.196216078133, 33329.67569591313, 33305.90894025858, 24522.01792273348, 33305.90894025858
366, 33329.67569591313, 24453.196216078133, 33329.67569591313, 33309.60305413051, 24514.510709619615, 33309.60305413051
367, 33360.705673737895, 24419.16694717797, 33360.705673737895, 33315.61406878986, 24503.255356149213, 33315.61406878986
368, 33360.705673737895, 24419.16694717797, 33360.705673737895, 33324.12145005005, 24478.589522820654, 33324.12145005005
369, 33360.705673737895, 24419.16694717797, 33360.705673737895, 33330.18691407857, 24456.80784457593, 33330.18691407857
370, 33360.705673737895, 24419.16694717797, 33360.705673737895, 33330.39229356453, 24457.625678528122, 33330.39229356453
371, 33360.705673737895, 24419.16694717797, 33360.705673737895, 33330.8577432319, 24457.115239494626, 33330.8577432319
372, 33360.705673737895, 24419.16694717797, 33360.705673737895, 33331.42365209293, 24458.580761054513, 33331.42365209293
373, 33360.705673737895, 24419.16694717797, 33360.705673737895, 33332.50524021818, 24460.523823877593, 33332.50524021818
374, 33360.705673737895, 24419.16694717797, 33360.705673737895, 33333.682826438475, 24467.576934528643, 33333.682826438475
375, 33360.705673737895, 24419.16694717797, 33360.705673737895, 33335.79131199352, 24473.60916711269, 33335.79131199352
376, 33360.705673737895, 24419.16694717797, 33360.705673737895, 33339.693522226764, 24489.148012204372, 33339.693522226764
377, 33360.705673737895, 24419.16694717797, 33360.705673737895, 33345.40284043406, 24504.79120809999, 33345.40284043406
378, 33360.705673737895, 24419.16694717797, 33360.705673737895, 33352.28092809981, 24512.945027606766, 33352.28092809981
379, 33360.705673737895, 24419.16694717797, 33360.705673737895, 33359.45818375775, 24435.290187630275, 33359.45818375775
380, 33368.4529421134, 24503.481400535267, 33368.4529421134, 33360.74441007962, 24419.588519444773, 33360.74441007962
381, 33368.4529421134, 24503.481400535267, 33368.4529421134, 33360.74441007962, 24419.588519444773, 33360.74441007962
382, 33368.4529421134, 24503.481400535267, 33368.4529421134, 33360.74441007962, 24419.588519444773, 33360.74441007962
383, 33368.4529421134, 24503.481400535267, 33368.4529421134, 33360.74441007962, 24419.588519444773, 33360.74441007962
384, 33368.4529421134, 24503.481400535267, 33368.4529421134, 33360.74441007962, 24419.588519444773, 33360.74441007962
385, 33386.48419822987, 24519.495503932696, 33386.48419822987, 33361.01933560654, 24420.472785966886, 33361.01933560654
386, 33386.48419822987, 24519.495503932696, 33386.48419822987, 33361.01933560654, 24420.472785966886, 33361.01933560654
387, 33386.48419822987, 24519.495503932696, 33386.48419822987, 33361.51776672167, 24422.582820760905, 33361.51776672167
388, 33386.48419822987, 24519.495503932696, 33386.48419822987, 33361.753955906715, 24423.045515016234, 33361.753955906715
389, 33386.48419822987, 24519.495503932696, 33386.48419822987, 33362.49748866994, 24426.92190939439, 33362.49748866994
390, 33386.48419822987, 24519.495503932696, 33386.48419822987, 33364.0531144171, 24434.214177355458, 33364.0531144171
391, 33386.48419822987, 24519.495503932696, 33386.48419822987, 33365.80619300742, 24441.547567305057, 33365.80619300742
392, 33386.48419822987, 24519.495503932696, 33386.48419822987, 33368.74467511542, 24451.822928115944, 33368.74467511542
393, 33386.48419822987, 24519.495503932696, 33386.48419822987, 33374.24455766402, 24474.914291804835, 33374.24455766402
394, 33386.48419822987, 24519.495503932696, 33386.48419822987, 33377.79665581597, 24467.45988310283, 33377.79665581597
395, 33386.48419822987, 24519.495503932696, 33386.48419822987, 33382.475458759145, 24449.551172093823, 33382.475458759145
396, 33386.48419822987, 24519.495503932696, 33386.48419822987, 33384.087035583536, 24459.489868276003, 33384.087035583536
397, 33386.48419822987, 24519.495503932696, 33386.48419822987, 33385.42599129599, 24493.006529633836, 33385.42599129599
398, 33386.48419822987, 24519.495503932696, 33386.48419822987, 33386.48419823003, 24519.495503932634, 33386.48419823003
399, 33386.48419822987, 24519.495503932696, 33386.48419822987, 33386.48419823003, 24519.495503932634, 33386.48419823003
400, 33386.48419822987, 24519.495503932696, 33386.48419822987, 33386.48419823003, 24519.495503932634, 33386.48419823003
401, 33386.48419822987, 24519.495503932696, 33386.48419822987, 33386.48419823003, 24519.495503932634, 33386.48419823003
402, 33390.8233613843, 24450.101506058458, 33390.8233613843, 33386.505894045804, 24519.148533943262, 33386.505894045804
403, 33390.8233613843, 24450.101506058458, 33390.8233613843, 33386.505894045804, 24519.148533943262, 33386.505894045804
404, 33521.641370525664, 24597.3979329692, 33521.641370525664, 33387.18167990728, 24519.538046088448, 33387.18167990728
405, 33521.641370525664, 24597.3979329692, 33521.641370525664, 33387.26944508963, 24519.42977022834, 33387.26944508963
406, 33521.641370525664, 24597.3979329692, 33521.641370525664, 33388.23647179811, 24519.84147182804, 33388.23647179811
407, 33521.641370525664, 24597.3979329692, 33521.641370525664, 33388.535524347106, 24519.617222442226, 33388.535524347106
408, 33521.641370525664, 24597.3979329692, 33521.641370525664, 33388.84846100987, 24519.292441907375, 33388.84846100987
409, 33521.641370525664, 24597.3979329692, 33521.641370525664, 33389.92494871648, 24519.2488976576, 33389.92494871648
410, 33521.641370525664, 24597.3979329692, 33521.641370525664, 33392.019666465094, 24518.67667618845, 33392.019666465094
411, 33521.641370525664, 24597.3979329692, 33521.641370525664, 33394.1242915602, 24516.61008860946, 33394.1242915602
412, 33521.641370525664, 24597.3979329692, 33521.641370525664, 33399.27343697888, 24514.008825425524, 33399.27343697888
413, 33521.641370525664, 24597.3979329692, 33521.641370525664, 33406.66526418453, 24510.043957299353, 33406.66526418453
414, 33521.641370525664, 24597.3979329692, 33521.641370525664, 33417.56248804413, 24518.972922330562, 33417.56248804413
415, 33521.641370525664, 24597.3979329692, 33521.641370525664, 33427.84286321014, 24536.860318541476, 33427.84286321014
416, 33521.641370525664, 24597.3979329692, 33521.641370525664, 33442.022981225266, 24565.386780808967, 33442.022981225266
417, 33521.641370525664, 24597.3979329692, 33521.641370525664, 33457.18782347691, 24595.244438980855, 33457.18782347691
418, 33521.641370525664, 24597.3979329692, 33521.641370525664, 33474.28073993069, 24606.038768771592, 33474.28073993069
419, 33521.641370525664, 24597.3979329692, 33521.641370525664, 33503.52590920297, 24600.40201536937, 33503.52590920297
420, 33521.641370525664, 24597.3979329692, 33521.641370525664, 33521.641370525605, 24597.397932969117, 33521.641370525605
421, 33521.641370525664, 24597.3979329692, 33521.641370525664, 33521.641370525605, 24597.397932969117, 33521.641370525605
422, 33521.641370525664, 24597.3979329692, 33521.641370525664, 33521.641370525605, 24597.397932969117, 33521.641370525605
423, 33521.641370525664, 24597.3979329692, 33521.641370525664, 33521.641370525605, 24597.397932969117, 33521.641370525605
424, 33521.641370525664, 24597.3979329692, 33521.641370525664, 33521.641370525605, 24597.397932969117, 33521.641370525605
425, 33521.641370525664, 24597.3979329692, 33521.641370525664, 33521.641370525605, 24597.397932969117, 33521.641370525605
426, 33521.641370525664, 24597.3979329692, 33521.641370525664, 33521.641370525605, 24597.397932969117, 33521.641370525605
427, 33521.641370525664, 24597.3979329692, 33521.641370525664, 33521.641370525605, 24597.397932969117, 33521.641370525605
428, 33521.641370525664, 24597.3979329692, 33521.641370525664, 33521.641370525605, 24597.397932969117, 33521.641370525605
429, 33521.641370525664, 24597.3979329692, 33521.641370525664, 33521.641370525605, 24597.397932969117, 33521.641370525605
430, 33521.641370525664, 24597.3979329692, 33521.641370525664, 33521.641370525605, 24597.397932969117, 33521.641370525605
431, 33521.641370525664, 24597.3979329692, 33521.641370525664, 33521.641370525605, 24597.397932969117, 33521.641370525605
432, 33521.641370525664, 24597.3979329692, 33521.641370525664, 33521.641370525605, 24597.397932969117, 33521.641370525605
433, 33521.641370525664, 24597.3979329692, 33521.641370525664, 33521.641370525605, 24597.397932969117, 33521.641370525605
434, 33521.641370525664, 24597.3979329692, 33521.641370525664, 33521.641370525605, 24597.397932969117, 33521.641370525605
435, 33521.641370525664, 24597.3979329692, 33521.641370525664, 33521.641370525605, 24597.397932969117, 33521.641370525605
436, 33521.641370525664, 24597.3979329692, 33521.641370525664, 33521.641370525605, 24597.397932969117, 33521.641370525605
437, 33521.641370525664, 24597.3979329692, 33521.641370525664, 33521.641370525605, 24597.397932969117, 33521.641370525605
438, 33521.641370525664, 24597.3979329692, 33521.641370525664, 33521.641370525605, 24597.397932969117, 33521.641370525605
439, 33521.641370525664, 24597.3979329692, 33521.641370525664, 33521.641370525605, 24597.397932969117, 33521.641370525605
440, 33521.641370525664, 24597.3979329692, 33521.641370525664, 33521.641370525605, 24597.397932969117, 33521.641370525605
441, 33521.641370525664, 24597.3979329692, 33521.641370525664, 33521.641370525605, 24597.397932969117, 33521.641370525605
442, 33603.90746261872, 24640.0289158049, 33603.90746261872, 33522.05270098607, 24597.611087883295, 33522.05270098607
443, 33603.90746261872, 24640.0289158049, 33603.90746261872, 33522.05270098607, 24597.611087883295, 33522.05270098607
444, 33603.90746261872, 24640.0289158049, 33603.90746261872, 33522.46403144653, 24597.82424279747, 33522.46403144653
445, 33603.90746261872, 24640.0289158049, 33603.90746261872, 33522.875361907, 24598.03739771165, 33522.875361907
446, 33603.90746261872, 24640.0289158049, 33603.90746261872, 33523.71363805159, 24598.247144522873, 33523.71363805159
447, 33603.90746261872, 24640.0289158049, 33603.90746261872, 33524.98369554955, 24599.088183974978, 33524.98369554955
448, 33603.90746261872, 24640.0289158049, 33603.90746261872, 33527.112480085, 24600.55710796501, 33527.112480085
449, 33603.90746261872, 24640.0289158049, 33603.90746261872, 33530.02302375559, 24601.616066329996, 33530.02302375559
450, 33603.90746261872, 24640.0289158049, 33603.90746261872, 33532.20348963127, 24603.070002012464, 33532.20348963127
451, 33603.90746261872, 24640.0289158049, 33603.90746261872, 33540.5695276376, 24607.50469839046, 33540.5695276376
452, 33603.90746261872, 24640.0289158049, 33603.90746261872, 33555.65144613918, 24614.886770745954, 33555.65144613918
453, 33603.90746261872, 24640.0289158049, 33603.90746261872, 33572.88370828503, 24622.03523956951, 33572.88370828503
454, 33603.90746261872, 24640.0289158049, 33603.90746261872, 33599.607787375346, 24642.28372674262, 33599.607787375346
455, 33603.90746261872, 24640.0289158049, 33603.90746261872, 33603.9074626186, 24640.028915804833, 33603.9074626186
456, 33603.90746261872, 24640.0289158049, 33603.90746261872, 33603.9074626186, 24640.028915804833, 33603.9074626186
457, 33603.90746261872, 24640.0289158049, 33603.90746261872, 33603.9074626186, 24640.028915804833, 33603.9074626186
458, 33603.90746261872, 24640.0289158049, 33603.90746261872, 33603.9074626186, 24640.028915804833, 33603.9074626186
459, 33628.756578519264, 24432.03351953593, 33628.756578519264, 33604.031708198105, 24638.98893882349, 33604.031708198105
460, 33628.756578519264, 24432.03351953593, 33628.756578519264, 33604.031708198105, 24638.98893882349, 33604.031708198105
461, 33628.756578519264, 24432.03351953593, 33628.756578519264, 33604.031708198105, 24638.98893882349, 33604.031708198105
462, 33628.756578519264, 24432.03351953593, 33628.756578519264, 33604.031708198105, 24638.98893882349, 33604.031708198105
463, 33628.756578519264, 24432.03351953593, 33628.756578519264, 33604.031708198105, 24638.98893882349, 33604.031708198105
464, 33628.756578519264, 24432.03351953593, 33628.756578519264, 33604.155953777605, 24637.948961842143, 33604.155953777605
465, 33628.756578519264, 24432.03351953593, 33628.756578519264, 33604.280199357105, 24636.908984860802, 33604.280199357105
466, 33628.756578519264, 24432.03351953593, 33628.756578519264, 33604.52869051611, 24634.829030898112, 33604.52869051611
467, 33628.756578519264, 24432.03351953593, 33628.756578519264, 33604.90142725462, 24631.709099954078, 33604.90142725462
468, 33628.756578519264, 24432.03351953593, 33628.756578519264, 33605.398409572634, 24627.5491920287, 33605.398409572634
469, 33628.756578519264, 24432.03351953593, 33628.756578519264, 33605.77114631113, 24624.42926108466, 33605.77114631113
470, 33628.756578519264, 24432.03351953593, 33628.756578519264, 33607.32876913144, 24611.530583503376, 33607.32876913144
471, 33628.756578519264, 24432.03351953593, 33628.756578519264, 33609.440943982976, 24593.85097482051, 33609.440943982976
472, 33628.756578519264, 24432.03351953593, 33628.756578519264, 33612.62286548986, 24567.634665852827, 33612.62286548986
473, 33628.756578519264, 24432.03351953593, 33628.756578519264, 33618.16545300732, 24521.658794239585, 33618.16545300732
474, 33628.756578519264, 24432.03351953593, 33628.756578519264, 33626.5172252932, 24452.58654460266, 33626.5172252932
475, 33628.756578519264, 24432.03351953593, 33628.756578519264, 33628.75657851923, 24432.033519535937, 33628.75657851923
476, 33630.22207090416, 24398.10640180199, 33630.22207090416, 33628.76390598115, 24431.863883947266, 33628.76390598115
477, 33630.22207090416, 24398.10640180199, 33630.22207090416, 33628.76390598115, 24431.863883947266, 33628.76390598115
478, 33652.317764494794, 24476.746312276013, 33652.317764494794, 33628.88171191103, 24432.087447910966, 33628.88171191103
479, 33652.317764494794, 24476.746312276013, 33652.317764494794, 33629.006845302836, 24432.141376285996, 33629.006845302836
480, 33656.2866253844, 24563.5360122838, 33656.2866253844, 33629.159150461004, 24432.459617572393, 33629.159150461004
481, 33656.2866253844, 24563.5360122838, 33656.2866253844, 33629.44391647291, 24432.662151645156, 33629.44391647291
482, 33656.2866253844, 24563.5360122838, 33656.2866253844, 33629.59835971241, 24432.037537665507, 33629.59835971241
483, 33656.2866253844, 24563.5360122838, 33656.2866253844, 33630.01558657804, 24432.124364524632, 33630.01558657804
484, 33656.2866253844, 24563.5360122838, 33656.2866253844, 33630.95319131533, 24432.86085338392, 33630.95319131533
485, 33656.2866253844, 24563.5360122838, 33656.2866253844, 33631.669117971906, 24433.014260817297, 33631.669117971906
486, 33656.2866253844, 24563.5360122838, 33656.2866253844, 33633.71789384554, 24434.49989073509, 33633.71789384554
487, 33656.2866253844, 24563.5360122838, 33656.2866253844, 33635.52514733407, 24434.968490726962, 33635.52514733407
488, 33656.2866253844, 24563.5360122838, 33656.2866253844, 33640.274158337925, 24445.216541885817, 33640.274158337925
489, 33656.2866253844, 24563.5360122838, 33656.2866253844, 33646.34312850658, 24472.306874470283, 33646.34312850658
490, 33656.2866253844, 24563.5360122838, 33656.2866253844, 33653.726710110444, 24507.556655778826, 33653.726710110444
491, 33663.10978706545, 24450.18615382172, 33663.10978706545, 33654.753041141295, 24528.687331488494, 33654.753041141295
492, 33663.10978706545, 24450.18615382172, 33663.10978706545, 33656.03734812999, 24555.459337698645, 33656.03734812999
493, 33663.10978706545, 24450.18615382172, 33663.10978706545, 33656.35485700117, 24562.40251369921, 33656.35485700117
494, 33663.10978706545, 24450.18615382172, 33663.10978706545, 33656.388972809575, 24561.835764406896, 33656.388972809575
495, 33690.149862462575, 24575.562594448926, 33690.149862462575, 33656.66063642018, 24560.195649440793, 33656.66063642018
496, 33690.149862462575, 24575.562594448926, 33690.149862462575, 33656.86533127061, 24556.79515368693, 33656.86533127061
497, 33690.149862462575, 24575.562594448926, 33690.149862462575, 33657.03591031264, 24553.96140722538, 33657.03591031264
498, 33690.149862462575, 24575.562594448926, 33690.149862462575, 33657.553368768844, 24547.513499369947, 33657.553368768844
499, 33690.149862462575, 24575.562594448926, 33690.149862462575, 33658.40373826571, 24539.13252580695, 33658.40373826571
500, 33690.149862462575, 24575.562594448926, 33690.149862462575, 33658.88834377015, 24530.35748787145, 33658.88834377015
