1, 26799.025716875833, 24654.275309796005, 26799.025716875833, 25137.97380268926, 24657.300122609962, 25137.97380268926
2, 26799.025716875833, 24654.275309796005, 26799.025716875833, 25637.124870913332, 24636.383477976466, 25637.124870913332
3, 26799.025716875833, 24654.275309796005, 26799.025716875833, 25934.801468231453, 24610.5959684871, 25934.801468231453
4, 26799.025716875833, 24654.275309796005, 26799.025716875833, 26188.55608150373, 24590.12078630716, 26188.55608150373
5, 26947.586607219964, 24542.160137720966, 26947.586607219964, 26400.35609232295, 24545.229082615515, 26400.35609232295
6, 27051.87824906533, 24289.011166744232, 27051.87824906533, 26612.090375720138, 24537.47227258121, 26612.090375720138
7, 27117.979079527733, 24418.052374408722, 27117.979079527733, 26732.448710704834, 24533.765827740248, 26732.448710704834
8, 27308.399878849254, 24663.83324851431, 27308.399878849254, 26835.44542993542, 24546.68658814669, 26835.44542993542
9, 27308.399878849254, 24663.83324851431, 27308.399878849254, 26929.06772754749, 24489.048513634116, 26929.06772754749
10, 27308.399878849254, 24663.83324851431, 27308.399878849254, 27015.586166897767, 24462.75501950339, 27015.586166897767
11, 27449.151836531586, 23919.139951200403, 27449.151836531586, 27089.6137832557, 24433.372151307743, 27089.6137832557
12, 27574.828621842684, 24148.89467697205, 27574.828621842684, 27176.062428740857, 24416.09581644492, 27176.062428740857
13, 27574.828621842684, 24148.89467697205, 27574.828621842684, 27266.226475580796, 24401.592474497105, 27266.226475580796
14, 27712.082732460374, 24586.003943387794, 27712.082732460374, 27347.093143028374, 24371.40210729551, 27347.093143028374
15, 27712.082732460374, 24586.003943387794, 27712.082732460374, 27416.768034641296, 24375.968489366223, 27416.768034641296
16, 27712.082732460374, 24586.003943387794, 27712.082732460374, 27477.70345062841, 24327.845141458823, 27477.70345062841
17, 27965.338022701573, 24590.431556690935, 27965.338022701573, 27546.85509910368, 24346.47545703683, 27546.85509910368
18, 27965.338022701573, 24590.431556690935, 27965.338022701573, 27616.339687737454, 24367.323683955554, 27616.339687737454
19, 27965.338022701573, 24590.431556690935, 27965.338022701573, 27671.7065074733, 24390.464367222936, 27671.7065074733
20, 27965.338022701573, 24590.431556690935, 27965.338022701573, 27720.559002357008, 24351.754672754003, 27720.559002357008
21, 28007.679676124553, 24314.829170660945, 28007.679676124553, 27767.832009323552, 24398.014773572544, 27767.832009323552
22, 28089.41306949783, 24536.930756946407, 28089.41306949783, 27822.590566066825, 24406.091933470005, 27822.590566066825
23, 28141.471594692724, 24288.5172187488, 28141.471594692724, 27875.355454482975, 24399.325332938533, 27875.355454482975
24, 28160.058960670343, 24077.08781645037, 28160.058960670343, 27928.609028006194, 24408.554504803393, 27928.609028006194
25, 28249.8523025496, 24522.477765371095, 28249.8523025496, 27990.280130139505, 24370.175979379183, 27990.280130139505
26, 28407.75098629356, 23921.459242968987, 28407.75098629356, 28049.668814692926, 24359.494554499397, 28049.668814692926
27, 28428.848559311435, 24560.137818333664, 28428.848559311435, 28116.153890070207, 24344.43799119271, 28116.153890070207
28, 28520.635112983437, 24665.804945909822, 28520.635112983437, 28173.546256409307, 24315.4762428576, 28173.546256409307
29, 28520.635112983437, 24665.804945909822, 28520.635112983437, 28238.589494851098, 24345.52863448654, 28238.589494851098
30, 28597.67036466828, 24673.16241145992, 28597.67036466828, 28293.75308707704, 24330.046370301712, 28293.75308707704
31, 28597.67036466828, 24673.16241145992, 28597.67036466828, 28347.818669306085, 24363.218626589238, 28347.818669306085
32, 28668.581910905385, 23943.852622178863, 28668.581910905385, 28402.775577269862, 24366.901318394674, 28402.775577269862
33, 28710.84252022303, 24539.944778541827, 28710.84252022303, 28458.931963401796, 24386.471115476907, 28458.931963401796
34, 28726.678959890625, 24507.9868558864, 28726.678959890625, 28506.82142952081, 24359.931021919285, 28506.82142952081
35, 28788.586349439618, 24417.92647377495, 28788.586349439618, 28559.23874883172, 24413.218042888402, 28559.23874883172
36, 28793.391641975657, 23798.32793978046, 28793.391641975657, 28592.935828845017, 24349.825497568763, 28592.935828845017
37, 28941.839490445433, 24659.151810534797, 28941.839490445433, 28642.339167356527, 24326.658380757515, 28642.339167356527
38, 28941.839490445433, 24659.151810534797, 28941.839490445433, 28684.293141373157, 24305.389997406684, 28684.293141373157
39, 28989.501871911212, 24579.174505764546, 28989.501871911212, 28736.13926899225, 24316.026996317938, 28736.13926899225
40, 29025.490089335744, 24286.813112675485, 29025.490089335744, 28779.461658921246, 24401.865351580247, 28779.461658921246
41, 29025.490089335744, 24286.813112675485, 29025.490089335744, 28825.35937704515, 24340.484924815028, 28825.35937704515
42, 29084.481730134565, 24313.409148744322, 29084.481730134565, 28865.848683787124, 24300.31095703092, 28865.848683787124
43, 29084.481730134565, 24313.409148744322, 29084.481730134565, 28910.17101759119, 24291.685651947544, 28910.17101759119
44, 29104.08547529706, 24116.65743447694, 29104.08547529706, 28945.53756423723, 24335.35803139121, 28945.53756423723
45, 29300.477630331126, 24645.790073059343, 29300.477630331126, 28986.439665957034, 24364.482789694295, 28986.439665957034
46, 29323.75781653537, 24102.639739242022, 29323.75781653537, 29024.488574167495, 24317.791748093437, 29024.488574167495
47, 29379.87144513202, 24349.88235693957, 29379.87144513202, 29064.17798311002, 24260.167493353383, 29064.17798311002
48, 29379.87144513202, 24349.88235693957, 29379.87144513202, 29110.7649570543, 24244.193985392103, 29110.7649570543
49, 29419.026492270288, 24469.396067613194, 29419.026492270288, 29148.433648385195, 24206.751462505246, 29148.433648385195
50, 29424.875580942506, 24420.591054317985, 29424.875580942506, 29188.1748669521, 24284.933846354685, 29188.1748669521
51, 29474.519125243354, 24362.564521633078, 29474.519125243354, 29242.300014091754, 24327.53459870901, 29242.300014091754
52, 29581.51428984094, 24440.34198896225, 29581.51428984094, 29293.169787763614, 24349.3082928772, 29293.169787763614
53, 29581.51428984094, 24440.34198896225, 29581.51428984094, 29345.073177541817, 24368.403909489523, 29345.073177541817
54, 29599.67841687684, 24669.403699536033, 29599.67841687684, 29377.52781430389, 24350.80922897481, 29377.52781430389
55, 29599.67841687684, 24669.403699536033, 29599.67841687684, 29406.043560119608, 24354.911790668066, 29406.043560119608
56, 29599.67841687684, 24669.403699536033, 29599.67841687684, 29431.368250086085, 24364.140995089336, 29431.368250086085
57, 29611.242728708738, 24646.616707114787, 29611.242728708738, 29475.416939445568, 24376.23136696035, 29475.416939445568
58, 29716.926999283263, 24596.956159244928, 29716.926999283263, 29512.077889579727, 24400.02227398612, 29512.077889579727
59, 29763.548825398764, 24342.48106770268, 29763.548825398764, 29546.61902925007, 24414.4851351169, 29546.61902925007
60, 29763.548825398764, 24342.48106770268, 29763.548825398764, 29580.944673035134, 24478.201644660352, 29580.944673035134
61, 29868.924850408715, 24401.241673339784, 29868.924850408715, 29602.36198565328, 24497.647854784405, 29602.36198565328
62, 29868.924850408715, 24401.241673339784, 29868.924850408715, 29620.65413500395, 24531.087904285276, 29620.65413500395
63, 29868.924850408715, 24401.241673339784, 29868.924850408715, 29646.425950357945, 24476.81995180322, 29646.425950357945
64, 29868.924850408715, 24401.241673339784, 29868.924850408715, 29680.598271057897, 24404.017331129682, 29680.598271057897
65, 29870.925642553644, 24341.385499554515, 29870.925642553644, 29719.783188359783, 24427.778956496688, 29719.783188359783
66, 30063.827923820405, 24527.804310554246, 30063.827923820405, 29756.060237983762, 24427.853314640084, 29756.060237983762
67, 30063.827923820405, 24527.804310554246, 30063.827923820405, 29798.375012762575, 24447.00733202385, 29798.375012762575
68, 30063.827923820405, 24527.804310554246, 30063.827923820405, 29847.062585890686, 24435.630457390904, 29847.062585890686
69, 30087.818744829954, 24119.199392623665, 30087.818744829954, 29870.102461703158, 24431.31544124229, 29870.102461703158
70, 30087.818744829954, 24119.199392623665, 30087.818744829954, 29882.93294687986, 24406.810013563103, 29882.93294687986
71, 30087.818744829954, 24119.199392623665, 30087.818744829954, 29898.231964577866, 24424.139500840032, 29898.231964577866
72, 30087.818744829954, 24119.199392623665, 30087.818744829954, 29920.15777007158, 24448.45482600677, 29920.15777007158
73, 30125.266039163864, 24410.41090607928, 30125.266039163864, 29954.050001474203, 24464.43558671392, 29954.050001474203
74, 30125.266039163864, 24410.41090607928, 30125.266039163864, 29991.256465162594, 24467.58524370215, 29991.256465162594
75, 30177.814779351476, 24257.248245504128, 30177.814779351476, 30032.76354724356, 24485.89913512467, 30032.76354724356
76, 30177.814779351476, 24257.248245504128, 30177.814779351476, 30066.738044127378, 24495.204342647154, 30066.738044127378
77, 30206.20926416057, 24659.26751690374, 30206.20926416057, 30080.299372481433, 24400.0917689396, 30080.299372481433
78, 30234.358679674908, 24437.190672333047, 30234.358679674908, 30096.40638400007, 24354.577465566144, 30096.40638400007
79, 30328.511805407885, 24194.668495554826, 30328.511805407885, 30121.518459869036, 24296.485747477476, 30121.518459869036
80, 30328.511805407885, 24194.668495554826, 30328.511805407885, 30144.673828964224, 24356.21954053998, 30144.673828964224
81, 30362.49060035939, 24585.08273134869, 30362.49060035939, 30168.253963415413, 24344.377878453593, 30168.253963415413
82, 30531.85279208091, 24675.976525676597, 30531.85279208091, 30190.93814631234, 24347.2120193193, 30190.93814631234
83, 30531.85279208091, 24675.976525676597, 30531.85279208091, 30219.689408856924, 24382.835586211822, 30219.689408856924
84, 30531.85279208091, 24675.976525676597, 30531.85279208091, 30245.356221197442, 24439.82768278879, 30245.356221197442
85, 30531.85279208091, 24675.976525676597, 30531.85279208091, 30278.370802513477, 24353.304398383192, 30278.370802513477
86, 30531.85279208091, 24675.976525676597, 30531.85279208091, 30305.146909671766, 24284.5402620882, 30305.146909671766
87, 30531.85279208091, 24675.976525676597, 30531.85279208091, 30334.698888479532, 24340.82890953001, 30334.698888479532
88, 30591.27659923439, 24159.091698994496, 30591.27659923439, 30365.81761332779, 24313.612355011315, 30365.81761332779
89, 30591.27659923439, 24159.091698994496, 30591.27659923439, 30390.390974863396, 24389.35250725858, 30390.390974863396
90, 30591.27659923439, 24159.091698994496, 30591.27659923439, 30429.92597821727, 24432.99130803501, 30429.92597821727
91, 30634.828886904517, 24115.624872688386, 30634.828886904517, 30471.147405234537, 24352.435959162984, 30471.147405234537
92, 30634.828886904517, 24115.624872688386, 30634.828886904517, 30511.49224112255, 24359.801497471708, 30511.49224112255
93, 30634.828886904517, 24115.624872688386, 30634.828886904517, 30526.520149834207, 24523.03689477108, 30526.520149834207
94, 30649.698097242133, 24441.007373783537, 30649.698097242133, 30538.964974909068, 24614.230013554086, 30538.964974909068
95, 30649.698097242133, 24441.007373783537, 30649.698097242133, 30545.013440771196, 24593.17036036974, 30545.013440771196
96, 30649.698097242133, 24441.007373783537, 30649.698097242133, 30554.480596213372, 24537.237617769977, 30554.480596213372
97, 30649.698097242133, 24441.007373783537, 30649.698097242133, 30567.63215838278, 24476.015357235563, 30567.63215838278
98, 30808.68649738641, 24403.07538081658, 30808.68649738641, 30584.940529569354, 24359.263862984, 30584.940529569354
99, 30808.68649738641, 24403.07538081658, 30808.68649738641, 30606.786513073464, 24277.98007291249, 30606.786513073464
100, 30808.68649738641, 24403.07538081658, 30808.68649738641, 30622.70074052162, 24234.140146736245, 30622.70074052162
101, 30808.68649738641, 24403.07538081658, 30808.68649738641, 30642.412568772997, 24240.312998133606, 30642.412568772997
102, 30808.68649738641, 24403.07538081658, 30808.68649738641, 30651.569260343713, 24292.64716996971, 30651.569260343713
103, 30880.175723041768, 24344.327825276498, 30880.175723041768, 30662.207507329815, 24418.85687803645, 30662.207507329815
104, 30880.175723041768, 24344.327825276498, 30880.175723041768, 30684.002476802983, 24415.748979409127, 30684.002476802983
105, 30880.175723041768, 24344.327825276498, 30880.175723041768, 30709.33141523192, 24387.067352260085, 30709.33141523192
106, 30880.175723041768, 24344.327825276498, 30880.175723041768, 30728.72749784444, 24340.257886797684, 30728.72749784444
107, 30880.175723041768, 24344.327825276498, 30880.175723041768, 30753.004993372553, 24245.93319205449, 30753.004993372553
108, 30880.175723041768, 24344.327825276498, 30880.175723041768, 30785.053377885342, 24352.43679342222, 30785.053377885342
109, 30997.58514753367, 24305.024898131225, 30997.58514753367, 30818.442912440907, 24335.61067319563, 30818.442912440907
110, 30997.58514753367, 24305.024898131225, 30997.58514753367, 30832.225966338414, 24365.3183334222, 30832.225966338414
111, 30997.58514753367, 24305.024898131225, 30997.58514753367, 30851.340778749374, 24332.66536280907, 30851.340778749374
112, 31013.81981482449, 24561.93328675651, 31013.81981482449, 30866.933264266743, 24332.30625968875, 30866.933264266743
113, 31192.96597002263, 24267.750135898215, 31192.96597002263, 30882.811783833327, 24325.558543540916, 30882.811783833327
114, 31192.96597002263, 24267.750135898215, 31192.96597002263, 30900.52136928639, 24347.706681645937, 30900.52136928639
115, 31192.96597002263, 24267.750135898215, 31192.96597002263, 30911.643864208672, 24348.33054434668, 30911.643864208672
116, 31192.96597002263, 24267.750135898215, 31192.96597002263, 30930.86331154351, 24345.38679831107, 30930.86331154351
117, 31192.96597002263, 24267.750135898215, 31192.96597002263, 30965.309868397144, 24322.43434740059, 30965.309868397144
118, 31250.10849454911, 24562.565332892376, 31250.10849454911, 31007.00247910641, 24346.328378679482, 31007.00247910641
119, 31250.10849454911, 24562.565332892376, 31250.10849454911, 31028.80954427086, 24334.879594305716, 31028.80954427086
120, 31250.10849454911, 24562.565332892376, 31250.10849454911, 31056.92491185063, 24353.292792573506, 31056.92491185063
121, 31250.10849454911, 24562.565332892376, 31250.10849454911, 31094.975414495362, 24381.11221410257, 31094.975414495362
122, 31250.10849454911, 24562.565332892376, 31250.10849454911, 31153.703693475974, 24324.493744685948, 31153.703693475974
123, 31329.507695696015, 24381.44838065284, 31329.507695696015, 31199.63997211223, 24290.411048511785, 31199.63997211223
124, 31329.507695696015, 24381.44838065284, 31329.507695696015, 31204.362468994666, 24309.530346612282, 31204.362468994666
125, 31329.507695696015, 24381.44838065284, 31329.507695696015, 31214.740062835088, 24337.065803756424, 31214.740062835088
126, 31329.507695696015, 24381.44838065284, 31329.507695696015, 31229.062827181948, 24388.252494733886, 31229.062827181948
127, 31348.979842634824, 24407.75233432906, 31348.979842634824, 31251.240349648437, 24462.514437837886, 31251.240349648437
128, 31348.979842634824, 24407.75233432906, 31348.979842634824, 31266.916513104818, 24483.731376092575, 31266.916513104818
129, 31348.979842634824, 24407.75233432906, 31348.979842634824, 31278.68302283133, 24427.898932148633, 31278.68302283133
130, 31348.979842634824, 24407.75233432906, 31348.979842634824, 31294.138844415873, 24348.328572233142, 31294.138844415873
131, 31433.373957106513, 24569.726380411048, 31433.373957106513, 31318.5208403156, 24251.730423500623, 31318.5208403156
132, 31471.563864208834, 24632.26228042759, 31471.563864208834, 31331.45312433311, 24270.900946129394, 31331.45312433311
133, 31471.563864208834, 24632.26228042759, 31471.563864208834, 31336.128045984013, 24392.280658951677, 31336.128045984013
134, 31471.563864208834, 24632.26228042759, 31471.563864208834, 31340.005882703634, 24395.970684873566, 31340.005882703634
135, 31471.563864208834, 24632.26228042759, 31471.563864208834, 31347.32139769048, 24407.14619141021, 31347.32139769048
136, 31471.563864208834, 24632.26228042759, 31471.563864208834, 31361.73098313597, 24426.443738135247, 31361.73098313597
137, 31471.563864208834, 24632.26228042759, 31471.563864208834, 31373.6304544947, 24410.468869806733, 31373.6304544947
138, 31480.744016918674, 24399.867515645026, 31480.744016918674, 31392.896899283038, 24417.31480763152, 31392.896899283038
139, 31480.744016918674, 24399.867515645026, 31480.744016918674, 31424.229884895394, 24421.79331405194, 31424.229884895394
140, 31508.583176773376, 24589.18723550409, 31508.583176773376, 31443.431638911883, 24456.544863627594, 31443.431638911883
141, 31574.814168126537, 24255.007241949363, 31574.814168126537, 31454.35076110032, 24485.783601250434, 31454.35076110032
142, 31574.814168126537, 24255.007241949363, 31574.814168126537, 31465.733903706492, 24461.31506514897, 31465.733903706492
143, 31618.468022177312, 24557.89771885528, 31618.468022177312, 31477.005480464944, 24576.4552615176, 31477.005480464944
144, 31618.468022177312, 24557.89771885528, 31618.468022177312, 31481.074994493953, 24563.217485264475, 31481.074994493953
145, 31618.468022177312, 24557.89771885528, 31618.468022177312, 31485.786920091723, 24522.293530650742, 31485.786920091723
146, 31618.468022177312, 24557.89771885528, 31618.468022177312, 31495.33740270926, 24450.842013479443, 31495.33740270926
147, 31618.468022177312, 24557.89771885528, 31618.468022177312, 31505.314145730114, 24462.89291050418, 31505.314145730114
148, 31618.468022177312, 24557.89771885528, 31618.468022177312, 31519.830544457735, 24499.252888392504, 31519.830544457735
149, 31618.468022177312, 24557.89771885528, 31618.468022177312, 31542.05891547891, 24553.19384964545, 31542.05891547891
150, 31618.468022177312, 24557.89771885528, 31618.468022177312, 31555.154954303525, 24545.117417938978, 31555.154954303525
151, 31618.468022177312, 24557.89771885528, 31618.468022177312, 31567.053570435237, 24515.75465773266, 31567.053570435237
152, 31671.685513988985, 24568.40851007022, 31671.685513988985, 31588.725098779923, 24456.052842481495, 31588.725098779923
153, 31671.685513988985, 24568.40851007022, 31671.685513988985, 31602.316785749183, 24512.308862977734, 31602.316785749183
154, 31671.685513988985, 24568.40851007022, 31671.685513988985, 31610.059934470737, 24552.52637385593, 31610.059934470737
155, 31672.47017342491, 24642.928490529044, 31672.47017342491, 31616.685234868262, 24557.226577019013, 31616.685234868262
156, 31672.47017342491, 24642.928490529044, 31672.47017342491, 31619.802382769714, 24558.533088537875, 31619.802382769714
157, 31707.484822700768, 24295.088741932737, 31707.484822700768, 31621.00965848998, 24557.565529010277, 31621.00965848998
158, 31707.484822700768, 24295.088741932737, 31707.484822700768, 31623.825498063256, 24556.796601001373, 31623.825498063256
159, 31707.484822700768, 24295.088741932737, 31707.484822700768, 31626.48982807809, 24556.048371572928, 31626.48982807809
160, 31707.484822700768, 24295.088741932737, 31707.484822700768, 31629.477826373288, 24556.395054964403, 31629.477826373288
161, 31725.96429331358, 24596.099624719016, 31725.96429331358, 31635.301655836043, 24557.130268875477, 31635.301655836043
162, 31725.96429331358, 24596.099624719016, 31725.96429331358, 31648.378428254822, 24557.644606497874, 31648.378428254822
163, 31725.96429331358, 24596.099624719016, 31725.96429331358, 31664.390057646393, 24553.641406764822, 31664.390057646393
164, 31725.96429331358, 24596.099624719016, 31725.96429331358, 31676.205582718234, 24550.984321800846, 31676.205582718234
165, 31734.396327371796, 24550.868344979808, 31734.396327371796, 31679.801008568145, 24540.91850772006, 31679.801008568145
166, 31740.082584995595, 24653.053500138296, 31740.082584995595, 31685.321827749103, 24528.021987345634, 31685.321827749103
167, 31740.082584995595, 24653.053500138296, 31740.082584995595, 31692.015826812003, 24504.470636414513, 31692.015826812003
168, 31753.511997000234, 24456.436179550892, 31753.511997000234, 31703.289604141206, 24433.490853359795, 31703.289604141206
169, 31847.483846169493, 24465.115390796385, 31847.483846169493, 31714.191301204028, 24381.955748302, 31714.191301204028
170, 31847.483846169493, 24465.115390796385, 31847.483846169493, 31719.09627003975, 24416.1938004886, 31719.09627003975
171, 31847.483846169493, 24465.115390796385, 31847.483846169493, 31725.891557810843, 24497.212411138258, 31725.891557810843
172, 31847.483846169493, 24465.115390796385, 31847.483846169493, 31733.71870381581, 24569.245551044718, 31733.71870381581
173, 31847.483846169493, 24465.115390796385, 31847.483846169493, 31740.37514960219, 24548.800274124205, 31740.37514960219
174, 31864.8623258883, 24112.2434492783, 31864.8623258883, 31748.906697794613, 24523.83534079008, 31748.906697794613
175, 31864.8623258883, 24112.2434492783, 31864.8623258883, 31757.342621072065, 24507.098615722898, 31757.342621072065
176, 32119.878857929038, 24644.62264687033, 32119.878857929038, 31774.190641435063, 24467.469163548496, 31774.190641435063
177, 32119.878857929038, 24644.62264687033, 32119.878857929038, 31793.998251027264, 24410.27527536884, 31793.998251027264
178, 32119.878857929038, 24644.62264687033, 32119.878857929038, 31818.364692906936, 24429.253347051814, 31818.364692906936
179, 32119.878857929038, 24644.62264687033, 32119.878857929038, 31853.7192349239, 24468.187854762484, 31853.7192349239
180, 32119.878857929038, 24644.62264687033, 32119.878857929038, 31864.57579642212, 24446.83509224691, 31864.57579642212
181, 32119.878857929038, 24644.62264687033, 32119.878857929038, 31873.947838442204, 24436.500826073367, 31873.947838442204
182, 32119.878857929038, 24644.62264687033, 32119.878857929038, 31889.03401430864, 24424.454760403984, 31889.03401430864
183, 32119.878857929038, 24644.62264687033, 32119.878857929038, 31920.96917470585, 24417.686419149468, 31920.96917470585
184, 32119.878857929038, 24644.62264687033, 32119.878857929038, 31963.542052927645, 24384.515195118907, 31963.542052927645
185, 32119.878857929038, 24644.62264687033, 32119.878857929038, 32018.12794828636, 24533.565280756597, 32018.12794828636
186, 32119.878857929038, 24644.62264687033, 32119.878857929038, 32097.54478414691, 24636.710217993557, 32097.54478414691
187, 32179.80340304027, 24630.269342364336, 32179.80340304027, 32120.17848065474, 24644.55088034786, 32120.17848065474
188, 32179.80340304027, 24630.269342364336, 32179.80340304027, 32120.478103380297, 24644.47911382533, 32120.478103380297
189, 32179.80340304027, 24630.269342364336, 32179.80340304027, 32121.077348831408, 24644.33558078027, 32121.077348831408
190, 32262.985802126925, 24366.21435767076, 32262.985802126925, 32122.25807381784, 24642.0351708499, 32122.25807381784
191, 32262.985802126925, 24366.21435767076, 32262.985802126925, 32123.947582249843, 24638.27856509702, 32123.947582249843
192, 32262.985802126925, 24366.21435767076, 32262.985802126925, 32128.24665773111, 24630.181848723092, 32128.24665773111
193, 32262.985802126925, 24366.21435767076, 32262.985802126925, 32135.296891039532, 24618.542397823745, 32135.296891039532
194, 32262.985802126925, 24366.21435767076, 32262.985802126925, 32145.03011553113, 24597.371250231903, 32145.03011553113
195, 32262.985802126925, 24366.21435767076, 32262.985802126925, 32163.438987232857, 24560.27736059942, 32163.438987232857
196, 32262.985802126925, 24366.21435767076, 32262.985802126925, 32184.880333150875, 24533.10459103344, 32184.880333150875
197, 32262.985802126925, 24366.21435767076, 32262.985802126925, 32191.737248941445, 24592.127280599285, 32191.737248941445
198, 32378.941883869487, 24395.748533360493, 32378.941883869487, 32200.01443441298, 24565.630190428546, 32200.01443441298
199, 32392.20868193732, 24583.809586343017, 32392.20868193732, 32215.848249939918, 24523.190581998755, 32215.848249939918
200, 32392.20868193732, 24583.809586343017, 32392.20868193732, 32237.360181396332, 24457.451234796055, 32237.360181396332
201, 32392.20868193732, 24583.809586343017, 32392.20868193732, 32265.65054710023, 24390.514984868696, 32265.65054710023
202, 32392.20868193732, 24583.809586343017, 32392.20868193732, 32269.974202492987, 24379.554504900858, 32269.974202492987
203, 32392.20868193732, 24583.809586343017, 32392.20868193732, 32273.863342927172, 24385.92879768619, 32273.863342927172
204, 32392.20868193732, 24583.809586343017, 32392.20868193732, 32279.065689800893, 24395.48131291094, 32279.065689800893
205, 32392.20868193732, 24583.809586343017, 32392.20868193732, 32292.305899306622, 24416.027971557294, 32292.305899306622
206, 32392.20868193732, 24583.809586343017, 32392.20868193732, 32312.395329431147, 24452.432674553755, 32312.395329431147
207, 32392.20868193732, 24583.809586343017, 32392.20868193732, 32340.10081769075, 24498.71263558215, 32340.10081769075
208, 32392.20868193732, 24583.809586343017, 32392.20868193732, 32376.737619226096, 24497.879214080986, 32376.737619226096
209, 32404.72280614964, 24628.8302774963, 32404.72280614964, 32390.966600584947, 24568.01499266842, 32390.966600584947
210, 32404.72280614964, 24628.8302774963, 32404.72280614964, 32392.27125255837, 24584.034689798802, 32392.27125255837
211, 32467.659768889247, 24540.457942038374, 32467.659768889247, 32392.648507993134, 24583.81793157728, 32392.648507993134
212, 32508.962881496747, 24659.845157110252, 32508.962881496747, 32394.499298853065, 24583.42401263344, 32394.499298853065
213, 32508.962881496747, 24659.845157110252, 32508.962881496747, 32396.6821746985, 24582.56222280141, 32396.6821746985
214, 32508.962881496747, 24659.845157110252, 32508.962881496747, 32398.927621165003, 24581.925536425148, 32398.927621165003
215, 32508.962881496747, 24659.845157110252, 32508.962881496747, 32403.45428978931, 24582.062794044865, 32403.45428978931
216, 32508.962881496747, 24659.845157110252, 32508.962881496747, 32410.656118620205, 24582.145739567186, 32410.656118620205
217, 32508.962881496747, 24659.845157110252, 32508.962881496747, 32419.69782964998, 24581.440761221776, 32419.69782964998
218, 32508.962881496747, 24659.845157110252, 32508.962881496747, 32434.695784621676, 24577.657126081398, 32434.695784621676
219, 32530.754963593183, 24425.999288684812, 32530.754963593183, 32466.385837270176, 24566.201477576462, 32466.385837270176
220, 32530.754963593183, 24425.999288684812, 32530.754963593183, 32483.223060548222, 24558.68555376005, 32483.223060548222
221, 32530.754963593183, 24425.999288684812, 32530.754963593183, 32490.246990459626, 24565.492756377258, 32490.246990459626
222, 32530.754963593183, 24425.999288684812, 32530.754963593183, 32497.694430423337, 24578.03621454209, 32497.694430423337
223, 32530.754963593183, 24425.999288684812, 32530.754963593183, 32506.541671001887, 24638.75781448708, 32506.541671001887
224, 32530.754963593183, 24425.999288684812, 32530.754963593183, 32509.356844626695, 24654.158577631642, 32509.356844626695
225, 32563.443385326642, 24587.102229890665, 32563.443385326642, 32509.847167966804, 24651.456404311288, 32509.847167966804
226, 32563.443385326642, 24587.102229890665, 32563.443385326642, 32510.332527754374, 24645.82292185147, 32510.332527754374
227, 32563.443385326642, 24587.102229890665, 32563.443385326642, 32511.004273543615, 24638.8957700616, 32511.004273543615
228, 32563.443385326642, 24587.102229890665, 32563.443385326642, 32512.317493254806, 24627.389096541607, 32512.317493254806
229, 32563.443385326642, 24587.102229890665, 32563.443385326642, 32513.13821305453, 24618.902800101583, 32513.13821305453
230, 32563.443385326642, 24587.102229890665, 32563.443385326642, 32516.25206801282, 24593.91271405479, 32516.25206801282
231, 32563.443385326642, 24587.102229890665, 32563.443385326642, 32520.599612006088, 24548.497735084427, 32520.599612006088
232, 32563.443385326642, 24587.102229890665, 32563.443385326642, 32526.381555892465, 24482.321956793545, 32526.381555892465
233, 32563.443385326642, 24587.102229890665, 32563.443385326642, 32532.561218259973, 24461.070962926507, 32532.561218259973
234, 32563.443385326642, 24587.102229890665, 32563.443385326642, 32534.19941550877, 24480.921065600738, 32534.19941550877
235, 32563.443385326642, 24587.102229890665, 32563.443385326642, 32536.165755695594, 24506.31384955831, 32536.165755695594
236, 32563.443385326642, 24587.102229890665, 32563.443385326642, 32539.3714690973, 24552.74424124423, 32539.3714690973
237, 32563.443385326642, 24587.102229890665, 32563.443385326642, 32546.227081509922, 24638.451450005356, 32546.227081509922
238, 32563.443385326642, 24587.102229890665, 32563.443385326642, 32555.36871266657, 24608.726825465896, 32555.36871266657
239, 32568.402125905006, 24474.37796742855, 32568.402125905006, 32563.468179029434, 24586.5386085784, 32563.468179029434
240, 32582.701320632783, 24610.515504379986, 32582.701320632783, 32563.58926240886, 24586.09205363854, 32563.58926240886
241, 32582.701320632783, 24610.515504379986, 32582.701320632783, 32563.61405611175, 24585.528432326228, 32563.61405611175
242, 32628.6587494939, 24590.407064162373, 32628.6587494939, 32564.3337928413, 24583.60753867591, 32564.3337928413
243, 32668.754237022953, 24582.64055080571, 32668.754237022953, 32565.58008382933, 24581.664336630172, 32565.58008382933
244, 32668.754237022953, 24582.64055080571, 32668.754237022953, 32566.44569764119, 24578.733266727682, 32566.44569764119
245, 32668.754237022953, 24582.64055080571, 32668.754237022953, 32568.58960860645, 24575.113191032102, 32568.58960860645
246, 32668.754237022953, 24582.64055080571, 32668.754237022953, 32571.68067953907, 24568.877259993387, 32571.68067953907
247, 32668.754237022953, 24582.64055080571, 32668.754237022953, 32576.69724003379, 24559.627455997015, 32576.69724003379
248, 32668.754237022953, 24582.64055080571, 32668.754237022953, 32583.380158471802, 24538.236512064115, 32583.380158471802
249, 32668.754237022953, 24582.64055080571, 32668.754237022953, 32591.950131047633, 24546.336998173814, 32591.950131047633
250, 32668.754237022953, 24582.64055080571, 32668.754237022953, 32603.819561604258, 24567.544462326867, 32603.819561604258
251, 32668.754237022953, 24582.64055080571, 32668.754237022953, 32617.215740876367, 24546.799284447316, 32617.215740876367
252, 32668.754237022953, 24582.64055080571, 32668.754237022953, 32623.388943775055, 24568.930434515314, 32623.388943775055
253, 32668.754237022953, 24582.64055080571, 32668.754237022953, 32628.950255687585, 24590.07086037931, 32628.950255687585
254, 32668.754237022953, 24582.64055080571, 32668.754237022953, 32629.166928556948, 24589.51039177207, 32629.166928556948
255, 32668.754237022953, 24582.64055080571, 32668.754237022953, 32629.266158988452, 24589.59819551732, 32629.266158988452
256, 32668.754237022953, 24582.64055080571, 32668.754237022953, 32629.480711323642, 24588.606173985685, 32629.480711323642
257, 32668.754237022953, 24582.64055080571, 32668.754237022953, 32630.541972338142, 24587.670198161904, 32630.541972338142
258, 32725.441989860155, 24431.769267249634, 32725.441989860155, 32631.935400235307, 24585.116368799092, 32631.935400235307
259, 32725.441989860155, 24431.769267249634, 32725.441989860155, 32633.03155040432, 24582.782370964334, 32633.03155040432
260, 32725.441989860155, 24431.769267249634, 32725.441989860155, 32636.021941709205, 24579.138386915154, 32636.021941709205
261, 32725.441989860155, 24431.769267249634, 32725.441989860155, 32640.305469253348, 24572.843745676455, 32640.305469253348
262, 32725.441989860155, 24431.769267249634, 32725.441989860155, 32646.096594585426, 24577.126389334644, 32646.096594585426
263, 32725.441989860155, 24431.769267249634, 32725.441989860155, 32654.319695492024, 24597.47150690913, 32654.319695492024
264, 32725.441989860155, 24431.769267249634, 32725.441989860155, 32659.447032458527, 24594.88200252658, 32659.447032458527
265, 32725.441989860155, 24431.769267249634, 32725.441989860155, 32666.109628133258, 24591.154835223384, 32666.109628133258
266, 32725.441989860155, 24431.769267249634, 32725.441989860155, 32671.21025097187, 24576.50932837016, 32671.21025097187
267, 32725.441989860155, 24431.769267249634, 32725.441989860155, 32673.140660771318, 24574.96367161157, 32673.140660771318
268, 32725.441989860155, 24431.769267249634, 32725.441989860155, 32676.780988846906, 24570.051405825372, 32676.780988846906
269, 32725.441989860155, 24431.769267249634, 32725.441989860155, 32680.122815425635, 24562.75625820817, 32680.122815425635
270, 32725.441989860155, 24431.769267249634, 32725.441989860155, 32684.823791255403, 24555.89660055235, 32684.823791255403
271, 32725.441989860155, 24431.769267249634, 32725.441989860155, 32692.31338484654, 24543.937603709543, 32692.31338484654
272, 32725.441989860155, 24431.769267249634, 32725.441989860155, 32705.33821997527, 24524.421540250372, 32705.33821997527
273, 32725.441989860155, 24431.769267249634, 32725.441989860155, 32722.86975460521, 24494.592272841586, 32722.86975460521
274, 32725.441989860155, 24431.769267249634, 32725.441989860155, 32725.441989860254, 24431.769267249754, 32725.441989860254
275, 32725.441989860155, 24431.769267249634, 32725.441989860155, 32725.441989860254, 24431.769267249754, 32725.441989860254
276, 32725.441989860155, 24431.769267249634, 32725.441989860155, 32725.441989860254, 24431.769267249754, 32725.441989860254
277, 32741.157310834027, 24269.33533100467, 32741.157310834027, 32725.520566465122, 24430.957097568527, 32725.520566465122
278, 32741.157310834027, 24269.33533100467, 32741.157310834027, 32725.59914306999, 24430.1449278873, 32725.59914306999
279, 32741.157310834027, 24269.33533100467, 32741.157310834027, 32725.992026094344, 24426.084079481177, 32725.992026094344
280, 32741.157310834027, 24269.33533100467, 32741.157310834027, 32726.14917930408, 24424.459740118727, 32726.14917930408
281, 32741.157310834027, 24269.33533100467, 32741.157310834027, 32726.699215538167, 24418.774552350154, 32726.699215538167
282, 32741.157310834027, 24269.33533100467, 32741.157310834027, 32727.40640498199, 24411.465025219135, 32727.40640498199
283, 32741.157310834027, 24269.33533100467, 32741.157310834027, 32728.34932424042, 24401.71898904444, 32728.34932424042
284, 32752.21662102411, 24530.251480967465, 32752.21662102411, 32730.054729493604, 24385.96800648853, 32730.054729493604
285, 32752.21662102411, 24530.251480967465, 32752.21662102411, 32733.04937692178, 24360.64364021385, 32733.04937692178
286, 32760.47617423729, 24239.208558214013, 32760.47617423729, 32736.985123945728, 24323.144008520652, 32736.985123945728
287, 32787.26437903554, 24608.0201116405, 32787.26437903554, 32742.120812542358, 24286.540553938314, 32742.120812542358
288, 32787.26437903554, 24608.0201116405, 32787.26437903554, 32742.752534944913, 24295.918292373073, 32742.752534944913
289, 32787.26437903554, 24608.0201116405, 32787.26437903554, 32743.891275443235, 24313.51235846009, 32743.891275443235
290, 32787.26437903554, 24608.0201116405, 32787.26437903554, 32746.991933039244, 24350.930398174052, 32746.991933039244
291, 32787.26437903554, 24608.0201116405, 32787.26437903554, 32750.564807469822, 24406.94369169991, 32750.564807469822
292, 32787.26437903554, 24608.0201116405, 32787.26437903554, 32756.236753502693, 24491.47937658183, 32756.236753502693
293, 32787.26437903554, 24608.0201116405, 32787.26437903554, 32761.40290001288, 24483.713390329674, 32761.40290001288
294, 32787.26437903554, 24608.0201116405, 32787.26437903554, 32768.43386116603, 24454.048715904453, 32768.43386116603
295, 32787.26437903554, 24608.0201116405, 32787.26437903554, 32777.88850735616, 24478.936067941166, 32777.88850735616
296, 32787.26437903554, 24608.0201116405, 32787.26437903554, 32787.26437903562, 24608.020111640522, 32787.26437903562
297, 32913.3277237435, 24633.571513171475, 32913.3277237435, 32787.98125846066, 24608.10883839497, 32787.98125846066
298, 32913.3277237435, 24633.571513171475, 32913.3277237435, 32788.06782116216, 24608.06980814176, 32788.06782116216
299, 32913.3277237435, 24633.571513171475, 32913.3277237435, 32788.06782116216, 24608.06980814176, 32788.06782116216
300, 32913.3277237435, 24633.571513171475, 32913.3277237435, 32788.93454676748, 24608.1746375195, 32788.93454676748
301, 32913.3277237435, 24633.571513171475, 32913.3277237435, 32789.65142619252, 24608.263364273942, 32789.65142619252
302, 32913.3277237435, 24633.571513171475, 32913.3277237435, 32790.6629311381, 24608.540950860657, 32790.6629311381
303, 32913.3277237435, 24633.571513171475, 32913.3277237435, 32792.41749385246, 24608.432493480526, 32792.41749385246
304, 32913.3277237435, 24633.571513171475, 32913.3277237435, 32797.61999643342, 24608.631818107384, 32797.61999643342
305, 32913.3277237435, 24633.571513171475, 32913.3277237435, 32801.52568708331, 24608.883229933963, 32801.52568708331
306, 32913.3277237435, 24633.571513171475, 32913.3277237435, 32809.383101896274, 24608.923198474324, 32809.383101896274
307, 32913.3277237435, 24633.571513171475, 32913.3277237435, 32819.847503736855, 24609.47399268506, 32819.847503736855
308, 32913.3277237435, 24633.571513171475, 32913.3277237435, 32837.51531180247, 24609.588831152083, 32837.51531180247
309, 32913.3277237435, 24633.571513171475, 32913.3277237435, 32853.576942785, 24612.076314833113, 32853.576942785
310, 32917.27032860793, 24451.541467358387, 32917.27032860793, 32881.118378026, 24619.00573617869, 32881.118378026
311, 32917.27032860793, 24451.541467358387, 32917.27032860793, 32913.34743676774, 24632.661362942323, 32913.34743676774
312, 32917.27032860793, 24451.541467358387, 32917.27032860793, 32913.347846614204, 24632.451949141203, 32913.347846614204
313, 32945.872702007844, 24592.947085305117, 32945.872702007844, 32913.54999755417, 24630.428526543743, 32913.54999755417
314, 32945.872702007844, 24592.947085305117, 32945.872702007844, 32913.58942360282, 24628.608226085613, 32913.58942360282
315, 32945.872702007844, 24592.947085305117, 32945.872702007844, 32913.68424348375, 24627.62765058551, 32913.68424348375
316, 32945.872702007844, 24592.947085305117, 32945.872702007844, 32913.98121430466, 24624.623652487946, 32913.98121430466
317, 32945.872702007844, 24592.947085305117, 32945.872702007844, 32914.77344215407, 24618.034047832727, 32914.77344215407
318, 32945.872702007844, 24592.947085305117, 32945.872702007844, 32915.684477487586, 24607.902489509852, 32915.684477487586
319, 32998.95341349761, 24550.729486073833, 32998.95341349761, 32918.415239584654, 24587.67308874353, 32918.415239584654
320, 32998.95341349761, 24550.729486073833, 32998.95341349761, 32921.455364189016, 24562.24905677456, 32921.455364189016
321, 32998.95341349761, 24550.729486073833, 32998.95341349761, 32926.635107195725, 24519.55073162311, 32926.635107195725
322, 32998.95341349761, 24550.729486073833, 32998.95341349761, 32931.40316096195, 24533.429980918794, 32931.40316096195
323, 32998.95341349761, 24550.729486073833, 32998.95341349761, 32940.726312530045, 24579.517431099448, 32940.726312530045
324, 32998.95341349761, 24550.729486073833, 32998.95341349761, 32949.81558662471, 24589.25191668726, 32949.81558662471
325, 32998.95341349761, 24550.729486073833, 32998.95341349761, 32953.01506226075, 24585.914472037697, 32953.01506226075
326, 32998.95341349761, 24550.729486073833, 32998.95341349761, 32955.471128916004, 24582.93475135642, 32955.471128916004
327, 32998.95341349761, 24550.729486073833, 32998.95341349761, 32961.28647138162, 24576.95757806978, 32961.28647138162
328, 33008.029421383915, 24463.34939131984, 33008.029421383915, 32972.209878787224, 24566.607153746994, 32972.209878787224
329, 33008.029421383915, 24463.34939131984, 33008.029421383915, 32988.534896602025, 24550.83266434729, 32988.534896602025
330, 33071.61415866252, 24580.677399755874, 33071.61415866252, 32999.45285734177, 24549.568524220995, 32999.45285734177
331, 33071.61415866252, 24580.677399755874, 33071.61415866252, 32999.54361742063, 24548.69472327346, 32999.54361742063
332, 33071.61415866252, 24580.677399755874, 33071.61415866252, 32999.6343774995, 24547.820922325925, 32999.6343774995
333, 33071.61415866252, 24580.677399755874, 33071.61415866252, 33000.088441304186, 24547.09686094679, 33000.088441304186
334, 33071.61415866252, 24580.677399755874, 33071.61415866252, 33000.542505108875, 24546.372799567664, 33000.542505108875
335, 33071.61415866252, 24580.677399755874, 33071.61415866252, 33002.20886861909, 24541.586740540562, 33002.20886861909
336, 33071.61415866252, 24580.677399755874, 33071.61415866252, 33005.76902265744, 24537.12000683465, 33005.76902265744
337, 33071.61415866252, 24580.677399755874, 33071.61415866252, 33010.2885137812, 24521.364045139904, 33010.2885137812
338, 33071.61415866252, 24580.677399755874, 33071.61415866252, 33016.9664104731, 24505.595061214855, 33016.9664104731
339, 33071.61415866252, 24580.677399755874, 33071.61415866252, 33026.16233197473, 24482.235273471568, 33026.16233197473
340, 33080.06299071321, 24299.33243564279, 33080.06299071321, 33040.91804889574, 24486.870327240034, 33040.91804889574
341, 33080.06299071321, 24299.33243564279, 33080.06299071321, 33064.33304623506, 24525.670039957593, 33064.33304623506
342, 33080.06299071321, 24299.33243564279, 33080.06299071321, 33071.72417115305, 24579.324118253426, 33071.72417115305
343, 33080.06299071321, 24299.33243564279, 33080.06299071321, 33071.876427803676, 24576.56411193044, 33071.876427803676
344, 33080.06299071321, 24299.33243564279, 33080.06299071321, 33071.99480028925, 24573.777383948378, 33071.99480028925
345, 33098.767212243365, 24616.012237339874, 33098.767212243365, 33072.37567052348, 24566.947155692545, 33072.37567052348
346, 33098.767212243365, 24616.012237339874, 33098.767212243365, 33073.02784268585, 24560.400488260915, 33073.02784268585
347, 33098.767212243365, 24616.012237339874, 33098.767212243365, 33073.85156663658, 24548.745742743507, 33073.85156663658
348, 33098.767212243365, 24616.012237339874, 33098.767212243365, 33074.731895167235, 24537.98927827578, 33074.731895167235
349, 33098.767212243365, 24616.012237339874, 33098.767212243365, 33076.31713097881, 24512.60428869508, 33076.31713097881
350, 33098.767212243365, 24616.012237339874, 33098.767212243365, 33079.56861437537, 24452.6019560152, 33079.56861437537
351, 33098.767212243365, 24616.012237339874, 33098.767212243365, 33081.2740686737, 24364.914875397786, 33081.2740686737
352, 33098.767212243365, 24616.012237339874, 33098.767212243365, 33082.53737068856, 24347.858675933214, 33082.53737068856
353, 33102.98748775444, 24272.52951202024, 33102.98748775444, 33084.08043100928, 24376.037492599477, 33084.08043100928
354, 33102.98748775444, 24272.52951202024, 33102.98748775444, 33086.63186457483, 24423.473515123467, 33086.63186457483
355, 33153.239810184255, 24575.715236005486, 33153.239810184255, 33091.130619635005, 24502.416040223292, 33091.130619635005
356, 33184.40623399797, 24562.35565194281, 33184.40623399797, 33098.23406612438, 24576.505550009046, 33098.23406612438
357, 33184.40623399797, 24562.35565194281, 33184.40623399797, 33099.93796218171, 24611.029807112944, 33099.93796218171
358, 33184.40623399797, 24562.35565194281, 33184.40623399797, 33100.34221107146, 24607.95420391519, 33100.34221107146
359, 33184.40623399797, 24562.35565194281, 33184.40623399797, 33100.96823503029, 24603.374743701588, 33100.96823503029
360, 33184.40623399797, 24562.35565194281, 33184.40623399797, 33102.25992152214, 24594.896667456243, 33102.25992152214
361, 33184.40623399797, 24562.35565194281, 33184.40623399797, 33105.22911152857, 24584.977287820344, 33105.22911152857
362, 33184.40623399797, 24562.35565194281, 33184.40623399797, 33107.99286101754, 24570.19503629015, 33107.99286101754
363, 33184.40623399797, 24562.35565194281, 33184.40623399797, 33114.79370843884, 24533.28128984719, 33114.79370843884
364, 33184.40623399797, 24562.35565194281, 33184.40623399797, 33125.016560458665, 24522.15255494551, 33125.016560458665
365, 33184.40623399797, 24562.35565194281, 33184.40623399797, 33139.10189359886, 24619.29926484378, 33139.10189359886
366, 33184.40623399797, 24562.35565194281, 33184.40623399797, 33156.997107218675, 24587.03734329273, 33156.997107218675
367, 33184.40623399797, 24562.35565194281, 33184.40623399797, 33178.484613473454, 24564.893972914764, 33178.484613473454
368, 33184.40623399797, 24562.35565194281, 33184.40623399797, 33184.40623399801, 24562.355651942915, 33184.40623399801
369, 33184.40623399797, 24562.35565194281, 33184.40623399797, 33184.40623399801, 24562.355651942915, 33184.40623399801
370, 33184.40623399797, 24562.35565194281, 33184.40623399797, 33184.40623399801, 24562.355651942915, 33184.40623399801
371, 33184.40623399797, 24562.35565194281, 33184.40623399797, 33184.40623399801, 24562.355651942915, 33184.40623399801
372, 33184.40623399797, 24562.35565194281, 33184.40623399797, 33184.40623399801, 24562.355651942915, 33184.40623399801
373, 33184.40623399797, 24562.35565194281, 33184.40623399797, 33184.40623399801, 24562.355651942915, 33184.40623399801
374, 33184.40623399797, 24562.35565194281, 33184.40623399797, 33184.40623399801, 24562.355651942915, 33184.40623399801
375, 33184.40623399797, 24562.35565194281, 33184.40623399797, 33184.40623399801, 24562.355651942915, 33184.40623399801
376, 33184.40623399797, 24562.35565194281, 33184.40623399797, 33184.40623399801, 24562.355651942915, 33184.40623399801
377, 33184.40623399797, 24562.35565194281, 33184.40623399797, 33184.40623399801, 24562.355651942915, 33184.40623399801
378, 33184.40623399797, 24562.35565194281, 33184.40623399797, 33184.40623399801, 24562.355651942915, 33184.40623399801
379, 33184.40623399797, 24562.35565194281, 33184.40623399797, 33184.40623399801, 24562.355651942915, 33184.40623399801
380, 33204.52216689573, 24476.886044620776, 33204.52216689573, 33184.5068136625, 24561.9283039063, 33184.5068136625
381, 33204.52216689573, 24476.886044620776, 33204.52216689573, 33184.5068136625, 24561.9283039063, 33184.5068136625
382, 33204.52216689573, 24476.886044620776, 33204.52216689573, 33184.5068136625, 24561.9283039063, 33184.5068136625
383, 33217.297263469314, 24674.470991214992, 33217.297263469314, 33184.671268809856, 24562.488880602665, 33184.671268809856
384, 33227.29986602485, 24523.25941402739, 33227.29986602485, 33185.05019211735, 24562.853976109447, 33185.05019211735
385, 33227.29986602485, 24523.25941402739, 33227.29986602485, 33185.36523994197, 24562.231146883263, 33185.36523994197
386, 33227.29986602485, 24523.25941402739, 33227.29986602485, 33185.529695089324, 24562.791723579623, 33185.529695089324
387, 33227.29986602485, 24523.25941402739, 33227.29986602485, 33186.502563503374, 24564.41120113888, 33186.502563503374
388, 33295.76170445719, 24430.523022072077, 33295.76170445719, 33188.13278893421, 24564.94416751217, 33188.13278893421
389, 33295.76170445719, 24430.523022072077, 33295.76170445719, 33189.78687328815, 24566.731464203647, 33189.78687328815
390, 33295.76170445719, 24430.523022072077, 33295.76170445719, 33193.34464348727, 24563.196950185506, 33193.34464348727
391, 33295.76170445719, 24430.523022072077, 33295.76170445719, 33198.25979562757, 24564.444562664183, 33198.25979562757
392, 33295.76170445719, 24430.523022072077, 33295.76170445719, 33206.912937322, 24569.341390848065, 33206.912937322
393, 33295.76170445719, 24430.523022072077, 33295.76170445719, 33217.887856883295, 24587.513948320397, 33217.887856883295
394, 33295.76170445719, 24430.523022072077, 33295.76170445719, 33224.12803449167, 24614.753812525934, 33224.12803449167
395, 33295.76170445719, 24430.523022072077, 33295.76170445719, 33227.64783080971, 24580.38859559147, 33227.64783080971
396, 33295.76170445719, 24430.523022072077, 33295.76170445719, 33234.77188567664, 24519.80349243428, 33234.77188567664
397, 33295.76170445719, 24430.523022072077, 33295.76170445719, 33240.6989498662, 24505.58006010442, 33240.6989498662
398, 33295.76170445719, 24430.523022072077, 33295.76170445719, 33252.15202110117, 24490.867417873094, 33252.15202110117
399, 33295.76170445719, 24430.523022072077, 33295.76170445719, 33270.842610718675, 24466.82169699469, 33270.842610718675
400, 33295.76170445719, 24430.523022072077, 33295.76170445719, 33295.29277116563, 24431.819625857654, 33295.29277116563
401, 33295.76170445719, 24430.523022072077, 33295.76170445719, 33295.761704457065, 24430.52302207207, 33295.761704457065
402, 33321.70946977415, 24209.39234659414, 33321.70946977415, 33295.96449343723, 24430.338250280838, 33295.96449343723
403, 33321.70946977415, 24209.39234659414, 33321.70946977415, 33296.03754359083, 24431.259131866995, 33296.03754359083
404, 33321.70946977415, 24209.39234659414, 33321.70946977415, 33296.16728241741, 24430.153478489607, 33296.16728241741
405, 33321.70946977415, 24209.39234659414, 33321.70946977415, 33296.500218774, 24430.988766914095, 33296.500218774
406, 33321.70946977415, 24209.39234659414, 33321.70946977415, 33297.01958263018, 24428.691866997648, 33297.01958263018
407, 33321.70946977415, 24209.39234659414, 33321.70946977415, 33297.81478562012, 24427.13107687612, 33297.81478562012
408, 33330.897328121035, 24422.07024261968, 33330.897328121035, 33299.06150586214, 24426.264132652264, 33299.06150586214
409, 33330.897328121035, 24422.07024261968, 33330.897328121035, 33301.453320231194, 24419.224287338617, 33301.453320231194
410, 33330.897328121035, 24422.07024261968, 33330.897328121035, 33304.13774376447, 24417.993681962686, 33304.13774376447
411, 33330.897328121035, 24422.07024261968, 33330.897328121035, 33311.485804740885, 24406.96821724269, 33311.485804740885
412, 33330.897328121035, 24422.07024261968, 33330.897328121035, 33317.902079104635, 24365.89145949123, 33317.902079104635
413, 33330.897328121035, 24422.07024261968, 33330.897328121035, 33322.16886269139, 24220.026241395433, 33322.16886269139
414, 33369.68555661536, 24461.843189367315, 33369.68555661536, 33322.63843958427, 24226.605443009936, 33322.63843958427
415, 33369.68555661536, 24461.843189367315, 33369.68555661536, 33323.05189320988, 24236.175948331085, 33323.05189320988
416, 33369.68555661536, 24461.843189367315, 33369.68555661536, 33323.9808630201, 24253.389044746873, 33323.9808630201
417, 33369.68555661536, 24461.843189367315, 33369.68555661536, 33326.134806342045, 24286.08618808563, 33326.134806342045
418, 33369.68555661536, 24461.843189367315, 33369.68555661536, 33328.314321004626, 24327.956107278078, 33328.314321004626
419, 33397.02014937532, 24572.192391715438, 33397.02014937532, 33331.59523375742, 24392.708951564975, 33331.59523375742
420, 33397.02014937532, 24572.192391715438, 33397.02014937532, 33333.749177079335, 24425.40609490377, 33333.749177079335
421, 33397.02014937532, 24572.192391715438, 33397.02014937532, 33336.09175363824, 24426.99258187726, 33336.09175363824
422, 33397.02014937532, 24572.192391715438, 33397.02014937532, 33339.161765703015, 24430.029920682715, 33339.161765703015
423, 33397.02014937532, 24572.192391715438, 33397.02014937532, 33344.73449049816, 24436.17188892494, 33344.73449049816
424, 33397.02014937532, 24572.192391715438, 33397.02014937532, 33350.592873477886, 24439.71615175718, 33350.592873477886
425, 33397.02014937532, 24572.192391715438, 33397.02014937532, 33361.6454463718, 24447.58170900027, 33361.6454463718
426, 33397.02014937532, 24572.192391715438, 33397.02014937532, 33374.75581713581, 24459.108092337236, 33374.75581713581
427, 33397.02014937532, 24572.192391715438, 33397.02014937532, 33376.32055689784, 24456.429387795823, 33376.32055689784
428, 33397.02014937532, 24572.192391715438, 33397.02014937532, 33379.873762827745, 24456.84201354647, 33379.873762827745
429, 33397.02014937532, 24572.192391715438, 33397.02014937532, 33385.346952879016, 24453.10371130598, 33385.346952879016
430, 33441.418989970094, 24337.283965074635, 33441.418989970094, 33393.888160553906, 24497.315523266647, 33393.888160553906
431, 33441.418989970094, 24337.283965074635, 33441.418989970094, 33397.24214357829, 24571.0178495822, 33397.24214357829
432, 33451.70364628529, 24392.142537444684, 33451.70364628529, 33397.947378603334, 24569.301884166296, 33397.947378603334
433, 33451.70364628529, 24392.142537444684, 33451.70364628529, 33398.24859502217, 24568.672820404638, 33398.24859502217
434, 33451.70364628529, 24392.142537444684, 33451.70364628529, 33398.73925957745, 24568.29339696745, 33398.73925957745
435, 33451.70364628529, 24392.142537444684, 33451.70364628529, 33399.31806806781, 24567.03216209198, 33399.31806806781
436, 33451.70364628529, 24392.142537444684, 33451.70364628529, 33400.66513318499, 24564.75933266551, 33400.66513318499
437, 33451.70364628529, 24392.142537444684, 33451.70364628529, 33403.13288657224, 24557.676137722792, 33403.13288657224
438, 33451.70364628529, 24392.142537444684, 33451.70364628529, 33408.09184732296, 24547.15680296427, 33408.09184732296
439, 33451.70364628529, 24392.142537444684, 33451.70364628529, 33414.50678292017, 24535.702801073156, 33414.50678292017
440, 33451.70364628529, 24392.142537444684, 33451.70364628529, 33424.44049126892, 24520.569786197793, 33424.44049126892
441, 33451.70364628529, 24392.142537444684, 33451.70364628529, 33440.74269141975, 24451.971872789847, 33440.74269141975
442, 33463.73775232436, 24396.168420965918, 33463.73775232436, 33448.47272679476, 24374.60792370384, 33448.47272679476
443, 33463.73775232436, 24396.168420965918, 33463.73775232436, 33451.88415787599, 24392.20292569757, 33451.88415787599
444, 33463.73775232436, 24396.168420965918, 33463.73775232436, 33451.944328406185, 24392.22305511518, 33451.944328406185
445, 33473.664496472404, 24464.359847378695, 33473.664496472404, 33452.1744737175, 24392.62440050006, 33452.1744737175
446, 33571.5543204508, 24525.183461043503, 33571.5543204508, 33453.09148359008, 24393.53705047573, 33453.09148359008
447, 33571.5543204508, 24525.183461043503, 33571.5543204508, 33453.991589611884, 24394.302902181753, 33453.991589611884
448, 33571.5543204508, 24525.183461043503, 33571.5543204508, 33456.09020237534, 24396.399163123766, 33456.09020237534
449, 33571.5543204508, 24525.183461043503, 33571.5543204508, 33460.334210667104, 24401.048178023688, 33460.334210667104
450, 33571.5543204508, 24525.183461043503, 33571.5543204508, 33465.071253128765, 24405.746407922827, 33465.071253128765
451, 33571.5543204508, 24525.183461043503, 33571.5543204508, 33475.197007134935, 24416.87155852429, 33475.197007134935
452, 33571.5543204508, 24525.183461043503, 33571.5543204508, 33492.32651025693, 24436.050410379634, 33492.32651025693
453, 33571.5543204508, 24525.183461043503, 33571.5543204508, 33508.694083532755, 24455.237882143287, 33508.694083532755
454, 33571.5543204508, 24525.183461043503, 33571.5543204508, 33537.68793487575, 24493.216663201874, 33537.68793487575
455, 33571.5543204508, 24525.183461043503, 33571.5543204508, 33571.55432045086, 24525.18346104345, 33571.55432045086
456, 33571.5543204508, 24525.183461043503, 33571.5543204508, 33571.55432045086, 24525.18346104345, 33571.55432045086
457, 33571.5543204508, 24525.183461043503, 33571.5543204508, 33571.55432045086, 24525.18346104345, 33571.55432045086
458, 33571.5543204508, 24525.183461043503, 33571.5543204508, 33571.55432045086, 24525.18346104345, 33571.55432045086
459, 33571.5543204508, 24525.183461043503, 33571.5543204508, 33571.55432045086, 24525.18346104345, 33571.55432045086
460, 33571.5543204508, 24525.183461043503, 33571.5543204508, 33571.55432045086, 24525.18346104345, 33571.55432045086
461, 33571.5543204508, 24525.183461043503, 33571.5543204508, 33571.55432045086, 24525.18346104345, 33571.55432045086
462, 33571.5543204508, 24525.183461043503, 33571.5543204508, 33571.55432045086, 24525.18346104345, 33571.55432045086
463, 33600.521237180954, 24429.53123645097, 33600.521237180954, 33571.71124199786, 24523.74407690454, 33571.71124199786
464, 33600.521237180954, 24429.53123645097, 33600.521237180954, 33571.898639239625, 24523.63871590013, 33571.898639239625
465, 33600.521237180954, 24429.53123645097, 33600.521237180954, 33572.110210408086, 24521.611108863828, 33572.110210408086
466, 33600.521237180954, 24429.53123645097, 33600.521237180954, 33572.93159560593, 24519.004480470183, 33572.93159560593
467, 33600.521237180954, 24429.53123645097, 33600.521237180954, 33574.42828929584, 24510.377377176756, 33574.42828929584
468, 33600.521237180954, 24429.53123645097, 33600.521237180954, 33576.47508774769, 24502.395313886067, 33576.47508774769
469, 33600.521237180954, 24429.53123645097, 33600.521237180954, 33579.596163101836, 24486.259807654904, 33579.596163101836
470, 33600.521237180954, 24429.53123645097, 33600.521237180954, 33585.802052920124, 24456.872164240376, 33585.802052920124
471, 33600.521237180954, 24429.53123645097, 33600.521237180954, 33592.950505165994, 24433.795538690007, 33592.950505165994
472, 33664.168921564575, 24281.291382392716, 33664.168921564575, 33600.839475602756, 24428.79003718075, 33600.839475602756
473, 33675.02911411407, 24228.850255404195, 33675.02911411407, 33601.53025340934, 24427.04543300522, 33601.53025340934
474, 33675.02911411407, 24228.850255404195, 33675.02911411407, 33602.803207097015, 24424.080635924056, 33602.803207097015
475, 33675.02911411407, 24228.850255404195, 33675.02911411407, 33603.81222332552, 24421.59483247824, 33603.81222332552
476, 33675.02911411407, 24228.850255404195, 33675.02911411407, 33604.448700169356, 24420.11243393766, 33604.448700169356
477, 33675.02911411407, 24228.850255404195, 33675.02911411407, 33606.67636912278, 24414.924039045618, 33606.67636912278
478, 33675.02911411407, 24228.850255404195, 33675.02911411407, 33611.41041607201, 24403.30664320551, 33611.41041607201
479, 33675.02911411407, 24228.850255404195, 33675.02911411407, 33617.47171767163, 24388.462244649298, 33617.47171767163
480, 33675.02911411407, 24228.850255404195, 33675.02911411407, 33626.917835758235, 24365.91864327108, 33626.917835758235
481, 33675.02911411407, 24228.850255404195, 33675.02911411407, 33641.99841509711, 24329.796253876822, 33641.99841509711
482, 33684.23625479132, 24491.43759456472, 33684.23625479132, 33665.68108326222, 24275.524766945142, 33665.68108326222
483, 33684.23625479132, 24491.43759456472, 33684.23625479132, 33666.604199628935, 24271.067271151118, 33666.604199628935
484, 33684.23625479132, 24491.43759456472, 33684.23625479132, 33668.38786614025, 24263.989627528757, 33668.38786614025
485, 33684.23625479132, 24491.43759456472, 33684.23625479132, 33670.986047092745, 24252.978899382222, 33670.986047092745
486, 33684.23625479132, 24491.43759456472, 33684.23625479132, 33675.21325692766, 24234.10200218743, 33675.21325692766
487, 33684.23625479132, 24491.43759456472, 33684.23625479132, 33675.259292631046, 24235.414938883227, 33675.259292631046
488, 33684.23625479132, 24491.43759456472, 33684.23625479132, 33675.44343544459, 24240.666685666438, 33675.44343544459
489, 33684.23625479132, 24491.43759456472, 33684.23625479132, 33675.71964966491, 24248.544305841257, 33675.71964966491
490, 33684.23625479132, 24491.43759456472, 33684.23625479132, 33676.13424081941, 24260.143554926937, 33676.13424081941
491, 33684.23625479132, 24491.43759456472, 33684.23625479132, 33676.87081207358, 24281.15054205978, 33676.87081207358
492, 33684.23625479132, 24491.43759456472, 33684.23625479132, 33677.699454734524, 24304.783402584228, 33677.699454734524
493, 33684.23625479132, 24491.43759456472, 33684.23625479132, 33679.12656153949, 24345.4844401541, 33679.12656153949
494, 33684.23625479132, 24491.43759456472, 33684.23625479132, 33681.4283467088, 24411.131274944226, 33681.4283467088
495, 33684.23625479132, 24491.43759456472, 33684.23625479132, 33684.236254791445, 24491.437594564653, 33684.236254791445
496, 33684.23625479132, 24491.43759456472, 33684.23625479132, 33684.236254791445, 24491.437594564653, 33684.236254791445
497, 33684.23625479132, 24491.43759456472, 33684.23625479132, 33684.236254791445, 24491.437594564653, 33684.236254791445
498, 33684.23625479132, 24491.43759456472, 33684.23625479132, 33684.236254791445, 24491.437594564653, 33684.236254791445
499, 33684.23625479132, 24491.43759456472, 33684.23625479132, 33684.236254791445, 24491.437594564653, 33684.236254791445
500, 33684.23625479132, 24491.43759456472, 33684.23625479132, 33684.236254791445, 24491.437594564653, 33684.236254791445
