1, 26479.405600370726, 24654.654649751275, 26479.405600370726, 25096.132559472277, 24658.247025521738, 25096.132559472277
2, 26779.052528205215, 24584.870546078353, 26779.052528205215, 23350.939094800175, 24638.506703960273, 25974.229503866696
3, 27161.225670634078, 24416.61375876175, 27161.225670634078, 25563.327459766973, 24565.759286607794, 26445.27483839606
4, 27615.909227986354, 24500.54443001252, 27615.909227986354, 25659.970176786675, 24504.981659489535, 26856.565171536284
5, 27891.27178827271, 24615.387830310134, 27891.27178827271, 26347.26937384512, 24493.36454697775, 27259.765891125964
6, 28208.34704712951, 24096.052622669435, 28208.34704712951, 27656.418706714543, 24408.963060377955, 27656.418706714543
7, 28562.00878663419, 24302.172933903486, 28562.00878663419, 27366.42612758067, 24310.961995775182, 27986.070164487708
8, 28771.674731768253, 24169.388959891225, 28771.674731768253, 28046.681123781997, 24338.00349579166, 28202.999921387927
9, 29011.114148906316, 24023.68719101253, 29011.114148906316, 28439.155456948836, 24343.277436579727, 28439.155456948836
10, 29178.35873847849, 24240.098815769994, 29178.35873847849, 28539.630843749193, 24307.918340813103, 28697.88843126091
11, 29420.697107664728, 24636.724495259547, 29420.697107664728, 26847.116122072526, 24332.393497119127, 28921.90407554501
12, 29467.61541478234, 24647.73248031541, 29467.61541478234, 24936.62109959465, 24461.50222744248, 29117.246142631986
13, 29587.46874277101, 24650.034872361506, 29587.46874277101, 25844.3214453003, 24496.491222411078, 29228.162721748984
14, 29669.255880882993, 24638.200610870594, 29669.255880882993, 25139.039020718486, 24559.117764086284, 29341.27876094721
15, 29833.39740583691, 24637.922463007795, 29833.39740583691, 26693.904388034643, 24575.386955444515, 29443.409966641222
16, 29946.153428386122, 24202.611764679717, 29946.153428386122, 25341.414988783086, 24609.37491188261, 29575.624566547045
17, 30014.313410658226, 24387.848199661563, 30014.313410658226, 29027.3922518607, 24563.070218304583, 29681.897634478126
18, 30214.16208691088, 24486.885939433203, 30214.16208691088, 28826.939822115317, 24530.609276394305, 29808.085342692673
19, 30330.224968793907, 24584.033480407186, 30330.224968793907, 28106.201191835167, 24547.52669268037, 29913.699070653736
20, 30413.245248173902, 24613.54060941119, 30413.245248173902, 26885.578784915502, 24535.87894835006, 30030.19379894161
21, 30413.245248173902, 24613.54060941119, 30413.245248173902, 26657.32568060818, 24560.794156293243, 30141.904250943404
22, 30413.245248173902, 24613.54060941119, 30413.245248173902, 26566.5779379676, 24587.01856789912, 30218.554885055128
23, 30413.245248173902, 24613.54060941119, 30413.245248173902, 25290.43383115574, 24592.05356826928, 30262.12787052357
24, 30498.139862713506, 24580.185654886285, 30498.139862713506, 28133.266391236582, 24566.394385024203, 30288.353699463656
25, 30710.363348742085, 24657.01862573722, 30710.363348742085, 26525.608378595156, 24596.54434818134, 30380.976234163092
26, 31237.00334175342, 24441.52433322815, 31237.00334175342, 26279.020953335243, 24587.709832103403, 30516.248680408662
27, 31256.696691546364, 24318.413779268885, 31256.696691546364, 28260.574092923736, 24573.945013985565, 30639.16821238176
28, 31267.127545521453, 24564.27512483208, 31267.127545521453, 30335.5467174059, 24527.69109468201, 30846.086579907304
29, 31320.19578702238, 24567.073801626768, 31320.19578702238, 26945.075093254778, 24553.193900387127, 31029.690415664372
30, 31320.19578702238, 24567.073801626768, 31320.19578702238, 27355.71060880662, 24561.877238478377, 31101.667717380395
31, 31479.945511919363, 24485.072974123475, 31479.945511919363, 29297.05816700662, 24548.884005060758, 31184.4150799199
32, 31479.945511919363, 24485.072974123475, 31479.945511919363, 28666.928751443258, 24560.609146113624, 31239.00464088091
33, 31577.35908362367, 24456.82215880865, 31577.35908362367, 28534.749007659986, 24531.68838333196, 31274.102357930795
34, 31662.30914984998, 24570.484894610996, 31662.30914984998, 29603.808205145433, 24549.58059204805, 31320.40782053939
35, 31662.30914984998, 24570.484894610996, 31662.30914984998, 27940.866429327612, 24558.666756089893, 31384.733914378816
36, 31799.845799048588, 24631.13655851859, 31799.845799048588, 28677.909025277804, 24540.64013352658, 31438.333049996552
37, 31856.232654369334, 24445.038066178317, 31856.232654369334, 26660.024195037884, 24568.880174119113, 31502.657489521178
38, 31856.232654369334, 24445.038066178317, 31856.232654369334, 29815.157737970618, 24506.772748636486, 31545.532420699157
39, 31999.443427793227, 24471.58737539601, 31999.443427793227, 29375.48740844775, 24480.661348099817, 31627.113833903953
40, 32069.414752925895, 24688.34153489261, 32069.414752925895, 29610.699038281193, 24489.396409961155, 31703.536695484214
41, 32069.414752925895, 24688.34153489261, 32069.414752925895, 25495.70385810077, 24580.708032764956, 31769.858914624438
42, 32069.414752925895, 24688.34153489261, 32069.414752925895, 25366.818155303234, 24601.578785346705, 31817.363050582087
43, 32069.414752925895, 24688.34153489261, 32069.414752925895, 25561.11174605174, 24593.76937201833, 31839.8416766694
44, 32069.414752925895, 24688.34153489261, 32069.414752925895, 25935.62968671712, 24576.25390897703, 31862.172113213765
45, 32069.414752925895, 24688.34153489261, 32069.414752925895, 25618.132061544165, 24601.69534707028, 31908.805270275265
46, 32149.913105873446, 24507.19410122136, 32149.913105873446, 26508.179101291113, 24605.39843561758, 31917.980447127306
47, 32149.913105873446, 24507.19410122136, 32149.913105873446, 28636.496323964708, 24566.064079026775, 31959.543113877207
48, 32306.474033302107, 24639.83051742916, 32306.474033302107, 29878.980251340785, 24625.492593475705, 31975.24322770396
49, 32306.474033302107, 24639.83051742916, 32306.474033302107, 26591.512173556457, 24679.672766545697, 32041.21576073411
50, 32306.474033302107, 24639.83051742916, 32306.474033302107, 27491.328245573906, 24676.868223444217, 32065.226226288974
51, 32367.782060791324, 24674.58917846957, 32367.782060791324, 26978.90889170184, 24671.592327818034, 32071.609008083713
52, 32367.782060791324, 24674.58917846957, 32367.782060791324, 26122.942785886637, 24655.722812709868, 32097.144624940007
53, 32592.611594341317, 24466.797644486567, 32592.611594341317, 26677.80579445239, 24646.1128462237, 32133.748483792577
54, 32592.611594341317, 24466.797644486567, 32592.611594341317, 29207.21165561204, 24594.837904472573, 32214.29934977496
55, 32592.611594341317, 24466.797644486567, 32592.611594341317, 30507.171148339894, 24609.010164375293, 32280.182130925165
56, 32592.611594341317, 24466.797644486567, 32592.611594341317, 30208.194185718727, 24569.8251713594, 32335.211617514353
57, 32592.611594341317, 24466.797644486567, 32592.611594341317, 29190.177558441723, 24560.531480766644, 32385.607705093735
58, 32592.611594341317, 24466.797644486567, 32592.611594341317, 30655.239773427485, 24534.328059661533, 32428.166815008426
59, 32592.611594341317, 24466.797644486567, 32592.611594341317, 30865.708565652178, 24546.114990914546, 32463.638248751187
60, 32592.611594341317, 24466.797644486567, 32592.611594341317, 28939.317479365724, 24545.639088904096, 32481.18590083488
61, 32592.611594341317, 24466.797644486567, 32592.611594341317, 30373.3211345364, 24508.846673106284, 32497.807213789856
62, 32592.611594341317, 24466.797644486567, 32592.611594341317, 30914.103948834927, 24503.850558219994, 32503.308938817336
63, 32638.154651294117, 24647.079136085813, 32638.154651294117, 31103.592639839168, 24486.114159133427, 32525.430398175155
64, 32638.154651294117, 24647.079136085813, 32638.154651294117, 27552.18787940987, 24535.150272646504, 32516.395702600494
65, 32718.880357270504, 24622.747517941007, 32718.880357270504, 27206.019372759296, 24543.7570085211, 32541.590616375455
66, 32718.880357270504, 24622.747517941007, 32718.880357270504, 27028.89099824902, 24547.628910930664, 32539.95211244167
67, 32718.880357270504, 24622.747517941007, 32718.880357270504, 28464.6199659373, 24545.34639412135, 32552.677881868934
68, 32718.880357270504, 24622.747517941007, 32718.880357270504, 27928.852622573337, 24563.574042101067, 32546.59079443581
69, 32718.880357270504, 24622.747517941007, 32718.880357270504, 27574.77207982092, 24591.443474182208, 32544.812638369753
70, 32718.880357270504, 24622.747517941007, 32718.880357270504, 27945.223578491397, 24622.228553435587, 32569.58711451797
71, 32718.880357270504, 24622.747517941007, 32718.880357270504, 27795.85828781148, 24633.41731808397, 32599.83976576538
72, 32718.880357270504, 24622.747517941007, 32718.880357270504, 28155.80083149753, 24651.54472367246, 32599.616656722716
73, 32732.125104829884, 24398.72687202493, 32732.125104829884, 31921.316572916243, 24561.09758826354, 32635.980878893577
74, 32755.814454395273, 24564.26873235167, 32755.814454395273, 29090.28994547553, 24612.884771063007, 32654.105040693652
75, 32755.814454395273, 24564.26873235167, 32755.814454395273, 28731.570240342062, 24635.089643334468, 32651.095193400102
76, 32755.814454395273, 24564.26873235167, 32755.814454395273, 29624.662255238254, 24626.059161746864, 32652.780597127443
77, 32755.814454395273, 24564.26873235167, 32755.814454395273, 29440.170319113688, 24620.37719293892, 32647.371062434155
78, 32795.3564399639, 24602.610033733785, 32795.3564399639, 28737.99766232804, 24614.856372790422, 32662.771754279496
79, 32851.77862429181, 24655.43489623077, 32851.77862429181, 26780.41264570571, 24632.725789628996, 32669.45650471838
80, 32851.77862429181, 24655.43489623077, 32851.77862429181, 27496.577814083405, 24601.71036927236, 32678.473857968642
81, 32851.77862429181, 24655.43489623077, 32851.77862429181, 26432.848158353572, 24586.33744718747, 32677.812324569237
82, 32919.366129411166, 24507.62122355651, 32919.366129411166, 27334.278252059117, 24543.535568521405, 32687.58417975483
83, 33078.55694613717, 24585.435518904378, 33078.55694613717, 30031.04831774432, 24537.167206028513, 32715.438838794988
84, 33078.55694613717, 24585.435518904378, 33078.55694613717, 27728.513116818882, 24609.70913211489, 32760.816505221843
85, 33078.55694613717, 24585.435518904378, 33078.55694613717, 29915.42974518344, 24601.569438267332, 32785.84802365954
86, 33078.55694613717, 24585.435518904378, 33078.55694613717, 27971.04201989143, 24618.68167791571, 32812.69837242723
87, 33078.55694613717, 24585.435518904378, 33078.55694613717, 28720.3868432615, 24602.078395522196, 32847.369538162326
88, 33078.55694613717, 24585.435518904378, 33078.55694613717, 28746.31773262529, 24582.4992876774, 32880.21060332631
89, 33078.55694613717, 24585.435518904378, 33078.55694613717, 28590.459192230555, 24579.016632363575, 32906.04522516449
90, 33078.55694613717, 24585.435518904378, 33078.55694613717, 27353.809627680348, 24607.857954031613, 32915.67143425295
91, 33125.41637086335, 24467.980000973595, 33125.41637086335, 31165.74249523147, 24569.38688327036, 32960.89509105657
92, 33199.5015264973, 24618.097900190827, 33199.5015264973, 27766.62493364407, 24610.549890380717, 32984.63205291447
93, 33199.5015264973, 24618.097900190827, 33199.5015264973, 28327.85848607533, 24606.962819843644, 33018.70603034414
94, 33272.89423184387, 24494.89594097425, 33272.89423184387, 28879.761099737287, 24610.399518753766, 33027.83808738258
95, 33421.76229084519, 24500.369048181707, 33421.76229084519, 31060.414826483266, 24580.106375296717, 33044.07377697645
96, 33440.28772945424, 24572.319267431416, 33440.28772945424, 30009.848520786538, 24579.41974391295, 33090.329493425095
97, 33458.003604905716, 24680.66146519833, 33458.003604905716, 29312.719603694048, 24576.651184473045, 33122.85193719811
98, 33458.003604905716, 24680.66146519833, 33458.003604905716, 27174.133500142852, 24624.313648906307, 33163.07604316268
99, 33458.003604905716, 24680.66146519833, 33458.003604905716, 27015.61903108002, 24643.551636556604, 33200.56804827121
100, 33458.003604905716, 24680.66146519833, 33458.003604905716, 27042.0808493063, 24647.74541569524, 33224.37265974124
101, 33458.003604905716, 24680.66146519833, 33458.003604905716, 27255.976707119295, 24625.25792602009, 33249.241118067366
102, 33458.003604905716, 24680.66146519833, 33458.003604905716, 27274.22565328644, 24658.474759246383, 33273.80591590731
103, 33458.003604905716, 24680.66146519833, 33458.003604905716, 28217.948873531954, 24627.171204406084, 33313.40316388082
104, 33515.72267253896, 24443.591005798786, 33515.72267253896, 31347.026874229476, 24570.541052066445, 33343.10660949029
105, 33515.72267253896, 24443.591005798786, 33515.72267253896, 32081.57169510666, 24523.261069198987, 33355.37577760296
106, 33515.72267253896, 24443.591005798786, 33515.72267253896, 30983.617249089508, 24557.58767707279, 33341.85230991425
107, 33515.72267253896, 24443.591005798786, 33515.72267253896, 30626.25228092044, 24574.4601883266, 33355.059188824416
108, 33515.72267253896, 24443.591005798786, 33515.72267253896, 31002.76528266031, 24593.57569609494, 33368.351501858626
109, 33521.29498860347, 24350.65015261511, 33521.29498860347, 32104.13671014191, 24592.65980210623, 33376.73248052545
110, 33521.29498860347, 24350.65015261511, 33521.29498860347, 32659.13287538155, 24615.739535541135, 33384.9887021869
111, 33536.665183050376, 24443.179299789044, 33536.665183050376, 32846.13806560244, 24602.236661873067, 33389.67577974586
112, 33653.63181848577, 24661.435826171895, 33653.63181848577, 31212.343353356522, 24612.61053959957, 33394.433782089356
113, 33653.63181848577, 24661.435826171895, 33653.63181848577, 27944.836638376088, 24625.484619706665, 33417.7891397373
114, 33653.63181848577, 24661.435826171895, 33653.63181848577, 27766.239639311378, 24581.332769961893, 33432.45935083068
115, 33653.63181848577, 24661.435826171895, 33653.63181848577, 27056.66925405745, 24511.53815424216, 33444.29541396729
116, 33653.63181848577, 24661.435826171895, 33653.63181848577, 27436.7463338182, 24549.60223589168, 33472.31893496594
117, 33653.63181848577, 24661.435826171895, 33653.63181848577, 27080.78392172135, 24545.92316608811, 33486.738812586766
118, 33721.0606004413, 24599.2618392037, 33721.0606004413, 28006.959057165546, 24551.060536013152, 33483.7190850617
119, 33721.0606004413, 24599.2618392037, 33721.0606004413, 28390.644689667588, 24565.931011448465, 33511.68775332942
120, 33721.0606004413, 24599.2618392037, 33721.0606004413, 28043.157321350645, 24609.676072161834, 33535.062134963504
121, 33721.0606004413, 24599.2618392037, 33721.0606004413, 28803.538701717527, 24665.41321891495, 33567.102511683595
122, 33721.0606004413, 24599.2618392037, 33721.0606004413, 28270.883102898864, 24684.590574639664, 33572.44004852406
123, 33721.0606004413, 24599.2618392037, 33721.0606004413, 28822.66711632059, 24679.85391843786, 33576.87384584908
124, 33721.0606004413, 24599.2618392037, 33721.0606004413, 29739.32797877245, 24661.95506463553, 33580.767050114446
125, 33721.0606004413, 24599.2618392037, 33721.0606004413, 28280.848187671134, 24661.696896032467, 33592.57654731206
126, 33721.0606004413, 24599.2618392037, 33721.0606004413, 28294.416653558143, 24659.714581336462, 33604.69632287119
127, 33721.0606004413, 24599.2618392037, 33721.0606004413, 29222.383952388594, 24629.506524235367, 33614.00449842998
128, 33721.0606004413, 24599.2618392037, 33721.0606004413, 27766.23167737236, 24635.17350588359, 33627.62473382191
129, 33721.0606004413, 24599.2618392037, 33721.0606004413, 28684.744924163373, 24630.311713953943, 33627.98988549234
130, 33721.0606004413, 24599.2618392037, 33721.0606004413, 29048.472961226526, 24632.353527032883, 33624.18564851914
131, 33721.0606004413, 24599.2618392037, 33721.0606004413, 28684.649057725874, 24634.123297713548, 33623.52651581538
132, 33721.0606004413, 24599.2618392037, 33721.0606004413, 28317.33185301106, 24643.210340748967, 33611.43392379857
133, 33721.0606004413, 24599.2618392037, 33721.0606004413, 29416.255791613243, 24629.03748138298, 33630.4177291316
134, 33721.0606004413, 24599.2618392037, 33721.0606004413, 29782.81739389156, 24626.654313468138, 33625.236211058385
135, 33721.0606004413, 24599.2618392037, 33721.0606004413, 28500.688834361175, 24643.14896364039, 33632.02910225868
136, 33721.0606004413, 24599.2618392037, 33721.0606004413, 28133.153262389846, 24638.413245431333, 33619.551999180105
137, 33721.0606004413, 24599.2618392037, 33721.0606004413, 28495.774535434484, 24634.772069126127, 33620.19354297018
138, 33721.0606004413, 24599.2618392037, 33721.0606004413, 28497.9136038725, 24640.529533604742, 33617.03708910053
139, 33792.91197655543, 24372.077928894978, 33792.91197655543, 31989.611080709405, 24582.74786947717, 33637.43607119167
140, 33898.542809517436, 24655.380030528853, 33898.542809517436, 32001.772660678067, 24585.70954540824, 33653.4757949653
141, 33898.542809517436, 24655.380030528853, 33898.542809517436, 28516.684917514944, 24640.547926755407, 33674.835320068254
142, 33898.542809517436, 24655.380030528853, 33898.542809517436, 28336.74058409383, 24637.944739314575, 33675.01366226975
143, 33898.542809517436, 24655.380030528853, 33898.542809517436, 28147.798476282846, 24638.902510218213, 33666.962607567206
144, 33898.542809517436, 24655.380030528853, 33898.542809517436, 28150.031075623952, 24642.74298164054, 33660.19301420368
145, 33898.542809517436, 24655.380030528853, 33898.542809517436, 27601.84846677991, 24646.97149671511, 33675.59830676489
146, 33898.542809517436, 24655.380030528853, 33898.542809517436, 27423.781623687933, 24642.548413369077, 33682.208494747276
147, 33898.542809517436, 24655.380030528853, 33898.542809517436, 28538.836693389225, 24633.326256064876, 33690.05800483258
148, 33898.542809517436, 24655.380030528853, 33898.542809517436, 27626.70431948588, 24638.289368902624, 33701.897785170906
149, 33911.54236378327, 24585.25858562236, 33911.54236378327, 27646.57915455557, 24632.162953589737, 33712.608646559034
150, 33911.54236378327, 24585.25858562236, 33911.54236378327, 29684.256212242202, 24612.551337902485, 33727.47694525535
151, 33911.54236378327, 24585.25858562236, 33911.54236378327, 28965.33759045911, 24598.805580616274, 33751.98243190753
152, 33911.54236378327, 24585.25858562236, 33911.54236378327, 28984.91051783106, 24664.610485658286, 33771.9532307483
153, 33929.03846177653, 24548.13700803214, 33929.03846177653, 30118.31384579251, 24639.896500657247, 33797.36485096202
154, 33929.03846177653, 24548.13700803214, 33929.03846177653, 27734.5403256555, 24675.93542150842, 33813.42182375639
155, 33929.03846177653, 24548.13700803214, 33929.03846177653, 30129.790768581264, 24656.68080971902, 33815.867176211876
156, 33929.03846177653, 24548.13700803214, 33929.03846177653, 29392.867826631504, 24659.40526237958, 33817.30801814883
157, 33929.03846177653, 24548.13700803214, 33929.03846177653, 29033.978305017616, 24654.72444345863, 33818.34085117538
158, 34052.50721836663, 24337.584746724933, 34052.50721836663, 29952.499013518096, 24640.697428217594, 33816.179180946696
159, 34052.50721836663, 24337.584746724933, 34052.50721836663, 32551.959966941955, 24588.40586491965, 33847.12288039189
160, 34052.50721836663, 24337.584746724933, 34052.50721836663, 32185.27207221014, 24566.05296405592, 33844.573921135794
161, 34052.50721836663, 24337.584746724933, 34052.50721836663, 32930.94412914794, 24562.069601927255, 33855.760905590396
162, 34052.50721836663, 24337.584746724933, 34052.50721836663, 33303.9183738802, 24544.278201355886, 33857.283556095055
163, 34052.50721836663, 24337.584746724933, 34052.50721836663, 33304.11562049533, 24535.38855362398, 33858.820273132675
164, 34083.6214796084, 24565.168510838903, 34083.6214796084, 32390.483855517534, 24523.60664520025, 33866.37757283043
165, 34083.6214796084, 24565.168510838903, 34083.6214796084, 29450.77840274816, 24556.031276463607, 33891.34281789456
166, 34116.05369979551, 24587.73525092721, 34116.05369979551, 29094.438639001623, 24550.15708672569, 33914.25415029541
167, 34116.05369979551, 24587.73525092721, 34116.05369979551, 29305.2812667629, 24507.721973097152, 33931.47026858297
168, 34116.05369979551, 24587.73525092721, 34116.05369979551, 28769.09823395955, 24518.146949849233, 33948.60581987321
169, 34116.05369979551, 24587.73525092721, 34116.05369979551, 29346.59310808156, 24488.280048048713, 33967.89985536841
170, 34116.05369979551, 24587.73525092721, 34116.05369979551, 29341.77039331073, 24466.560347913724, 33963.72283871191
171, 34116.05369979551, 24587.73525092721, 34116.05369979551, 29529.49081966447, 24471.099460491547, 33972.26773952395
172, 34116.05369979551, 24587.73525092721, 34116.05369979551, 29529.1032930755, 24501.448668756497, 33973.017593662335
173, 34116.05369979551, 24587.73525092721, 34116.05369979551, 29533.249324307428, 24559.04605572016, 33979.04344091728
174, 34116.05369979551, 24587.73525092721, 34116.05369979551, 29547.52371401978, 24615.706197009058, 33976.94185406154
175, 34116.05369979551, 24587.73525092721, 34116.05369979551, 29739.932593087742, 24608.29881050282, 33995.47756794655
176, 34116.05369979551, 24587.73525092721, 34116.05369979551, 29747.995399924963, 24604.896530036498, 34005.20118999953
177, 34116.05369979551, 24587.73525092721, 34116.05369979551, 29200.15184831063, 24614.026260476563, 34008.411556116414
178, 34116.05369979551, 24587.73525092721, 34116.05369979551, 28830.745914592248, 24621.717739288142, 34013.716070719966
179, 34116.05369979551, 24587.73525092721, 34116.05369979551, 30693.783044330914, 24607.73030182177, 34031.89490307747
180, 34116.05369979551, 24587.73525092721, 34116.05369979551, 28648.415069299186, 24629.922182806902, 34019.00517827024
181, 34116.05369979551, 24587.73525092721, 34116.05369979551, 28469.923830882533, 24629.879299402222, 34026.029153084186
182, 34116.05369979551, 24587.73525092721, 34116.05369979551, 29204.858598350926, 24628.79033642555, 34022.10818570544
183, 34116.05369979551, 24587.73525092721, 34116.05369979551, 29393.219735260394, 24621.262152727904, 34021.509077482624
184, 34116.05369979551, 24587.73525092721, 34116.05369979551, 28826.657733842545, 24624.438350124954, 34003.752613928766
185, 34116.05369979551, 24587.73525092721, 34116.05369979551, 29392.991667066377, 24619.206504682545, 34023.387255817775
186, 34193.05051461302, 24619.211966087605, 34193.05051461302, 28282.691195114243, 24631.316878687136, 34037.107535915544
187, 34193.05051461302, 24619.211966087605, 34193.05051461302, 29211.598928658834, 24627.43867661489, 34032.64142141588
188, 34193.05051461302, 24619.211966087605, 34193.05051461302, 28286.835878562724, 24629.797065345632, 34038.71866641561
189, 34193.05051461302, 24619.211966087605, 34193.05051461302, 28839.153762448168, 24633.068330038255, 34036.32633578371
190, 34193.05051461302, 24619.211966087605, 34193.05051461302, 27734.59995447669, 24639.393541492078, 34044.33049321591
191, 34193.05051461302, 24619.211966087605, 34193.05051461302, 29029.34388332883, 24625.816094539154, 34039.96579742652
192, 34193.05051461302, 24619.211966087605, 34193.05051461302, 27923.86484711222, 24638.28924188783, 34049.30709653057
193, 34193.05051461302, 24619.211966087605, 34193.05051461302, 29224.582013962638, 24631.83972255907, 34052.567554440546
194, 34193.05051461302, 24619.211966087605, 34193.05051461302, 28868.81004046875, 24645.76565537884, 34067.247417827646
195, 34193.05051461302, 24619.211966087605, 34193.05051461302, 28315.159664339903, 24649.014274264788, 34068.35168929735
196, 34193.05051461302, 24619.211966087605, 34193.05051461302, 28513.973185342464, 24648.218494499375, 34073.24892682142
197, 34193.05051461302, 24619.211966087605, 34193.05051461302, 28899.318698359843, 24649.030949989665, 34091.54542367351
198, 34193.05051461302, 24619.211966087605, 34193.05051461302, 28344.55142032198, 24658.053067370045, 34094.082701974105
199, 34193.05051461302, 24619.211966087605, 34193.05051461302, 27979.308961813666, 24664.4201294064, 34097.54997615631
200, 34193.05051461302, 24619.211966087605, 34193.05051461302, 28529.192365137358, 24661.723993889344, 34092.28506422922
201, 34193.05051461302, 24619.211966087605, 34193.05051461302, 28532.476964875863, 24659.825688069384, 34090.503002581994
202, 34193.05051461302, 24619.211966087605, 34193.05051461302, 27788.080472031746, 24671.398759866497, 34090.0800285536
203, 34193.05051461302, 24619.211966087605, 34193.05051461302, 28529.95321705177, 24657.764574971618, 34092.851391642434
204, 34201.80261223402, 24672.195093958177, 34201.80261223402, 27974.48100038588, 24669.9245831483, 34098.56218080894
205, 34201.80261223402, 24672.195093958177, 34201.80261223402, 27231.22101100522, 24671.148099926893, 34113.25225189667
206, 34201.80261223402, 24672.195093958177, 34201.80261223402, 28526.401105919245, 24661.486143601243, 34088.699453387904
207, 34201.80261223402, 24672.195093958177, 34201.80261223402, 27787.311788626957, 24669.013830646632, 34099.02645028997
208, 34228.235179868956, 24444.97793438225, 34228.235179868956, 31866.419110650226, 24621.720128510246, 34094.20428453461
209, 34228.235179868956, 24444.97793438225, 34228.235179868956, 32438.355704126414, 24619.751391869126, 34106.58629250967
210, 34228.235179868956, 24444.97793438225, 34228.235179868956, 30756.384850587216, 24639.142984766277, 34096.72447802191
211, 34228.235179868956, 24444.97793438225, 34228.235179868956, 31681.01041006379, 24644.610101919083, 34088.87270350597
212, 34228.235179868956, 24444.97793438225, 34228.235179868956, 32440.904119641382, 24644.64638889833, 34115.20978728477
213, 34228.235179868956, 24444.97793438225, 34228.235179868956, 32073.842385359356, 24645.118208048374, 34118.808195301324
214, 34228.235179868956, 24444.97793438225, 34228.235179868956, 30773.92981143296, 24643.977972049073, 34116.92579479705
215, 34228.235179868956, 24444.97793438225, 34228.235179868956, 32449.233783473363, 24609.135496291336, 34115.79392652462
216, 34228.235179868956, 24444.97793438225, 34228.235179868956, 31143.13763349609, 24585.04992313793, 34113.62543130586
217, 34228.235179868956, 24444.97793438225, 34228.235179868956, 31338.722264939708, 24535.913636187674, 34115.08582699596
218, 34228.235179868956, 24444.97793438225, 34228.235179868956, 31168.355863660337, 24489.829016199943, 34141.76418307278
219, 34228.235179868956, 24444.97793438225, 34228.235179868956, 31161.3724598747, 24489.97083558599, 34127.62151713629
220, 34228.235179868956, 24444.97793438225, 34228.235179868956, 31163.94340458243, 24485.92111313766, 34135.91634745309
221, 34228.235179868956, 24444.97793438225, 34228.235179868956, 32458.165011871773, 24482.020553876315, 34125.513093916634
222, 34228.235179868956, 24444.97793438225, 34228.235179868956, 31351.181587155414, 24490.782906755492, 34141.53538246022
223, 34228.235179868956, 24444.97793438225, 34228.235179868956, 31161.27565185015, 24488.0889347081, 34131.56770048339
224, 34228.235179868956, 24444.97793438225, 34228.235179868956, 31523.58206971191, 24486.021268396224, 34123.141692721314
225, 34264.95830594853, 24333.961643010076, 34264.95830594853, 32834.34723216987, 24466.39528216337, 34132.891162829685
226, 34334.28699699881, 24254.05214136988, 34334.28699699881, 33032.45179351736, 24454.60856603651, 34144.27547162456
227, 34334.28699699881, 24254.05214136988, 34334.28699699881, 33786.3576779431, 24441.047690140287, 34153.282446364654
228, 34334.28699699881, 24254.05214136988, 34334.28699699881, 33609.46853561455, 24443.414350070314, 34164.64122429584
229, 34334.28699699881, 24254.05214136988, 34334.28699699881, 33038.96955614783, 24448.17977186662, 34158.07879918313
230, 34369.75972635152, 24603.414920444382, 34369.75972635152, 33235.972720750586, 24439.21644739036, 34163.81769696244
231, 34369.75972635152, 24603.414920444382, 34369.75972635152, 28576.506259583242, 24511.51651285773, 34170.90545013656
232, 34369.75972635152, 24603.414920444382, 34369.75972635152, 28770.84819609616, 24496.254011130713, 34178.65626318907
233, 34369.75972635152, 24603.414920444382, 34369.75972635152, 29359.31674301216, 24457.392125974548, 34207.188761388825
234, 34369.75972635152, 24603.414920444382, 34369.75972635152, 29929.393363201285, 24422.149508711103, 34222.29651384582
235, 34369.75972635152, 24603.414920444382, 34369.75972635152, 27712.198846334613, 24417.76918893321, 34241.625543313006
236, 34384.84504778716, 24688.639131975415, 34384.84504778716, 28654.2162593338, 24411.015135862388, 34245.05535624268
237, 34384.84504778716, 24688.639131975415, 34384.84504778716, 28283.841533614843, 24440.102917262542, 34243.941149159094
238, 34384.84504778716, 24688.639131975415, 34384.84504778716, 27725.419611444926, 24470.351452517327, 34255.38065708376
239, 34384.84504778716, 24688.639131975415, 34384.84504778716, 28095.970989761638, 24503.80683225646, 34243.69537996096
240, 34384.84504778716, 24688.639131975415, 34384.84504778716, 27737.265243520193, 24578.73601775302, 34272.04617043468
241, 34384.84504778716, 24688.639131975415, 34384.84504778716, 27374.983010233187, 24656.499027004338, 34276.88980465627
242, 34384.84504778716, 24688.639131975415, 34384.84504778716, 27931.76678724042, 24658.35994165639, 34267.951738552816
243, 34387.743552316104, 24673.96976413242, 34387.743552316104, 28304.960576085057, 24663.972593496084, 34274.88112034201
244, 34387.743552316104, 24673.96976413242, 34387.743552316104, 27751.11060083646, 24663.761699113355, 34283.808800148065
245, 34387.743552316104, 24673.96976413242, 34387.743552316104, 28684.603586895944, 24656.731647015822, 34278.276624409235
246, 34387.743552316104, 24673.96976413242, 34387.743552316104, 27382.920227977273, 24731.17118953501, 34283.869895948446
247, 34387.743552316104, 24673.96976413242, 34387.743552316104, 28130.7541801607, 24727.70796253505, 34278.46264035123
248, 34387.743552316104, 24673.96976413242, 34387.743552316104, 27941.122977420175, 24727.87350189067, 34290.182178090115
249, 34387.743552316104, 24673.96976413242, 34387.743552316104, 27940.84048150027, 24718.28873128424, 34287.68792929261
250, 34387.743552316104, 24673.96976413242, 34387.743552316104, 28314.61188986341, 24710.33893689415, 34286.01987447615
251, 34387.743552316104, 24673.96976413242, 34387.743552316104, 27567.28859688333, 24720.047450068134, 34286.90361306304
252, 34387.743552316104, 24673.96976413242, 34387.743552316104, 28129.759311728492, 24710.64656803873, 34298.710473343264
253, 34387.743552316104, 24673.96976413242, 34387.743552316104, 27752.025324112146, 24718.802022617023, 34277.46340589383
254, 34387.743552316104, 24673.96976413242, 34387.743552316104, 27948.042389219827, 24706.856389526907, 34280.292571946746
255, 34387.743552316104, 24673.96976413242, 34387.743552316104, 28131.81209773952, 24708.974699383158, 34279.950143511494
256, 34387.743552316104, 24673.96976413242, 34387.743552316104, 28132.78998282975, 24706.757342655274, 34282.80792084194
257, 34387.743552316104, 24673.96976413242, 34387.743552316104, 27196.926516955707, 24714.334845068952, 34284.129340607295
258, 34387.743552316104, 24673.96976413242, 34387.743552316104, 29066.34479298416, 24700.555953283103, 34293.71651434667
259, 34414.37890389797, 24645.075403227955, 34414.37890389797, 27759.570243740287, 24707.204185593044, 34289.79918719991
260, 34414.37890389797, 24645.075403227955, 34414.37890389797, 28131.900488543008, 24707.291245271215, 34284.403962748096
261, 34414.37890389797, 24645.075403227955, 34414.37890389797, 27758.169144487496, 24709.9259844665, 34284.3388041159
262, 34414.37890389797, 24645.075403227955, 34414.37890389797, 28507.17229562993, 24702.396900373096, 34291.98676502757
263, 34414.37890389797, 24645.075403227955, 34414.37890389797, 28322.799725011784, 24702.518126162347, 34297.88925339477
264, 34461.51333109436, 24552.773015643088, 34461.51333109436, 30574.32428900278, 24671.102377620326, 34313.31564419094
265, 34487.95472405901, 24619.0225386348, 34487.95472405901, 30021.58320914702, 24688.7121755386, 34320.39879261524
266, 34487.95472405901, 24619.0225386348, 34487.95472405901, 27962.393076655055, 24686.80517839604, 34321.12700513592
267, 34487.95472405901, 24619.0225386348, 34487.95472405901, 28717.861328942552, 24676.132656001497, 34332.176406899576
268, 34487.95472405901, 24619.0225386348, 34487.95472405901, 28906.967718772612, 24673.343664372136, 34335.54445652437
269, 34487.95472405901, 24619.0225386348, 34487.95472405901, 28910.160896088717, 24667.109144277187, 34330.09528880869
270, 34487.95472405901, 24619.0225386348, 34487.95472405901, 28915.564519154075, 24671.59210201299, 34352.28498041438
271, 34487.95472405901, 24619.0225386348, 34487.95472405901, 28168.691774759176, 24672.97863576943, 34342.79668756406
272, 34487.95472405901, 24619.0225386348, 34487.95472405901, 28549.896534391213, 24672.843152373578, 34341.339907973954
273, 34487.95472405901, 24619.0225386348, 34487.95472405901, 27620.64773314926, 24676.46747641624, 34357.710661266574
274, 34487.95472405901, 24619.0225386348, 34487.95472405901, 28753.692098601725, 24662.85412439209, 34381.95760902496
275, 34487.95472405901, 24619.0225386348, 34487.95472405901, 28005.871806703133, 24657.57876556813, 34366.19761985354
276, 34487.95472405901, 24619.0225386348, 34487.95472405901, 29138.287616320184, 24617.189651898327, 34383.17813787957
277, 34487.95472405901, 24619.0225386348, 34487.95472405901, 29331.35984665595, 24628.681828452605, 34384.705957035185
278, 34487.95472405901, 24619.0225386348, 34487.95472405901, 28780.059695055836, 24652.690111213415, 34393.320892883225
279, 34487.95472405901, 24619.0225386348, 34487.95472405901, 28587.481161723237, 24651.580597546992, 34391.35156166059
280, 34487.95472405901, 24619.0225386348, 34487.95472405901, 28962.61131296088, 24656.346750094857, 34389.87694047587
281, 34487.95472405901, 24619.0225386348, 34487.95472405901, 29335.678325561803, 24655.88503100043, 34387.78288790791
282, 34487.95472405901, 24619.0225386348, 34487.95472405901, 28775.359849608165, 24662.648049200154, 34392.23896400583
283, 34487.95472405901, 24619.0225386348, 34487.95472405901, 28588.276764033024, 24660.20113924966, 34381.40090286659
284, 34487.95472405901, 24619.0225386348, 34487.95472405901, 29145.575441623518, 24652.610838700413, 34382.733253835104
285, 34487.95472405901, 24619.0225386348, 34487.95472405901, 28030.546585756318, 24659.890334211275, 34384.63608031167
286, 34487.95472405901, 24619.0225386348, 34487.95472405901, 29148.323075529817, 24660.04686228668, 34389.73718150405
287, 34487.95472405901, 24619.0225386348, 34487.95472405901, 29147.128865395436, 24651.639087645228, 34385.01341139803
288, 34487.95472405901, 24619.0225386348, 34487.95472405901, 29331.593348631166, 24646.64051607119, 34383.63895332675
289, 34487.95472405901, 24619.0225386348, 34487.95472405901, 27838.65988463658, 24667.232243620132, 34388.66936419041
290, 34487.95472405901, 24619.0225386348, 34487.95472405901, 28591.28694127051, 24661.371401989465, 34398.00343477944
291, 34488.39364175495, 24565.434314167327, 34488.39364175495, 30460.35892606713, 24638.21768219397, 34393.80104620288
292, 34488.39364175495, 24565.434314167327, 34488.39364175495, 29521.43913413149, 24645.46137909755, 34377.570579706546
293, 34488.39364175495, 24565.434314167327, 34488.39364175495, 30272.253706000163, 24643.56962551046, 34381.45388322991
294, 34488.39364175495, 24565.434314167327, 34488.39364175495, 28399.43163260002, 24652.671925279512, 34389.64748754936
295, 34515.3545315029, 24525.5648933593, 34515.3545315029, 31021.49667532651, 24637.679048339305, 34390.482401113586
296, 34515.3545315029, 24525.5648933593, 34515.3545315029, 29713.503466931477, 24637.8786375059, 34388.744096034265
297, 34515.3545315029, 24525.5648933593, 34515.3545315029, 30649.384340649543, 24633.72842252807, 34391.40609754557
298, 34515.3545315029, 24525.5648933593, 34515.3545315029, 30461.20403927122, 24626.484236522694, 34395.81693428851
299, 34515.3545315029, 24525.5648933593, 34515.3545315029, 30276.15445133573, 24630.116383733708, 34392.29657403656
300, 34515.3545315029, 24525.5648933593, 34515.3545315029, 31213.295353801703, 24602.70064311477, 34393.36993069663
301, 34515.3545315029, 24525.5648933593, 34515.3545315029, 30659.200519975988, 24598.394534268708, 34407.417887733594
302, 34515.3545315029, 24525.5648933593, 34515.3545315029, 30465.824078912006, 24577.461598754115, 34398.60978757095
303, 34515.3545315029, 24525.5648933593, 34515.3545315029, 30291.927832900146, 24569.33605536134, 34411.44496879501
304, 34515.3545315029, 24525.5648933593, 34515.3545315029, 30112.895480259016, 24565.308703058818, 34421.64815761033
305, 34515.3545315029, 24525.5648933593, 34515.3545315029, 29924.791770232074, 24572.040250204212, 34408.75862158723
306, 34515.3545315029, 24525.5648933593, 34515.3545315029, 30479.2290770287, 24568.98893093463, 34406.573916413174
307, 34515.3545315029, 24525.5648933593, 34515.3545315029, 30673.6029891959, 24561.88413782821, 34409.87639658287
308, 34515.3545315029, 24525.5648933593, 34515.3545315029, 29547.269428162926, 24571.9976106753, 34419.969839723184
309, 34515.3545315029, 24525.5648933593, 34515.3545315029, 29917.798084572863, 24565.566752376737, 34414.36528034764
310, 34515.3545315029, 24525.5648933593, 34515.3545315029, 30101.186010854883, 24565.790139424564, 34409.00919796872
311, 34525.228762890845, 24612.39859777263, 34525.228762890845, 31235.018315151436, 24562.290307536987, 34418.44727025555
312, 34525.228762890845, 24612.39859777263, 34525.228762890845, 28986.489888711316, 24589.751324504854, 34416.36758492208
313, 34525.228762890845, 24612.39859777263, 34525.228762890845, 28985.13322365656, 24585.285263023063, 34411.52604309075
314, 34525.228762890845, 24612.39859777263, 34525.228762890845, 28608.73524109617, 24588.87498912345, 34418.86307400876
315, 34525.228762890845, 24612.39859777263, 34525.228762890845, 28051.861848949193, 24593.614751130604, 34416.43432990634
316, 34525.228762890845, 24612.39859777263, 34525.228762890845, 28611.621368415024, 24595.274419783917, 34411.397509837654
317, 34525.228762890845, 24612.39859777263, 34525.228762890845, 28428.32581223767, 24593.131883663667, 34429.514784479295
318, 34525.228762890845, 24612.39859777263, 34525.228762890845, 29738.993775574516, 24587.769726891307, 34411.63457825324
319, 34525.228762890845, 24612.39859777263, 34525.228762890845, 28607.180829559125, 24604.38324926324, 34421.029894868974
320, 34586.615906643594, 24621.564630035497, 34586.615906643594, 27491.209284640896, 24616.483783905554, 34430.76202053074
321, 34586.615906643594, 24621.564630035497, 34586.615906643594, 29553.456144866985, 24611.220992675342, 34422.45086333231
322, 34586.615906643594, 24621.564630035497, 34586.615906643594, 28617.371378964013, 24635.098085373902, 34441.05828738365
323, 34586.615906643594, 24621.564630035497, 34586.615906643594, 27877.49639604969, 24669.633811664884, 34445.29280069844
324, 34586.615906643594, 24621.564630035497, 34586.615906643594, 29004.549599069804, 24653.553751304433, 34449.08728009175
325, 34586.615906643594, 24621.564630035497, 34586.615906643594, 28442.891119915264, 24662.235244557207, 34447.762170618495
326, 34586.615906643594, 24621.564630035497, 34586.615906643594, 28812.82479437145, 24650.094952061343, 34441.00633214979
327, 34620.94271545105, 24551.723176376076, 34620.94271545105, 29016.427469390474, 24646.790346927162, 34461.68470555536
328, 34620.94271545105, 24551.723176376076, 34620.94271545105, 29964.107846697425, 24633.948937006055, 34476.62777760455
329, 34620.94271545105, 24551.723176376076, 34620.94271545105, 29228.083404275756, 24641.55964255397, 34485.98196407161
330, 34620.94271545105, 24551.723176376076, 34620.94271545105, 30175.55145943605, 24642.027952472632, 34499.73899880884
331, 34620.94271545105, 24551.723176376076, 34620.94271545105, 29421.091492380103, 24647.508859717414, 34492.246116525865
332, 34625.325432093094, 24640.12116833641, 34625.325432093094, 28299.57095446897, 24667.440147528625, 34491.84623311487
333, 34625.325432093094, 24640.12116833641, 34625.325432093094, 28670.756584233823, 24657.22878495373, 34491.13737580031
334, 34625.325432093094, 24640.12116833641, 34625.325432093094, 28110.595190977976, 24664.958676148814, 34492.22624788022
335, 34625.325432093094, 24640.12116833641, 34625.325432093094, 28302.039798281698, 24665.934026548195, 34501.00556406352
336, 34625.325432093094, 24640.12116833641, 34625.325432093094, 28113.168664966044, 24659.484702010202, 34487.80364053023
337, 34625.325432093094, 24640.12116833641, 34625.325432093094, 28496.181612466753, 24653.36094217404, 34515.92376351411
338, 34625.325432093094, 24640.12116833641, 34625.325432093094, 27180.986680471717, 24660.287741974058, 34509.71524114071
339, 34625.325432093094, 24640.12116833641, 34625.325432093094, 27383.92059148226, 24639.984424711234, 34518.063676829595
340, 34625.325432093094, 24640.12116833641, 34625.325432093094, 28883.1008710522, 24616.851284008273, 34513.59354422309
341, 34625.325432093094, 24640.12116833641, 34625.325432093094, 27949.50709674632, 24630.58364723413, 34530.90891386842
342, 34625.325432093094, 24640.12116833641, 34625.325432093094, 29073.242830168394, 24621.705631326586, 34520.735249556375
343, 34625.325432093094, 24640.12116833641, 34625.325432093094, 27951.60306291292, 24648.455044094313, 34526.23230287076
344, 34625.325432093094, 24640.12116833641, 34625.325432093094, 29075.056999845016, 24643.599566400455, 34523.91668959228
345, 34625.325432093094, 24640.12116833641, 34625.325432093094, 28138.948903589724, 24679.808470068172, 34522.07410626845
346, 34625.325432093094, 24640.12116833641, 34625.325432093094, 28326.66323493805, 24674.96598397438, 34531.86371971735
347, 34625.325432093094, 24640.12116833641, 34625.325432093094, 28136.810009713376, 24690.534238499888, 34523.15631532628
348, 34625.325432093094, 24640.12116833641, 34625.325432093094, 28517.51088713172, 24677.877032576027, 34531.60929194287
349, 34625.325432093094, 24640.12116833641, 34625.325432093094, 28697.22360100348, 24670.39227127006, 34518.41058720259
350, 34625.325432093094, 24640.12116833641, 34625.325432093094, 27763.848987981855, 24691.461199592908, 34520.72625855637
351, 34625.325432093094, 24640.12116833641, 34625.325432093094, 29077.20035908883, 24679.414643966884, 34526.176328255715
352, 34626.50116460091, 24648.607728104118, 34626.50116460091, 27947.072964057326, 24696.58188107863, 34521.832616577114
353, 34626.50116460091, 24648.607728104118, 34626.50116460091, 28329.45832241314, 24680.384720845697, 34530.909381115016
354, 34626.50116460091, 24648.607728104118, 34626.50116460091, 28511.124453342658, 24672.085559825868, 34524.499059374626
355, 34666.89445568277, 24663.601279607938, 34666.89445568277, 28894.97595877677, 24679.09888860815, 34535.94383805888
356, 34666.89445568277, 24663.601279607938, 34666.89445568277, 28139.340981053363, 24683.06039859224, 34523.06542039847
357, 34666.89445568277, 24663.601279607938, 34666.89445568277, 28324.75430252744, 24686.616706330646, 34526.69441888976
358, 34666.89445568277, 24663.601279607938, 34666.89445568277, 27765.51151420598, 24686.15070625563, 34533.18681271627
359, 34666.89445568277, 24663.601279607938, 34666.89445568277, 27383.252719195923, 24686.65096697153, 34528.76438462894
360, 34666.89445568277, 24663.601279607938, 34666.89445568277, 28698.64811594738, 24690.717635852867, 34528.54257189221
361, 34666.89445568277, 24663.601279607938, 34666.89445568277, 28140.423354268914, 24688.236471275115, 34538.38131019639
362, 34666.89445568277, 24663.601279607938, 34666.89445568277, 28330.846357994647, 24686.264956809267, 34532.32186531514
363, 34666.89445568277, 24663.601279607938, 34666.89445568277, 27958.17611212965, 24697.21739639057, 34539.773275256746
364, 34666.89445568277, 24663.601279607938, 34666.89445568277, 28142.408259987034, 24685.440625923497, 34525.48602575252
365, 34666.89445568277, 24663.601279607938, 34666.89445568277, 28531.25008833932, 24698.826283587496, 34538.26841572952
366, 34666.89445568277, 24663.601279607938, 34666.89445568277, 28344.163552417194, 24695.57633400677, 34553.826358065795
367, 34666.89445568277, 24663.601279607938, 34666.89445568277, 28169.19848000424, 24700.36938248221, 34552.98308982263
368, 34666.89445568277, 24663.601279607938, 34666.89445568277, 27789.902003171916, 24701.45318635527, 34558.34308732805
369, 34666.89445568277, 24663.601279607938, 34666.89445568277, 28738.647329831256, 24706.76860218092, 34556.19714641593
370, 34666.89445568277, 24663.601279607938, 34666.89445568277, 28356.67730939665, 24699.196154329726, 34564.625690414294
371, 34666.89445568277, 24663.601279607938, 34666.89445568277, 27793.534523988812, 24715.58782172138, 34565.61108473408
372, 34666.89445568277, 24663.601279607938, 34666.89445568277, 28547.76271506048, 24692.33061478233, 34564.54629046438
373, 34666.89445568277, 24663.601279607938, 34666.89445568277, 28547.72649448901, 24700.927658279943, 34564.28603503131
374, 34666.89445568277, 24663.601279607938, 34666.89445568277, 27796.792823199758, 24706.496961984838, 34569.34767816986
375, 34666.89445568277, 24663.601279607938, 34666.89445568277, 27604.969616895753, 24709.55076581957, 34561.636097139206
376, 34666.89445568277, 24663.601279607938, 34666.89445568277, 28355.084887245244, 24701.544622994632, 34559.29135747757
377, 34666.89445568277, 24663.601279607938, 34666.89445568277, 27610.278303292027, 24713.79019913124, 34574.51365320641
378, 34666.89445568277, 24663.601279607938, 34666.89445568277, 27603.61269264528, 24712.017268448893, 34565.43926238123
379, 34666.89445568277, 24663.601279607938, 34666.89445568277, 28168.416609532145, 24698.789439571316, 34562.041963822994
380, 34666.89445568277, 24663.601279607938, 34666.89445568277, 29111.026276049015, 24691.38626735626, 34569.69381058521
381, 34666.89445568277, 24663.601279607938, 34666.89445568277, 28171.681856638697, 24689.428080899022, 34571.04865751075
382, 34666.89445568277, 24663.601279607938, 34666.89445568277, 27608.690424968616, 24707.376988109827, 34567.15055332281
383, 34666.89445568277, 24663.601279607938, 34666.89445568277, 28358.328907208186, 24699.20194657896, 34559.35564078328
384, 34666.89445568277, 24663.601279607938, 34666.89445568277, 27984.903552596203, 24701.692438717495, 34560.84420687017
385, 34666.89445568277, 24663.601279607938, 34666.89445568277, 28172.762015755605, 24702.154856066234, 34562.57040590096
386, 34666.89445568277, 24663.601279607938, 34666.89445568277, 28356.503508197497, 24699.32389513795, 34561.09170855158
387, 34666.89445568277, 24663.601279607938, 34666.89445568277, 27416.412814554948, 24709.20063998024, 34560.37395445343
388, 34666.89445568277, 24663.601279607938, 34666.89445568277, 27418.166495338384, 24706.181591061635, 34554.67075720204
389, 34666.89445568277, 24663.601279607938, 34666.89445568277, 27609.49043049211, 24698.087627681245, 34567.31285392487
390, 34666.89445568277, 24663.601279607938, 34666.89445568277, 27420.72624465982, 24704.361908890216, 34567.65862858588
391, 34666.89445568277, 24663.601279607938, 34666.89445568277, 28360.149070015454, 24697.02009607743, 34557.439939067
392, 34666.89445568277, 24663.601279607938, 34666.89445568277, 27605.87486416748, 24699.52317781053, 34554.90460310246
393, 34666.89445568277, 24663.601279607938, 34666.89445568277, 28730.43858632618, 24703.04033534703, 34552.55160380894
394, 34670.019617176535, 24631.44560978983, 34670.019617176535, 29292.791699645597, 24695.90675740705, 34559.57869672042
395, 34670.019617176535, 24631.44560978983, 34670.019617176535, 28738.19869346246, 24694.24094622419, 34567.07600253568
396, 34670.019617176535, 24631.44560978983, 34670.019617176535, 28364.502365924393, 24694.158791607635, 34567.5080200231
397, 34670.019617176535, 24631.44560978983, 34670.019617176535, 28171.880110101778, 24704.887212968875, 34563.37777006432
398, 34670.019617176535, 24631.44560978983, 34670.019617176535, 27985.836744608296, 24695.94951619212, 34562.186954505836
399, 34670.019617176535, 24631.44560978983, 34670.019617176535, 28548.90214325869, 24688.85103172075, 34562.95622557825
400, 34682.69132097336, 24591.353707295715, 34682.69132097336, 28362.070819058183, 24693.461490198642, 34564.988301228776
401, 34682.69132097336, 24591.353707295715, 34682.69132097336, 29488.281365842184, 24683.14129110346, 34569.38201943231
402, 34682.69132097336, 24591.353707295715, 34682.69132097336, 28550.584433665514, 24684.805534587445, 34567.26727413159
403, 34683.68626715998, 24663.6860475747, 34683.68626715998, 29492.699443891255, 24665.369517360636, 34570.31621435728
404, 34683.68626715998, 24663.6860475747, 34683.68626715998, 28551.534150421485, 24672.10383360702, 34572.59707198849
405, 34683.68626715998, 24663.6860475747, 34683.68626715998, 27989.593432653484, 24677.618346403327, 34571.33791519488
406, 34683.68626715998, 24663.6860475747, 34683.68626715998, 28180.73330270544, 24676.78161235736, 34569.59639412658
407, 34683.68626715998, 24663.6860475747, 34683.68626715998, 27987.039225073, 24664.600977484384, 34579.05237598367
408, 34683.68626715998, 24663.6860475747, 34683.68626715998, 27992.11867664797, 24659.188092347817, 34571.454460982706
409, 34683.68626715998, 24663.6860475747, 34683.68626715998, 27808.242951280867, 24660.862955997003, 34583.88609625303
410, 34683.68626715998, 24663.6860475747, 34683.68626715998, 28373.155045603064, 24663.50145708067, 34571.74466867474
411, 34683.68626715998, 24663.6860475747, 34683.68626715998, 27808.464719218264, 24676.016553117104, 34574.250575108774
412, 34683.68626715998, 24663.6860475747, 34683.68626715998, 28184.826716654214, 24682.807325611142, 34581.39331558823
413, 34683.68626715998, 24663.6860475747, 34683.68626715998, 28372.480188759324, 24699.324255673742, 34585.561242406424
414, 34683.68626715998, 24663.6860475747, 34683.68626715998, 27431.674825289316, 24715.61483761005, 34568.53032137911
415, 34683.68626715998, 24663.6860475747, 34683.68626715998, 28368.334566712743, 24704.148779463692, 34576.0812689248
416, 34683.68626715998, 24663.6860475747, 34683.68626715998, 28753.67469526816, 24699.50335619892, 34587.04758645401
417, 34683.68626715998, 24663.6860475747, 34683.68626715998, 28373.653523283774, 24704.028727289537, 34581.67193833449
418, 34683.68626715998, 24663.6860475747, 34683.68626715998, 28377.692999971914, 24698.519843493614, 34588.57165844552
419, 34683.68626715998, 24663.6860475747, 34683.68626715998, 28944.66088916511, 24708.101653059606, 34589.110458713345
420, 34683.68626715998, 24663.6860475747, 34683.68626715998, 28374.430521510843, 24694.600035338615, 34575.185510070514
421, 34683.68626715998, 24663.6860475747, 34683.68626715998, 28185.815076447583, 24705.863205335834, 34586.259588019275
422, 34737.60965083977, 24549.04943324952, 34737.60965083977, 30077.822222278894, 24682.556484508288, 34598.46177606744
423, 34737.60965083977, 24549.04943324952, 34737.60965083977, 30447.021608385974, 24670.065786471543, 34594.015911752955
424, 34737.60965083977, 24549.04943324952, 34737.60965083977, 29693.31695630063, 24686.092524441814, 34593.627679383506
425, 34737.60965083977, 24549.04943324952, 34737.60965083977, 29886.441801825673, 24675.824036085993, 34589.83024905898
426, 34737.60965083977, 24549.04943324952, 34737.60965083977, 29888.663799927835, 24671.00613235244, 34597.50644449668
427, 34737.60965083977, 24549.04943324952, 34737.60965083977, 30268.240827094105, 24671.212384509414, 34606.58190003211
428, 34737.60965083977, 24549.04943324952, 34737.60965083977, 29506.647197731603, 24682.898287927717, 34598.461934399056
429, 34737.60965083977, 24549.04943324952, 34737.60965083977, 30833.784572526445, 24661.48974956371, 34600.63461222878
430, 34737.60965083977, 24549.04943324952, 34737.60965083977, 30654.649127674995, 24662.79807839274, 34611.59932998713
431, 34737.60965083977, 24549.04943324952, 34737.60965083977, 30094.877233250005, 24663.71904250753, 34613.293842304316
432, 34737.60965083977, 24549.04943324952, 34737.60965083977, 29907.83426826076, 24661.048894520318, 34614.28779419494
433, 34737.60965083977, 24549.04943324952, 34737.60965083977, 29157.777152394407, 24648.172792479916, 34624.41925294862
434, 34737.60965083977, 24549.04943324952, 34737.60965083977, 29547.653861740273, 24622.380049186937, 34632.17067798316
435, 34737.60965083977, 24549.04943324952, 34737.60965083977, 30107.64504652358, 24618.126389799956, 34625.37214515905
436, 34737.60965083977, 24549.04943324952, 34737.60965083977, 29168.006546821285, 24608.547273227945, 34627.82083813688
437, 34737.60965083977, 24549.04943324952, 34737.60965083977, 30111.173824708458, 24593.029858851412, 34626.15206635144
438, 34737.60965083977, 24549.04943324952, 34737.60965083977, 29921.71855243808, 24588.332698699513, 34634.2412680583
439, 34737.60965083977, 24549.04943324952, 34737.60965083977, 29739.591251268554, 24594.480790019526, 34630.001582344026
440, 34737.60965083977, 24549.04943324952, 34737.60965083977, 28983.350282882395, 24597.676177967896, 34642.07905180003
441, 34737.60965083977, 24549.04943324952, 34737.60965083977, 29548.47146990611, 24595.80280591832, 34640.99913471573
442, 34737.60965083977, 24549.04943324952, 34737.60965083977, 30485.458416404115, 24589.33287370949, 34625.482610977175
443, 34737.60965083977, 24549.04943324952, 34737.60965083977, 30680.258924497237, 24584.156454142645, 34639.68209245462
444, 34765.21646588515, 24631.114202244997, 34765.21646588515, 28791.543336514194, 24606.724538362156, 34635.04424177536
445, 34765.21646588515, 24631.114202244997, 34765.21646588515, 28415.81966943646, 24607.379640732404, 34636.81950568008
446, 34765.21646588515, 24631.114202244997, 34765.21646588515, 29364.736126147767, 24600.406426015616, 34653.4478695184
447, 34765.21646588515, 24631.114202244997, 34765.21646588515, 28233.6201112143, 24616.524301262045, 34642.99895473837
448, 34765.21646588515, 24631.114202244997, 34765.21646588515, 27850.589201029703, 24617.00215910047, 34632.028908544824
449, 34765.21646588515, 24631.114202244997, 34765.21646588515, 28420.44352717335, 24616.799172574494, 34648.68814467113
450, 34765.21646588515, 24631.114202244997, 34765.21646588515, 29557.3366681928, 24615.67126629138, 34645.570631989416
451, 34765.21646588515, 24631.114202244997, 34765.21646588515, 28611.00501305485, 24619.44288277412, 34646.362406265056
452, 34765.21646588515, 24631.114202244997, 34765.21646588515, 28619.543968381728, 24627.18296662369, 34643.01007588135
453, 34765.21646588515, 24631.114202244997, 34765.21646588515, 28055.038572741898, 24645.669402907097, 34652.923219798366
454, 34765.21646588515, 24631.114202244997, 34765.21646588515, 28436.25270195473, 24662.965154386366, 34669.125748875485
455, 34765.21646588515, 24631.114202244997, 34765.21646588515, 28629.08669240861, 24672.224309352532, 34659.439261274114
456, 34765.21646588515, 24631.114202244997, 34765.21646588515, 28438.358874561847, 24679.84709326689, 34653.26945391268
457, 34772.93732656576, 24507.62240316902, 34772.93732656576, 31269.95105186738, 24641.48103102148, 34668.92186098763
458, 34772.93732656576, 24507.62240316902, 34772.93732656576, 30325.483526001735, 24652.07700000031, 34648.741999482976
459, 34772.93732656576, 24507.62240316902, 34772.93732656576, 32589.192516090134, 24630.982154511697, 34658.553229734585
460, 34772.93732656576, 24507.62240316902, 34772.93732656576, 30886.612233046017, 24644.45624039722, 34659.331312487004
461, 34772.93732656576, 24507.62240316902, 34772.93732656576, 30515.71076837468, 24640.440825965088, 34661.26488881618
462, 34772.93732656576, 24507.62240316902, 34772.93732656576, 30139.80010364829, 24647.93727117262, 34661.44876780401
463, 34772.93732656576, 24507.62240316902, 34772.93732656576, 30704.50699669415, 24641.751935965163, 34659.98474254022
464, 34772.93732656576, 24507.62240316902, 34772.93732656576, 30890.410505418033, 24644.261710783616, 34657.3875679836
465, 34772.93732656576, 24507.62240316902, 34772.93732656576, 30711.787724034133, 24646.38675884935, 34667.52442777039
466, 34805.454851317074, 24591.092852512025, 34805.454851317074, 30900.558364159377, 24629.001765570338, 34670.956893220864
467, 34805.454851317074, 24591.092852512025, 34805.454851317074, 29577.204562522707, 24645.940241101387, 34675.4134352495
468, 34805.454851317074, 24591.092852512025, 34805.454851317074, 29765.381674739572, 24625.66374747977, 34679.81964615316
469, 34805.454851317074, 24591.092852512025, 34805.454851317074, 29389.581758860124, 24613.281733670734, 34680.13192383753
470, 34805.454851317074, 24591.092852512025, 34805.454851317074, 29584.370660338245, 24569.230773368436, 34679.56849818067
471, 34805.454851317074, 24591.092852512025, 34805.454851317074, 29577.870547732826, 24563.525533323067, 34673.54720113761
472, 34805.454851317074, 24591.092852512025, 34805.454851317074, 29776.877134575865, 24575.156463352676, 34688.791780934625
473, 34805.454851317074, 24591.092852512025, 34805.454851317074, 28823.554680081106, 24570.836744658463, 34683.44100791689
474, 34805.454851317074, 24591.092852512025, 34805.454851317074, 29395.52574534904, 24574.129216628993, 34677.81055141043
475, 34805.454851317074, 24591.092852512025, 34805.454851317074, 28826.463450254018, 24577.95126650138, 34682.47449775559
476, 34805.454851317074, 24591.092852512025, 34805.454851317074, 29587.162981219422, 24579.48276079381, 34681.79508446384
477, 34805.454851317074, 24591.092852512025, 34805.454851317074, 28831.62920812442, 24600.72149553916, 34674.74054954871
478, 34832.06014731203, 24472.062560195256, 34832.06014731203, 32239.781825989965, 24571.11262315908, 34699.99989034502
479, 34832.06014731203, 24472.062560195256, 34832.06014731203, 31873.239819057937, 24593.11302819574, 34705.59173878808
480, 34832.06014731203, 24472.062560195256, 34832.06014731203, 30738.681586891926, 24603.348375752517, 34702.3201648599
481, 34832.06014731203, 24472.062560195256, 34832.06014731203, 30361.149270603397, 24604.367871801416, 34706.57013915205
482, 34832.06014731203, 24472.062560195256, 34832.06014731203, 31875.886843043343, 24584.703389614366, 34716.45715012722
483, 34832.06014731203, 24472.062560195256, 34832.06014731203, 30176.912463994286, 24592.278460081, 34704.52364408833
484, 34832.06014731203, 24472.062560195256, 34832.06014731203, 30371.345969505583, 24566.764524496375, 34718.66387990152
485, 34832.06014731203, 24472.062560195256, 34832.06014731203, 31897.704624330854, 24533.082676209186, 34733.8121447448
486, 34873.10025922295, 24572.49049650395, 34873.10025922295, 31517.17892354353, 24502.223483066842, 34715.275071192154
487, 34873.10025922295, 24572.49049650395, 34873.10025922295, 30578.275983837386, 24529.47546811229, 34739.6517796864
488, 34873.10025922295, 24572.49049650395, 34873.10025922295, 29060.504799654263, 24541.380264609685, 34733.47230489188
489, 34873.10025922295, 24572.49049650395, 34873.10025922295, 29442.70939034537, 24536.557989494646, 34734.60836083085
490, 34873.10025922295, 24572.49049650395, 34873.10025922295, 29065.70830223999, 24541.242685049587, 34734.099239831565
491, 34873.10025922295, 24572.49049650395, 34873.10025922295, 29632.725400858344, 24531.847153576193, 34738.036762344454
492, 35033.447015754275, 24675.35160069877, 35033.447015754275, 28314.819720244035, 24561.84000979865, 34778.01024965165
493, 35033.447015754275, 24675.35160069877, 35033.447015754275, 28129.221763150574, 24566.9758515878, 34768.203095278084
494, 35033.447015754275, 24675.35160069877, 35033.447015754275, 27761.721918671163, 24582.26273346876, 34791.48224390509
495, 35033.447015754275, 24675.35160069877, 35033.447015754275, 27958.387195056242, 24602.747564929472, 34801.232760417224
496, 35033.447015754275, 24675.35160069877, 35033.447015754275, 27972.546698001493, 24623.921240773943, 34812.66603926478
497, 35033.447015754275, 24675.35160069877, 35033.447015754275, 28734.58116210071, 24639.602731892646, 34816.001895337824
498, 35033.447015754275, 24675.35160069877, 35033.447015754275, 28556.083624606705, 24666.71713918514, 34823.82363648814
499, 35033.447015754275, 24675.35160069877, 35033.447015754275, 27813.68922313113, 24673.980175156423, 34847.27414687617
500, 35033.447015754275, 24675.35160069877, 35033.447015754275, 28020.4165944167, 24691.251230299597, 34858.657234004175
