1, 27203.31207223958, 24641.335079144334, 27203.31207223958, 25127.81823675417, 24655.621120110438, 25127.81823675417
2, 27203.31207223958, 24641.335079144334, 27203.31207223958, 25629.199333904533, 24630.271653200427, 25629.199333904533
3, 27203.31207223958, 24641.335079144334, 27203.31207223958, 25905.135996725974, 24614.85593378586, 25905.135996725974
4, 27203.31207223958, 24641.335079144334, 27203.31207223958, 26162.684513364326, 24593.980610317423, 26162.684513364326
5, 27215.14013533303, 24561.21119123633, 27215.14013533303, 26372.112337268703, 24580.68197504302, 26372.112337268703
6, 27447.5234540723, 24250.930085869168, 27447.5234540723, 26569.577111195467, 24582.496404037996, 26569.577111195467
7, 27633.199114886873, 24489.97704431754, 27633.199114886873, 26781.268052700412, 24563.553541868772, 26781.268052700412
8, 27633.199114886873, 24489.97704431754, 27633.199114886873, 27051.646938784565, 24556.600799087217, 27051.646938784565
9, 27812.64064666299, 24659.935853849358, 27812.64064666299, 27271.434972666873, 24581.768985589606, 27271.434972666873
10, 27812.64064666299, 24659.935853849358, 27812.64064666299, 27366.96748825044, 24524.930730147626, 27366.96748825044
11, 27910.379233119056, 24593.95704071561, 27910.379233119056, 27461.743506198996, 24495.767728750096, 27461.743506198996
12, 27983.046788111482, 24514.532498935616, 27983.046788111482, 27552.949653730044, 24498.101615170795, 27552.949653730044
13, 27983.046788111482, 24514.532498935616, 27983.046788111482, 27636.556137544474, 24471.005598649775, 27636.556137544474
14, 28034.256106723627, 24429.74702821867, 28034.256106723627, 27743.660712067354, 24478.154829277784, 27743.660712067354
15, 28126.53186972015, 24504.536170876378, 28126.53186972015, 27824.766043120562, 24473.359412864294, 27824.766043120562
16, 28200.743190910078, 24512.763814769263, 28200.743190910078, 27892.50025585635, 24462.872763918025, 27892.50025585635
17, 28273.195275313836, 24394.86068033169, 28273.195275313836, 27958.17057465997, 24441.8210917597, 27958.17057465997
18, 28338.777339951244, 24538.768097110933, 28338.777339951244, 28024.459991702755, 24495.87769663083, 28024.459991702755
19, 28526.47559317742, 24599.5699983077, 28526.47559317742, 28082.38670269208, 24505.569486124543, 28082.38670269208
20, 28531.03448469926, 24474.25161953601, 28531.03448469926, 28143.678791316222, 24508.593934690347, 28143.678791316222
21, 28552.36613260925, 24640.900894707927, 28552.36613260925, 28248.942168815116, 24508.961749434777, 28248.942168815116
22, 28695.23615204028, 24487.29366315006, 28695.23615204028, 28325.31796992858, 24507.2050427808, 28325.31796992858
23, 28695.23615204028, 24487.29366315006, 28695.23615204028, 28404.661716457027, 24517.420002189745, 28404.661716457027
24, 28695.23615204028, 24487.29366315006, 28695.23615204028, 28482.00348962034, 24525.094953720563, 28482.00348962034
25, 28848.820513613155, 24644.28349980425, 28848.820513613155, 28544.678409628075, 24550.00810985814, 28544.678409628075
26, 29037.76834525375, 24550.743006823093, 29037.76834525375, 28592.401139597787, 24536.82344379006, 28592.401139597787
27, 29037.76834525375, 24550.743006823093, 29037.76834525375, 28644.62309239258, 24537.645098892655, 28644.62309239258
28, 29037.76834525375, 24550.743006823093, 29037.76834525375, 28703.22920211107, 24555.561623697336, 28703.22920211107
29, 29037.76834525375, 24550.743006823093, 29037.76834525375, 28750.05002897234, 24550.968749484015, 28750.05002897234
30, 29093.583127667043, 24504.144091815422, 29093.583127667043, 28806.298577320456, 24546.868353292393, 28806.298577320456
31, 29093.583127667043, 24504.144091815422, 29093.583127667043, 28850.38159136981, 24560.305288358006, 28850.38159136981
32, 29138.53857850708, 24442.082789870175, 29138.53857850708, 28908.44385685788, 24513.007241304065, 28908.44385685788
33, 29138.53857850708, 24442.082789870175, 29138.53857850708, 28960.396283924292, 24463.98808727252, 28960.396283924292
34, 29201.360367317255, 24542.120926784595, 29201.360367317255, 29018.50865186952, 24481.90011051271, 29018.50865186952
35, 29327.51205566822, 24502.024334939957, 29327.51205566822, 29061.912614431032, 24492.884066990275, 29061.912614431032
36, 29338.644657709447, 24537.124596393794, 29338.644657709447, 29088.558640445928, 24481.79160039594, 29088.558640445928
37, 29338.644657709447, 24537.124596393794, 29338.644657709447, 29123.368628378215, 24487.51495069402, 29123.368628378215
38, 29355.968551747803, 24663.12089711483, 29355.968551747803, 29151.881844136613, 24481.702214316218, 29151.881844136613
39, 29421.948532893788, 24393.252923659486, 29421.948532893788, 29192.66958221347, 24460.522081533218, 29192.66958221347
40, 29675.439386855618, 24425.79369214387, 29675.439386855618, 29244.626958201192, 24480.280446052864, 29244.626958201192
41, 29675.439386855618, 24425.79369214387, 29675.439386855618, 29278.980277494065, 24477.98440253578, 29278.980277494065
42, 29675.439386855618, 24425.79369214387, 29675.439386855618, 29324.16461767102, 24487.205341603974, 29324.16461767102
43, 29675.439386855618, 24425.79369214387, 29675.439386855618, 29364.143914742494, 24496.33200938431, 29364.143914742494
44, 29675.439386855618, 24425.79369214387, 29675.439386855618, 29408.835495533123, 24516.496869157032, 29408.835495533123
45, 29785.801316790752, 24465.85272059363, 29785.801316790752, 29454.67787743472, 24506.71903413225, 29454.67787743472
46, 29785.801316790752, 24465.85272059363, 29785.801316790752, 29485.162274373033, 24504.374805924082, 29485.162274373033
47, 29785.801316790752, 24465.85272059363, 29785.801316790752, 29521.631897446197, 24526.802314333352, 29521.631897446197
48, 29785.801316790752, 24465.85272059363, 29785.801316790752, 29565.574573174104, 24511.39460365181, 29565.574573174104
49, 29873.791477873434, 24361.003936821162, 29873.791477873434, 29625.264426862574, 24523.84106249812, 29625.264426862574
50, 29873.791477873434, 24361.003936821162, 29873.791477873434, 29666.52020320151, 24515.485653970984, 29666.52020320151
51, 29884.832249705174, 24323.552365247433, 29884.832249705174, 29690.435076908372, 24506.5627243767, 29690.435076908372
52, 29884.832249705174, 24323.552365247433, 29884.832249705174, 29708.28792085357, 24486.4073964925, 29708.28792085357
53, 30100.206604012077, 24476.34016953151, 30100.206604012077, 29740.916336380687, 24509.832827258007, 29740.916336380687
54, 30100.206604012077, 24476.34016953151, 30100.206604012077, 29775.683681798404, 24460.59656257999, 29775.683681798404
55, 30100.206604012077, 24476.34016953151, 30100.206604012077, 29811.743719683545, 24450.936008460452, 29811.743719683545
56, 30100.206604012077, 24476.34016953151, 30100.206604012077, 29844.896596922375, 24452.23833778816, 29844.896596922375
57, 30100.206604012077, 24476.34016953151, 30100.206604012077, 29877.576310991215, 24455.93493389749, 29877.576310991215
58, 30100.206604012077, 24476.34016953151, 30100.206604012077, 29908.515277084418, 24425.03261546871, 29908.515277084418
59, 30100.206604012077, 24476.34016953151, 30100.206604012077, 29934.249432374523, 24423.454420926395, 29934.249432374523
60, 30177.142307700244, 24409.441668293653, 30177.142307700244, 29973.66171454304, 24459.12037730566, 29973.66171454304
61, 30310.95967305112, 24684.98691541247, 30310.95967305112, 30017.581049694327, 24483.73040047659, 30017.581049694327
62, 30310.95967305112, 24684.98691541247, 30310.95967305112, 30041.48974488939, 24504.997605283515, 30041.48974488939
63, 30310.95967305112, 24684.98691541247, 30310.95967305112, 30069.385222342786, 24516.69766636706, 30069.385222342786
64, 30310.95967305112, 24684.98691541247, 30310.95967305112, 30098.010084107416, 24493.712568446677, 30098.010084107416
65, 30509.195897654005, 24595.396910977892, 30509.195897654005, 30129.680486115438, 24506.26229662628, 30129.680486115438
66, 30509.195897654005, 24595.396910977892, 30509.195897654005, 30153.033674553186, 24535.55109506759, 30153.033674553186
67, 30509.195897654005, 24595.396910977892, 30509.195897654005, 30176.381746863935, 24562.909100330646, 30176.381746863935
68, 30509.195897654005, 24595.396910977892, 30509.195897654005, 30224.08403241279, 24520.020137900105, 30224.08403241279
69, 30509.195897654005, 24595.396910977892, 30509.195897654005, 30262.65735265437, 24553.02893121023, 30262.65735265437
70, 30509.195897654005, 24595.396910977892, 30509.195897654005, 30307.84546456, 24580.13699481812, 30307.84546456
71, 30509.195897654005, 24595.396910977892, 30509.195897654005, 30338.028368582, 24609.124639213223, 30338.028368582
72, 30509.195897654005, 24595.396910977892, 30509.195897654005, 30366.29226125615, 24615.456826449234, 30366.29226125615
73, 30580.72167793236, 24339.604658360135, 30580.72167793236, 30408.689055425995, 24557.535086598964, 30408.689055425995
74, 30595.23144779889, 24536.78058063126, 30595.23144779889, 30455.99568969379, 24568.08479378982, 30455.99568969379
75, 30595.23144779889, 24536.78058063126, 30595.23144779889, 30493.780452527626, 24569.415872857022, 30493.780452527626
76, 30602.441205822764, 24584.088474598477, 30602.441205822764, 30514.547119170307, 24590.49162501707, 30514.547119170307
77, 30659.939260548363, 24509.054652658244, 30659.939260548363, 30520.606552921912, 24582.567397927356, 30520.606552921912
78, 30659.939260548363, 24509.054652658244, 30659.939260548363, 30533.325387162757, 24565.897095512315, 30533.325387162757
79, 30772.89437274905, 24548.090867140767, 30772.89437274905, 30547.723788307914, 24544.3194966002, 30547.723788307914
80, 30772.89437274905, 24548.090867140767, 30772.89437274905, 30575.62387279223, 24508.034286228874, 30575.62387279223
81, 30778.599645841226, 24431.758498413154, 30778.599645841226, 30604.453329767864, 24484.13036703884, 30604.453329767864
82, 30778.599645841226, 24431.758498413154, 30778.599645841226, 30618.845829335143, 24520.876553614537, 30618.845829335143
83, 30778.599645841226, 24431.758498413154, 30778.599645841226, 30641.40933893997, 24504.39957594442, 30641.40933893997
84, 30778.599645841226, 24431.758498413154, 30778.599645841226, 30666.227106910486, 24462.9257641098, 30666.227106910486
85, 30778.599645841226, 24431.758498413154, 30778.599645841226, 30690.919034398015, 24503.987402977084, 30690.919034398015
86, 30911.447989137723, 24348.210785343283, 30911.447989137723, 30715.381407997604, 24535.70617796158, 30715.381407997604
87, 30980.13476357769, 24534.83665411311, 30980.13476357769, 30740.94531291523, 24549.479971817724, 30740.94531291523
88, 30980.13476357769, 24534.83665411311, 30980.13476357769, 30760.659567419123, 24567.724682837525, 30760.659567419123
89, 30980.13476357769, 24534.83665411311, 30980.13476357769, 30781.23648503684, 24523.496715021884, 30781.23648503684
90, 30980.13476357769, 24534.83665411311, 30980.13476357769, 30797.5520268208, 24495.441149766157, 30797.5520268208
91, 30980.13476357769, 24534.83665411311, 30980.13476357769, 30821.60409443721, 24461.674410360167, 30821.60409443721
92, 30980.13476357769, 24534.83665411311, 30980.13476357769, 30858.348340984812, 24478.040641780433, 30858.348340984812
93, 30980.13476357769, 24534.83665411311, 30980.13476357769, 30898.225626565836, 24463.161589435404, 30898.225626565836
94, 31008.852004398694, 24483.108068367463, 31008.852004398694, 30931.24332402921, 24412.21526643388, 30931.24332402921
95, 31102.71549923264, 24450.719638593935, 31102.71549923264, 30951.798687704228, 24460.89421665363, 30951.798687704228
96, 31145.87504852204, 24586.297552785567, 31145.87504852204, 30972.91691092641, 24505.592898829094, 30972.91691092641
97, 31145.87504852204, 24586.297552785567, 31145.87504852204, 30983.930853667167, 24528.201888737614, 30983.930853667167
98, 31145.87504852204, 24586.297552785567, 31145.87504852204, 30989.614380391176, 24530.774497484443, 30989.614380391176
99, 31145.87504852204, 24586.297552785567, 31145.87504852204, 30996.923428469436, 24530.659379582183, 30996.923428469436
100, 31145.87504852204, 24586.297552785567, 31145.87504852204, 31007.978796903255, 24533.24284188346, 31007.978796903255
101, 31195.788090092206, 24451.64689007504, 31195.788090092206, 31029.735331197535, 24532.450151972716, 31029.735331197535
102, 31207.21603424766, 24613.050027078505, 31207.21603424766, 31055.473248162496, 24551.22123206918, 31055.473248162496
103, 31207.21603424766, 24613.050027078505, 31207.21603424766, 31088.09793421658, 24542.553127134586, 31088.09793421658
104, 31274.974274928976, 24543.91914544649, 31274.974274928976, 31119.198524140324, 24552.101525655147, 31119.198524140324
105, 31274.974274928976, 24543.91914544649, 31274.974274928976, 31151.96745767117, 24565.86083564644, 31151.96745767117
106, 31274.974274928976, 24543.91914544649, 31274.974274928976, 31156.733894367782, 24556.878127970573, 31156.733894367782
107, 31274.974274928976, 24543.91914544649, 31274.974274928976, 31163.82739898351, 24534.96325166884, 31163.82739898351
108, 31285.310674919165, 24607.884044262464, 31285.310674919165, 31175.983565597166, 24499.447521764923, 31175.983565597166
109, 31293.54638492815, 24617.718089091293, 31293.54638492815, 31189.40229849804, 24472.956540211733, 31189.40229849804
110, 31344.988713200783, 24588.909455638615, 31344.988713200783, 31204.895734320515, 24487.296127420297, 31204.895734320515
111, 31344.988713200783, 24588.909455638615, 31344.988713200783, 31216.329723861054, 24491.554194691173, 31216.329723861054
112, 31344.988713200783, 24588.909455638615, 31344.988713200783, 31228.616398572434, 24518.347512179484, 31228.616398572434
113, 31474.108626342324, 24654.26993358925, 31474.108626342324, 31251.368092273715, 24520.823829661425, 31251.368092273715
114, 31474.108626342324, 24654.26993358925, 31474.108626342324, 31278.049900325896, 24522.010618698463, 31278.049900325896
115, 31474.108626342324, 24654.26993358925, 31474.108626342324, 31289.709156759913, 24537.591150221542, 31289.709156759913
116, 31474.108626342324, 24654.26993358925, 31474.108626342324, 31303.109188974122, 24540.636919123026, 31303.109188974122
117, 31491.244515583534, 24623.085351592308, 31491.244515583534, 31329.68716313916, 24532.43589523109, 31329.68716313916
118, 31491.244515583534, 24623.085351592308, 31491.244515583534, 31351.39034287557, 24553.092561237227, 31351.39034287557
119, 31491.244515583534, 24623.085351592308, 31491.244515583534, 31361.425208440454, 24573.581622950733, 31361.425208440454
120, 31491.244515583534, 24623.085351592308, 31491.244515583534, 31370.629808689137, 24566.78011621837, 31370.629808689137
121, 31491.244515583534, 24623.085351592308, 31491.244515583534, 31390.00708334537, 24548.112929347222, 31390.00708334537
122, 31491.244515583534, 24623.085351592308, 31491.244515583534, 31410.495404504054, 24561.37830504121, 31410.495404504054
123, 31532.058349272185, 24567.442928064025, 31532.058349272185, 31429.120519005133, 24593.258127003945, 31429.120519005133
124, 31532.058349272185, 24567.442928064025, 31532.058349272185, 31439.211561013224, 24596.45389936529, 31439.211561013224
125, 31566.208367393414, 24531.351596857283, 31566.208367393414, 31453.875543012215, 24615.89554007523, 31453.875543012215
126, 31574.331857577723, 24408.741891729645, 31574.331857577723, 31471.384543399556, 24626.157708996143, 31471.384543399556
127, 31574.331857577723, 24408.741891729645, 31574.331857577723, 31487.65452803239, 24624.875388600285, 31487.65452803239
128, 31574.331857577723, 24408.741891729645, 31574.331857577723, 31497.960580315506, 24595.68720193966, 31497.960580315506
129, 31574.331857577723, 24408.741891729645, 31574.331857577723, 31505.222075067737, 24569.734853767644, 31505.222075067737
130, 31608.053443865938, 24356.25693255019, 31608.053443865938, 31514.388623912724, 24533.60516562444, 31514.388623912724
131, 31608.053443865938, 24356.25693255019, 31608.053443865938, 31526.287712497236, 24508.092862215824, 31526.287712497236
132, 31608.053443865938, 24356.25693255019, 31608.053443865938, 31533.99843622145, 24510.2256150418, 31533.99843622145
133, 31663.912701534744, 24625.28602898715, 31663.912701534744, 31548.648729981604, 24543.44248782907, 31548.648729981604
134, 31663.912701534744, 24625.28602898715, 31663.912701534744, 31561.03881210674, 24537.098593789764, 31561.03881210674
135, 31663.912701534744, 24625.28602898715, 31663.912701534744, 31573.49402176353, 24479.714017366114, 31573.49402176353
136, 31663.912701534744, 24625.28602898715, 31663.912701534744, 31582.505322086494, 24445.91581358189, 31582.505322086494
137, 31864.708119010043, 24612.19801987268, 31864.708119010043, 31593.28266664213, 24462.854299773964, 31593.28266664213
138, 31864.708119010043, 24612.19801987268, 31864.708119010043, 31606.11658029431, 24495.61052828853, 31606.11658029431
139, 31864.708119010043, 24612.19801987268, 31864.708119010043, 31615.179944545114, 24421.241531041356, 31615.179944545114
140, 31864.708119010043, 24612.19801987268, 31864.708119010043, 31629.191908281333, 24428.271574345636, 31629.191908281333
141, 31864.708119010043, 24612.19801987268, 31864.708119010043, 31645.087493463398, 24490.952634660112, 31645.087493463398
142, 31864.708119010043, 24612.19801987268, 31864.708119010043, 31662.46568674664, 24554.929582599147, 31662.46568674664
143, 31864.708119010043, 24612.19801987268, 31864.708119010043, 31671.286875062808, 24585.567143591703, 31671.286875062808
144, 31864.708119010043, 24612.19801987268, 31864.708119010043, 31678.091216943147, 24557.53250560399, 31678.091216943147
145, 31864.708119010043, 24612.19801987268, 31864.708119010043, 31688.515759610003, 24520.754364243276, 31688.515759610003
146, 31864.708119010043, 24612.19801987268, 31864.708119010043, 31708.87701578967, 24440.726925140523, 31708.87701578967
147, 31869.82446306993, 24621.86005900448, 31869.82446306993, 31730.831464964336, 24476.055055835313, 31730.831464964336
148, 31869.82446306993, 24621.86005900448, 31869.82446306993, 31759.91052975717, 24517.594708256423, 31759.91052975717
149, 31971.379526584926, 24589.152143343876, 31971.379526584926, 31798.423254225003, 24563.776512168613, 31798.423254225003
150, 31971.379526584926, 24589.152143343876, 31971.379526584926, 31831.8562799222, 24578.611262410617, 31831.8562799222
151, 31971.379526584926, 24589.152143343876, 31971.379526584926, 31853.644878115178, 24603.55192445797, 31853.644878115178
152, 31971.379526584926, 24589.152143343876, 31971.379526584926, 31867.44496602005, 24612.00454127708, 31867.44496602005
153, 31971.379526584926, 24589.152143343876, 31971.379526584926, 31869.47689934763, 24610.94863109549, 31869.47689934763
154, 31971.67949962611, 24567.50805541344, 31971.67949962611, 31873.067099621774, 24607.659833954054, 31873.067099621774
155, 31971.67949962611, 24567.50805541344, 31971.67949962611, 31877.787989849938, 24606.304928628102, 31877.787989849938
156, 32012.62561610995, 24653.202740226025, 32012.62561610995, 31887.993440295868, 24602.868626517637, 31887.993440295868
157, 32155.057148231477, 24670.317343261006, 32155.057148231477, 31903.122214310333, 24583.546811813223, 31903.122214310333
158, 32155.057148231477, 24670.317343261006, 32155.057148231477, 31929.995101319757, 24556.90591174698, 31929.995101319757
159, 32155.057148231477, 24670.317343261006, 32155.057148231477, 31964.908466179073, 24596.491251916363, 31964.908466179073
160, 32155.057148231477, 24670.317343261006, 32155.057148231477, 31988.107351934348, 24596.584346140167, 31988.107351934348
161, 32155.057148231477, 24670.317343261006, 32155.057148231477, 31997.308806186364, 24600.37474730677, 31997.308806186364
162, 32155.057148231477, 24670.317343261006, 32155.057148231477, 32013.513686508108, 24606.44147691444, 32013.513686508108
163, 32155.057148231477, 24670.317343261006, 32155.057148231477, 32041.02173959703, 24616.97295081357, 32041.02173959703
164, 32155.057148231477, 24670.317343261006, 32155.057148231477, 32073.409140494452, 24635.58223834266, 32073.409140494452
165, 32155.057148231477, 24670.317343261006, 32155.057148231477, 32118.05282549838, 24656.878528295147, 32118.05282549838
166, 32210.856811885697, 24659.01693505583, 32210.856811885697, 32155.4456867182, 24670.29468008492, 32155.4456867182
167, 32219.619369144486, 24563.004202446697, 32219.619369144486, 32156.31301245871, 24668.794223145276, 32156.31301245871
168, 32219.619369144486, 24563.004202446697, 32219.619369144486, 32157.180338199218, 24667.29376620562, 32157.180338199218
169, 32219.619369144486, 24563.004202446697, 32219.619369144486, 32157.659270742646, 24666.82299699901, 32157.659270742646
170, 32219.619369144486, 24563.004202446697, 32219.619369144486, 32159.492406602487, 24664.207846208414, 32159.492406602487
171, 32219.619369144486, 24563.004202446697, 32219.619369144486, 32162.108098159948, 24660.43628613332, 32162.108098159948
172, 32219.619369144486, 24563.004202446697, 32219.619369144486, 32166.863854445055, 24654.12984852228, 32166.863854445055
173, 32219.619369144486, 24563.004202446697, 32219.619369144486, 32177.258008961355, 24642.40901185491, 32177.258008961355
174, 32313.683572529004, 24563.456151354734, 32313.683572529004, 32191.239897594805, 24625.012970619417, 32191.239897594805
175, 32313.683572529004, 24563.456151354734, 32313.683572529004, 32209.16607148659, 24601.4972080929, 32209.16607148659
176, 32313.683572529004, 24563.456151354734, 32313.683572529004, 32218.098092204415, 24600.466032377764, 32218.098092204415
177, 32313.683572529004, 24563.456151354734, 32313.683572529004, 32222.19941654462, 24561.780109808737, 32222.19941654462
178, 32313.683572529004, 24563.456151354734, 32313.683572529004, 32224.88460246455, 24562.774471129258, 32224.88460246455
179, 32313.683572529004, 24563.456151354734, 32313.683572529004, 32228.379845010935, 24563.268113675495, 32228.379845010935
180, 32313.683572529004, 24563.456151354734, 32313.683572529004, 32231.765691809702, 24562.93846621734, 32231.765691809702
181, 32313.683572529004, 24563.456151354734, 32313.683572529004, 32239.918225415066, 24562.5731061015, 32239.918225415066
182, 32313.683572529004, 24563.456151354734, 32313.683572529004, 32253.747728210037, 24561.28476252295, 32253.747728210037
183, 32313.683572529004, 24563.456151354734, 32313.683572529004, 32274.88649702859, 24561.040594845657, 32274.88649702859
184, 32313.683572529004, 24563.456151354734, 32313.683572529004, 32304.129078317503, 24572.106002413504, 32304.129078317503
185, 32313.683572529004, 24563.456151354734, 32313.683572529004, 32313.68357252894, 24563.456151354738, 32313.68357252894
186, 32333.918286211585, 24394.097839086466, 32333.918286211585, 32313.846600437475, 24561.938669632505, 32313.846600437475
187, 32376.70211986928, 24567.208402430555, 32376.70211986928, 32314.21571287594, 24562.072891495307, 32314.21571287594
188, 32423.125203306645, 24560.393266683932, 32423.125203306645, 32315.61015411352, 24560.693078467906, 32315.61015411352
189, 32423.125203306645, 24560.393266683932, 32423.125203306645, 32316.418156993823, 24558.15666062734, 32316.418156993823
190, 32423.125203306645, 24560.393266683932, 32423.125203306645, 32318.082392184468, 24553.404449321028, 32318.082392184468
191, 32423.125203306645, 24560.393266683932, 32423.125203306645, 32320.45907147035, 24549.67242335982, 32320.45907147035
192, 32423.125203306645, 24560.393266683932, 32423.125203306645, 32324.43792161309, 24542.804337913483, 32324.43792161309
193, 32423.125203306645, 24560.393266683932, 32423.125203306645, 32330.759565116106, 24526.678140888453, 32330.759565116106
194, 32423.125203306645, 24560.393266683932, 32423.125203306645, 32342.119988978422, 24506.164052907458, 32342.119988978422
195, 32466.7342945829, 24367.88121119948, 32466.7342945829, 32356.47302732894, 24528.54237094854, 32356.47302732894
196, 32466.7342945829, 24367.88121119948, 32466.7342945829, 32369.67044993763, 24494.16397112804, 32369.67044993763
197, 32466.7342945829, 24367.88121119948, 32466.7342945829, 32393.101067453255, 24508.19791430473, 32393.101067453255
198, 32466.7342945829, 24367.88121119948, 32466.7342945829, 32410.94529637747, 24540.826035176517, 32410.94529637747
199, 32466.7342945829, 24367.88121119948, 32466.7342945829, 32426.618767499207, 24550.93680442449, 32426.618767499207
200, 32483.012870842384, 24416.96215405464, 32483.012870842384, 32429.426030249233, 24546.794076331396, 32429.426030249233
201, 32508.50856902188, 24570.410797737895, 32508.50856902188, 32433.914388340883, 24534.584202109207, 32433.914388340883
202, 32578.83123376079, 24620.837122958084, 32578.83123376079, 32440.829474131573, 24526.391748570506, 32440.829474131573
203, 32620.76737974254, 24544.486050434178, 32620.76737974254, 32450.2123041222, 24513.573788369875, 32450.2123041222
204, 32620.76737974254, 24544.486050434178, 32620.76737974254, 32462.678266028397, 24450.227873105337, 32462.678266028397
205, 32657.276804355348, 24481.737105227363, 32657.276804355348, 32477.165560600362, 24388.60412664179, 32477.165560600362
206, 32657.276804355348, 24481.737105227363, 32657.276804355348, 32484.720913357512, 24401.806696894007, 32484.720913357512
207, 32657.276804355348, 24481.737105227363, 32657.276804355348, 32497.287213308206, 24424.008644180478, 32497.287213308206
208, 32657.276804355348, 24481.737105227363, 32657.276804355348, 32513.406911248414, 24454.64666155565, 32513.406911248414
209, 32657.276804355348, 24481.737105227363, 32657.276804355348, 32539.184645299254, 24506.417620519656, 32539.184645299254
210, 32657.276804355348, 24481.737105227363, 32657.276804355348, 32569.0910647457, 24552.60481836322, 32569.0910647457
211, 32657.276804355348, 24481.737105227363, 32657.276804355348, 32602.072572841393, 24546.563813175257, 32602.072572841393
212, 32657.276804355348, 24481.737105227363, 32657.276804355348, 32624.8834500308, 24524.075689513087, 32624.8834500308
213, 32671.171194713406, 24404.43724460155, 32671.171194713406, 32629.215061002946, 24519.726322901817, 32629.215061002946
214, 32671.171194713406, 24404.43724460155, 32671.171194713406, 32633.92151015895, 24508.192899855625, 32633.92151015895
215, 32671.171194713406, 24404.43724460155, 32671.171194713406, 32641.63909307124, 24488.201188529114, 32641.63909307124
216, 32671.171194713406, 24404.43724460155, 32671.171194713406, 32652.74744694913, 24483.886067719977, 32652.74744694913
217, 32671.171194713406, 24404.43724460155, 32671.171194713406, 32658.108363407668, 24477.374607615206, 32658.108363407668
218, 32671.171194713406, 24404.43724460155, 32671.171194713406, 32659.00886831961, 24472.694484206237, 32659.00886831961
219, 32714.60977343487, 24522.169119984363, 32714.60977343487, 32660.473399791837, 24466.73939716489, 32660.473399791837
220, 32769.79121547688, 24334.607380192443, 32769.79121547688, 32662.821236284846, 24460.84098332336, 32662.821236284846
221, 32769.79121547688, 24334.607380192443, 32769.79121547688, 32667.103281992335, 24447.517004816295, 32667.103281992335
222, 32769.79121547688, 24334.607380192443, 32769.79121547688, 32673.58883378267, 24429.70788710895, 32673.58883378267
223, 32769.79121547688, 24334.607380192443, 32769.79121547688, 32678.5303679689, 24419.822880260253, 32678.5303679689
224, 32769.79121547688, 24334.607380192443, 32769.79121547688, 32682.821398808832, 24426.50072130695, 32682.821398808832
225, 32769.79121547688, 24334.607380192443, 32769.79121547688, 32693.46912440136, 24447.56345706905, 32693.46912440136
226, 32769.79121547688, 24334.607380192443, 32769.79121547688, 32709.198398525612, 24479.660815254716, 32709.198398525612
227, 32769.79121547688, 24334.607380192443, 32769.79121547688, 32729.9886638767, 24517.25638197632, 32729.9886638767
228, 32785.09047999695, 24461.825789894454, 32785.09047999695, 32737.7870244282, 24514.00431380868, 32737.7870244282
229, 32806.6071596038, 24527.446968548993, 32806.6071596038, 32747.50051925778, 24494.514329116835, 32747.50051925778
230, 32806.6071596038, 24527.446968548993, 32806.6071596038, 32756.414350094474, 24446.26958516071, 32756.414350094474
231, 32806.6071596038, 24527.446968548993, 32806.6071596038, 32769.44581060194, 24357.60419426727, 32769.44581060194
232, 32813.396705674546, 24434.779143658423, 32813.396705674546, 32770.627492189335, 24339.766237804444, 32770.627492189335
233, 32813.396705674546, 24434.779143658423, 32813.396705674546, 32771.59616069459, 24345.375952747887, 32771.59616069459
234, 32813.396705674546, 24434.779143658423, 32813.396705674546, 32773.13666700726, 24353.512448807982, 32773.13666700726
235, 32817.84742781398, 24320.717477396403, 32817.84742781398, 32774.86329718803, 24363.170636747564, 32774.86329718803
236, 32817.84742781398, 24320.717477396403, 32817.84742781398, 32779.36524075344, 24384.615042586593, 32779.36524075344
237, 32817.84742781398, 24320.717477396403, 32817.84742781398, 32783.37169410167, 24409.705160192392, 32783.37169410167
238, 32918.40914693933, 24433.26528859553, 32918.40914693933, 32792.672485528885, 24457.548258016053, 32792.672485528885
239, 32918.40914693933, 24433.26528859553, 32918.40914693933, 32802.587162082076, 24481.365104750083, 32802.587162082076
240, 32918.40914693933, 24433.26528859553, 32918.40914693933, 32811.04338043476, 24487.042249985792, 32811.04338043476
241, 32918.40914693933, 24433.26528859553, 32918.40914693933, 32813.81201034715, 24462.50560013621, 32813.81201034715
242, 32918.40914693933, 24433.26528859553, 32918.40914693933, 32817.383691668685, 24426.741842092917, 32817.383691668685
243, 32918.40914693933, 24433.26528859553, 32918.40914693933, 32819.187586874985, 24423.710095097544, 32819.187586874985
244, 32918.40914693933, 24433.26528859553, 32918.40914693933, 32821.686946458074, 24420.161899866158, 32821.686946458074
245, 32918.40914693933, 24433.26528859553, 32918.40914693933, 32828.04198356488, 24413.63410448858, 32828.04198356488
246, 32918.40914693933, 24433.26528859553, 32918.40914693933, 32833.58782756233, 24401.827103324555, 32833.58782756233
247, 32918.40914693933, 24433.26528859553, 32918.40914693933, 32846.874587714105, 24382.847925995025, 32846.874587714105
248, 32918.40914693933, 24433.26528859553, 32918.40914693933, 32866.33790293753, 24414.13866364307, 32866.33790293753
249, 32918.40914693933, 24433.26528859553, 32918.40914693933, 32892.50483144049, 24457.90137045217, 32892.50483144049
250, 32922.79476765225, 24650.65968261918, 32922.79476765225, 32918.43107504295, 24434.35226056562, 32918.43107504295
251, 32922.79476765225, 24650.65968261918, 32922.79476765225, 32918.43107504295, 24434.35226056562, 32918.43107504295
252, 32938.35055051961, 24556.348259213042, 32938.35055051961, 32918.53078206086, 24434.96767541871, 32918.53078206086
253, 32938.35055051961, 24556.348259213042, 32938.35055051961, 32918.73751439853, 24438.61773851412, 32918.73751439853
254, 32950.617284519685, 24180.289223514243, 32950.617284519685, 32919.00004425788, 24438.288331057563, 32919.00004425788
255, 32969.03611900776, 24349.598437179604, 32969.03611900776, 32919.661107645254, 24443.070947617838, 32919.661107645254
256, 32969.03611900776, 24349.598437179604, 32969.03611900776, 32920.92376601303, 24451.13365232918, 32920.92376601303
257, 32969.03611900776, 24349.598437179604, 32969.03611900776, 32921.889582913165, 24461.535998302184, 32921.889582913165
258, 32969.03611900776, 24349.598437179604, 32969.03611900776, 32923.938798640454, 24474.073457824063, 32923.938798640454
259, 32969.03611900776, 24349.598437179604, 32969.03611900776, 32927.39642017705, 24496.756100503357, 32927.39642017705
260, 32969.03611900776, 24349.598437179604, 32969.03611900776, 32930.54918782899, 24534.042741822566, 32930.54918782899
261, 32969.03611900776, 24349.598437179604, 32969.03611900776, 32936.39893019327, 24544.265078984456, 32936.39893019327
262, 32969.03611900776, 24349.598437179604, 32969.03611900776, 32945.23455408888, 24473.87157240289, 32945.23455408888
263, 32969.03611900776, 24349.598437179604, 32969.03611900776, 32951.48394577515, 24426.699649484042, 32951.48394577515
264, 33104.53539762176, 24549.58738413697, 33104.53539762176, 32959.80908709664, 24351.398336298862, 32959.80908709664
265, 33104.53539762176, 24549.58738413697, 33104.53539762176, 32968.866569473495, 24387.14325557001, 32968.866569473495
266, 33104.53539762176, 24549.58738413697, 33104.53539762176, 32970.41589271489, 24350.100145810015, 32970.41589271489
267, 33104.53539762176, 24549.58738413697, 33104.53539762176, 32971.204908514475, 24349.229608404254, 32971.204908514475
268, 33104.53539762176, 24549.58738413697, 33104.53539762176, 32972.685728711156, 24348.274557867288, 32972.685728711156
269, 33104.53539762176, 24549.58738413697, 33104.53539762176, 32975.43200046553, 24348.763951288984, 32975.43200046553
270, 33104.53539762176, 24549.58738413697, 33104.53539762176, 32977.11605510931, 24345.14975451931, 32977.11605510931
271, 33104.53539762176, 24549.58738413697, 33104.53539762176, 32980.34499094801, 24339.54837201197, 32980.34499094801
272, 33104.53539762176, 24549.58738413697, 33104.53539762176, 32988.39302828632, 24342.007879207238, 32988.39302828632
273, 33104.53539762176, 24549.58738413697, 33104.53539762176, 32999.78843904342, 24336.454928352414, 32999.78843904342
274, 33104.53539762176, 24549.58738413697, 33104.53539762176, 33016.088680312714, 24362.363980144863, 33016.088680312714
275, 33104.53539762176, 24549.58738413697, 33104.53539762176, 33045.770022316385, 24451.398955960536, 33045.770022316385
276, 33104.53539762176, 24549.58738413697, 33104.53539762176, 33096.02502644464, 24547.677250343535, 33096.02502644464
277, 33166.826401911974, 24506.405639319684, 33166.826401911974, 33104.84685264325, 24549.37147541287, 33104.84685264325
278, 33166.826401911974, 24506.405639319684, 33166.826401911974, 33104.84685264325, 24549.37147541287, 33104.84685264325
279, 33166.826401911974, 24506.405639319684, 33166.826401911974, 33104.84685264325, 24549.37147541287, 33104.84685264325
280, 33166.826401911974, 24506.405639319684, 33166.826401911974, 33105.1583076647, 24549.15556668878, 33105.1583076647
281, 33166.826401911974, 24506.405639319684, 33166.826401911974, 33105.7812177076, 24548.72374924061, 33105.7812177076
282, 33166.826401911974, 24506.405639319684, 33166.826401911974, 33106.4041277505, 24548.29193179243, 33106.4041277505
283, 33166.826401911974, 24506.405639319684, 33166.826401911974, 33107.96140285776, 24547.212388172, 33107.96140285776
284, 33176.127839039116, 24655.92816026612, 33176.127839039116, 33109.61347179092, 24546.238950439336, 33109.61347179092
285, 33176.127839039116, 24655.92816026612, 33176.127839039116, 33113.06125367304, 24544.212266187154, 33113.06125367304
286, 33176.127839039116, 24655.92816026612, 33176.127839039116, 33115.95914269201, 24542.375193558146, 33115.95914269201
287, 33176.127839039116, 24655.92816026612, 33176.127839039116, 33122.97896416959, 24537.48910169102, 33122.97896416959
288, 33176.127839039116, 24655.92816026612, 33176.127839039116, 33129.99706532091, 24528.851989402407, 33129.99706532091
289, 33176.127839039116, 24655.92816026612, 33176.127839039116, 33142.84746708785, 24515.18556506165, 33142.84746708785
290, 33176.127839039116, 24655.92816026612, 33176.127839039116, 33166.175221784186, 24512.213446698777, 33166.175221784186
291, 33176.127839039116, 24655.92816026612, 33176.127839039116, 33167.559301884285, 24519.760808622217, 33167.559301884285
292, 33176.127839039116, 24655.92816026612, 33176.127839039116, 33167.69882344119, 24522.003646436413, 33167.69882344119
293, 33176.127839039116, 24655.92816026612, 33176.127839039116, 33168.16389529754, 24529.47977248374, 33168.16389529754
294, 33180.1603557827, 24681.026315090458, 33180.1603557827, 33169.486259079065, 24550.538416190353, 33169.486259079065
295, 33180.1603557827, 24681.026315090458, 33180.1603557827, 33170.765481216426, 24572.151276672474, 33170.765481216426
296, 33209.857481419036, 24541.54049320463, 33209.857481419036, 33173.57528283671, 24614.865853308485, 33173.57528283671
297, 33209.857481419036, 24541.54049320463, 33209.857481419036, 33176.42022269903, 24655.311255595203, 33176.42022269903
298, 33209.857481419036, 24541.54049320463, 33209.857481419036, 33176.448026125894, 24655.21260630061, 33176.448026125894
299, 33236.33266485124, 24675.332069634176, 33236.33266485124, 33176.99302293304, 24655.059521316965, 33176.99302293304
300, 33236.33266485124, 24675.332069634176, 33236.33266485124, 33177.67641619712, 24654.312649550066, 33177.67641619712
301, 33236.33266485124, 24675.332069634176, 33236.33266485124, 33178.67134323853, 24653.90051467294, 33178.67134323853
302, 33236.33266485124, 24675.332069634176, 33236.33266485124, 33179.30363159774, 24653.087188430683, 33179.30363159774
303, 33236.33266485124, 24675.332069634176, 33236.33266485124, 33180.801913622156, 24650.626222373565, 33180.801913622156
304, 33236.33266485124, 24675.332069634176, 33236.33266485124, 33183.095379631246, 24646.85439807869, 33183.095379631246
305, 33236.33266485124, 24675.332069634176, 33236.33266485124, 33186.60123948637, 24638.34120671376, 33186.60123948637
306, 33236.33266485124, 24675.332069634176, 33236.33266485124, 33189.21658620652, 24626.2961256156, 33189.21658620652
307, 33236.33266485124, 24675.332069634176, 33236.33266485124, 33194.19104825973, 24619.821789337417, 33194.19104825973
308, 33236.33266485124, 24675.332069634176, 33236.33266485124, 33203.54572484274, 24608.24313077246, 33203.54572484274
309, 33236.33266485124, 24675.332069634176, 33236.33266485124, 33213.73862287693, 24594.153586840323, 33213.73862287693
310, 33236.33266485124, 24675.332069634176, 33236.33266485124, 33218.51037412782, 24584.55480078902, 33218.51037412782
311, 33236.33266485124, 24675.332069634176, 33236.33266485124, 33224.80847293557, 24615.906837373826, 33224.80847293557
312, 33236.33266485124, 24675.332069634176, 33236.33266485124, 33234.38799706435, 24663.60385013323, 33234.38799706435
313, 33236.33266485124, 24675.332069634176, 33236.33266485124, 33236.33266485116, 24675.332069634158, 33236.33266485116
314, 33236.33266485124, 24675.332069634176, 33236.33266485124, 33236.33266485116, 24675.332069634158, 33236.33266485116
315, 33236.33266485124, 24675.332069634176, 33236.33266485124, 33236.33266485116, 24675.332069634158, 33236.33266485116
316, 33236.33266485124, 24675.332069634176, 33236.33266485124, 33236.33266485116, 24675.332069634158, 33236.33266485116
317, 33237.810773103716, 24578.90688792561, 33237.810773103716, 33236.34005539242, 24674.849943725614, 33236.34005539242
318, 33275.979771684084, 24574.990971921296, 33275.979771684084, 33236.53829092658, 24674.34823823705, 33236.53829092658
319, 33275.979771684084, 24574.990971921296, 33275.979771684084, 33236.743917002015, 24673.364406839944, 33236.743917002015
320, 33314.47656996008, 24547.41213500013, 33314.47656996008, 33237.54588867841, 24670.757144372557, 33237.54588867841
321, 33314.47656996008, 24547.41213500013, 33314.47656996008, 33237.95714082926, 24668.789481578344, 33237.95714082926
322, 33314.47656996008, 24547.41213500013, 33314.47656996008, 33238.58140959681, 24665.355861478474, 33238.58140959681
323, 33314.47656996008, 24547.41213500013, 33314.47656996008, 33239.809414506584, 24659.816684399786, 33239.809414506584
324, 33314.47656996008, 24547.41213500013, 33314.47656996008, 33242.42670715398, 24650.647254296564, 33242.42670715398
325, 33314.47656996008, 24547.41213500013, 33314.47656996008, 33246.25368602909, 24635.21463798257, 33246.25368602909
326, 33314.47656996008, 24547.41213500013, 33314.47656996008, 33253.82322901885, 24601.241240812793, 33253.82322901885
327, 33314.47656996008, 24547.41213500013, 33314.47656996008, 33260.647291926136, 24574.793459681696, 33260.647291926136
328, 33314.47656996008, 24547.41213500013, 33314.47656996008, 33274.55468008394, 24572.044886849486, 33274.55468008394
329, 33314.47656996008, 24547.41213500013, 33314.47656996008, 33287.00013818666, 24566.984045526497, 33287.00013818666
330, 33314.47656996008, 24547.41213500013, 33314.47656996008, 33291.61975397977, 24563.67458509596, 33291.61975397977
331, 33314.47656996008, 24547.41213500013, 33314.47656996008, 33299.51159762635, 24558.020923527125, 33299.51159762635
332, 33386.586962354035, 24521.360507398884, 33386.586962354035, 33314.83712192193, 24547.281876862235, 33314.83712192193
333, 33386.586962354035, 24521.360507398884, 33386.586962354035, 33315.1976738839, 24547.151618724227, 33315.1976738839
334, 33386.586962354035, 24521.360507398884, 33386.586962354035, 33316.27932976981, 24546.76084431021, 33316.27932976981
335, 33470.73496511752, 24677.707945434795, 33470.73496511752, 33317.78172566954, 24547.15180708637, 33317.78172566954
336, 33470.73496511752, 24677.707945434795, 33470.73496511752, 33319.223933517416, 24546.630774534344, 33319.223933517416
337, 33470.73496511752, 24677.707945434795, 33470.73496511752, 33321.507621392935, 24547.67321636268, 33321.507621392935
338, 33470.73496511752, 24677.707945434795, 33470.73496511752, 33326.67939074896, 24548.10602900715, 33326.67939074896
339, 33470.73496511752, 24677.707945434795, 33470.73496511752, 33335.51686777655, 24548.148255599743, 33335.51686777655
340, 33470.73496511752, 24677.707945434795, 33470.73496511752, 33349.71034410048, 24551.791716741536, 33349.71034410048
341, 33470.73496511752, 24677.707945434795, 33470.73496511752, 33366.003842279155, 24554.981872264598, 33366.003842279155
342, 33470.73496511752, 24677.707945434795, 33470.73496511752, 33398.75623851183, 24555.20696068454, 33398.75623851183
343, 33470.73496511752, 24677.707945434795, 33470.73496511752, 33414.88217051458, 24572.90549157645, 33414.88217051458
344, 33470.73496511752, 24677.707945434795, 33470.73496511752, 33435.06155151544, 24607.809893143578, 33435.06155151544
345, 33470.73496511752, 24677.707945434795, 33470.73496511752, 33469.24711986929, 24670.29919798364, 33469.24711986929
346, 33470.73496511752, 24677.707945434795, 33470.73496511752, 33470.73496511759, 24677.707945434762, 33470.73496511759
347, 33470.73496511752, 24677.707945434795, 33470.73496511752, 33470.73496511759, 24677.707945434762, 33470.73496511759
348, 33470.73496511752, 24677.707945434795, 33470.73496511752, 33470.73496511759, 24677.707945434762, 33470.73496511759
349, 33504.05849529941, 24602.187534893823, 33504.05849529941, 33470.90158276851, 24677.330343382062, 33470.90158276851
350, 33504.05849529941, 24602.187534893823, 33504.05849529941, 33471.06820041941, 24676.952741329354, 33471.06820041941
351, 33504.05849529941, 24602.187534893823, 33504.05849529941, 33471.23481807032, 24676.57513927665, 33471.23481807032
352, 33504.05849529941, 24602.187534893823, 33504.05849529941, 33471.73467102305, 24675.442333118535, 33471.73467102305
353, 33504.05849529941, 24602.187534893823, 33504.05849529941, 33471.73467102305, 24675.442333118535, 33471.73467102305
354, 33504.05849529941, 24602.187534893823, 33504.05849529941, 33472.23452397578, 24674.30952696042, 33472.23452397578
355, 33504.05849529941, 24602.187534893823, 33504.05849529941, 33473.06761223033, 24672.4215166969, 33473.06761223033
356, 33504.05849529941, 24602.187534893823, 33504.05849529941, 33474.06731813578, 24670.15590438067, 33474.06731813578
357, 33504.05849529941, 24602.187534893823, 33504.05849529941, 33476.233347597605, 24665.247077695505, 33476.233347597605
358, 33504.05849529941, 24602.187534893823, 33504.05849529941, 33479.3990829649, 24658.072638694113, 33479.3990829649
359, 33504.05849529941, 24602.187534893823, 33504.05849529941, 33484.8974654449, 24645.61177095485, 33484.8974654449
360, 33518.105748570415, 24603.520804904874, 33518.105748570415, 33493.7984372094, 24625.60552851155, 33493.7984372094
361, 33518.105748570415, 24603.520804904874, 33518.105748570415, 33504.26920409832, 24602.20753394402, 33504.26920409832
362, 33518.105748570415, 24603.520804904874, 33518.105748570415, 33504.47991289738, 24602.227532994188, 33504.47991289738
363, 33518.105748570415, 24603.520804904874, 33518.105748570415, 33504.7608579628, 24602.25419839441, 33504.7608579628
364, 33518.105748570415, 24603.520804904874, 33518.105748570415, 33505.51307040881, 24602.223467202723, 33505.51307040881
365, 33518.105748570415, 24603.520804904874, 33518.105748570415, 33506.84755946955, 24602.35012785377, 33506.84755946955
366, 33518.105748570415, 24603.520804904874, 33518.105748570415, 33508.533229862085, 24602.51012025509, 33508.533229862085
367, 33518.105748570415, 24603.520804904874, 33518.105748570415, 33511.533002831464, 24602.692712265165, 33511.533002831464
368, 33518.105748570415, 24603.520804904874, 33518.105748570415, 33515.79702859535, 24602.995298576225, 33515.79702859535
369, 33525.11612852961, 24615.24719711112, 33525.11612852961, 33518.1408004703, 24603.579436865966, 33518.1408004703
370, 33525.11612852961, 24615.24719711112, 33525.11612852961, 33518.17585237009, 24603.638068827, 33518.17585237009
371, 33525.11612852961, 24615.24719711112, 33525.11612852961, 33518.28100806948, 24603.81396471009, 33518.28100806948
372, 33525.11612852961, 24615.24719711112, 33525.11612852961, 33518.35111186907, 24603.931228632155, 33518.35111186907
373, 33525.11612852961, 24615.24719711112, 33525.11612852961, 33518.42121566867, 24604.048492554215, 33518.42121566867
374, 33525.11612852961, 24615.24719711112, 33525.11612852961, 33518.56142326785, 24604.283020398343, 33518.56142326785
375, 33525.11612852961, 24615.24719711112, 33525.11612852961, 33518.98204606541, 24604.98660393072, 33518.98204606541
376, 33525.11612852961, 24615.24719711112, 33525.11612852961, 33519.507824562344, 24605.86608334619, 33519.507824562344
377, 33525.11612852961, 24615.24719711112, 33525.11612852961, 33520.17381065846, 24606.980090605783, 33520.17381065846
378, 33525.11612852961, 24615.24719711112, 33525.11612852961, 33521.15526385271, 24608.62178551466, 33521.15526385271
379, 33707.91189431605, 24654.02776455277, 33707.91189431605, 33523.786785771576, 24611.688654442405, 33523.786785771576
380, 33707.91189431605, 24654.02776455277, 33707.91189431605, 33527.85806501629, 24615.82890562276, 33527.85806501629
381, 33707.91189431605, 24654.02776455277, 33707.91189431605, 33529.61055207598, 24616.09563766386, 33529.61055207598
382, 33707.91189431605, 24654.02776455277, 33707.91189431605, 33531.755763542285, 24616.255023373087, 33531.755763542285
383, 33707.91189431605, 24654.02776455277, 33707.91189431605, 33535.51045320402, 24616.605097206473, 33535.51045320402
384, 33707.91189431605, 24654.02776455277, 33707.91189431605, 33541.4564842978, 24617.426886724952, 33541.4564842978
385, 33707.91189431605, 24654.02776455277, 33707.91189431605, 33552.126831509464, 24619.723704908727, 33552.126831509464
386, 33707.91189431605, 24654.02776455277, 33707.91189431605, 33565.820295210404, 24622.381137725828, 33565.820295210404
387, 33707.91189431605, 24654.02776455277, 33707.91189431605, 33596.78105984497, 24627.74270969195, 33596.78105984497
388, 33707.91189431605, 24654.02776455277, 33707.91189431605, 33637.94637105999, 24634.42404938232, 33637.94637105999
389, 33707.91189431605, 24654.02776455277, 33707.91189431605, 33697.601876117, 24653.136952064237, 33697.601876117
390, 33707.91189431605, 24654.02776455277, 33707.91189431605, 33707.91189431593, 24654.02776455281, 33707.91189431593
391, 33717.27747991643, 24645.872879787526, 33717.27747991643, 33707.95872224392, 24653.98699012899, 33707.95872224392
392, 33717.27747991643, 24645.872879787526, 33717.27747991643, 33707.95872224392, 24653.98699012899, 33707.95872224392
393, 33717.27747991643, 24645.872879787526, 33717.27747991643, 33707.95872224392, 24653.98699012899, 33707.95872224392
394, 33717.27747991643, 24645.872879787526, 33717.27747991643, 33708.005550171925, 24653.94621570516, 33708.005550171925
395, 33752.4829689141, 24618.175929425346, 33752.4829689141, 33708.32206140092, 24653.68540768187, 33708.32206140092
396, 33752.4829689141, 24618.175929425346, 33752.4829689141, 33708.73222848592, 24653.343050810927, 33708.73222848592
397, 33752.4829689141, 24618.175929425346, 33752.4829689141, 33709.365250943905, 24652.82143476435, 33709.365250943905
398, 33752.4829689141, 24618.175929425346, 33752.4829689141, 33709.646218511916, 24652.57678822139, 33709.646218511916
399, 33752.4829689141, 24618.175929425346, 33752.4829689141, 33711.06403147892, 24651.38661991327, 33711.06403147892
400, 33752.4829689141, 24618.175929425346, 33752.4829689141, 33712.813983140186, 24650.085589086422, 33712.813983140186
401, 33752.4829689141, 24618.175929425346, 33752.4829689141, 33715.91235130643, 24647.68439026224, 33715.91235130643
402, 33752.4829689141, 24618.175929425346, 33752.4829689141, 33721.19080888265, 24643.964307692822, 33721.19080888265
403, 33752.4829689141, 24618.175929425346, 33752.4829689141, 33727.13501683589, 24638.117733686027, 33727.13501683589
404, 33752.4829689141, 24618.175929425346, 33752.4829689141, 33732.591867630574, 24633.82470637987, 33732.591867630574
405, 33752.4829689141, 24618.175929425346, 33752.4829689141, 33743.153514329904, 24625.51562127125, 33743.153514329904
406, 33752.4829689141, 24618.175929425346, 33752.4829689141, 33752.48296891425, 24618.175929425302, 33752.48296891425
407, 33752.4829689141, 24618.175929425346, 33752.4829689141, 33752.48296891425, 24618.175929425302, 33752.48296891425
408, 33752.4829689141, 24618.175929425346, 33752.4829689141, 33752.48296891425, 24618.175929425302, 33752.48296891425
409, 33752.4829689141, 24618.175929425346, 33752.4829689141, 33752.48296891425, 24618.175929425302, 33752.48296891425
410, 33752.4829689141, 24618.175929425346, 33752.4829689141, 33752.48296891425, 24618.175929425302, 33752.48296891425
411, 33752.4829689141, 24618.175929425346, 33752.4829689141, 33752.48296891425, 24618.175929425302, 33752.48296891425
412, 33752.4829689141, 24618.175929425346, 33752.4829689141, 33752.48296891425, 24618.175929425302, 33752.48296891425
413, 33752.4829689141, 24618.175929425346, 33752.4829689141, 33752.48296891425, 24618.175929425302, 33752.48296891425
414, 33752.4829689141, 24618.175929425346, 33752.4829689141, 33752.48296891425, 24618.175929425302, 33752.48296891425
415, 33752.4829689141, 24618.175929425346, 33752.4829689141, 33752.48296891425, 24618.175929425302, 33752.48296891425
416, 33752.4829689141, 24618.175929425346, 33752.4829689141, 33752.48296891425, 24618.175929425302, 33752.48296891425
417, 33752.4829689141, 24618.175929425346, 33752.4829689141, 33752.48296891425, 24618.175929425302, 33752.48296891425
418, 33752.4829689141, 24618.175929425346, 33752.4829689141, 33752.48296891425, 24618.175929425302, 33752.48296891425
419, 33752.4829689141, 24618.175929425346, 33752.4829689141, 33752.48296891425, 24618.175929425302, 33752.48296891425
420, 33752.4829689141, 24618.175929425346, 33752.4829689141, 33752.48296891425, 24618.175929425302, 33752.48296891425
421, 33752.4829689141, 24618.175929425346, 33752.4829689141, 33752.48296891425, 24618.175929425302, 33752.48296891425
422, 33752.4829689141, 24618.175929425346, 33752.4829689141, 33752.48296891425, 24618.175929425302, 33752.48296891425
423, 33752.4829689141, 24618.175929425346, 33752.4829689141, 33752.48296891425, 24618.175929425302, 33752.48296891425
424, 33752.4829689141, 24618.175929425346, 33752.4829689141, 33752.48296891425, 24618.175929425302, 33752.48296891425
425, 33752.4829689141, 24618.175929425346, 33752.4829689141, 33752.48296891425, 24618.175929425302, 33752.48296891425
426, 33752.4829689141, 24618.175929425346, 33752.4829689141, 33752.48296891425, 24618.175929425302, 33752.48296891425
427, 33752.4829689141, 24618.175929425346, 33752.4829689141, 33752.48296891425, 24618.175929425302, 33752.48296891425
428, 33752.4829689141, 24618.175929425346, 33752.4829689141, 33752.48296891425, 24618.175929425302, 33752.48296891425
429, 33752.4829689141, 24618.175929425346, 33752.4829689141, 33752.48296891425, 24618.175929425302, 33752.48296891425
430, 33792.65679308121, 24685.61842992346, 33792.65679308121, 33752.68383803509, 24618.513141927793, 33752.68383803509
431, 33792.65679308121, 24685.61842992346, 33792.65679308121, 33752.88470715592, 24618.850354430284, 33752.88470715592
432, 33792.65679308121, 24685.61842992346, 33792.65679308121, 33753.08557627675, 24619.187566932775, 33753.08557627675
433, 33813.717079958915, 24542.583617475713, 33813.717079958915, 33753.59261595282, 24619.146817875517, 33753.59261595282
434, 33813.717079958915, 24542.583617475713, 33813.717079958915, 33754.099655628874, 24619.106068818262, 33754.099655628874
435, 33813.717079958915, 24542.583617475713, 33813.717079958915, 33755.41017178828, 24620.414169770964, 33755.41017178828
436, 33813.717079958915, 24542.583617475713, 33813.717079958915, 33756.529552574786, 24619.617497594212, 33756.529552574786
437, 33813.717079958915, 24542.583617475713, 33813.717079958915, 33758.46214359258, 24618.402114800447, 33758.46214359258
438, 33813.717079958915, 24542.583617475713, 33813.717079958915, 33761.705250769766, 24618.49483295939, 33761.705250769766
439, 33813.717079958915, 24542.583617475713, 33813.717079958915, 33767.368521144934, 24620.866540521252, 33767.368521144934
440, 33813.717079958915, 24542.583617475713, 33813.717079958915, 33776.14039601903, 24629.348822185217, 33776.14039601903
441, 33813.717079958915, 24542.583617475713, 33813.717079958915, 33791.312651308974, 24635.196592975375, 33791.312651308974
442, 33813.717079958915, 24542.583617475713, 33813.717079958915, 33801.39681213544, 24626.258982757645, 33801.39681213544
443, 33813.717079958915, 24542.583617475713, 33813.717079958915, 33806.13537668292, 24594.076149956934, 33806.13537668292
444, 33813.717079958915, 24542.583617475713, 33813.717079958915, 33813.717079958886, 24542.583617475786, 33813.717079958886
445, 33813.717079958915, 24542.583617475713, 33813.717079958915, 33813.717079958886, 24542.583617475786, 33813.717079958886
446, 33813.717079958915, 24542.583617475713, 33813.717079958915, 33813.717079958886, 24542.583617475786, 33813.717079958886
447, 33813.717079958915, 24542.583617475713, 33813.717079958915, 33813.717079958886, 24542.583617475786, 33813.717079958886
448, 33813.717079958915, 24542.583617475713, 33813.717079958915, 33813.717079958886, 24542.583617475786, 33813.717079958886
449, 33813.717079958915, 24542.583617475713, 33813.717079958915, 33813.717079958886, 24542.583617475786, 33813.717079958886
450, 33813.717079958915, 24542.583617475713, 33813.717079958915, 33813.717079958886, 24542.583617475786, 33813.717079958886
451, 33813.717079958915, 24542.583617475713, 33813.717079958915, 33813.717079958886, 24542.583617475786, 33813.717079958886
452, 33813.717079958915, 24542.583617475713, 33813.717079958915, 33813.717079958886, 24542.583617475786, 33813.717079958886
453, 33840.95644064341, 24674.436677329, 33840.95644064341, 33813.853276762304, 24543.242882775055, 33813.853276762304
454, 33840.95644064341, 24674.436677329, 33840.95644064341, 33813.98947356573, 24543.90214807432, 33813.98947356573
455, 33840.95644064341, 24674.436677329, 33840.95644064341, 33814.125670369154, 24544.561413373587, 33814.125670369154
456, 33840.95644064341, 24674.436677329, 33840.95644064341, 33814.26186717257, 24545.220678672857, 33814.26186717257
457, 33840.95644064341, 24674.436677329, 33840.95644064341, 33814.398063976, 24545.879943972122, 33814.398063976
458, 33840.95644064341, 24674.436677329, 33840.95644064341, 33815.39656539517, 24551.064048695658, 33815.39656539517
459, 33840.95644064341, 24674.436677329, 33840.95644064341, 33815.94135260886, 24553.701109892725, 33815.94135260886
460, 33840.95644064341, 24674.436677329, 33840.95644064341, 33817.03092703624, 24558.97523228686, 33817.03092703624
461, 33840.95644064341, 24674.436677329, 33840.95644064341, 33819.35984035829, 24569.646860641766, 33819.35984035829
462, 33840.95644064341, 24674.436677329, 33840.95644064341, 33823.21847464934, 24588.675536649884, 33823.21847464934
463, 33840.95644064341, 24674.436677329, 33840.95644064341, 33828.166683367774, 24612.97833505211, 33828.166683367774
464, 33840.95644064341, 24674.436677329, 33840.95644064341, 33838.74408482174, 24664.88025835288, 33838.74408482174
465, 33840.95644064341, 24674.436677329, 33840.95644064341, 33840.95644064341, 24674.436677328944, 33840.95644064341
466, 33840.95644064341, 24674.436677329, 33840.95644064341, 33840.95644064341, 24674.436677328944, 33840.95644064341
467, 33840.95644064341, 24674.436677329, 33840.95644064341, 33840.95644064341, 24674.436677328944, 33840.95644064341
468, 33840.95644064341, 24674.436677329, 33840.95644064341, 33840.95644064341, 24674.436677328944, 33840.95644064341
469, 33840.95644064341, 24674.436677329, 33840.95644064341, 33840.95644064341, 24674.436677328944, 33840.95644064341
470, 33840.95644064341, 24674.436677329, 33840.95644064341, 33840.95644064341, 24674.436677328944, 33840.95644064341
471, 33840.95644064341, 24674.436677329, 33840.95644064341, 33840.95644064341, 24674.436677328944, 33840.95644064341
472, 33840.95644064341, 24674.436677329, 33840.95644064341, 33840.95644064341, 24674.436677328944, 33840.95644064341
473, 33840.95644064341, 24674.436677329, 33840.95644064341, 33840.95644064341, 24674.436677328944, 33840.95644064341
474, 33840.95644064341, 24674.436677329, 33840.95644064341, 33840.95644064341, 24674.436677328944, 33840.95644064341
475, 33840.95644064341, 24674.436677329, 33840.95644064341, 33840.95644064341, 24674.436677328944, 33840.95644064341
476, 33840.95644064341, 24674.436677329, 33840.95644064341, 33840.95644064341, 24674.436677328944, 33840.95644064341
477, 33840.95644064341, 24674.436677329, 33840.95644064341, 33840.95644064341, 24674.436677328944, 33840.95644064341
478, 33840.95644064341, 24674.436677329, 33840.95644064341, 33840.95644064341, 24674.436677328944, 33840.95644064341
479, 33840.95644064341, 24674.436677329, 33840.95644064341, 33840.95644064341, 24674.436677328944, 33840.95644064341
480, 33840.95644064341, 24674.436677329, 33840.95644064341, 33840.95644064341, 24674.436677328944, 33840.95644064341
481, 33840.95644064341, 24674.436677329, 33840.95644064341, 33840.95644064341, 24674.436677328944, 33840.95644064341
482, 33840.95644064341, 24674.436677329, 33840.95644064341, 33840.95644064341, 24674.436677328944, 33840.95644064341
483, 33840.95644064341, 24674.436677329, 33840.95644064341, 33840.95644064341, 24674.436677328944, 33840.95644064341
484, 33840.95644064341, 24674.436677329, 33840.95644064341, 33840.95644064341, 24674.436677328944, 33840.95644064341
485, 33840.95644064341, 24674.436677329, 33840.95644064341, 33840.95644064341, 24674.436677328944, 33840.95644064341
486, 33840.95644064341, 24674.436677329, 33840.95644064341, 33840.95644064341, 24674.436677328944, 33840.95644064341
487, 33840.95644064341, 24674.436677329, 33840.95644064341, 33840.95644064341, 24674.436677328944, 33840.95644064341
488, 33840.95644064341, 24674.436677329, 33840.95644064341, 33840.95644064341, 24674.436677328944, 33840.95644064341
489, 33840.95644064341, 24674.436677329, 33840.95644064341, 33840.95644064341, 24674.436677328944, 33840.95644064341
490, 33840.95644064341, 24674.436677329, 33840.95644064341, 33840.95644064341, 24674.436677328944, 33840.95644064341
491, 33840.95644064341, 24674.436677329, 33840.95644064341, 33840.95644064341, 24674.436677328944, 33840.95644064341
492, 33840.95644064341, 24674.436677329, 33840.95644064341, 33840.95644064341, 24674.436677328944, 33840.95644064341
493, 33840.95644064341, 24674.436677329, 33840.95644064341, 33840.95644064341, 24674.436677328944, 33840.95644064341
494, 33840.95644064341, 24674.436677329, 33840.95644064341, 33840.95644064341, 24674.436677328944, 33840.95644064341
495, 33840.95644064341, 24674.436677329, 33840.95644064341, 33840.95644064341, 24674.436677328944, 33840.95644064341
496, 33840.95644064341, 24674.436677329, 33840.95644064341, 33840.95644064341, 24674.436677328944, 33840.95644064341
497, 33840.95644064341, 24674.436677329, 33840.95644064341, 33840.95644064341, 24674.436677328944, 33840.95644064341
498, 33840.95644064341, 24674.436677329, 33840.95644064341, 33840.95644064341, 24674.436677328944, 33840.95644064341
499, 33840.95644064341, 24674.436677329, 33840.95644064341, 33840.95644064341, 24674.436677328944, 33840.95644064341
500, 33840.95644064341, 24674.436677329, 33840.95644064341, 33840.95644064341, 24674.436677328944, 33840.95644064341
