1, 27461.906179648668, 24640.162597191204, 27461.906179648668, 25272.04390772755, 24657.66074436236, 25272.04390772755
2, 27715.080318170658, 24675.063875793054, 27715.080318170658, 23179.14887027951, 24657.060273478768, 26344.54571299284
3, 27882.08189630013, 24538.905102130408, 27882.08189630013, 24617.943658605025, 24604.43423269669, 27046.80543805429
4, 27964.753337882095, 24663.930449871208, 27964.753337882095, 23330.677118008618, 24584.385816824055, 27606.694055466513
5, 28381.562438865298, 24370.93613967335, 28381.562438865298, 27635.90069171051, 24530.430551612582, 27789.339713162353
6, 28620.58194879239, 24195.066369680655, 28620.58194879239, 27874.048359707107, 24413.661245549007, 28030.577023552418
7, 28858.92923816237, 24375.516752539334, 28858.92923816237, 27850.693936013744, 24313.17023349327, 28319.002703158196
8, 29119.449553354618, 24653.011430568255, 29119.449553354618, 27784.292683924414, 24354.6051357088, 28573.24734553819
9, 29260.397907625018, 24586.556886532137, 29260.397907625018, 24168.80990275843, 24465.919686638037, 28785.909532206653
10, 29484.238012287664, 24671.77220785326, 29484.238012287664, 24448.792405862856, 24501.144439062307, 28918.95699189522
11, 29542.18370307379, 24644.4212846477, 29542.18370307379, 24096.676909235204, 24555.456142802195, 29085.479853450677
12, 29625.40287789152, 24662.25533468681, 29625.40287789152, 26144.05419707131, 24602.459340614452, 29203.784142430843
13, 29735.77761125684, 24565.448283709196, 29735.77761125684, 24343.08402745822, 24609.34491900805, 29355.42975180719
14, 29909.11393545368, 24653.018415848994, 29909.11393545368, 26223.97941554195, 24574.128992434406, 29464.80260948293
15, 29973.01076932302, 24603.008595259536, 29973.01076932302, 24210.33045213039, 24612.763318163485, 29600.878853625552
16, 30151.7554094944, 24644.011141065235, 30151.7554094944, 25263.89136727859, 24607.712701787907, 29677.567445393037
17, 30160.686846150507, 24613.86517059119, 30160.686846150507, 24527.52672986565, 24615.03026075971, 29799.42766582009
18, 30380.660934372834, 24607.194770262562, 30380.660934372834, 25427.411054027314, 24613.48527693001, 29868.69866623907
19, 30600.60536971915, 24671.16067371315, 30600.60536971915, 25535.668698030917, 24623.50870652285, 30025.298987712362
20, 30600.60536971915, 24671.16067371315, 30600.60536971915, 24151.477145227916, 24634.753206522673, 30152.500274955095
21, 30631.27992037802, 24588.04725880924, 30631.27992037802, 24912.9437146227, 24628.566687385228, 30257.25094466594
22, 30631.27992037802, 24588.04725880924, 30631.27992037802, 27504.335258793988, 24590.54782812785, 30345.513763017338
23, 30631.27992037802, 24588.04725880924, 30631.27992037802, 26271.941620541587, 24580.437311975315, 30448.12813476613
24, 30683.610489831444, 24574.511835916535, 30683.610489831444, 26478.416855673106, 24583.116349736254, 30486.03083497921
25, 30683.610489831444, 24574.511835916535, 30683.610489831444, 26843.25662198964, 24591.074157611143, 30529.15342032244
26, 30998.848875541815, 24573.59034124088, 30998.848875541815, 27064.504969208465, 24610.686948252616, 30594.26492986172
27, 31111.152443101102, 24642.164060292365, 31111.152443101102, 26438.971718797395, 24618.222223557495, 30663.615698668014
28, 31198.31157330784, 24449.49350028104, 31198.31157330784, 25990.305205052886, 24618.53139323293, 30740.925560916636
29, 31360.418256235313, 24541.680527408116, 31360.418256235313, 27927.094628082235, 24573.93459393532, 30819.085663898157
30, 31444.078016723022, 24490.716479586623, 31444.078016723022, 27381.87585422345, 24576.83469732082, 30967.856442109907
31, 31532.4942467796, 24370.629612088545, 31532.4942467796, 27515.86566812958, 24567.409272671124, 31108.73048068104
32, 31637.887143967368, 24679.086788299825, 31637.887143967368, 29859.715708296113, 24550.771150913628, 31233.05116210313
33, 31808.99525567028, 24613.26999895509, 31808.99525567028, 26194.437567457862, 24601.505318649175, 31367.69118942169
34, 31808.99525567028, 24613.26999895509, 31808.99525567028, 27297.911300300813, 24579.375988842152, 31460.71247724534
35, 31969.51341412843, 24611.241797540257, 31969.51341412843, 27190.926778842208, 24590.013756585307, 31525.009817082915
36, 32043.323100767113, 24536.77238497344, 32043.323100767113, 26574.466188142465, 24614.82550202898, 31623.414086176104
37, 32243.82617791877, 24543.58995152981, 32243.82617791877, 28575.196679256198, 24626.62369745784, 31717.428742866974
38, 32267.61907714523, 24613.191748610494, 32267.61907714523, 27956.922593230607, 24610.003980600777, 31816.288021665434
39, 32267.61907714523, 24613.191748610494, 32267.61907714523, 26106.37367218993, 24646.169945195466, 31893.31009341116
40, 32318.345753123533, 24395.1427371382, 32318.345753123533, 25822.850195593757, 24625.11183696608, 31984.57717047293
41, 32371.31981204914, 24521.979211808466, 32371.31981204914, 29915.370445678727, 24590.11090387321, 32022.6542746106
42, 32371.31981204914, 24521.979211808466, 32371.31981204914, 28737.83183682247, 24578.319567162023, 32082.933956920293
43, 32408.4411590001, 24686.6246470902, 32408.4411590001, 27559.75878502627, 24614.447777854413, 32141.42010196344
44, 32408.4411590001, 24686.6246470902, 32408.4411590001, 26546.61621795518, 24639.687592506005, 32193.757183083988
45, 32581.172119721596, 24683.425854708137, 32581.172119721596, 26410.57424129659, 24630.06674176886, 32220.31473287417
46, 32581.172119721596, 24683.425854708137, 32581.172119721596, 26266.527727451827, 24627.977387899522, 32295.636088659507
47, 32612.14449324773, 24649.62697585126, 32612.14449324773, 26649.629044230314, 24612.090001411438, 32333.707950449054
48, 32612.14449324773, 24649.62697585126, 32612.14449324773, 27036.24022404442, 24598.299373447142, 32359.97517677478
49, 32641.360071597075, 24636.907816914594, 32641.360071597075, 26701.34331003155, 24625.86915552726, 32377.998751081122
50, 32724.832653414414, 24675.473798598265, 32724.832653414414, 25654.256353108794, 24659.89028663761, 32429.81210248422
51, 32724.832653414414, 24675.473798598265, 32724.832653414414, 27279.416812140687, 24656.277956954455, 32452.080028799108
52, 32724.832653414414, 24675.473798598265, 32724.832653414414, 26425.56399940275, 24667.05969179341, 32469.339907296413
53, 32724.832653414414, 24675.473798598265, 32724.832653414414, 26273.88380239866, 24678.27011484415, 32511.844977302128
54, 32768.15141809812, 24613.794880599504, 32768.15141809812, 27553.907870360665, 24660.256136894444, 32539.744184533873
55, 32768.15141809812, 24613.794880599504, 32768.15141809812, 27222.711411242195, 24679.21875566686, 32579.7014788345
56, 32768.15141809812, 24613.794880599504, 32768.15141809812, 26360.356304819936, 24670.923342051454, 32602.792446574975
57, 32774.246556894366, 24661.003178548573, 32774.246556894366, 27274.580025194795, 24649.97210703907, 32631.516797782602
58, 32774.246556894366, 24661.003178548573, 32774.246556894366, 26764.432496954007, 24649.555604653648, 32662.02178435157
59, 32774.246556894366, 24661.003178548573, 32774.246556894366, 26596.07736499871, 24669.89385824399, 32658.22628568928
60, 32780.1083179331, 24651.663442412184, 32780.1083179331, 26073.061887021344, 24699.44556971795, 32661.85238653404
61, 32780.1083179331, 24651.663442412184, 32780.1083179331, 26967.39194334085, 24675.63990834893, 32674.52331244728
62, 32780.1083179331, 24651.663442412184, 32780.1083179331, 27159.72856100635, 24652.839570316017, 32685.621277174912
63, 32836.47477178065, 24686.828379932595, 32836.47477178065, 26993.03062376083, 24660.74736939629, 32711.197459987277
64, 32836.47477178065, 24686.828379932595, 32836.47477178065, 26464.067614264834, 24689.85883983734, 32707.30564909026
65, 32836.47477178065, 24686.828379932595, 32836.47477178065, 26286.06923596941, 24702.278054204693, 32710.73503622537
66, 32907.89640213093, 24594.58912767042, 32907.89640213093, 26467.295033384806, 24699.460835707425, 32717.936448508946
67, 32908.835893008974, 24594.39189053704, 32908.835893008974, 27367.240055808383, 24683.998973069363, 32738.013141512467
68, 32908.835893008974, 24594.39189053704, 32908.835893008974, 28447.544568126672, 24670.669857358786, 32749.4418771223
69, 32908.835893008974, 24594.39189053704, 32908.835893008974, 28452.367731668837, 24670.966449854415, 32750.442733118347
70, 32908.835893008974, 24594.39189053704, 32908.835893008974, 27203.699694185216, 24670.106863868572, 32752.89263120416
71, 32908.835893008974, 24594.39189053704, 32908.835893008974, 27392.482354784475, 24670.141722420725, 32758.166851570186
72, 32908.835893008974, 24594.39189053704, 32908.835893008974, 28131.65508191003, 24696.743581310755, 32784.702443706476
73, 32908.835893008974, 24594.39189053704, 32908.835893008974, 28132.756369397168, 24688.463388985492, 32788.092766684036
74, 32908.835893008974, 24594.39189053704, 32908.835893008974, 28496.24818809372, 24668.99037571846, 32785.60572961049
75, 32908.835893008974, 24594.39189053704, 32908.835893008974, 27616.131184379243, 24654.864272031413, 32797.48103656873
76, 32908.835893008974, 24594.39189053704, 32908.835893008974, 27627.82958562467, 24638.462975266917, 32816.88788326853
77, 32908.835893008974, 24594.39189053704, 32908.835893008974, 28174.15288171408, 24639.67135686715, 32827.618829879764
78, 32908.835893008974, 24594.39189053704, 32908.835893008974, 26742.306543632276, 24649.40215454682, 32829.08241214208
79, 32908.835893008974, 24594.39189053704, 32908.835893008974, 26927.392733309905, 24638.808209954797, 32831.03122289449
80, 32940.61123801384, 24667.011681416436, 32940.61123801384, 27106.369071061996, 24653.68437553261, 32835.297765148855
81, 33043.13077835482, 24659.126804795786, 33043.13077835482, 26570.498142787128, 24646.15412359818, 32834.75404511867
82, 33043.13077835482, 24659.126804795786, 33043.13077835482, 26392.942637325483, 24663.14559136942, 32853.666568947134
83, 33043.13077835482, 24659.126804795786, 33043.13077835482, 27114.06763389031, 24640.76180898431, 32858.99391951806
84, 33043.13077835482, 24659.126804795786, 33043.13077835482, 26755.930757027967, 24655.250272284604, 32859.08055706021
85, 33043.13077835482, 24659.126804795786, 33043.13077835482, 26577.960352961538, 24657.721524487853, 32864.01438063895
86, 33043.13077835482, 24659.126804795786, 33043.13077835482, 26582.402949731113, 24657.387787220447, 32866.67379898737
87, 33043.13077835482, 24659.126804795786, 33043.13077835482, 26766.058504668996, 24657.96539919801, 32873.25490851099
88, 33043.13077835482, 24659.126804795786, 33043.13077835482, 26591.909359131336, 24660.210152587995, 32883.09265261603
89, 33043.13077835482, 24659.126804795786, 33043.13077835482, 26422.506620989847, 24670.20804843283, 32877.17949802846
90, 33104.892624838736, 24525.53183646764, 33104.892624838736, 26990.077897536623, 24686.61113785348, 32915.94373075158
91, 33241.94091822332, 24611.048877795798, 33241.94091822332, 30789.258494545025, 24630.692645140512, 32949.38362259782
92, 33241.94091822332, 24611.048877795798, 33241.94091822332, 27945.24775908011, 24658.17495200584, 33005.61945612564
93, 33300.171519816744, 24581.42331611955, 33300.171519816744, 27773.32044672309, 24682.903168981444, 33018.94910919587
94, 33300.171519816744, 24581.42331611955, 33300.171519816744, 28506.330218825085, 24670.557757368737, 33026.75554888963
95, 33300.171519816744, 24581.42331611955, 33300.171519816744, 28153.353333556322, 24658.513617092947, 33042.205914996004
96, 33300.171519816744, 24581.42331611955, 33300.171519816744, 27621.352244750058, 24656.86333302188, 33059.96859794127
97, 33300.171519816744, 24581.42331611955, 33300.171519816744, 28011.128032088465, 24615.12589980414, 33080.33922917113
98, 33300.171519816744, 24581.42331611955, 33300.171519816744, 27853.865809926778, 24601.489473259997, 33100.385883382165
99, 33300.171519816744, 24581.42331611955, 33300.171519816744, 28785.309287589334, 24604.51053890859, 33135.444220731384
100, 33300.171519816744, 24581.42331611955, 33300.171519816744, 28642.289537607583, 24618.807272576098, 33162.8965264098
101, 33330.65236081595, 24683.237835180717, 33330.65236081595, 27027.11033352686, 24650.85473150327, 33188.194623403055
102, 33330.65236081595, 24683.237835180717, 33330.65236081595, 27392.938101325162, 24656.295901935355, 33185.66270883711
103, 33330.65236081595, 24683.237835180717, 33330.65236081595, 25775.114139133722, 24672.63798101283, 33192.33194236736
104, 33330.65236081595, 24683.237835180717, 33330.65236081595, 27058.664090988575, 24643.666668562466, 33232.631502674165
105, 33330.65236081595, 24683.237835180717, 33330.65236081595, 26709.81007487429, 24653.59406751085, 33240.02918220898
106, 33357.839990597335, 24569.151327619413, 33357.839990597335, 28702.752162290722, 24623.05490218829, 33232.59494128891
107, 33357.839990597335, 24569.151327619413, 33357.839990597335, 28339.291351753876, 24632.42165561248, 33237.112121863946
108, 33357.839990597335, 24569.151327619413, 33357.839990597335, 27983.9154463617, 24647.471839188147, 33250.126694199345
109, 33357.839990597335, 24569.151327619413, 33357.839990597335, 28533.94441682064, 24655.234097107503, 33262.97289473718
110, 33357.839990597335, 24569.151327619413, 33357.839990597335, 29085.28599104947, 24671.514058892, 33254.18123625965
111, 33357.839990597335, 24569.151327619413, 33357.839990597335, 29087.21489726714, 24675.633267973546, 33254.14675500836
112, 33371.52707812645, 24683.162787224315, 33371.52707812645, 28907.312173414448, 24664.134636331473, 33254.26677036315
113, 33371.52707812645, 24683.162787224315, 33371.52707812645, 26734.550167400026, 24678.052962829042, 33264.59113553369
114, 33502.85553863441, 24546.05572964041, 33502.85553863441, 28380.461971941797, 24643.093172721135, 33294.31936843661
115, 33502.85553863441, 24546.05572964041, 33502.85553863441, 28942.37332027934, 24613.60818502381, 33306.475688257735
116, 33502.85553863441, 24546.05572964041, 33502.85553863441, 27486.837313775173, 24617.257940611118, 33315.00762294296
117, 33502.85553863441, 24546.05572964041, 33502.85553863441, 28940.56693939817, 24602.741236047077, 33306.68972825132
118, 33502.85553863441, 24546.05572964041, 33502.85553863441, 29495.238343609388, 24603.19613386668, 33318.058937984126
119, 33502.85553863441, 24546.05572964041, 33502.85553863441, 28601.143766713038, 24617.565026381522, 33331.37892167523
120, 33502.85553863441, 24546.05572964041, 33502.85553863441, 29356.734457328905, 24615.26205973994, 33366.53229889307
121, 33502.85553863441, 24546.05572964041, 33502.85553863441, 28834.59280353835, 24609.696003057317, 33392.24294236574
122, 33502.85553863441, 24546.05572964041, 33502.85553863441, 28310.943344951855, 24615.44309570583, 33412.45365094574
123, 33502.85553863441, 24546.05572964041, 33502.85553863441, 28860.969546181062, 24587.491604692834, 33418.197387854285
124, 33510.6747306421, 24561.48824197003, 33510.6747306421, 29236.85430011908, 24590.82583183936, 33431.27239904414
125, 33510.695231341946, 24594.064690181807, 33510.695231341946, 28137.632772193036, 24594.076747222953, 33418.07902500114
126, 33594.74549270762, 24567.871532037527, 33594.74549270762, 28511.89313367515, 24588.441985388283, 33440.96236769208
127, 33594.74549270762, 24567.871532037527, 33594.74549270762, 28878.58177017355, 24592.982700976998, 33444.51037673183
128, 33594.74549270762, 24567.871532037527, 33594.74549270762, 29791.405400729273, 24592.278285639797, 33439.773999074154
129, 33594.74549270762, 24567.871532037527, 33594.74549270762, 28325.570887821705, 24602.044537578688, 33435.74720585741
130, 33594.74549270762, 24567.871532037527, 33594.74549270762, 27238.176137578153, 24615.07619922512, 33446.33139157949
131, 33594.74549270762, 24567.871532037527, 33594.74549270762, 29071.05325027479, 24604.481054333442, 33444.40659539727
132, 33594.74549270762, 24567.871532037527, 33594.74549270762, 29066.77777658997, 24618.787295844017, 33455.45325636579
133, 33594.74549270762, 24567.871532037527, 33594.74549270762, 29081.41277584037, 24631.48680979751, 33455.54788798079
134, 33594.74549270762, 24567.871532037527, 33594.74549270762, 28901.095527216577, 24651.166661258627, 33471.32156531229
135, 33594.74549270762, 24567.871532037527, 33594.74549270762, 28552.736857057113, 24660.641596865615, 33484.69619105995
136, 33644.89167569476, 24592.42258390237, 33644.89167569476, 28555.706754489212, 24658.313205837436, 33488.80214334494
137, 33644.89167569476, 24592.42258390237, 33644.89167569476, 27827.91975245608, 24646.098247604874, 33497.1203935459
138, 33644.89167569476, 24592.42258390237, 33644.89167569476, 28383.84618615387, 24672.524722954393, 33498.609347253805
139, 33644.89167569476, 24592.42258390237, 33644.89167569476, 28758.687586875913, 24665.001048890535, 33519.124474048986
140, 33663.76393774466, 24589.380829915954, 33663.76393774466, 27298.858256935604, 24668.80771282782, 33517.031334155305
141, 33712.9769395044, 24588.508739926932, 33712.9769395044, 28401.531180186503, 24645.773340909116, 33531.165052864395
142, 33712.9769395044, 24588.508739926932, 33712.9769395044, 28591.775798244264, 24618.877903993052, 33535.01756044605
143, 33712.9769395044, 24588.508739926932, 33712.9769395044, 28228.425103514106, 24627.26080286048, 33541.57047872624
144, 33712.9769395044, 24588.508739926932, 33712.9769395044, 28786.478534533784, 24624.951791881685, 33557.578016260864
145, 33712.9769395044, 24588.508739926932, 33712.9769395044, 27701.934414365456, 24640.636694501012, 33569.14684079966
146, 33712.9769395044, 24588.508739926932, 33712.9769395044, 28619.58108081441, 24645.068898555637, 33558.55053588625
147, 33712.9769395044, 24588.508739926932, 33712.9769395044, 29379.464931588976, 24634.767674971903, 33597.98701048513
148, 33731.50179467612, 24480.293797679977, 33731.50179467612, 30493.008777419844, 24598.69433961398, 33615.11793541014
149, 33731.50179467612, 24480.293797679977, 33731.50179467612, 30321.624744627326, 24604.750880358166, 33611.20966308465
150, 33731.50179467612, 24480.293797679977, 33731.50179467612, 29591.872753981963, 24609.372580714447, 33623.50362892967
151, 33731.50179467612, 24480.293797679977, 33731.50179467612, 29777.57473330765, 24609.035809380985, 33623.95514616427
152, 33731.50179467612, 24480.293797679977, 33731.50179467612, 29965.377271990263, 24597.391861426622, 33631.25089348372
153, 33736.25345072828, 24650.60143533123, 33736.25345072828, 27035.097292421087, 24629.410558089578, 33630.115967407255
154, 33817.64288308378, 24203.20442621421, 33817.64288308378, 31445.649491808563, 24565.854473021336, 33643.26207709298
155, 33838.401203517504, 24471.138700764048, 33838.401203517504, 33288.527872008766, 24488.308228661997, 33654.052977389874
156, 33838.401203517504, 24471.138700764048, 33838.401203517504, 30169.428292769575, 24508.57796814659, 33664.44954008161
157, 33838.401203517504, 24471.138700764048, 33838.401203517504, 30549.733693862527, 24490.170248071965, 33671.15563153818
158, 33838.401203517504, 24471.138700764048, 33838.401203517504, 30552.871329445465, 24505.40152437173, 33679.207088484975
159, 33838.401203517504, 24471.138700764048, 33838.401203517504, 29834.62274812499, 24508.00507501402, 33692.52383253157
160, 33838.401203517504, 24471.138700764048, 33838.401203517504, 30213.378460296153, 24498.478426010897, 33710.83590456014
161, 33838.401203517504, 24471.138700764048, 33838.401203517504, 31697.366775731665, 24480.955517178627, 33720.81723668432
162, 33838.401203517504, 24471.138700764048, 33838.401203517504, 29328.684775547354, 24429.649385837016, 33743.01449994421
163, 33911.219875384195, 24212.264077231, 33911.219875384195, 33560.706544266046, 24284.9671670672, 33743.72483481013
164, 33911.219875384195, 24212.264077231, 33911.219875384195, 33014.21177945168, 24319.41105723642, 33748.69441983515
165, 33951.88372442517, 24196.74757965954, 33951.88372442517, 33580.67104007833, 24330.10014515073, 33764.96033819298
166, 33951.88372442517, 24196.74757965954, 33951.88372442517, 33589.06006551155, 24398.046797977644, 33771.900201314034
167, 33951.88372442517, 24196.74757965954, 33951.88372442517, 33396.16873195185, 24440.48722339969, 33763.98634827851
168, 33975.731426543156, 24643.00287825674, 33975.731426543156, 33608.75700500927, 24431.82879223678, 33792.13031742476
169, 33975.731426543156, 24643.00287825674, 33975.731426543156, 27526.234439471144, 24516.661001927347, 33799.23333644924
170, 33975.731426543156, 24643.00287825674, 33975.731426543156, 28270.856502240225, 24499.394972001555, 33800.34062438567
171, 33975.731426543156, 24643.00287825674, 33975.731426543156, 27544.383007984947, 24461.14161155289, 33819.408338843314
172, 33975.731426543156, 24643.00287825674, 33975.731426543156, 27193.102273676704, 24435.162860267697, 33837.17565759287
173, 33975.731426543156, 24643.00287825674, 33975.731426543156, 27387.847625337934, 24353.3110650293, 33842.3984888387
174, 33975.731426543156, 24643.00287825674, 33975.731426543156, 28126.415312020024, 24355.841268495933, 33850.62317888457
175, 33975.731426543156, 24643.00287825674, 33975.731426543156, 27952.45428479795, 24366.475612397775, 33865.91800738099
176, 33975.731426543156, 24643.00287825674, 33975.731426543156, 27776.43963293925, 24375.143303624736, 33858.545511054755
177, 33975.731426543156, 24643.00287825674, 33975.731426543156, 28336.722603045117, 24385.435705775915, 33870.5366348538
178, 33990.73280232325, 24438.259357382434, 33990.73280232325, 31838.66165775288, 24351.32968184727, 33871.68342968262
179, 33990.73280232325, 24438.259357382434, 33990.73280232325, 31476.538983698392, 24414.622717604885, 33868.74606173764
180, 33990.73280232325, 24438.259357382434, 33990.73280232325, 31281.055610652482, 24482.801603158296, 33866.17367200563
181, 33990.73280232325, 24438.259357382434, 33990.73280232325, 31117.79384869765, 24593.704398984253, 33878.93908692217
182, 33990.73280232325, 24438.259357382434, 33990.73280232325, 31679.826096826786, 24635.951396828037, 33886.45020068224
183, 33990.73280232325, 24438.259357382434, 33990.73280232325, 31487.447383119892, 24633.967779541726, 33886.482850229564
184, 34049.148238202346, 24399.354448621212, 34049.148238202346, 30564.243008170826, 24630.53610970674, 33882.84069358925
185, 34134.11194053325, 24589.920269881677, 34134.11194053325, 31502.30411946008, 24623.77211673358, 33907.497708790754
186, 34134.11194053325, 24589.920269881677, 34134.11194053325, 28179.36544800425, 24639.10757816835, 33924.731697097675
187, 34134.11194053325, 24589.920269881677, 34134.11194053325, 28926.82200368676, 24623.722386009667, 33935.749127790375
188, 34134.11194053325, 24589.920269881677, 34134.11194053325, 29298.134189791344, 24612.06271511563, 33933.20335094359
189, 34134.11194053325, 24589.920269881677, 34134.11194053325, 28567.234889508338, 24570.469172603298, 33942.05961209297
190, 34134.11194053325, 24589.920269881677, 34134.11194053325, 29683.642526140917, 24522.35015202903, 33950.7876825339
191, 34134.11194053325, 24589.920269881677, 34134.11194053325, 27487.647551891052, 24566.29603959586, 33970.84547103537
192, 34134.11194053325, 24589.920269881677, 34134.11194053325, 28062.180003915626, 24570.79341906358, 33990.562519741325
193, 34165.512242878045, 24496.798888082718, 34165.512242878045, 29380.33329452607, 24568.6198717722, 34009.16947581087
194, 34165.512242878045, 24496.798888082718, 34165.512242878045, 29033.2121804056, 24611.86033531208, 34036.07466367784
195, 34175.627460461634, 24347.04057193709, 34175.627460461634, 29596.237623221747, 24613.829917452294, 34049.52112616544
196, 34175.627460461634, 24347.04057193709, 34175.627460461634, 32754.311186279687, 24579.947379820303, 34055.09770247721
197, 34175.627460461634, 24347.04057193709, 34175.627460461634, 32938.469935659035, 24571.62789346297, 34052.01785507972
198, 34175.627460461634, 24347.04057193709, 34175.627460461634, 32012.63102126606, 24583.858311427746, 34054.39400736791
199, 34175.627460461634, 24347.04057193709, 34175.627460461634, 32564.399789440286, 24574.097247218055, 34044.38283797105
200, 34306.80923735809, 24318.169065044116, 34306.80923735809, 32387.200196983344, 24555.613218062445, 34055.763188310106
201, 34306.80923735809, 24318.169065044116, 34306.80923735809, 32972.29378481409, 24535.13101939156, 34083.91343968523
202, 34306.80923735809, 24318.169065044116, 34306.80923735809, 32789.670188601725, 24503.766846569062, 34086.258623847505
203, 34306.80923735809, 24318.169065044116, 34306.80923735809, 32620.80994962145, 24444.226605309083, 34105.40668509019
204, 34306.80923735809, 24318.169065044116, 34306.80923735809, 32252.626648166406, 24395.9505140022, 34110.56375896332
205, 34306.80923735809, 24318.169065044116, 34306.80923735809, 33569.052621327966, 24397.44231333454, 34129.221258153964
206, 34375.546215840244, 24451.325140506982, 34375.546215840244, 32660.68437901302, 24409.665191295593, 34145.492813620825
207, 34375.546215840244, 24451.325140506982, 34375.546215840244, 31754.323979584522, 24444.85347585345, 34178.060743422684
208, 34375.546215840244, 24451.325140506982, 34375.546215840244, 32147.325002916674, 24464.985429458568, 34197.936020999
209, 34375.546215840244, 24451.325140506982, 34375.546215840244, 30681.05837015828, 24439.366060569344, 34221.81330101149
210, 34375.546215840244, 24451.325140506982, 34375.546215840244, 31809.829345379236, 24410.161727506336, 34239.12793855342
211, 34375.546215840244, 24451.325140506982, 34375.546215840244, 31065.645102867456, 24430.06666651548, 34239.25076502561
212, 34375.546215840244, 24451.325140506982, 34375.546215840244, 30697.54778858975, 24444.529389141175, 34241.98906003911
213, 34427.019487364676, 24657.919087665578, 34427.019487364676, 30527.70324401852, 24487.351567778154, 34253.34260358813
214, 34427.019487364676, 24657.919087665578, 34427.019487364676, 28116.265299207233, 24572.34179564725, 34288.354506268
215, 34427.019487364676, 24657.919087665578, 34427.019487364676, 27564.19239446849, 24558.609557691914, 34281.37921150549
216, 34427.019487364676, 24657.919087665578, 34427.019487364676, 27753.87053349623, 24556.791815280074, 34294.19201257624
217, 34427.019487364676, 24657.919087665578, 34427.019487364676, 27385.561643861824, 24571.149041234054, 34301.37678254447
218, 34427.019487364676, 24657.919087665578, 34427.019487364676, 27575.891443588356, 24585.093816840843, 34299.94971208304
219, 34427.019487364676, 24657.919087665578, 34427.019487364676, 28327.434450378816, 24608.243507779585, 34312.322742079654
220, 34427.019487364676, 24657.919087665578, 34427.019487364676, 27594.72719209669, 24652.93565107207, 34323.68274844222
221, 34427.019487364676, 24657.919087665578, 34427.019487364676, 27228.87827759448, 24707.245394206144, 34334.18820373537
222, 34427.019487364676, 24657.919087665578, 34427.019487364676, 27418.95120334289, 24704.58774007386, 34325.93692913411
223, 34427.019487364676, 24657.919087665578, 34427.019487364676, 28726.244989527695, 24692.119163557898, 34332.23883733977
224, 34427.019487364676, 24657.919087665578, 34427.019487364676, 28535.354253143727, 24689.285587206847, 34325.75322265633
225, 34427.019487364676, 24657.919087665578, 34427.019487364676, 27980.902559209513, 24698.225798275056, 34333.81637183787
226, 34427.019487364676, 24657.919087665578, 34427.019487364676, 28166.239435839256, 24693.433294794282, 34334.881733674
227, 34427.019487364676, 24657.919087665578, 34427.019487364676, 29101.25353580236, 24689.570312752618, 34334.61284019823
228, 34427.019487364676, 24657.919087665578, 34427.019487364676, 28542.76056185669, 24702.396433212907, 34328.602187046585
229, 34427.019487364676, 24657.919087665578, 34427.019487364676, 27974.541133845098, 24708.427422118093, 34327.99686741352
230, 34427.019487364676, 24657.919087665578, 34427.019487364676, 28351.18562031498, 24692.33297120654, 34336.486212029544
231, 34427.019487364676, 24657.919087665578, 34427.019487364676, 28348.64467820227, 24699.110714645758, 34321.299397161834
232, 34427.019487364676, 24657.919087665578, 34427.019487364676, 27790.137136157366, 24697.058852498045, 34331.956053818845
233, 34427.019487364676, 24657.919087665578, 34427.019487364676, 28350.44443897907, 24694.346410347265, 34332.591501868774
234, 34427.019487364676, 24657.919087665578, 34427.019487364676, 27417.95650613518, 24704.241777918363, 34334.60542933835
235, 34427.019487364676, 24657.919087665578, 34427.019487364676, 28164.787042808093, 24696.06248318193, 34327.63726875816
236, 34427.019487364676, 24657.919087665578, 34427.019487364676, 27605.2435410879, 24700.848867758923, 34327.51814604565
237, 34427.019487364676, 24657.919087665578, 34427.019487364676, 27604.653908844004, 24703.69267765546, 34333.81601443378
238, 34427.019487364676, 24657.919087665578, 34427.019487364676, 27972.28937945583, 24695.557471704935, 34327.11558605818
239, 34427.019487364676, 24657.919087665578, 34427.019487364676, 27412.59608223367, 24703.138757949586, 34333.87706815134
240, 34427.019487364676, 24657.919087665578, 34427.019487364676, 27418.99325012256, 24707.945594384943, 34340.11513698393
241, 34427.019487364676, 24657.919087665578, 34427.019487364676, 27973.559953087875, 24695.73601640895, 34321.83913922285
242, 34431.341397052194, 24468.63636254669, 34431.341397052194, 31162.328321535042, 24664.584122142427, 34334.3105277514
243, 34431.341397052194, 24468.63636254669, 34431.341397052194, 30410.21125620416, 24661.17972633438, 34326.2708592384
244, 34431.341397052194, 24468.63636254669, 34431.341397052194, 30215.668375082776, 24667.34671320313, 34324.9256814223
245, 34431.341397052194, 24468.63636254669, 34431.341397052194, 30778.523144968687, 24649.841206007306, 34331.02218738939
246, 34431.341397052194, 24468.63636254669, 34431.341397052194, 31152.683701438425, 24651.50223553771, 34325.49957253612
247, 34431.341397052194, 24468.63636254669, 34431.341397052194, 31516.422363774887, 24643.006540326365, 34319.80806674565
248, 34437.96514822974, 24662.387597645124, 34437.96514822974, 27602.580067354906, 24676.052189642032, 34327.06639370914
249, 34437.96514822974, 24662.387597645124, 34437.96514822974, 27606.92966200017, 24659.935756267743, 34326.042179949436
250, 34437.96514822974, 24662.387597645124, 34437.96514822974, 27793.41434811375, 24631.432070900733, 34332.3810899476
251, 34437.96514822974, 24662.387597645124, 34437.96514822974, 28920.095579578414, 24587.98137115931, 34345.08489603131
252, 34437.96514822974, 24662.387597645124, 34437.96514822974, 27796.074667034292, 24570.977094154576, 34333.70615708509
253, 34437.96514822974, 24662.387597645124, 34437.96514822974, 27230.6875663223, 24578.49041554625, 34343.28535162084
254, 34437.96514822974, 24662.387597645124, 34437.96514822974, 27979.94110980242, 24578.701117334887, 34337.12181928805
255, 34437.96514822974, 24662.387597645124, 34437.96514822974, 27980.76924217653, 24608.961358544355, 34331.738399997565
256, 34437.96514822974, 24662.387597645124, 34437.96514822974, 27240.53454367339, 24648.749739671428, 34331.7898182095
257, 34437.96514822974, 24662.387597645124, 34437.96514822974, 27795.7495704839, 24687.715689289776, 34333.41036502819
258, 34437.96514822974, 24662.387597645124, 34437.96514822974, 27615.241253324857, 24705.825146955474, 34341.050069419995
259, 34437.96514822974, 24662.387597645124, 34437.96514822974, 28539.966938824935, 24700.110467839884, 34334.55602031543
260, 34437.96514822974, 24662.387597645124, 34437.96514822974, 27608.856565813192, 24705.47197094867, 34339.87722749946
261, 34437.96514822974, 24662.387597645124, 34437.96514822974, 27425.251771718187, 24704.021440545195, 34337.163593905425
262, 34437.96514822974, 24662.387597645124, 34437.96514822974, 28169.724939634645, 24696.950107893652, 34342.192167233996
263, 34437.96514822974, 24662.387597645124, 34437.96514822974, 27235.148485149257, 24708.290014455582, 34337.815015067325
264, 34437.96514822974, 24662.387597645124, 34437.96514822974, 27988.233833123253, 24712.391643073028, 34344.46443761132
265, 34437.96514822974, 24662.387597645124, 34437.96514822974, 28168.317457955935, 24701.953624008278, 34343.04075155185
266, 34437.96514822974, 24662.387597645124, 34437.96514822974, 27987.134712831165, 24702.137015046435, 34337.81221602617
267, 34437.96514822974, 24662.387597645124, 34437.96514822974, 26864.743539241896, 24720.468458568568, 34338.47865948057
268, 34437.96514822974, 24662.387597645124, 34437.96514822974, 27980.76600371772, 24704.016987169984, 34333.43589615263
269, 34437.96514822974, 24662.387597645124, 34437.96514822974, 27983.66946493152, 24704.462111379373, 34332.81332774676
270, 34437.96514822974, 24662.387597645124, 34437.96514822974, 27802.138785460305, 24708.548141696403, 34349.35627966872
271, 34437.96514822974, 24662.387597645124, 34437.96514822974, 27424.404931105877, 24717.626457807044, 34343.71342434123
272, 34437.96514822974, 24662.387597645124, 34437.96514822974, 28355.843616813487, 24696.893609309805, 34329.91946277008
273, 34437.96514822974, 24662.387597645124, 34437.96514822974, 28169.65625594711, 24701.212107490734, 34329.56447311329
274, 34437.96514822974, 24662.387597645124, 34437.96514822974, 27795.379868465057, 24712.1483106152, 34350.83497622458
275, 34437.96514822974, 24662.387597645124, 34437.96514822974, 29106.77940595697, 24692.43798745018, 34344.575181615655
276, 34437.96514822974, 24662.387597645124, 34437.96514822974, 27801.22799029844, 24703.22459646931, 34334.69121581968
277, 34437.96514822974, 24662.387597645124, 34437.96514822974, 27426.266715993628, 24709.876444822567, 34343.247713948316
278, 34437.96514822974, 24662.387597645124, 34437.96514822974, 27983.07733638223, 24704.088687070343, 34341.485592263416
279, 34437.96514822974, 24662.387597645124, 34437.96514822974, 27614.47662566047, 24713.550617622197, 34334.1854695214
280, 34437.96514822974, 24662.387597645124, 34437.96514822974, 27800.191628092158, 24701.151301427515, 34340.19078968758
281, 34437.96514822974, 24662.387597645124, 34437.96514822974, 27423.995003758355, 24710.705913403344, 34323.23756138815
282, 34437.96514822974, 24662.387597645124, 34437.96514822974, 28176.072873732453, 24700.92224614268, 34340.61668429768
283, 34474.02976715793, 24654.19263667669, 34474.02976715793, 27801.833393918176, 24710.38592585453, 34344.584143141365
284, 34474.02976715793, 24654.19263667669, 34474.02976715793, 27799.862801365034, 24705.365003018956, 34350.78376690657
285, 34474.02976715793, 24654.19263667669, 34474.02976715793, 28547.663518323705, 24701.257005221676, 34350.132719123125
286, 34543.65403897226, 24683.5289770657, 34543.65403897226, 27805.607110343844, 24711.65553225454, 34365.44157503965
287, 34543.65403897226, 24683.5289770657, 34543.65403897226, 27990.611239126065, 24712.98401948904, 34360.53776949254
288, 34543.65403897226, 24683.5289770657, 34543.65403897226, 27247.986486082125, 24704.13055273389, 34375.40754124489
289, 34543.65403897226, 24683.5289770657, 34543.65403897226, 27248.923172900966, 24706.894040579733, 34372.84812717509
290, 34543.65403897226, 24683.5289770657, 34543.65403897226, 27445.428525898074, 24714.675952547994, 34383.431054019464
291, 34543.65403897226, 24683.5289770657, 34543.65403897226, 27076.62240107662, 24711.564746870878, 34385.39076728422
292, 34543.65403897226, 24683.5289770657, 34543.65403897226, 28394.61635208199, 24702.120529571137, 34398.831240976295
293, 34543.65403897226, 24683.5289770657, 34543.65403897226, 27284.160983703423, 24718.618015027718, 34409.30747250604
294, 34543.65403897226, 24683.5289770657, 34543.65403897226, 27670.57314640596, 24710.972734887466, 34424.65247002525
295, 34543.65403897226, 24683.5289770657, 34543.65403897226, 27317.47284171377, 24723.588718589097, 34437.41680516012
296, 34543.65403897226, 24683.5289770657, 34543.65403897226, 27321.045854530545, 24718.03069769477, 34442.08887882943
297, 34543.65403897226, 24683.5289770657, 34543.65403897226, 27508.269104317926, 24740.096843869414, 34434.47722938647
298, 34543.65403897226, 24683.5289770657, 34543.65403897226, 27510.15182388804, 24734.54115477891, 34447.19154226791
299, 34543.65403897226, 24683.5289770657, 34543.65403897226, 27697.921722924424, 24721.854825184342, 34449.12563335748
300, 34543.65403897226, 24683.5289770657, 34543.65403897226, 28071.85075623584, 24721.026492455097, 34439.64368635351
301, 34543.65403897226, 24683.5289770657, 34543.65403897226, 27887.183277602144, 24726.521432988953, 34447.233324135916
302, 34543.65403897226, 24683.5289770657, 34543.65403897226, 27884.29163296574, 24727.99012228178, 34443.485393991155
303, 34543.65403897226, 24683.5289770657, 34543.65403897226, 27700.552638938716, 24723.81005510796, 34448.852766325974
304, 34543.65403897226, 24683.5289770657, 34543.65403897226, 27133.562152706465, 24725.313824761433, 34458.02318007786
305, 34543.65403897226, 24683.5289770657, 34543.65403897226, 26945.97939582845, 24724.509492307163, 34449.13059555976
306, 34543.65403897226, 24683.5289770657, 34543.65403897226, 27883.449117792145, 24720.72935879461, 34441.929681165
307, 34543.65403897226, 24683.5289770657, 34543.65403897226, 28634.941210733534, 24715.2954878666, 34448.902614550396
308, 34543.65403897226, 24683.5289770657, 34543.65403897226, 27696.94891851899, 24728.394714619397, 34439.42790609816
309, 34543.65403897226, 24683.5289770657, 34543.65403897226, 27507.224973886794, 24727.819721346543, 34443.11997954507
310, 34543.65403897226, 24683.5289770657, 34543.65403897226, 27133.524693162097, 24727.449432315498, 34437.52468406906
311, 34543.65403897226, 24683.5289770657, 34543.65403897226, 27883.953795877307, 24724.013690800395, 34452.89735355117
312, 34543.65403897226, 24683.5289770657, 34543.65403897226, 27887.51604742472, 24720.92809108212, 34446.3164013234
313, 34543.65403897226, 24683.5289770657, 34543.65403897226, 27321.596341652177, 24728.499843070324, 34448.5401676014
314, 34543.65403897226, 24683.5289770657, 34543.65403897226, 27507.23024951507, 24727.11647396922, 34453.27362948318
315, 34543.65403897226, 24683.5289770657, 34543.65403897226, 27888.550673600024, 24719.533968011823, 34453.86729460987
316, 34543.65403897226, 24683.5289770657, 34543.65403897226, 27510.25333588443, 24737.837675635703, 34440.03849910929
317, 34543.65403897226, 24683.5289770657, 34543.65403897226, 27695.630700722555, 24730.290619036325, 34453.69766335263
318, 34543.65403897226, 24683.5289770657, 34543.65403897226, 27512.08018675338, 24725.169249897433, 34449.71837411536
319, 34543.65403897226, 24683.5289770657, 34543.65403897226, 27885.88030649933, 24726.55788311136, 34439.674572969416
320, 34543.65403897226, 24683.5289770657, 34543.65403897226, 27694.599938065283, 24720.8473297689, 34443.55372686434
321, 34543.65403897226, 24683.5289770657, 34543.65403897226, 27322.648593910286, 24728.804819165995, 34448.324202108095
322, 34543.65403897226, 24683.5289770657, 34543.65403897226, 27512.271242354913, 24729.393331714462, 34452.47140468848
323, 34543.65403897226, 24683.5289770657, 34543.65403897226, 27510.381426525462, 24730.841535694297, 34435.19170706539
324, 34543.65403897226, 24683.5289770657, 34543.65403897226, 27320.983294302423, 24714.263250162836, 34440.61077782391
325, 34543.65403897226, 24683.5289770657, 34543.65403897226, 27134.411846145562, 24730.18398916681, 34448.16740260571
326, 34546.95403823545, 24537.195127685965, 34546.95403823545, 30140.301481000006, 24694.857204517957, 34446.50861443799
327, 34546.95403823545, 24537.195127685965, 34546.95403823545, 30513.25467640733, 24686.86974263922, 34456.34145193795
328, 34546.95403823545, 24537.195127685965, 34546.95403823545, 29010.690235553502, 24710.380487319813, 34438.28317924109
329, 34546.95403823545, 24537.195127685965, 34546.95403823545, 30141.751573010777, 24692.43667786141, 34448.45811740705
330, 34611.650305814306, 24401.328395529417, 34611.650305814306, 29951.531329493995, 24686.70894248169, 34447.88743313239
331, 34611.650305814306, 24401.328395529417, 34611.650305814306, 32575.367505256992, 24660.086772408857, 34450.79406098253
332, 34611.650305814306, 24401.328395529417, 34611.650305814306, 31452.801151126157, 24658.327951122992, 34451.230669918514
333, 34611.650305814306, 24401.328395529417, 34611.650305814306, 31087.408176862926, 24662.053179925333, 34467.913014234364
334, 34611.650305814306, 24401.328395529417, 34611.650305814306, 31450.792353136592, 24641.302268107538, 34457.96326228573
335, 34611.650305814306, 24401.328395529417, 34611.650305814306, 32019.03181062232, 24624.704519503524, 34461.924162434996
336, 34611.650305814306, 24401.328395529417, 34611.650305814306, 31457.242927139043, 24608.41733624727, 34457.4442486498
337, 34611.650305814306, 24401.328395529417, 34611.650305814306, 30524.964052286356, 24584.395955784865, 34469.518600454314
338, 34661.71403543917, 24541.83854742832, 34661.71403543917, 29590.597795623555, 24570.829479287542, 34492.27869690126
339, 34689.26379621518, 24597.13453915862, 34689.26379621518, 29594.652326869866, 24564.843954094413, 34473.47571689864
340, 34689.26379621518, 24597.13453915862, 34689.26379621518, 28475.226756208867, 24559.984540777015, 34487.99688585516
341, 34689.26379621518, 24597.13453915862, 34689.26379621518, 28674.912491933912, 24548.2211243138, 34507.89295705159
342, 34689.26379621518, 24597.13453915862, 34689.26379621518, 29440.533701529508, 24499.14824087783, 34514.34039284861
343, 34689.26379621518, 24597.13453915862, 34689.26379621518, 29444.585912574374, 24492.23960667067, 34520.89207825712
344, 34689.26379621518, 24597.13453915862, 34689.26379621518, 28324.189349655404, 24508.032806898627, 34531.19634503589
345, 34689.26379621518, 24597.13453915862, 34689.26379621518, 29271.00450162586, 24516.618683973844, 34537.4710338689
346, 34689.26379621518, 24597.13453915862, 34689.26379621518, 28902.809503217664, 24539.6761495688, 34562.88754555886
347, 34689.26379621518, 24597.13453915862, 34689.26379621518, 29103.42442303036, 24576.43867538007, 34559.298707461385
348, 34689.26379621518, 24597.13453915862, 34689.26379621518, 29112.053105438794, 24606.89619549835, 34570.62762431347
349, 34689.26379621518, 24597.13453915862, 34689.26379621518, 27993.45652333919, 24631.29931567267, 34574.57037956511
350, 34698.93373141608, 24670.661162686854, 34698.93373141608, 29130.596436076674, 24634.136832066048, 34592.73354055181
351, 34698.93373141608, 24670.661162686854, 34698.93373141608, 27811.365302488863, 24662.89949386068, 34584.113235770164
352, 34698.93373141608, 24670.661162686854, 34698.93373141608, 28004.418904618684, 24649.523294928687, 34594.44709673247
353, 34698.93373141608, 24670.661162686854, 34698.93373141608, 28004.0707706692, 24661.77485054423, 34582.59911630826
354, 34735.62042929735, 24632.29473905435, 34735.62042929735, 28952.80616798682, 24645.91219446778, 34599.15205567109
355, 34735.62042929735, 24632.29473905435, 34735.62042929735, 28562.437564286494, 24648.212551578177, 34592.58032502236
356, 34735.62042929735, 24632.29473905435, 34735.62042929735, 29131.456105936926, 24646.876211834413, 34598.28546922901
357, 34735.62042929735, 24632.29473905435, 34735.62042929735, 28757.422713833832, 24657.420633375466, 34600.03241300346
358, 34735.62042929735, 24632.29473905435, 34735.62042929735, 28947.338997003888, 24653.89323337191, 34590.0968548953
359, 34735.62042929735, 24632.29473905435, 34735.62042929735, 28386.79674637951, 24674.453779652464, 34604.8812810466
360, 34735.62042929735, 24632.29473905435, 34735.62042929735, 28574.541161759207, 24681.08581480735, 34613.79921805006
361, 34735.62042929735, 24632.29473905435, 34735.62042929735, 28009.56632488405, 24699.51296164777, 34606.12020209261
362, 34735.62042929735, 24632.29473905435, 34735.62042929735, 28581.784692649457, 24695.683673385614, 34607.92519688923
363, 34735.62042929735, 24632.29473905435, 34735.62042929735, 28393.22799037681, 24701.343451979454, 34611.88064826605
364, 34735.62042929735, 24632.29473905435, 34735.62042929735, 28010.649437346197, 24701.624402534555, 34611.50292322053
365, 34735.62042929735, 24632.29473905435, 34735.62042929735, 29340.4429565119, 24697.54173857316, 34615.788975455034
366, 34735.62042929735, 24632.29473905435, 34735.62042929735, 28774.779769416647, 24696.237105708213, 34621.667708050976
367, 34735.62042929735, 24632.29473905435, 34735.62042929735, 28777.518099273264, 24689.493219347154, 34620.40150690069
368, 34735.62042929735, 24632.29473905435, 34735.62042929735, 29162.24676952758, 24674.464300929012, 34630.205237329305
369, 34735.62042929735, 24632.29473905435, 34735.62042929735, 28608.921698971804, 24671.33371311062, 34629.9280748991
370, 34735.62042929735, 24632.29473905435, 34735.62042929735, 28226.62516223808, 24674.433448135944, 34632.823360153554
371, 34735.62042929735, 24632.29473905435, 34735.62042929735, 28985.57330925764, 24669.307828313445, 34646.59947263624
372, 34735.62042929735, 24632.29473905435, 34735.62042929735, 28987.749445400896, 24672.506569247325, 34642.236294788556
373, 34740.36718741373, 24680.50233190794, 34740.36718741373, 29170.05653630295, 24678.472594046772, 34629.60138743574
374, 34740.36718741373, 24680.50233190794, 34740.36718741373, 28226.09126804544, 24682.553438895506, 34636.92692708369
375, 34740.36718741373, 24680.50233190794, 34740.36718741373, 28606.431227124536, 24671.328100431434, 34640.21701652021
376, 34740.36718741373, 24680.50233190794, 34740.36718741373, 27474.734354029053, 24691.69000662961, 34646.981019327446
377, 34740.36718741373, 24680.50233190794, 34740.36718741373, 28229.05136176457, 24693.412756705384, 34631.742440435846
378, 34740.36718741373, 24680.50233190794, 34740.36718741373, 28039.115238383303, 24691.875737512106, 34637.85922759893
379, 34740.36718741373, 24680.50233190794, 34740.36718741373, 27663.651810837986, 24694.915170432505, 34641.54775920925
380, 34740.36718741373, 24680.50233190794, 34740.36718741373, 28042.26203845575, 24694.104307767655, 34633.21126607028
381, 34740.36718741373, 24680.50233190794, 34740.36718741373, 27287.689577199137, 24715.59719164965, 34631.07571211779
382, 34848.44346628598, 24618.624238003693, 34848.44346628598, 29179.44026460092, 24702.740570942962, 34670.737849603254
383, 34848.44346628598, 24618.624238003693, 34848.44346628598, 29370.789021930534, 24705.875697041003, 34663.30836693431
384, 34848.44346628598, 24618.624238003693, 34848.44346628598, 28425.18119981618, 24704.714142712044, 34668.27351368016
385, 34848.44346628598, 24618.624238003693, 34848.44346628598, 29750.249919149395, 24699.57443758589, 34656.472056214894
386, 34848.44346628598, 24618.624238003693, 34848.44346628598, 28610.489423221257, 24710.005955187444, 34647.8159891852
387, 34848.44346628598, 24618.624238003693, 34848.44346628598, 28995.433983353003, 24703.065205343468, 34662.80268686462
388, 34848.44346628598, 24618.624238003693, 34848.44346628598, 29001.013663877, 24707.62540742589, 34672.714491956875
389, 34848.44346628598, 24618.624238003693, 34848.44346628598, 29196.511531556076, 24692.919274623986, 34671.74499019369
390, 34848.44346628598, 24618.624238003693, 34848.44346628598, 27696.12372900227, 24704.050643015365, 34685.668480053086
391, 34848.44346628598, 24618.624238003693, 34848.44346628598, 29415.583463664607, 24676.663659346945, 34698.878529222646
392, 34848.44346628598, 24618.624238003693, 34848.44346628598, 28681.7541055599, 24667.56737168408, 34733.113867348795
393, 34848.44346628598, 24618.624238003693, 34848.44346628598, 28884.62002543979, 24665.100303774863, 34745.66649513116
394, 34848.44346628598, 24618.624238003693, 34848.44346628598, 28696.56572863608, 24667.82716324436, 34743.17971926166
395, 34848.44346628598, 24618.624238003693, 34848.44346628598, 28133.2186075041, 24662.52198358137, 34751.552920215836
396, 34848.44346628598, 24618.624238003693, 34848.44346628598, 28131.388705935417, 24669.77960544038, 34755.18805035304
397, 34848.44346628598, 24618.624238003693, 34848.44346628598, 28691.324428552627, 24665.290340957996, 34730.973653253
398, 34848.44346628598, 24618.624238003693, 34848.44346628598, 28509.871885641405, 24668.6777452337, 34747.47357312696
399, 34848.44346628598, 24618.624238003693, 34848.44346628598, 28508.291752210174, 24669.6651597354, 34730.991418613674
400, 34893.41883876853, 24527.362275526146, 34893.41883876853, 30025.984726239185, 24650.346876975163, 34763.063781943005
401, 34893.41883876853, 24527.362275526146, 34893.41883876853, 30217.29221073918, 24648.708513250294, 34766.29532525498
402, 34893.41883876853, 24527.362275526146, 34893.41883876853, 30221.279595632484, 24643.167401655883, 34758.89806414593
403, 34893.41883876853, 24527.362275526146, 34893.41883876853, 30027.41491967979, 24641.599754457613, 34754.808905717706
404, 34893.41883876853, 24527.362275526146, 34893.41883876853, 29647.236741895358, 24644.089525390937, 34757.8074878011
405, 34893.41883876853, 24527.362275526146, 34893.41883876853, 29453.248916340555, 24637.34261310401, 34752.36469268945
406, 34893.41883876853, 24527.362275526146, 34893.41883876853, 31174.823959402238, 24628.97671274374, 34773.00156261834
407, 34893.41883876853, 24527.362275526146, 34893.41883876853, 30596.371634202616, 24630.373680901415, 34755.435627263294
408, 34893.41883876853, 24527.362275526146, 34893.41883876853, 29660.712150810836, 24631.064832203734, 34767.89647715566
409, 34893.41883876853, 24527.362275526146, 34893.41883876853, 30045.807463386347, 24600.681088784673, 34780.30173549122
410, 34893.41883876853, 24527.362275526146, 34893.41883876853, 30435.747000092426, 24575.722202647466, 34791.65492018398
411, 34907.310205510046, 24545.751156878156, 34907.310205510046, 30826.177294973935, 24569.827686027715, 34798.90801541736
412, 34907.310205510046, 24545.751156878156, 34907.310205510046, 29301.918403663047, 24582.0746171276, 34785.84811057332
413, 34907.310205510046, 24545.751156878156, 34907.310205510046, 30260.356418906766, 24572.83251244046, 34809.982191997
414, 34916.205922790265, 24601.94955437189, 34916.205922790265, 29683.269496885467, 24580.952355510948, 34796.73058463135
415, 34916.99106293858, 24546.99435564373, 34916.99106293858, 30067.87981364229, 24585.59907897995, 34800.617325247404
416, 34916.99106293858, 24546.99435564373, 34916.99106293858, 29876.287567819, 24580.82716204529, 34803.537140363216
417, 34916.99106293858, 24546.99435564373, 34916.99106293858, 29675.04508008146, 24582.543132871906, 34792.215232152106
418, 34916.99106293858, 24546.99435564373, 34916.99106293858, 30254.003546384793, 24577.33480294776, 34798.672199775574
419, 34916.99106293858, 24546.99435564373, 34916.99106293858, 29693.101691055588, 24591.48558714253, 34808.22507474723
420, 34916.99106293858, 24546.99435564373, 34916.99106293858, 29691.412744285914, 24600.69157621563, 34807.36544735349
421, 34916.99106293858, 24546.99435564373, 34916.99106293858, 29890.300012688407, 24595.722895963336, 34806.44231337016
422, 34916.99106293858, 24546.99435564373, 34916.99106293858, 29503.48874187185, 24618.28392141453, 34802.09189047432
423, 34916.99106293858, 24546.99435564373, 34916.99106293858, 31038.57953096121, 24600.3832204043, 34830.692899908325
424, 34916.99106293858, 24546.99435564373, 34916.99106293858, 29508.50968433835, 24613.24589205104, 34800.72780878648
425, 34916.99106293858, 24546.99435564373, 34916.99106293858, 30459.450533943727, 24590.85828736422, 34809.878997927146
426, 34916.99106293858, 24546.99435564373, 34916.99106293858, 30654.7394973355, 24581.526609901957, 34825.924044600426
427, 34944.548390636504, 24652.44173804907, 34944.548390636504, 28188.93191524843, 24615.25852784823, 34830.92350145939
428, 34944.548390636504, 24652.44173804907, 34944.548390636504, 28189.233541418034, 24617.896699968187, 34821.657499582805
429, 34944.768360963026, 24472.58503214564, 34944.768360963026, 31604.588233218266, 24570.651343600828, 34826.89841129872
430, 34956.09071019198, 24566.459124359986, 34956.09071019198, 31029.431845036754, 24576.490048819323, 34824.27436417021
431, 34956.09071019198, 24566.459124359986, 34956.09071019198, 29897.38066261079, 24594.349316923526, 34824.78834821969
432, 34956.09071019198, 24566.459124359986, 34956.09071019198, 30279.848638010677, 24603.502024690704, 34834.944185709486
433, 34956.09071019198, 24566.459124359986, 34956.09071019198, 28574.946624492863, 24615.648630509113, 34827.480937016255
434, 34956.09071019198, 24566.459124359986, 34956.09071019198, 29514.171341476092, 24615.399489752912, 34825.07949031532
435, 34956.09071019198, 24566.459124359986, 34956.09071019198, 28765.376159730935, 24628.24523661814, 34825.02917861394
436, 34956.09071019198, 24566.459124359986, 34956.09071019198, 30289.32120495553, 24631.817885030196, 34829.13121876703
437, 34956.09071019198, 24566.459124359986, 34956.09071019198, 30100.027388377817, 24643.307955426553, 34839.79708625319
438, 34956.09071019198, 24566.459124359986, 34956.09071019198, 29733.412202842068, 24622.79570687448, 34860.8276680108
439, 34956.09071019198, 24566.459124359986, 34956.09071019198, 28587.624324311764, 24598.011135632445, 34843.81504496762
440, 34956.09071019198, 24566.459124359986, 34956.09071019198, 30482.09773013124, 24555.6337857152, 34847.190265387864
441, 34956.09071019198, 24566.459124359986, 34956.09071019198, 29354.02758538139, 24584.738781771095, 34852.44654735333
442, 34956.09071019198, 24566.459124359986, 34956.09071019198, 30116.479338093497, 24605.567988284394, 34850.07530269633
443, 34956.09071019198, 24566.459124359986, 34956.09071019198, 29548.91129088158, 24610.18763428899, 34852.35045420607
444, 34956.09071019198, 24566.459124359986, 34956.09071019198, 29918.571748794242, 24608.299010876457, 34849.31791577564
445, 35014.567339262394, 24619.299491795995, 35014.567339262394, 28978.262238995037, 24620.19726946827, 34872.65491229167
446, 35014.567339262394, 24619.299491795995, 35014.567339262394, 28598.229324726617, 24627.49913543557, 34863.08358589377
447, 35014.567339262394, 24619.299491795995, 35014.567339262394, 29362.124068480083, 24622.467205855457, 34876.13404545589
448, 35014.567339262394, 24619.299491795995, 35014.567339262394, 29359.722833194857, 24616.794137228622, 34869.52492712545
449, 35014.567339262394, 24619.299491795995, 35014.567339262394, 28980.801436497153, 24619.54912553798, 34867.087996118426
450, 35014.567339262394, 24619.299491795995, 35014.567339262394, 29369.445268935182, 24626.246392966226, 34887.17729606304
451, 35014.567339262394, 24619.299491795995, 35014.567339262394, 28611.235950882696, 24626.949437567986, 34875.771459568066
452, 35031.26396483854, 24598.291375612236, 35031.26396483854, 29562.89073956985, 24628.50711841963, 34879.592550180845
453, 35031.26396483854, 24598.291375612236, 35031.26396483854, 28627.380998711684, 24646.749039196828, 34889.03200381938
454, 35031.26396483854, 24598.291375612236, 35031.26396483854, 29405.791685808705, 24654.76416273372, 34915.36074137207
455, 35031.26396483854, 24598.291375612236, 35031.26396483854, 28841.89378121575, 24654.025284035284, 34925.530151587765
456, 35031.26396483854, 24598.291375612236, 35031.26396483854, 27887.516806122545, 24671.48654594247, 34913.366778783646
457, 35031.26396483854, 24598.291375612236, 35031.26396483854, 29402.895283472255, 24655.1165483312, 34915.52254010944
458, 35031.26396483854, 24598.291375612236, 35031.26396483854, 29027.842328225313, 24656.025753220543, 34911.57679984475
459, 35031.26396483854, 24598.291375612236, 35031.26396483854, 28844.163709038792, 24656.70473577297, 34932.39691860034
460, 35031.26396483854, 24598.291375612236, 35031.26396483854, 28654.14846521216, 24650.510968304312, 34919.16658803794
461, 35031.26396483854, 24598.291375612236, 35031.26396483854, 28463.009595212956, 24645.69667894735, 34936.498857554456
462, 35087.86205413475, 24664.216771555177, 35087.86205413475, 28664.026918848434, 24655.37973955686, 34947.228349919096
463, 35087.86205413475, 24664.216771555177, 35087.86205413475, 28848.0941410104, 24649.925952544134, 34946.82626113758
464, 35087.86205413475, 24664.216771555177, 35087.86205413475, 28664.424352335325, 24654.95494886313, 34937.77382183955
465, 35087.86205413475, 24664.216771555177, 35087.86205413475, 28663.006888428932, 24656.760682641965, 34938.689224506204
466, 35087.86205413475, 24664.216771555177, 35087.86205413475, 28090.29105749989, 24670.93574632602, 34932.16930749618
467, 35087.86205413475, 24664.216771555177, 35087.86205413475, 29047.761230121545, 24658.246229266304, 34952.35682515959
468, 35139.9868852248, 24622.97525402903, 35139.9868852248, 28475.901407016714, 24668.533853356716, 34936.34197538069
469, 35141.51948152469, 24673.831340313372, 35141.51948152469, 29064.48308088716, 24662.304596487145, 34969.16741653257
470, 35141.51948152469, 24673.831340313372, 35141.51948152469, 27161.413697991436, 24697.654549505358, 34974.309180996155
471, 35141.51948152469, 24673.831340313372, 35141.51948152469, 28319.911093246294, 24691.03334911063, 34985.4493149225
472, 35141.51948152469, 24673.831340313372, 35141.51948152469, 29283.701328475534, 24699.323831781567, 35000.626303186735
473, 35141.51948152469, 24673.831340313372, 35141.51948152469, 27755.61063924702, 24718.373245176128, 35000.87044970295
474, 35141.51948152469, 24673.831340313372, 35141.51948152469, 28329.30032653764, 24710.74449464854, 35012.47708127997
475, 35141.51948152469, 24673.831340313372, 35141.51948152469, 28521.08113059842, 24711.710072888804, 34994.93993358527
476, 35141.51948152469, 24673.831340313372, 35141.51948152469, 28152.75070519861, 24710.67503446242, 35014.94398975298
477, 35141.51948152469, 24673.831340313372, 35141.51948152469, 27779.902976209032, 24709.45083346767, 35022.28384486134
478, 35141.51948152469, 24673.831340313372, 35141.51948152469, 28169.116837185054, 24698.28402388129, 35035.083290375376
479, 35141.51948152469, 24673.831340313372, 35141.51948152469, 28365.146456934926, 24701.524450558663, 35036.80593306977
480, 35141.51948152469, 24673.831340313372, 35141.51948152469, 28171.93230693205, 24718.612357357462, 35026.17858562028
481, 35141.51948152469, 24673.831340313372, 35141.51948152469, 28557.294367877348, 24714.565940282242, 35030.61154101528
482, 35141.51948152469, 24673.831340313372, 35141.51948152469, 27605.680519686008, 24719.532051827282, 35033.78991795496
483, 35141.51948152469, 24673.831340313372, 35141.51948152469, 27982.186245995068, 24722.291764467216, 35032.872647605596
484, 35141.51948152469, 24673.831340313372, 35141.51948152469, 27793.80517392911, 24729.372348106383, 35041.80998481006
485, 35141.51948152469, 24673.831340313372, 35141.51948152469, 27603.455863120565, 24719.754927634323, 35029.92185540103
486, 35141.51948152469, 24673.831340313372, 35141.51948152469, 28366.57244953857, 24716.439515136146, 35040.7349719161
487, 35141.51948152469, 24673.831340313372, 35141.51948152469, 27602.473796627433, 24726.478020861672, 35027.38241030781
488, 35141.51948152469, 24673.831340313372, 35141.51948152469, 28557.713277322986, 24715.17727169397, 35040.03465820663
489, 35141.51948152469, 24673.831340313372, 35141.51948152469, 28172.894490108167, 24714.41009459752, 35041.029924004695
490, 35141.51948152469, 24673.831340313372, 35141.51948152469, 28173.449236924764, 24718.77044176723, 35048.03919198526
491, 35141.51948152469, 24673.831340313372, 35141.51948152469, 28555.06025323009, 24712.950376393987, 35043.687781073444
492, 35141.51948152469, 24673.831340313372, 35141.51948152469, 28173.360686193722, 24716.9905757371, 35037.923288096754
493, 35141.51948152469, 24673.831340313372, 35141.51948152469, 27794.80053332493, 24726.20276364256, 35045.22640583776
494, 35216.867982419346, 24510.979969704033, 35216.867982419346, 29707.34515955036, 24686.96624957486, 35058.295370707056
495, 35216.867982419346, 24510.979969704033, 35216.867982419346, 29705.95077613396, 24686.353474239215, 35052.5087681835
496, 35216.867982419346, 24510.979969704033, 35216.867982419346, 31238.010025080843, 24677.52388353783, 35050.37233158371
497, 35216.867982419346, 24510.979969704033, 35216.867982419346, 30282.901678798316, 24685.367191321497, 35048.400603182556
498, 35216.867982419346, 24510.979969704033, 35216.867982419346, 30477.593506791356, 24679.915678741985, 35061.186092587544
499, 35216.867982419346, 24510.979969704033, 35216.867982419346, 31809.81845231948, 24661.954847293822, 35051.46369739389
500, 35243.06192921535, 24539.941976227303, 35243.06192921535, 30671.059728129563, 24665.530086006678, 35062.6124972054
