1, 26893.22867176028, 24661.935729252426, 26893.22867176028, 25052.558400873888, 24654.907864480763, 25052.558400873888
2, 27034.132305462186, 24663.458861814786, 27034.132305462186, 25604.134193732476, 24637.092224616095, 25604.134193732476
3, 27034.132305462186, 24663.458861814786, 27034.132305462186, 25911.398890941808, 24625.47127007584, 25911.398890941808
4, 27112.092735917904, 24522.698769861683, 27112.092735917904, 26065.42470321482, 24614.1166522231, 26065.42470321482
5, 27196.681277394608, 24536.562332803565, 27196.681277394608, 26225.96170727638, 24608.796164037074, 26225.96170727638
6, 27263.33439081279, 24569.250189717914, 27263.33439081279, 26392.717818777324, 24613.144561979992, 26392.717818777324
7, 27363.891443636032, 24327.59439670446, 27363.891443636032, 26466.876496775763, 24595.237814503293, 26466.876496775763
8, 27396.61523115782, 23963.44571322396, 27396.61523115782, 26479.154218276286, 24577.950999202254, 26479.154218276286
9, 27427.817515021237, 24389.92711777548, 27427.817515021237, 26531.693471781047, 24547.1975820568, 26531.693471781047
10, 27467.4085770947, 24583.57259499149, 27467.4085770947, 26574.03261143282, 24551.609004674723, 26574.03261143282
11, 27688.77411200741, 24411.911780472677, 27688.77411200741, 26660.386153721643, 24548.684994907817, 26660.386153721643
12, 27688.77411200741, 24411.911780472677, 27688.77411200741, 26703.663559884753, 24522.002266089436, 26703.663559884753
13, 27714.998740310835, 24083.794310817273, 27714.998740310835, 26776.314737301447, 24483.944567309165, 26776.314737301447
14, 27803.45356717307, 24323.849508770076, 27803.45356717307, 26866.76544505457, 24491.093194522196, 26866.76544505457
15, 27851.051622821156, 24520.313603979874, 27851.051622821156, 26882.265581054, 24475.946203849, 26882.265581054
16, 27857.148625235954, 24450.313767612268, 27857.148625235954, 26964.96560159004, 24473.07559770328, 26964.96560159004
17, 28005.684318893385, 24392.556417767886, 28005.684318893385, 27015.7398142857, 24453.34895460627, 27015.7398142857
18, 28106.210946553558, 24141.839603765897, 28106.210946553558, 27042.995544886886, 24467.60203256461, 27042.995544886886
19, 28148.124072924, 24496.528354329806, 28148.124072924, 27052.765805837753, 24506.61249052188, 27052.765805837753
20, 28264.406953925274, 24496.975420656127, 28264.406953925274, 27097.20495532531, 24486.31717664571, 27097.20495532531
21, 28369.856558921852, 24521.126410348435, 28369.856558921852, 27197.11200877793, 24491.163816774497, 27197.11200877793
22, 28422.23055335475, 24404.810837262707, 28422.23055335475, 27241.52253751232, 24459.81030178943, 27241.52253751232
23, 28432.959061085367, 24410.553940124242, 28432.959061085367, 27234.065733661526, 24420.617358850708, 27234.065733661526
24, 28556.69106135307, 23975.780150241513, 28556.69106135307, 27274.884797798186, 24434.25170733517, 27274.884797798186
25, 28706.26552305941, 24142.495548983887, 28706.26552305941, 27395.377596935752, 24424.359395583473, 27395.377596935752
26, 28706.26552305941, 24142.495548983887, 28706.26552305941, 27418.420382349872, 24409.76789523014, 27418.420382349872
27, 28864.637429609378, 24259.018920251478, 28864.637429609378, 27486.99386345411, 24362.774508556264, 27486.99386345411
28, 28864.637429609378, 24259.018920251478, 28864.637429609378, 27525.057187889, 24371.072246525873, 27525.057187889
29, 29002.98786937247, 24279.143337428442, 29002.98786937247, 27538.86533344571, 24345.513409787618, 27538.86533344571
30, 29002.98786937247, 24279.143337428442, 29002.98786937247, 27626.365721682567, 24370.2327260907, 27626.365721682567
31, 29097.846514717294, 24671.4013668939, 29097.846514717294, 27645.67948512146, 24399.27296838915, 27645.67948512146
32, 29363.98918465823, 24673.301309170736, 29363.98918465823, 27748.10253319987, 24434.487127282795, 27748.10253319987
33, 29363.98918465823, 24673.301309170736, 29363.98918465823, 27777.87672378707, 24475.105335896413, 27777.87672378707
34, 29363.98918465823, 24673.301309170736, 29363.98918465823, 27816.592888907948, 24468.47965629093, 27816.592888907948
35, 29367.291908196887, 24672.043820894014, 29367.291908196887, 27882.531851472053, 24471.94166189609, 27882.531851472053
36, 29438.678258805132, 24672.029352451333, 29438.678258805132, 27913.60532011755, 24519.022793619883, 27913.60532011755
37, 29446.355647139088, 24573.859218469617, 29446.355647139088, 27933.2171438377, 24567.22875122967, 27933.2171438377
38, 29611.45380788777, 24652.762789562203, 29611.45380788777, 28024.493492946527, 24573.076967806657, 28024.493492946527
39, 29611.45380788777, 24652.762789562203, 29611.45380788777, 28030.271481238, 24613.517357817018, 28030.271481238
40, 29653.740420870843, 24529.73326564006, 29653.740420870843, 28115.440719005026, 24641.08799393586, 28115.440719005026
41, 29653.740420870843, 24529.73326564006, 29653.740420870843, 28142.766570673295, 24629.612367314352, 28142.766570673295
42, 29670.921740652542, 24646.442540668126, 29670.921740652542, 28186.680965335905, 24602.78966600016, 28186.680965335905
43, 29670.921740652542, 24646.442540668126, 29670.921740652542, 28142.200594229824, 24599.612269513687, 28142.200594229824
44, 29670.921740652542, 24646.442540668126, 29670.921740652542, 28232.770002167494, 24589.79119337681, 28232.770002167494
45, 29850.44410048074, 24597.179866220522, 29850.44410048074, 28238.202297893866, 24595.49742740631, 28238.202297893866
46, 29850.44410048074, 24597.179866220522, 29850.44410048074, 28270.174894885095, 24593.217383546606, 28270.174894885095
47, 29865.804001100798, 24285.77570598605, 29865.804001100798, 28348.71328920302, 24602.395775662833, 28348.71328920302
48, 29865.804001100798, 24285.77570598605, 29865.804001100798, 28357.277181819863, 24562.828095879642, 28357.277181819863
49, 29865.804001100798, 24285.77570598605, 29865.804001100798, 28342.623595572473, 24577.469366003996, 28342.623595572473
50, 29865.804001100798, 24285.77570598605, 29865.804001100798, 28356.13102107304, 24581.36888254256, 28356.13102107304
51, 29865.804001100798, 24285.77570598605, 29865.804001100798, 28405.63137874375, 24577.960052265935, 28405.63137874375
52, 29926.036454934438, 24636.144548691966, 29926.036454934438, 28362.247180155464, 24580.702625851947, 28362.247180155464
53, 29938.53826702247, 24232.68524509328, 29938.53826702247, 28428.79590199987, 24594.088010816402, 28428.79590199987
54, 29938.53826702247, 24232.68524509328, 29938.53826702247, 28474.68646656063, 24584.370938063712, 28474.68646656063
55, 30034.34949984386, 24524.06639580367, 30034.34949984386, 28470.271912433003, 24567.896898291405, 28470.271912433003
56, 30119.491763797865, 24645.82367641058, 30119.491763797865, 28467.567972989324, 24531.92937503775, 28467.567972989324
57, 30206.932624472433, 24465.861443817757, 30206.932624472433, 28528.246152813277, 24485.997454545944, 28528.246152813277
58, 30206.932624472433, 24465.861443817757, 30206.932624472433, 28495.10424140506, 24548.743762705508, 28495.10424140506
59, 30206.932624472433, 24465.861443817757, 30206.932624472433, 28570.94581412329, 24492.569835442784, 28570.94581412329
60, 30206.932624472433, 24465.861443817757, 30206.932624472433, 28569.47133187776, 24483.42314291378, 28569.47133187776
61, 30267.557577743486, 24452.404204690843, 30267.557577743486, 28578.89252265245, 24520.525315078958, 28578.89252265245
62, 30287.416234650093, 24635.723541231, 30287.416234650093, 28698.288981009056, 24540.934954658267, 28698.288981009056
63, 30323.962415483267, 24349.209863249085, 30323.962415483267, 28677.901756133186, 24546.14812860373, 28677.901756133186
64, 30446.54514996695, 24394.206806754035, 30446.54514996695, 28656.183878726522, 24538.361692470204, 28656.183878726522
65, 30446.54514996695, 24394.206806754035, 30446.54514996695, 28671.447344244374, 24534.384602443344, 28671.447344244374
66, 30446.54514996695, 24394.206806754035, 30446.54514996695, 28706.655094764563, 24541.328022010828, 28706.655094764563
67, 30446.54514996695, 24394.206806754035, 30446.54514996695, 28738.194411779437, 24552.782305703284, 28738.194411779437
68, 30446.54514996695, 24394.206806754035, 30446.54514996695, 28838.739361321015, 24568.450169932967, 28838.739361321015
69, 30616.129674913005, 24485.914147307536, 30616.129674913005, 28768.555671345664, 24586.862944585493, 28768.555671345664
70, 30616.129674913005, 24485.914147307536, 30616.129674913005, 28786.484225576507, 24546.526007235752, 28786.484225576507
71, 30616.129674913005, 24485.914147307536, 30616.129674913005, 28805.095198517505, 24547.81200471566, 28805.095198517505
72, 30616.129674913005, 24485.914147307536, 30616.129674913005, 28838.80903608314, 24538.129421190064, 28838.80903608314
73, 30619.75935442166, 24488.305234441323, 30619.75935442166, 28868.044777913557, 24514.321402091, 28868.044777913557
74, 30627.22935862289, 24610.412329980318, 30627.22935862289, 28871.227520230957, 24490.071686742434, 28871.227520230957
75, 30627.22935862289, 24610.412329980318, 30627.22935862289, 28895.76050458359, 24493.01288720679, 28895.76050458359
76, 30661.59651355652, 24530.052248065054, 30661.59651355652, 28861.520737105635, 24513.864612851943, 28861.520737105635
77, 30696.425322201594, 24624.662065494478, 30696.425322201594, 28963.800491839735, 24548.12641725862, 28963.800491839735
78, 30706.73977923158, 24521.678915774086, 30706.73977923158, 28959.038783704233, 24560.089852971636, 28959.038783704233
79, 30706.73977923158, 24521.678915774086, 30706.73977923158, 28967.409914072025, 24561.017503021114, 28967.409914072025
80, 30755.005939619696, 24019.023442055706, 30755.005939619696, 28946.360401358303, 24575.0920605258, 28946.360401358303
81, 30800.121894622327, 24554.610048005776, 30800.121894622327, 28966.274277278877, 24595.4081898325, 28966.274277278877
82, 30800.121894622327, 24554.610048005776, 30800.121894622327, 29008.56453337891, 24574.51823565189, 29008.56453337891
83, 30800.121894622327, 24554.610048005776, 30800.121894622327, 29005.33539441115, 24531.84953308643, 29005.33539441115
84, 30800.121894622327, 24554.610048005776, 30800.121894622327, 29030.62125573631, 24497.570776805504, 29030.62125573631
85, 30800.121894622327, 24554.610048005776, 30800.121894622327, 28998.70056832443, 24469.062356139846, 28998.70056832443
86, 30827.457078351763, 24375.08198425661, 30827.457078351763, 29044.962545896527, 24425.301910436094, 29044.962545896527
87, 30852.29249796736, 23878.655602671544, 30852.29249796736, 29067.863341192853, 24312.065071006153, 29067.863341192853
88, 30949.991448793942, 24642.413038356994, 30949.991448793942, 29051.76427527283, 24303.073265139203, 29051.76427527283
89, 30949.991448793942, 24642.413038356994, 30949.991448793942, 29099.435273623276, 24369.558876062732, 29099.435273623276
90, 30949.991448793942, 24642.413038356994, 30949.991448793942, 29067.435048442538, 24435.14170712154, 29067.435048442538
91, 30949.991448793942, 24642.413038356994, 30949.991448793942, 29102.3624108942, 24462.91497997768, 29102.3624108942
92, 30958.097164349558, 24467.92062300596, 30958.097164349558, 29144.68948209116, 24379.209694416564, 29144.68948209116
93, 30958.097164349558, 24467.92062300596, 30958.097164349558, 29140.555008723237, 24337.117626969088, 29140.555008723237
94, 30958.097164349558, 24467.92062300596, 30958.097164349558, 29108.84299076373, 24344.439804847323, 29108.84299076373
95, 30998.452762780165, 24006.21934398629, 30998.452762780165, 29186.80151393762, 24400.200890318207, 29186.80151393762
96, 30998.452762780165, 24006.21934398629, 30998.452762780165, 29194.53664440104, 24445.370359957324, 29194.53664440104
97, 31059.080127631005, 24483.186843763302, 31059.080127631005, 29205.669314574407, 24447.155253923233, 29205.669314574407
98, 31059.080127631005, 24483.186843763302, 31059.080127631005, 29156.487551221024, 24431.866013083312, 29156.487551221024
99, 31059.080127631005, 24483.186843763302, 31059.080127631005, 29250.791609272557, 24481.172957728035, 29250.791609272557
100, 31059.080127631005, 24483.186843763302, 31059.080127631005, 29235.747445716177, 24552.815205719955, 29235.747445716177
101, 31142.853376448515, 24048.503832898587, 31142.853376448515, 29198.229716632, 24496.177948054654, 29198.229716632
102, 31142.853376448515, 24048.503832898587, 31142.853376448515, 29269.36873221954, 24423.06320099945, 29269.36873221954
103, 31142.853376448515, 24048.503832898587, 31142.853376448515, 29264.148087077298, 24443.675902541698, 29264.148087077298
104, 31142.853376448515, 24048.503832898587, 31142.853376448515, 29281.03729560154, 24481.50197232333, 29281.03729560154
105, 31142.853376448515, 24048.503832898587, 31142.853376448515, 29254.91408254617, 24490.34291368695, 29254.91408254617
106, 31142.853376448515, 24048.503832898587, 31142.853376448515, 29357.19094419248, 24455.926807088617, 29357.19094419248
107, 31247.374106551782, 24209.941565770754, 31247.374106551782, 29305.375425154936, 24339.366744416715, 29305.375425154936
108, 31247.374106551782, 24209.941565770754, 31247.374106551782, 29351.55400060095, 24237.311529599614, 29351.55400060095
109, 31310.43777158845, 24291.73328355173, 31310.43777158845, 29336.62815791334, 24244.03159768544, 29336.62815791334
110, 31310.43777158845, 24291.73328355173, 31310.43777158845, 29340.10019731169, 24255.946949094032, 29340.10019731169
111, 31332.585853887034, 24200.744201211637, 31332.585853887034, 29366.348135720866, 24286.32952903063, 29366.348135720866
112, 31332.585853887034, 24200.744201211637, 31332.585853887034, 29366.65790811002, 24317.348260703944, 29366.65790811002
113, 31475.42563351707, 24323.100652206773, 31475.42563351707, 29382.506409355003, 24351.671526397608, 29382.506409355003
114, 31475.42563351707, 24323.100652206773, 31475.42563351707, 29481.76044934098, 24360.1104408982, 29481.76044934098
115, 31475.42563351707, 24323.100652206773, 31475.42563351707, 29470.084805869912, 24356.33357410935, 29470.084805869912
116, 31475.42563351707, 24323.100652206773, 31475.42563351707, 29516.674159698105, 24370.694896602985, 29516.674159698105
117, 31475.42563351707, 24323.100652206773, 31475.42563351707, 29525.418506210022, 24387.01630476599, 29525.418506210022
118, 31475.42563351707, 24323.100652206773, 31475.42563351707, 29500.841798967762, 24395.575766997543, 29500.841798967762
119, 31475.42563351707, 24323.100652206773, 31475.42563351707, 29504.60633809652, 24397.631841564653, 29504.60633809652
120, 31512.605627011322, 24485.46148121112, 31512.605627011322, 29511.849855430675, 24409.485736249047, 29511.849855430675
121, 31516.516429812513, 24216.03423167721, 31516.516429812513, 29562.11604235589, 24448.253315162092, 29562.11604235589
122, 31524.059859548597, 24320.17987071906, 31524.059859548597, 29568.259355319402, 24455.636295484102, 29568.259355319402
123, 31524.059859548597, 24320.17987071906, 31524.059859548597, 29570.324741576336, 24449.784013692068, 29570.324741576336
124, 31603.278398517607, 24290.839677235756, 31603.278398517607, 29585.42234847664, 24446.489428697514, 29585.42234847664
125, 31603.278398517607, 24290.839677235756, 31603.278398517607, 29595.83726017718, 24460.466573981066, 29595.83726017718
126, 31603.278398517607, 24290.839677235756, 31603.278398517607, 29577.573518471756, 24486.349581393046, 29577.573518471756
127, 31603.278398517607, 24290.839677235756, 31603.278398517607, 29606.947613969343, 24529.030231459066, 29606.947613969343
128, 31680.303166457245, 24486.274496568956, 31680.303166457245, 29619.05184040193, 24509.2796179848, 29619.05184040193
129, 31680.303166457245, 24486.274496568956, 31680.303166457245, 29598.36394175403, 24506.589693525024, 29598.36394175403
130, 31680.303166457245, 24486.274496568956, 31680.303166457245, 29615.915634766305, 24428.851732573337, 29615.915634766305
131, 31680.303166457245, 24486.274496568956, 31680.303166457245, 29623.293028008415, 24404.173143761036, 29623.293028008415
132, 31680.303166457245, 24486.274496568956, 31680.303166457245, 29616.14699965781, 24436.927957843734, 29616.14699965781
133, 31680.303166457245, 24486.274496568956, 31680.303166457245, 29625.309380203267, 24448.117608778044, 29625.309380203267
134, 31680.303166457245, 24486.274496568956, 31680.303166457245, 29622.613490669046, 24467.05187260312, 29622.613490669046
135, 31680.303166457245, 24486.274496568956, 31680.303166457245, 29686.647495835423, 24470.01326892117, 29686.647495835423
136, 31740.591864543003, 24457.214782032206, 31740.591864543003, 29677.844429321707, 24466.65814251035, 29677.844429321707
137, 31740.591864543003, 24457.214782032206, 31740.591864543003, 29701.27033730814, 24495.064568379083, 29701.27033730814
138, 31740.591864543003, 24457.214782032206, 31740.591864543003, 29726.079186905947, 24514.26352894976, 29726.079186905947
139, 31740.591864543003, 24457.214782032206, 31740.591864543003, 29719.878391003538, 24538.112011761805, 29719.878391003538
140, 31740.591864543003, 24457.214782032206, 31740.591864543003, 29766.226637671305, 24537.959011276696, 29766.226637671305
141, 31740.591864543003, 24457.214782032206, 31740.591864543003, 29761.41967360198, 24533.76232288003, 29761.41967360198
142, 31740.591864543003, 24457.214782032206, 31740.591864543003, 29747.190571983963, 24533.533081968835, 29747.190571983963
143, 31740.591864543003, 24457.214782032206, 31740.591864543003, 29732.87852460065, 24529.081030777637, 29732.87852460065
144, 31752.803097633616, 24431.972018755445, 31752.803097633616, 29713.3944738799, 24527.260191412057, 29713.3944738799
145, 31752.803097633616, 24431.972018755445, 31752.803097633616, 29725.89797120267, 24506.793667828795, 29725.89797120267
146, 31752.803097633616, 24431.972018755445, 31752.803097633616, 29759.396671656334, 24463.22727041632, 29759.396671656334
147, 31760.925656258743, 24276.11859482019, 31760.925656258743, 29771.05863769239, 24431.74533230941, 29771.05863769239
148, 31796.304781717055, 24642.716430494682, 31796.304781717055, 29727.340505896558, 24482.843847039152, 29727.340505896558
149, 31813.936080842373, 24469.024055843263, 31813.936080842373, 29766.15207447231, 24514.169533252894, 29766.15207447231
150, 31845.30150790512, 24406.16953805514, 31845.30150790512, 29783.53294819489, 24507.25264500605, 29783.53294819489
151, 31845.30150790512, 24406.16953805514, 31845.30150790512, 29803.828020183326, 24504.441163866253, 29803.828020183326
152, 31845.30150790512, 24406.16953805514, 31845.30150790512, 29769.578396636196, 24501.502289479504, 29769.578396636196
153, 31884.857656197077, 24564.627354515807, 31884.857656197077, 29813.456730231424, 24484.334006233308, 29813.456730231424
154, 31886.68326777177, 24612.44036181566, 31886.68326777177, 29794.645614017903, 24469.86157812156, 29794.645614017903
155, 31886.68326777177, 24612.44036181566, 31886.68326777177, 29809.673866608882, 24456.985019096257, 29809.673866608882
156, 31886.68326777177, 24612.44036181566, 31886.68326777177, 29804.485299963657, 24486.900149735982, 29804.485299963657
157, 31886.68326777177, 24612.44036181566, 31886.68326777177, 29851.319199609068, 24558.139392687044, 29851.319199609068
158, 31908.522018543485, 24476.38463976102, 31908.522018543485, 29885.11079097474, 24542.365895715197, 29885.11079097474
159, 31908.522018543485, 24476.38463976102, 31908.522018543485, 29832.056269492357, 24542.566414269408, 29832.056269492357
160, 31908.522018543485, 24476.38463976102, 31908.522018543485, 29845.81431418769, 24555.762846691196, 29845.81431418769
161, 31996.54336469639, 24537.56394461839, 31996.54336469639, 29837.45440512129, 24558.300024841046, 29837.45440512129
162, 31996.54336469639, 24537.56394461839, 31996.54336469639, 29844.075400138077, 24603.170494742502, 29844.075400138077
163, 31996.54336469639, 24537.56394461839, 31996.54336469639, 29867.378994621547, 24610.052013487915, 29867.378994621547
164, 32010.163794973603, 24639.543569086276, 32010.163794973603, 29836.71644779722, 24610.860319821386, 29836.71644779722
165, 32010.163794973603, 24639.543569086276, 32010.163794973603, 29857.273395234326, 24601.193070786958, 29857.273395234326
166, 32010.163794973603, 24639.543569086276, 32010.163794973603, 29882.465215693042, 24581.524397552366, 29882.465215693042
167, 32053.702604596096, 24588.8349809859, 32053.702604596096, 29892.72554302237, 24553.528843984044, 29892.72554302237
168, 32053.702604596096, 24588.8349809859, 32053.702604596096, 29914.91203907764, 24562.880389437625, 29914.91203907764
169, 32053.702604596096, 24588.8349809859, 32053.702604596096, 29957.831644409605, 24586.018378775916, 29957.831644409605
170, 32053.702604596096, 24588.8349809859, 32053.702604596096, 29943.041179199306, 24578.45141253728, 29943.041179199306
171, 32091.4221130709, 24557.590466663616, 32091.4221130709, 29957.95633747166, 24590.66565083615, 29957.95633747166
172, 32091.4221130709, 24557.590466663616, 32091.4221130709, 29973.002067328744, 24611.009753959555, 29973.002067328744
173, 32202.55304319095, 24603.326767629365, 32202.55304319095, 29933.232511956638, 24625.990175100542, 29933.232511956638
174, 32202.55304319095, 24603.326767629365, 32202.55304319095, 29931.50904373783, 24615.1847836122, 29931.50904373783
175, 32202.55304319095, 24603.326767629365, 32202.55304319095, 29985.750116451654, 24594.757141488524, 29985.750116451654
176, 32202.55304319095, 24603.326767629365, 32202.55304319095, 29982.56849334844, 24618.592271599126, 29982.56849334844
177, 32202.55304319095, 24603.326767629365, 32202.55304319095, 30028.82354042464, 24606.419332072735, 30028.82354042464
178, 32202.55304319095, 24603.326767629365, 32202.55304319095, 30012.413325840305, 24604.04112861494, 30012.413325840305
179, 32202.55304319095, 24603.326767629365, 32202.55304319095, 30024.205259404764, 24607.7256896589, 30024.205259404764
180, 32202.55304319095, 24603.326767629365, 32202.55304319095, 30005.913843177612, 24621.216165351914, 30005.913843177612
181, 32202.55304319095, 24603.326767629365, 32202.55304319095, 30060.877577648127, 24636.201557000535, 30060.877577648127
182, 32202.55304319095, 24603.326767629365, 32202.55304319095, 30098.11590109594, 24629.447575983893, 30098.11590109594
183, 32433.476706365487, 24469.472664692432, 32433.476706365487, 30060.968336851307, 24618.87947989924, 30060.968336851307
184, 32433.476706365487, 24469.472664692432, 32433.476706365487, 30136.410401669593, 24617.328917758554, 30136.410401669593
185, 32433.476706365487, 24469.472664692432, 32433.476706365487, 30078.278322414506, 24618.416921052733, 30078.278322414506
186, 32433.476706365487, 24469.472664692432, 32433.476706365487, 30085.530237580886, 24615.944509169003, 30085.530237580886
187, 32433.476706365487, 24469.472664692432, 32433.476706365487, 30098.097891052064, 24613.119611562357, 30098.097891052064
188, 32433.476706365487, 24469.472664692432, 32433.476706365487, 30096.19810942687, 24605.188757909742, 30096.19810942687
189, 32433.476706365487, 24469.472664692432, 32433.476706365487, 30084.10746578731, 24599.059203175028, 30084.10746578731
190, 32433.476706365487, 24469.472664692432, 32433.476706365487, 30134.377110133577, 24585.12568179523, 30134.377110133577
191, 32433.476706365487, 24469.472664692432, 32433.476706365487, 30131.82951578741, 24560.22740181429, 30131.82951578741
192, 32433.476706365487, 24469.472664692432, 32433.476706365487, 30159.17991591651, 24524.119587146164, 30159.17991591651
193, 32433.476706365487, 24469.472664692432, 32433.476706365487, 30238.935518832262, 24490.654427836114, 30238.935518832262
194, 32441.161514282277, 24198.183650034305, 32441.161514282277, 30227.28954540264, 24476.842619318453, 30227.28954540264
195, 32532.416310755936, 24263.996319872767, 32532.416310755936, 30213.67682705885, 24521.351243397836, 30213.67682705885
196, 32532.416310755936, 24263.996319872767, 32532.416310755936, 30251.830272175168, 24517.92563416157, 30251.830272175168
197, 32532.416310755936, 24263.996319872767, 32532.416310755936, 30217.912535619576, 24516.58562875494, 30217.912535619576
198, 32532.416310755936, 24263.996319872767, 32532.416310755936, 30228.9264880849, 24507.901803717494, 30228.9264880849
199, 32532.416310755936, 24263.996319872767, 32532.416310755936, 30271.880643331308, 24496.23035524872, 30271.880643331308
200, 32532.416310755936, 24263.996319872767, 32532.416310755936, 30229.449377324105, 24481.42572919156, 30229.449377324105
201, 32532.416310755936, 24263.996319872767, 32532.416310755936, 30232.60283710379, 24458.28019163071, 30232.60283710379
202, 32538.290253676114, 24437.74051781474, 32538.290253676114, 30285.416329131767, 24419.076995516734, 30285.416329131767
203, 32538.290253676114, 24437.74051781474, 32538.290253676114, 30317.13300411415, 24393.070678861273, 30317.13300411415
204, 32593.284288325885, 24411.498053980693, 32593.284288325885, 30315.274062950477, 24386.049758648387, 30315.274062950477
205, 32593.284288325885, 24411.498053980693, 32593.284288325885, 30323.758801398926, 24384.64533210328, 30323.758801398926
206, 32757.785066108925, 24238.493082572244, 32757.785066108925, 30348.62533054142, 24390.711131266355, 30348.62533054142
207, 32757.785066108925, 24238.493082572244, 32757.785066108925, 30262.697815912714, 24394.214350989572, 30262.697815912714
208, 32757.785066108925, 24238.493082572244, 32757.785066108925, 30302.943289036724, 24399.116172804228, 30302.943289036724
209, 32757.785066108925, 24238.493082572244, 32757.785066108925, 30358.53394417974, 24411.042989516704, 30358.53394417974
210, 32757.785066108925, 24238.493082572244, 32757.785066108925, 30296.282485000833, 24425.509249610706, 30296.282485000833
211, 32757.785066108925, 24238.493082572244, 32757.785066108925, 30387.325808714042, 24448.36400702202, 30387.325808714042
212, 32757.785066108925, 24238.493082572244, 32757.785066108925, 30398.75619038946, 24479.1589187234, 30398.75619038946
213, 32757.785066108925, 24238.493082572244, 32757.785066108925, 30382.867715035365, 24466.841618139715, 30382.867715035365
214, 32757.785066108925, 24238.493082572244, 32757.785066108925, 30433.691680295655, 24468.416790117815, 30433.691680295655
215, 32757.785066108925, 24238.493082572244, 32757.785066108925, 30397.173576407567, 24461.66044968013, 30397.173576407567
216, 32757.785066108925, 24238.493082572244, 32757.785066108925, 30325.114055291735, 24450.118333758277, 30325.114055291735
217, 32757.785066108925, 24238.493082572244, 32757.785066108925, 30412.358709398475, 24426.419265088814, 30412.358709398475
218, 32757.785066108925, 24238.493082572244, 32757.785066108925, 30455.878492747728, 24382.942500317182, 30455.878492747728
219, 32757.785066108925, 24238.493082572244, 32757.785066108925, 30521.297381881675, 24362.314753671326, 30521.297381881675
220, 32757.785066108925, 24238.493082572244, 32757.785066108925, 30455.404345773837, 24363.527825169283, 30455.404345773837
221, 32757.785066108925, 24238.493082572244, 32757.785066108925, 30449.645295728817, 24362.855546842435, 30449.645295728817
222, 32757.785066108925, 24238.493082572244, 32757.785066108925, 30484.26567430153, 24364.74631592466, 30484.26567430153
223, 32912.7060815711, 24471.767916271976, 32912.7060815711, 30501.84602903656, 24363.395749367693, 30501.84602903656
224, 32912.7060815711, 24471.767916271976, 32912.7060815711, 30476.372226187697, 24364.866862238247, 30476.372226187697
225, 32912.7060815711, 24471.767916271976, 32912.7060815711, 30501.013831948574, 24366.49876570555, 30501.013831948574
226, 32912.7060815711, 24471.767916271976, 32912.7060815711, 30487.989849217232, 24369.35342282563, 30487.989849217232
227, 32912.7060815711, 24471.767916271976, 32912.7060815711, 30441.620425789548, 24371.0944648515, 30441.620425789548
228, 32912.7060815711, 24471.767916271976, 32912.7060815711, 30461.111177894487, 24375.07024794701, 30461.111177894487
229, 32912.7060815711, 24471.767916271976, 32912.7060815711, 30489.212390150686, 24383.25645472815, 30489.212390150686
230, 32912.7060815711, 24471.767916271976, 32912.7060815711, 30552.260476240936, 24391.840882976758, 30552.260476240936
231, 32912.7060815711, 24471.767916271976, 32912.7060815711, 30485.812597019692, 24403.72351922623, 30485.812597019692
232, 32912.7060815711, 24471.767916271976, 32912.7060815711, 30513.34486625176, 24429.49409422169, 30513.34486625176
233, 32912.7060815711, 24471.767916271976, 32912.7060815711, 30506.849152006325, 24472.026177772972, 30506.849152006325
234, 32946.34140688432, 24439.30968702768, 32946.34140688432, 30560.963727181028, 24506.839582946235, 30560.963727181028
235, 32946.34140688432, 24439.30968702768, 32946.34140688432, 30598.99465747425, 24527.054010716405, 30598.99465747425
236, 32946.34140688432, 24439.30968702768, 32946.34140688432, 30580.00053198724, 24527.010115277764, 30580.00053198724
237, 32946.34140688432, 24439.30968702768, 32946.34140688432, 30563.986749346033, 24525.88779592551, 30563.986749346033
238, 32946.34140688432, 24439.30968702768, 32946.34140688432, 30608.40789789149, 24524.366579308593, 30608.40789789149
239, 32946.34140688432, 24439.30968702768, 32946.34140688432, 30620.55322456355, 24524.48844820225, 30620.55322456355
240, 32946.34140688432, 24439.30968702768, 32946.34140688432, 30605.456876531964, 24522.098326313055, 30605.456876531964
241, 32974.844644222605, 24564.69524012055, 32974.844644222605, 30631.795249827373, 24519.834095441805, 30631.795249827373
242, 32974.844644222605, 24564.69524012055, 32974.844644222605, 30611.491258295762, 24518.270306478036, 30611.491258295762
243, 32974.844644222605, 24564.69524012055, 32974.844644222605, 30621.62370291351, 24509.549603657237, 30621.62370291351
244, 32974.844644222605, 24564.69524012055, 32974.844644222605, 30603.298376549537, 24506.13640591326, 30603.298376549537
245, 32974.844644222605, 24564.69524012055, 32974.844644222605, 30609.81856439677, 24508.790279131095, 30609.81856439677
246, 32974.844644222605, 24564.69524012055, 32974.844644222605, 30605.180862853085, 24509.177261080247, 30605.180862853085
247, 32974.844644222605, 24564.69524012055, 32974.844644222605, 30589.444733276963, 24511.254283666127, 30589.444733276963
248, 32974.844644222605, 24564.69524012055, 32974.844644222605, 30612.72961762997, 24516.03921584788, 30612.72961762997
249, 32974.844644222605, 24564.69524012055, 32974.844644222605, 30637.809636117214, 24521.11145781347, 30637.809636117214
250, 32974.844644222605, 24564.69524012055, 32974.844644222605, 30654.437608716715, 24530.43469832932, 30654.437608716715
251, 32974.844644222605, 24564.69524012055, 32974.844644222605, 30630.502208230075, 24540.33410457053, 30630.502208230075
252, 32974.844644222605, 24564.69524012055, 32974.844644222605, 30605.767502078987, 24565.48986490734, 30605.767502078987
253, 33017.574128943925, 24462.97742050322, 33017.574128943925, 30586.473104659915, 24589.13103444854, 30586.473104659915
254, 33017.574128943925, 24462.97742050322, 33017.574128943925, 30629.01398694274, 24591.503163474095, 30629.01398694274
255, 33017.574128943925, 24462.97742050322, 33017.574128943925, 30603.218480017596, 24591.83571006424, 30603.218480017596
256, 33075.28746617817, 24532.84597213833, 33075.28746617817, 30629.829382731416, 24591.14336163127, 30629.829382731416
257, 33075.28746617817, 24532.84597213833, 33075.28746617817, 30653.514425018042, 24591.158328330963, 30653.514425018042
258, 33075.28746617817, 24532.84597213833, 33075.28746617817, 30670.079838713897, 24586.831434980806, 30670.079838713897
259, 33075.28746617817, 24532.84597213833, 33075.28746617817, 30608.961178405094, 24582.34983724199, 30608.961178405094
260, 33075.28746617817, 24532.84597213833, 33075.28746617817, 30633.038410542555, 24580.232002239176, 30633.038410542555
261, 33075.28746617817, 24532.84597213833, 33075.28746617817, 30663.951196781974, 24570.472058355554, 30663.951196781974
262, 33075.28746617817, 24532.84597213833, 33075.28746617817, 30644.628379579273, 24562.77856207918, 30644.628379579273
263, 33075.28746617817, 24532.84597213833, 33075.28746617817, 30620.725088508887, 24555.302643906172, 30620.725088508887
264, 33075.28746617817, 24532.84597213833, 33075.28746617817, 30645.744508481035, 24554.503924879755, 30645.744508481035
265, 33075.28746617817, 24532.84597213833, 33075.28746617817, 30683.00163942672, 24572.737141997404, 30683.00163942672
266, 33075.28746617817, 24532.84597213833, 33075.28746617817, 30695.03313722124, 24593.614619074244, 30695.03313722124
267, 33075.28746617817, 24532.84597213833, 33075.28746617817, 30674.91487077778, 24568.434246555265, 30674.91487077778
268, 33075.28746617817, 24532.84597213833, 33075.28746617817, 30692.56653023137, 24571.006594344908, 30692.56653023137
269, 33075.28746617817, 24532.84597213833, 33075.28746617817, 30671.660681265617, 24569.408032937874, 30671.660681265617
270, 33075.28746617817, 24532.84597213833, 33075.28746617817, 30688.52333920851, 24570.581757929696, 30688.52333920851
271, 33080.74206235605, 24570.20014976341, 33080.74206235605, 30672.228165367207, 24568.73095580293, 30672.228165367207
272, 33080.74206235605, 24570.20014976341, 33080.74206235605, 30676.433605780057, 24569.0230463668, 30676.433605780057
273, 33080.74206235605, 24570.20014976341, 33080.74206235605, 30694.657844048357, 24570.07031660158, 30694.657844048357
274, 33080.74206235605, 24570.20014976341, 33080.74206235605, 30676.906284837154, 24569.333332890244, 30676.906284837154
275, 33080.74206235605, 24570.20014976341, 33080.74206235605, 30689.74821044782, 24572.23187995589, 30689.74821044782
276, 33080.74206235605, 24570.20014976341, 33080.74206235605, 30664.048770372057, 24572.10593084259, 30664.048770372057
277, 33080.74206235605, 24570.20014976341, 33080.74206235605, 30651.80320419627, 24573.039141246787, 30651.80320419627
278, 33080.74206235605, 24570.20014976341, 33080.74206235605, 30728.503267576805, 24574.829591499165, 30728.503267576805
279, 33080.74206235605, 24570.20014976341, 33080.74206235605, 30709.003545097345, 24578.40825386994, 30709.003545097345
280, 33080.74206235605, 24570.20014976341, 33080.74206235605, 30692.232618007227, 24580.600804742146, 30692.232618007227
281, 33080.74206235605, 24570.20014976341, 33080.74206235605, 30720.090502139716, 24585.13308006242, 30720.090502139716
282, 33080.74206235605, 24570.20014976341, 33080.74206235605, 30712.294436681837, 24594.162935684944, 30712.294436681837
283, 33080.74206235605, 24570.20014976341, 33080.74206235605, 30688.742751840007, 24594.293932053373, 30688.742751840007
284, 33080.74206235605, 24570.20014976341, 33080.74206235605, 30724.138427661605, 24596.776322794376, 30724.138427661605
285, 33163.85397538579, 24663.758375546047, 33163.85397538579, 30756.089605644218, 24598.58324691487, 30756.089605644218
286, 33163.85397538579, 24663.758375546047, 33163.85397538579, 30702.015618826506, 24595.963330080405, 30702.015618826506
287, 33163.85397538579, 24663.758375546047, 33163.85397538579, 30704.022360042516, 24598.151685202367, 30704.022360042516
288, 33163.85397538579, 24663.758375546047, 33163.85397538579, 30725.869484712723, 24596.70504121815, 30725.869484712723
289, 33163.85397538579, 24663.758375546047, 33163.85397538579, 30718.736147001808, 24598.7983479984, 30718.736147001808
290, 33163.85397538579, 24663.758375546047, 33163.85397538579, 30704.094474121044, 24598.276848385856, 30704.094474121044
291, 33163.85397538579, 24663.758375546047, 33163.85397538579, 30717.20385008282, 24598.02912798101, 30717.20385008282
292, 33163.85397538579, 24663.758375546047, 33163.85397538579, 30759.76312492478, 24598.631726181215, 30759.76312492478
293, 33163.85397538579, 24663.758375546047, 33163.85397538579, 30715.26828644681, 24600.76617864286, 30715.26828644681
294, 33163.85397538579, 24663.758375546047, 33163.85397538579, 30775.812486476447, 24628.050885364486, 30775.812486476447
295, 33163.85397538579, 24663.758375546047, 33163.85397538579, 30778.08755212735, 24661.85668150043, 30778.08755212735
296, 33163.85397538579, 24663.758375546047, 33163.85397538579, 30758.091735584923, 24662.9461570653, 30758.091735584923
297, 33163.85397538579, 24663.758375546047, 33163.85397538579, 30722.744737367233, 24660.767571462264, 30722.744737367233
298, 33163.85397538579, 24663.758375546047, 33163.85397538579, 30728.733489689504, 24660.90850880935, 30728.733489689504
299, 33163.85397538579, 24663.758375546047, 33163.85397538579, 30762.906071378846, 24662.702297725846, 30762.906071378846
300, 33163.85397538579, 24663.758375546047, 33163.85397538579, 30742.57109278048, 24661.810480404307, 30742.57109278048
301, 33163.85397538579, 24663.758375546047, 33163.85397538579, 30797.863891055764, 24661.353155401823, 30797.863891055764
302, 33203.781492829745, 24480.250064241816, 33203.781492829745, 30769.928318824772, 24658.522064288576, 30769.928318824772
303, 33203.781492829745, 24480.250064241816, 33203.781492829745, 30812.871199101653, 24660.18167754349, 30812.871199101653
304, 33203.781492829745, 24480.250064241816, 33203.781492829745, 30762.804537561362, 24658.20406397928, 30762.804537561362
305, 33203.781492829745, 24480.250064241816, 33203.781492829745, 30738.608397505785, 24651.3995179984, 30738.608397505785
306, 33203.781492829745, 24480.250064241816, 33203.781492829745, 30800.480954778177, 24649.328440911733, 30800.480954778177
307, 33203.781492829745, 24480.250064241816, 33203.781492829745, 30729.620361268575, 24642.578262134055, 30729.620361268575
308, 33203.781492829745, 24480.250064241816, 33203.781492829745, 30767.227230539425, 24624.81792858599, 30767.227230539425
309, 33203.781492829745, 24480.250064241816, 33203.781492829745, 30761.69454145708, 24601.758191265697, 30761.69454145708
310, 33203.781492829745, 24480.250064241816, 33203.781492829745, 30827.735844653384, 24555.464757743917, 30827.735844653384
311, 33203.781492829745, 24480.250064241816, 33203.781492829745, 30774.47371220875, 24533.136442462197, 30774.47371220875
312, 33203.781492829745, 24480.250064241816, 33203.781492829745, 30723.25322039124, 24531.95805909995, 30723.25322039124
313, 33203.781492829745, 24480.250064241816, 33203.781492829745, 30796.419825157885, 24533.505911015047, 30796.419825157885
314, 33203.781492829745, 24480.250064241816, 33203.781492829745, 30794.39842001038, 24534.10769961723, 30794.39842001038
315, 33218.75214450346, 24506.96755348924, 33218.75214450346, 30795.77025207985, 24534.884607039592, 30795.77025207985
316, 33218.75214450346, 24506.96755348924, 33218.75214450346, 30811.78612026737, 24534.54424521163, 30811.78612026737
317, 33218.75214450346, 24506.96755348924, 33218.75214450346, 30776.448317522932, 24533.775842513893, 30776.448317522932
318, 33218.75214450346, 24506.96755348924, 33218.75214450346, 30781.346950996594, 24532.714891240248, 30781.346950996594
319, 33218.75214450346, 24506.96755348924, 33218.75214450346, 30779.82693640114, 24534.280660358036, 30779.82693640114
320, 33218.75214450346, 24506.96755348924, 33218.75214450346, 30804.649511609903, 24534.005998541637, 30804.649511609903
321, 33218.75214450346, 24506.96755348924, 33218.75214450346, 30780.847439741145, 24536.163753225854, 30780.847439741145
322, 33218.75214450346, 24506.96755348924, 33218.75214450346, 30793.899457087038, 24534.72920903003, 30793.899457087038
323, 33218.75214450346, 24506.96755348924, 33218.75214450346, 30769.066589482813, 24536.550873806416, 30769.066589482813
324, 33242.847278158304, 24530.003916625003, 33242.847278158304, 30775.161710144774, 24536.6021616025, 30775.161710144774
325, 33299.92160259623, 24657.138110552492, 33299.92160259623, 30780.578190926964, 24541.284969106116, 30780.578190926964
326, 33299.92160259623, 24657.138110552492, 33299.92160259623, 30780.89769926136, 24545.85456570398, 30780.89769926136
327, 33323.6037189709, 24470.790166932056, 33323.6037189709, 30782.211597883164, 24555.621951015248, 30782.211597883164
328, 33323.6037189709, 24470.790166932056, 33323.6037189709, 30791.66474721037, 24558.74025040305, 30791.66474721037
329, 33323.6037189709, 24470.790166932056, 33323.6037189709, 30792.040647092075, 24556.1928329764, 30792.040647092075
330, 33323.6037189709, 24470.790166932056, 33323.6037189709, 30796.112266597236, 24563.23787944851, 30796.112266597236
331, 33323.6037189709, 24470.790166932056, 33323.6037189709, 30838.88486540021, 24571.01512883698, 30838.88486540021
332, 33323.6037189709, 24470.790166932056, 33323.6037189709, 30862.761543485354, 24586.86776301877, 30862.761543485354
333, 33323.6037189709, 24470.790166932056, 33323.6037189709, 30849.597271170813, 24603.72024877708, 30849.597271170813
334, 33323.6037189709, 24470.790166932056, 33323.6037189709, 30920.632783432553, 24635.28370226198, 30920.632783432553
335, 33326.85277074741, 24630.581779961984, 33326.85277074741, 30881.93410585247, 24642.04108885609, 30881.93410585247
336, 33326.85277074741, 24630.581779961984, 33326.85277074741, 30862.62846816423, 24637.815267824186, 30862.62846816423
337, 33326.85277074741, 24630.581779961984, 33326.85277074741, 30895.82008726683, 24625.932093029653, 30895.82008726683
338, 33326.85277074741, 24630.581779961984, 33326.85277074741, 30840.62272503744, 24601.73212812464, 30840.62272503744
339, 33326.85277074741, 24630.581779961984, 33326.85277074741, 30870.987579933728, 24567.197360007347, 30870.987579933728
340, 33326.85277074741, 24630.581779961984, 33326.85277074741, 30872.198902945955, 24527.937734286035, 30872.198902945955
341, 33326.85277074741, 24630.581779961984, 33326.85277074741, 30860.103074306873, 24529.68229367867, 30860.103074306873
342, 33326.85277074741, 24630.581779961984, 33326.85277074741, 30887.855347508794, 24529.006883888786, 30887.855347508794
343, 33326.85277074741, 24630.581779961984, 33326.85277074741, 30829.14394707324, 24527.744195240048, 30829.14394707324
344, 33326.85277074741, 24630.581779961984, 33326.85277074741, 30855.08109698438, 24530.72498195815, 30855.08109698438
345, 33326.85277074741, 24630.581779961984, 33326.85277074741, 30860.85800482, 24533.922474183775, 30860.85800482
346, 33326.85277074741, 24630.581779961984, 33326.85277074741, 30878.92826379004, 24540.216881780587, 30878.92826379004
347, 33326.85277074741, 24630.581779961984, 33326.85277074741, 30933.15576988292, 24551.932177216237, 30933.15576988292
348, 33326.85277074741, 24630.581779961984, 33326.85277074741, 30895.949438310912, 24568.48607153371, 30895.949438310912
349, 33326.85277074741, 24630.581779961984, 33326.85277074741, 30852.38645384532, 24586.990995322765, 30852.38645384532
350, 33326.85277074741, 24630.581779961984, 33326.85277074741, 30863.02275815535, 24621.074991010973, 30863.02275815535
351, 33326.85277074741, 24630.581779961984, 33326.85277074741, 30873.69331446182, 24637.076500035313, 30873.69331446182
352, 33326.85277074741, 24630.581779961984, 33326.85277074741, 30873.861792305073, 24638.310681442428, 30873.861792305073
353, 33326.85277074741, 24630.581779961984, 33326.85277074741, 30904.70322492634, 24636.110113892173, 30904.70322492634
354, 33326.85277074741, 24630.581779961984, 33326.85277074741, 30836.559127683653, 24639.218988439254, 30836.559127683653
355, 33326.85277074741, 24630.581779961984, 33326.85277074741, 30918.59614026161, 24637.69848051806, 30918.59614026161
356, 33326.85277074741, 24630.581779961984, 33326.85277074741, 30929.037167673832, 24635.596267111487, 30929.037167673832
357, 33326.85277074741, 24630.581779961984, 33326.85277074741, 30897.856920090577, 24638.080849354643, 30897.856920090577
358, 33326.85277074741, 24630.581779961984, 33326.85277074741, 30900.205022929797, 24638.415102722425, 30900.205022929797
359, 33326.85277074741, 24630.581779961984, 33326.85277074741, 30922.391951361395, 24639.564599703386, 30922.391951361395
360, 33326.85277074741, 24630.581779961984, 33326.85277074741, 30866.062474216964, 24639.16885793319, 30866.062474216964
361, 33326.85277074741, 24630.581779961984, 33326.85277074741, 30876.311605412582, 24638.253583498434, 30876.311605412582
362, 33326.85277074741, 24630.581779961984, 33326.85277074741, 30884.023937308917, 24637.387853764412, 30884.023937308917
363, 33326.85277074741, 24630.581779961984, 33326.85277074741, 30898.039984919393, 24637.29859827031, 30898.039984919393
364, 33326.85277074741, 24630.581779961984, 33326.85277074741, 30899.67891500677, 24639.003517327696, 30899.67891500677
365, 33326.85277074741, 24630.581779961984, 33326.85277074741, 30875.911023427816, 24638.295079852993, 30875.911023427816
366, 33326.85277074741, 24630.581779961984, 33326.85277074741, 30864.683305969946, 24635.07850956464, 30864.683305969946
367, 33326.85277074741, 24630.581779961984, 33326.85277074741, 30862.666935906796, 24638.18924844697, 30862.666935906796
368, 33360.309283991366, 24638.805205409884, 33360.309283991366, 30874.40398906895, 24637.024257607714, 30874.40398906895
369, 33360.309283991366, 24638.805205409884, 33360.309283991366, 30916.86803298515, 24638.90157696076, 30916.86803298515
370, 33360.309283991366, 24638.805205409884, 33360.309283991366, 30865.837729596748, 24637.558610197204, 30865.837729596748
371, 33360.309283991366, 24638.805205409884, 33360.309283991366, 30895.849672203887, 24639.089481336043, 30895.849672203887
372, 33360.309283991366, 24638.805205409884, 33360.309283991366, 30876.76318233747, 24637.636849335817, 30876.76318233747
373, 33360.309283991366, 24638.805205409884, 33360.309283991366, 30902.572773303924, 24637.124989071955, 30902.572773303924
374, 33360.309283991366, 24638.805205409884, 33360.309283991366, 30919.694282867626, 24638.940778894277, 30919.694282867626
375, 33360.309283991366, 24638.805205409884, 33360.309283991366, 30869.68684542605, 24640.697128802374, 30869.68684542605
376, 33360.309283991366, 24638.805205409884, 33360.309283991366, 30858.130808016464, 24642.009742749102, 30858.130808016464
377, 33360.309283991366, 24638.805205409884, 33360.309283991366, 30891.127537896755, 24642.464981836838, 30891.127537896755
378, 33360.309283991366, 24638.805205409884, 33360.309283991366, 30876.43388262009, 24644.694730548035, 30876.43388262009
379, 33360.309283991366, 24638.805205409884, 33360.309283991366, 30863.8856747097, 24645.323043053133, 30863.8856747097
380, 33360.309283991366, 24638.805205409884, 33360.309283991366, 30901.213199254154, 24644.390205874854, 30901.213199254154
381, 33360.309283991366, 24638.805205409884, 33360.309283991366, 30912.222511573345, 24643.7465253139, 30912.222511573345
382, 33360.309283991366, 24638.805205409884, 33360.309283991366, 30881.32523561201, 24644.760560565763, 30881.32523561201
383, 33360.309283991366, 24638.805205409884, 33360.309283991366, 30860.363168395408, 24643.386509062533, 30860.363168395408
384, 33387.591637373065, 24635.421357097355, 33387.591637373065, 30936.376058540245, 24643.041170067132, 30936.376058540245
385, 33387.591637373065, 24635.421357097355, 33387.591637373065, 30898.40354149295, 24644.213920305116, 30898.40354149295
386, 33387.591637373065, 24635.421357097355, 33387.591637373065, 30896.76193006762, 24645.25333311386, 30896.76193006762
387, 33387.591637373065, 24635.421357097355, 33387.591637373065, 30926.973954315683, 24643.066075781375, 30926.973954315683
388, 33387.591637373065, 24635.421357097355, 33387.591637373065, 30897.825913762535, 24644.90162574965, 30897.825913762535
389, 33387.591637373065, 24635.421357097355, 33387.591637373065, 30905.973784819846, 24643.066639783465, 30905.973784819846
390, 33387.591637373065, 24635.421357097355, 33387.591637373065, 30926.69461985436, 24642.661650127902, 30926.69461985436
391, 33387.591637373065, 24635.421357097355, 33387.591637373065, 30923.239355593192, 24644.072577608396, 30923.239355593192
392, 33387.591637373065, 24635.421357097355, 33387.591637373065, 30896.723569133297, 24642.844106879755, 30896.723569133297
393, 33387.591637373065, 24635.421357097355, 33387.591637373065, 30947.792335336828, 24642.543464466027, 30947.792335336828
394, 33387.591637373065, 24635.421357097355, 33387.591637373065, 30948.654462162256, 24641.678595053236, 30948.654462162256
395, 33387.591637373065, 24635.421357097355, 33387.591637373065, 30930.328751807494, 24642.574549763856, 30930.328751807494
396, 33387.591637373065, 24635.421357097355, 33387.591637373065, 30900.108146076527, 24641.475015421664, 30900.108146076527
397, 33446.768463006636, 24617.18375366025, 33446.768463006636, 30951.46408026266, 24642.672493990045, 30951.46408026266
398, 33446.768463006636, 24617.18375366025, 33446.768463006636, 30955.63291833898, 24640.704521495336, 30955.63291833898
399, 33446.768463006636, 24617.18375366025, 33446.768463006636, 30908.33146678154, 24640.31323942346, 30908.33146678154
400, 33446.768463006636, 24617.18375366025, 33446.768463006636, 30911.143839032935, 24640.348328623244, 30911.143839032935
401, 33507.44250111293, 24634.346567095963, 33507.44250111293, 30934.52942602617, 24642.099775615465, 30934.52942602617
402, 33507.44250111293, 24634.346567095963, 33507.44250111293, 30948.63471562992, 24641.25063123167, 30948.63471562992
403, 33507.44250111293, 24634.346567095963, 33507.44250111293, 30937.156584652403, 24640.15586857419, 30937.156584652403
404, 33507.44250111293, 24634.346567095963, 33507.44250111293, 30962.826778792296, 24639.116949658106, 30962.826778792296
405, 33507.44250111293, 24634.346567095963, 33507.44250111293, 30949.949720850294, 24637.980129784253, 30949.949720850294
406, 33507.44250111293, 24634.346567095963, 33507.44250111293, 30950.702163732898, 24633.870502306094, 30950.702163732898
407, 33507.44250111293, 24634.346567095963, 33507.44250111293, 30965.557961482365, 24632.09162582851, 30965.557961482365
408, 33507.44250111293, 24634.346567095963, 33507.44250111293, 30960.370090970144, 24634.895020236472, 30960.370090970144
409, 33507.44250111293, 24634.346567095963, 33507.44250111293, 30993.59235419295, 24634.368350145778, 30993.59235419295
410, 33507.44250111293, 24634.346567095963, 33507.44250111293, 31005.31801261804, 24637.38424043913, 31005.31801261804
411, 33507.44250111293, 24634.346567095963, 33507.44250111293, 30999.97887186849, 24641.147717399712, 30999.97887186849
412, 33507.44250111293, 24634.346567095963, 33507.44250111293, 31024.314177327822, 24639.75727924827, 31024.314177327822
413, 33507.44250111293, 24634.346567095963, 33507.44250111293, 30951.102180778234, 24642.36261038702, 30951.102180778234
414, 33507.44250111293, 24634.346567095963, 33507.44250111293, 31001.77419204216, 24639.69235358677, 31001.77419204216
415, 33507.44250111293, 24634.346567095963, 33507.44250111293, 31005.40835122511, 24641.652526250622, 31005.40835122511
416, 33507.44250111293, 24634.346567095963, 33507.44250111293, 30989.51381045593, 24641.65502817626, 30989.51381045593
417, 33507.44250111293, 24634.346567095963, 33507.44250111293, 31005.58821810009, 24641.55199166219, 31005.58821810009
418, 33507.44250111293, 24634.346567095963, 33507.44250111293, 31003.402514165933, 24642.058683116833, 31003.402514165933
419, 33507.44250111293, 24634.346567095963, 33507.44250111293, 31045.488676846096, 24639.800710063515, 31045.488676846096
420, 33507.44250111293, 24634.346567095963, 33507.44250111293, 31000.77351054526, 24640.75924468317, 31000.77351054526
421, 33507.44250111293, 24634.346567095963, 33507.44250111293, 31024.8438342536, 24642.279731152823, 31024.8438342536
422, 33507.44250111293, 24634.346567095963, 33507.44250111293, 31007.682119459278, 24641.846305791467, 31007.682119459278
423, 33507.44250111293, 24634.346567095963, 33507.44250111293, 30969.037777056605, 24641.247520320747, 30969.037777056605
424, 33507.44250111293, 24634.346567095963, 33507.44250111293, 31018.474664435944, 24641.299821457455, 31018.474664435944
425, 33564.74183107492, 24669.517518515284, 33564.74183107492, 31022.318889160386, 24641.357375071566, 31022.318889160386
426, 33564.74183107492, 24669.517518515284, 33564.74183107492, 30968.084474129486, 24639.88494141877, 30968.084474129486
427, 33564.74183107492, 24669.517518515284, 33564.74183107492, 31012.7505899791, 24641.294238981198, 31012.7505899791
428, 33564.74183107492, 24669.517518515284, 33564.74183107492, 31053.94483664269, 24641.358563447222, 31053.94483664269
429, 33564.74183107492, 24669.517518515284, 33564.74183107492, 31016.33021157817, 24642.795284628264, 31016.33021157817
430, 33564.74183107492, 24669.517518515284, 33564.74183107492, 31021.95525618408, 24641.805005495386, 31021.95525618408
431, 33564.74183107492, 24669.517518515284, 33564.74183107492, 31005.032936525728, 24644.254817236393, 31005.032936525728
432, 33564.74183107492, 24669.517518515284, 33564.74183107492, 31030.380357855767, 24645.85451777985, 31030.380357855767
433, 33564.74183107492, 24669.517518515284, 33564.74183107492, 31032.662026860897, 24648.592870680088, 31032.662026860897
434, 33564.74183107492, 24669.517518515284, 33564.74183107492, 31013.191369847274, 24652.358945515556, 31013.191369847274
435, 33564.74183107492, 24669.517518515284, 33564.74183107492, 31047.417632882316, 24657.42615670857, 31047.417632882316
436, 33564.74183107492, 24669.517518515284, 33564.74183107492, 31066.457446925804, 24662.05394526735, 31066.457446925804
437, 33564.74183107492, 24669.517518515284, 33564.74183107492, 31045.847275197328, 24665.39506960843, 31045.847275197328
438, 33564.74183107492, 24669.517518515284, 33564.74183107492, 31065.782137068254, 24664.616503876703, 31065.782137068254
439, 33564.74183107492, 24669.517518515284, 33564.74183107492, 31050.730241548918, 24666.211971075485, 31050.730241548918
440, 33564.74183107492, 24669.517518515284, 33564.74183107492, 31069.578433065803, 24666.01487654096, 31069.578433065803
441, 33564.74183107492, 24669.517518515284, 33564.74183107492, 31013.47690306295, 24666.462424305955, 31013.47690306295
442, 33564.74183107492, 24669.517518515284, 33564.74183107492, 31037.251037194463, 24666.657567726685, 31037.251037194463
443, 33564.74183107492, 24669.517518515284, 33564.74183107492, 31000.420640258246, 24667.410181644776, 31000.420640258246
444, 33564.74183107492, 24669.517518515284, 33564.74183107492, 31062.825244602114, 24665.303703172598, 31062.825244602114
445, 33564.74183107492, 24669.517518515284, 33564.74183107492, 31026.957738531375, 24665.039002706762, 31026.957738531375
446, 33564.74183107492, 24669.517518515284, 33564.74183107492, 31044.87724788405, 24665.49662031687, 31044.87724788405
447, 33564.74183107492, 24669.517518515284, 33564.74183107492, 31000.82984002733, 24664.84562917175, 31000.82984002733
448, 33564.74183107492, 24669.517518515284, 33564.74183107492, 31065.220086442718, 24665.995818487598, 31065.220086442718
449, 33572.60578870294, 24485.240525128906, 33572.60578870294, 31079.530782067253, 24665.14871939203, 31079.530782067253
450, 33620.27008625993, 24631.840684556806, 33620.27008625993, 31051.033010106687, 24665.052954517687, 31051.033010106687
451, 33620.27008625993, 24631.840684556806, 33620.27008625993, 31031.62764602431, 24662.974512795015, 31031.62764602431
452, 33620.27008625993, 24631.840684556806, 33620.27008625993, 31051.784486402354, 24663.662115976676, 31051.784486402354
453, 33620.27008625993, 24631.840684556806, 33620.27008625993, 31027.57855187065, 24659.330756552605, 31027.57855187065
454, 33620.27008625993, 24631.840684556806, 33620.27008625993, 31038.043359190844, 24656.04729825709, 31038.043359190844
455, 33620.27008625993, 24631.840684556806, 33620.27008625993, 31037.596945667727, 24652.18705276496, 31037.596945667727
456, 33620.27008625993, 24631.840684556806, 33620.27008625993, 31045.19767946835, 24643.427779187983, 31045.19767946835
457, 33620.27008625993, 24631.840684556806, 33620.27008625993, 31029.194020584673, 24631.895525647964, 31029.194020584673
458, 33620.27008625993, 24631.840684556806, 33620.27008625993, 31057.449247482993, 24608.33599054975, 31057.449247482993
459, 33620.27008625993, 24631.840684556806, 33620.27008625993, 31067.37474425741, 24596.76251722288, 31067.37474425741
460, 33620.27008625993, 24631.840684556806, 33620.27008625993, 31064.19985942792, 24636.605889775936, 31064.19985942792
461, 33620.27008625993, 24631.840684556806, 33620.27008625993, 31072.66254212308, 24639.110543202147, 31072.66254212308
462, 33620.27008625993, 24631.840684556806, 33620.27008625993, 31145.93047396022, 24637.695346182543, 31145.93047396022
463, 33620.27008625993, 24631.840684556806, 33620.27008625993, 31113.48534361613, 24639.86661377494, 31113.48534361613
464, 33620.27008625993, 24631.840684556806, 33620.27008625993, 31088.518325098496, 24640.60601383305, 31088.518325098496
465, 33620.27008625993, 24631.840684556806, 33620.27008625993, 31064.57896468922, 24639.709121664127, 31064.57896468922
466, 33620.27008625993, 24631.840684556806, 33620.27008625993, 31055.62127108675, 24637.882706257005, 31055.62127108675
467, 33620.27008625993, 24631.840684556806, 33620.27008625993, 31108.389206270393, 24640.539687169894, 31108.389206270393
468, 33620.27008625993, 24631.840684556806, 33620.27008625993, 31089.092852941685, 24640.142926773227, 31089.092852941685
469, 33644.32596108827, 24377.336724727138, 33644.32596108827, 31083.59256326065, 24637.284654288556, 31083.59256326065
470, 33644.32596108827, 24377.336724727138, 33644.32596108827, 31065.567111886816, 24637.427315841032, 31065.567111886816
471, 33644.32596108827, 24377.336724727138, 33644.32596108827, 31084.876627155634, 24634.630600967455, 31084.876627155634
472, 33644.32596108827, 24377.336724727138, 33644.32596108827, 31075.696141488905, 24634.512575339613, 31075.696141488905
473, 33644.32596108827, 24377.336724727138, 33644.32596108827, 31084.483588878742, 24628.2562111265, 31084.483588878742
474, 33644.32596108827, 24377.336724727138, 33644.32596108827, 31091.5206794112, 24620.635507856547, 31091.5206794112
475, 33644.32596108827, 24377.336724727138, 33644.32596108827, 31092.995947726307, 24615.03072627607, 31092.995947726307
476, 33644.32596108827, 24377.336724727138, 33644.32596108827, 31096.90351955207, 24599.968408156186, 31096.90351955207
477, 33644.32596108827, 24377.336724727138, 33644.32596108827, 31102.265782025243, 24576.999742152402, 31102.265782025243
478, 33644.32596108827, 24377.336724727138, 33644.32596108827, 31095.714819841458, 24542.850434686592, 31095.714819841458
479, 33644.32596108827, 24377.336724727138, 33644.32596108827, 31088.892278044565, 24485.16530399667, 31088.892278044565
480, 33644.32596108827, 24377.336724727138, 33644.32596108827, 31113.673034407, 24460.643613102417, 31113.673034407
481, 33644.32596108827, 24377.336724727138, 33644.32596108827, 31105.993626881136, 24462.297543601548, 31105.993626881136
482, 33644.32596108827, 24377.336724727138, 33644.32596108827, 31128.143604781508, 24461.139756283155, 31128.143604781508
483, 33644.32596108827, 24377.336724727138, 33644.32596108827, 31185.674392173547, 24460.995165316835, 31185.674392173547
484, 33644.32596108827, 24377.336724727138, 33644.32596108827, 31087.847493273537, 24461.233682228754, 31087.847493273537
485, 33644.32596108827, 24377.336724727138, 33644.32596108827, 31101.729065573305, 24461.23016393178, 31101.729065573305
486, 33644.32596108827, 24377.336724727138, 33644.32596108827, 31113.305688539633, 24462.18119055249, 31113.305688539633
487, 33644.32596108827, 24377.336724727138, 33644.32596108827, 31098.76653079451, 24462.21828015213, 31098.76653079451
488, 33644.32596108827, 24377.336724727138, 33644.32596108827, 31053.55963337767, 24460.63636233524, 31053.55963337767
489, 33644.32596108827, 24377.336724727138, 33644.32596108827, 31120.524006997563, 24461.769056776433, 31120.524006997563
490, 33644.32596108827, 24377.336724727138, 33644.32596108827, 31060.45191820979, 24461.493896551077, 31060.45191820979
491, 33644.32596108827, 24377.336724727138, 33644.32596108827, 31112.769793074207, 24460.280202929353, 31112.769793074207
492, 33644.32596108827, 24377.336724727138, 33644.32596108827, 31063.105892055508, 24461.38173278757, 31063.105892055508
493, 33644.32596108827, 24377.336724727138, 33644.32596108827, 31074.622836647544, 24462.30067663714, 31074.622836647544
494, 33644.32596108827, 24377.336724727138, 33644.32596108827, 31071.85443736042, 24461.26003228051, 31071.85443736042
495, 33644.32596108827, 24377.336724727138, 33644.32596108827, 31110.3959205747, 24462.046531721706, 31110.3959205747
496, 33644.32596108827, 24377.336724727138, 33644.32596108827, 31044.15711749247, 24459.61189452213, 31044.15711749247
497, 33644.32596108827, 24377.336724727138, 33644.32596108827, 31132.379832207946, 24460.391445919868, 31132.379832207946
498, 33644.32596108827, 24377.336724727138, 33644.32596108827, 31121.435058653835, 24461.943516583313, 31121.435058653835
499, 33644.32596108827, 24377.336724727138, 33644.32596108827, 31063.793313975024, 24461.017276791692, 31063.793313975024
500, 33644.32596108827, 24377.336724727138, 33644.32596108827, 31028.054289335185, 24461.579843370357, 31028.054289335185
