1, 27280.934663748507, 24654.93070824947, 27280.934663748507, 25138.875683758986, 24657.730193724325, 25138.875683758986
2, 27387.4623893515, 24649.277338804342, 27387.4623893515, 22248.09242114488, 24665.235895802532, 26136.65324889427
3, 27726.38922385936, 24623.057130762918, 27726.38922385936, 23045.636917802818, 24640.9893006351, 26659.215732543948
4, 28078.931285628976, 24648.190712550146, 28078.931285628976, 23335.115922791, 24633.12712343705, 27286.645657392495
5, 28341.91418764737, 24625.775864432882, 28341.91418764737, 24710.957121224226, 24627.329806971342, 27633.953959725535
6, 28463.68147227037, 24448.01621713507, 28463.68147227037, 24328.70734783613, 24624.17377332286, 27893.30499657714
7, 28679.770084135682, 24685.081749167908, 28679.770084135682, 23497.91569408928, 24631.691668319218, 28171.397940697145
8, 28732.576147252505, 24561.683215956706, 28732.576147252505, 23334.706095282832, 24630.60644159612, 28348.899297872675
9, 29061.163333334887, 24576.087938795605, 29061.163333334887, 25802.330096775062, 24596.505160792072, 28477.99376763153
10, 29209.400950295778, 24588.76334103226, 29209.400950295778, 24855.573314272977, 24593.14862253055, 28674.826533956268
11, 29401.251075486445, 24658.61347532073, 29401.251075486445, 25958.166060966338, 24575.466326952046, 28833.09641966436
12, 29518.82816351092, 24622.480264619862, 29518.82816351092, 24877.124223803476, 24601.398894621863, 29046.511994772645
13, 29820.299882724634, 24572.98479079744, 29820.299882724634, 24844.636502901052, 24610.583820305637, 29201.33739744862
14, 29939.04202045627, 24475.166619590473, 29939.04202045627, 25968.908171886982, 24608.722478041163, 29391.54794028657
15, 30061.04288162317, 24618.425358446737, 30061.04288162317, 25153.26503448757, 24626.52984601891, 29574.508760968238
16, 30151.06352825486, 24490.91860686492, 30151.06352825486, 25466.466095450978, 24626.249078619607, 29741.84153739812
17, 30413.38034044817, 24561.70344709083, 30413.38034044817, 27400.99736181581, 24587.853532334215, 29874.37848509122
18, 30629.825270932593, 24682.44856689227, 30629.825270932593, 26036.544401082057, 24612.444043141877, 30021.04686685226
19, 30629.825270932593, 24682.44856689227, 30629.825270932593, 25001.45456456243, 24636.16893426095, 30185.658396290662
20, 30637.76656956531, 24622.240608567292, 30637.76656956531, 25927.827038229032, 24618.786763391203, 30275.135986327394
21, 30638.063304202104, 24677.33597612141, 30638.063304202104, 25521.207178542205, 24632.172207493622, 30367.0702629225
22, 30638.063304202104, 24677.33597612141, 30638.063304202104, 24435.409690037588, 24639.192302378902, 30458.22400136345
23, 30719.999547491883, 24567.760003075397, 30719.999547491883, 24483.589537654567, 24650.041524336535, 30499.0481192238
24, 30800.37378918285, 24615.756573327595, 30800.37378918285, 25691.931233907406, 24622.287923484826, 30552.649927166192
25, 30935.825005692248, 24336.500140535853, 30935.825005692248, 26228.81819923532, 24628.176754160304, 30599.824084140928
26, 31013.713239649554, 24484.34611507658, 31013.713239649554, 29822.318607571186, 24589.02363001885, 30665.501666271557
27, 31013.713239649554, 24484.34611507658, 31013.713239649554, 27690.15932365496, 24575.680546902095, 30731.755533606258
28, 31098.178738632458, 24320.06739837967, 31098.178738632458, 28618.728128570347, 24531.590935482727, 30818.290689809524
29, 31310.591071000123, 24535.647973732335, 31310.591071000123, 29705.50366675904, 24477.693952503876, 30893.160924432093
30, 31472.570114106555, 24523.295220846056, 31472.570114106555, 26216.752383408188, 24526.448110899055, 30990.14513642463
31, 31657.689385789497, 24653.734667414898, 31657.689385789497, 27651.404718143654, 24533.600525055135, 31080.54850154282
32, 31657.689385789497, 24653.734667414898, 31657.689385789497, 25528.63133294746, 24582.267105314204, 31213.628402684655
33, 31688.06849344062, 24447.793085702684, 31688.06849344062, 26131.63372775999, 24615.616175393185, 31305.301973677106
34, 31736.412513602216, 24465.420863453448, 31736.412513602216, 28978.34727319783, 24571.085613313186, 31393.712988303105
35, 31736.412513602216, 24465.420863453448, 31736.412513602216, 29240.86414202518, 24566.22298432011, 31488.754690203197
36, 31840.541387385758, 24507.184618855066, 31840.541387385758, 28438.875938367717, 24580.703667629725, 31548.96744115283
37, 31840.541387385758, 24507.184618855066, 31840.541387385758, 28326.17006350825, 24570.501789896614, 31617.57969254775
38, 32070.57945681082, 24658.61025860945, 32070.57945681082, 27673.298639272878, 24566.592004394675, 31663.12737533756
39, 32080.38848893805, 24635.21085554918, 32080.38848893805, 26160.64194111681, 24576.776407374688, 31757.191983688488
40, 32080.38848893805, 24635.21085554918, 32080.38848893805, 26550.246819444463, 24590.775268528745, 31795.402337581912
41, 32080.38848893805, 24635.21085554918, 32080.38848893805, 26244.37572873717, 24602.798258884482, 31829.137954009297
42, 32080.38848893805, 24635.21085554918, 32080.38848893805, 26282.943510824265, 24616.724172362326, 31873.236212369386
43, 32080.38848893805, 24635.21085554918, 32080.38848893805, 27013.182141902387, 24645.17724128947, 31911.154508612635
44, 32080.38848893805, 24635.21085554918, 32080.38848893805, 25489.093619167852, 24675.246129282652, 31957.247685614926
45, 32098.349002825267, 24638.412700146528, 32098.349002825267, 26915.48311640314, 24678.069132103392, 31993.29700785007
46, 32098.349002825267, 24638.412700146528, 32098.349002825267, 26415.264526669864, 24695.051263569618, 32003.738743869635
47, 32154.396124987736, 24624.13651081742, 32154.396124987736, 26073.223213834703, 24698.411033365388, 32024.73848699094
48, 32286.122327192097, 24583.842525277392, 32286.122327192097, 28893.722280835227, 24654.525317606807, 32048.064513310062
49, 32293.58086241102, 24645.228191981598, 32293.58086241102, 26799.939159010613, 24670.719077505037, 32072.636531792643
50, 32448.89287751134, 24660.209064687293, 32448.89287751134, 26284.578634952726, 24662.67340187178, 32087.43534811858
51, 32462.037992548383, 24668.428941879025, 32462.037992548383, 25785.75384143647, 24662.686517604543, 32139.050149792136
52, 32462.037992548383, 24668.428941879025, 32462.037992548383, 25642.727635717758, 24651.69444451718, 32185.480175760793
53, 32462.037992548383, 24668.428941879025, 32462.037992548383, 25324.032460569404, 24650.624596996902, 32215.13180417332
54, 32462.037992548383, 24668.428941879025, 32462.037992548383, 26059.73247155721, 24641.128798892118, 32233.820024152876
55, 32535.645330707674, 24597.70954256545, 32535.645330707674, 25740.136816334416, 24667.554110107794, 32279.59786217454
56, 32535.645330707674, 24597.70954256545, 32535.645330707674, 26826.61676492942, 24655.493165260734, 32310.50861774143
57, 32535.645330707674, 24597.70954256545, 32535.645330707674, 26516.735786745, 24670.525294293326, 32359.375393713588
58, 32543.388810364122, 24487.44241505534, 32543.388810364122, 27961.873984538284, 24668.944534516344, 32393.597714434676
59, 32543.388810364122, 24487.44241505534, 32543.388810364122, 28507.359442802135, 24657.011223137684, 32406.480512714716
60, 32616.49495666603, 24369.853472511197, 32616.49495666603, 29232.998032963784, 24656.751462470304, 32420.590370631362
61, 32616.49495666603, 24369.853472511197, 32616.49495666603, 31036.477451842256, 24619.095602133337, 32457.616907182775
62, 32616.49495666603, 24369.853472511197, 32616.49495666603, 30518.937394112825, 24583.50564173368, 32466.806038300092
63, 32761.912500318067, 24645.461044636777, 32761.912500318067, 30707.18543648371, 24563.944043815638, 32486.76091751605
64, 32761.912500318067, 24645.461044636777, 32761.912500318067, 25753.069164994555, 24604.15890876214, 32528.3980492092
65, 32761.912500318067, 24645.461044636777, 32761.912500318067, 25764.92436366994, 24566.61405954671, 32535.7105297542
66, 32761.912500318067, 24645.461044636777, 32761.912500318067, 26312.710101888977, 24544.207227609295, 32556.784811944144
67, 32779.36558389758, 24629.118728620026, 32779.36558389758, 25620.068717506365, 24535.70286804182, 32572.632155098017
68, 32779.36558389758, 24629.118728620026, 32779.36558389758, 26879.110600164604, 24490.58615503298, 32583.328287202563
69, 32779.36558389758, 24629.118728620026, 32779.36558389758, 26888.540539396352, 24497.92324231702, 32594.48677688185
70, 32963.28667517728, 24679.83003767447, 32963.28667517728, 27789.710019598842, 24512.568765202774, 32601.891461209518
71, 32963.28667517728, 24679.83003767447, 32963.28667517728, 26566.531086870542, 24554.919638174488, 32662.36970757344
72, 32963.28667517728, 24679.83003767447, 32963.28667517728, 25701.363062259654, 24608.351071841396, 32692.716444652444
73, 32963.28667517728, 24679.83003767447, 32963.28667517728, 26805.031607030982, 24607.83546423552, 32728.76099917398
74, 32963.28667517728, 24679.83003767447, 32963.28667517728, 26105.248946597934, 24686.001063368425, 32741.44188781367
75, 32963.28667517728, 24679.83003767447, 32963.28667517728, 26653.36194393522, 24688.68024413721, 32754.843924536366
76, 32963.28667517728, 24679.83003767447, 32963.28667517728, 25937.224184194714, 24683.426859899853, 32748.725761767808
77, 32963.28667517728, 24679.83003767447, 32963.28667517728, 25953.48651676883, 24680.357526586933, 32770.80402221059
78, 32963.28667517728, 24679.83003767447, 32963.28667517728, 25965.517305855676, 24679.61394172192, 32779.19692635201
79, 33020.26680211895, 24662.64165246489, 33020.26680211895, 26894.311418641508, 24660.776948728373, 32824.407837919985
80, 33020.26680211895, 24662.64165246489, 33020.26680211895, 26393.80552370783, 24682.230331890536, 32874.7914474016
81, 33020.26680211895, 24662.64165246489, 33020.26680211895, 26421.297614130177, 24701.03205697864, 32897.54012123925
82, 33020.26680211895, 24662.64165246489, 33020.26680211895, 26434.2063662686, 24720.39739904653, 32904.02419414944
83, 33020.26680211895, 24662.64165246489, 33020.26680211895, 26078.011743660285, 24722.388532075034, 32899.26412523102
84, 33020.26680211895, 24662.64165246489, 33020.26680211895, 26440.148280913316, 24714.5472232327, 32904.497024181044
85, 33020.26680211895, 24662.64165246489, 33020.26680211895, 25902.649990610593, 24719.973894569383, 32916.81527035084
86, 33047.08973717875, 24655.686015128485, 33047.08973717875, 26991.586799449047, 24704.3636943138, 32925.1710276052
87, 33047.08973717875, 24655.686015128485, 33047.08973717875, 26639.651782757865, 24713.565899820656, 32935.56894755197
88, 33047.08973717875, 24655.686015128485, 33047.08973717875, 26658.2206913982, 24704.121907723653, 32947.18913642066
89, 33100.36611842554, 24639.65834212828, 33100.36611842554, 27021.233520038666, 24695.941824477228, 32956.71158139554
90, 33100.36611842554, 24639.65834212828, 33100.36611842554, 26298.431700443245, 24710.138221179728, 32949.40294483938
91, 33100.36611842554, 24639.65834212828, 33100.36611842554, 26668.25363730976, 24701.611825134496, 32978.634418915484
92, 33147.66704260461, 24671.81422932754, 33147.66704260461, 26128.465399812314, 24707.154491555684, 32974.396030429125
93, 33147.66704260461, 24671.81422932754, 33147.66704260461, 26670.820657578748, 24700.129178222825, 32992.40056814991
94, 33147.66704260461, 24671.81422932754, 33147.66704260461, 26318.27187493841, 24703.799335600994, 32994.34365993083
95, 33147.66704260461, 24671.81422932754, 33147.66704260461, 26509.415246629873, 24701.12928169486, 33008.245260084346
96, 33147.66704260461, 24671.81422932754, 33147.66704260461, 25794.45855121829, 24699.5580450647, 33017.955255728724
97, 33147.66704260461, 24671.81422932754, 33147.66704260461, 25984.582481018544, 24703.61500944071, 33024.49707907225
98, 33147.66704260461, 24671.81422932754, 33147.66704260461, 26174.80878519155, 24687.646695967735, 33024.232889602536
99, 33184.23057350257, 24575.28961808913, 33184.23057350257, 28357.23966101643, 24656.92408287841, 33054.03240406514
100, 33257.22678061777, 24563.83270116326, 33257.22678061777, 27274.593475534453, 24671.914512871375, 33045.69938451854
101, 33300.487952535055, 24527.12620302851, 33300.487952535055, 27647.434376551995, 24669.332606980326, 33084.714634910975
102, 33320.66850050304, 24611.83980569086, 33320.66850050304, 26938.998551787998, 24679.383737341366, 33101.527816581336
103, 33320.66850050304, 24611.83980569086, 33320.66850050304, 26416.04256408677, 24663.182379897735, 33124.84902572316
104, 33320.66850050304, 24611.83980569086, 33320.66850050304, 26978.965192746193, 24669.20747981807, 33147.550244237114
105, 33320.66850050304, 24611.83980569086, 33320.66850050304, 26438.047719610186, 24664.195849692012, 33152.53846376988
106, 33320.66850050304, 24611.83980569086, 33320.66850050304, 26999.308519730166, 24633.293532124546, 33155.58785475959
107, 33320.66850050304, 24611.83980569086, 33320.66850050304, 26488.488113139305, 24635.368380226748, 33202.47808575936
108, 33342.19612950983, 24684.011179510082, 33342.19612950983, 27049.647173210113, 24625.94657325056, 33215.509849954615
109, 33342.19612950983, 24684.011179510082, 33342.19612950983, 26511.438780310335, 24639.25987481552, 33225.7953712164
110, 33342.19612950983, 24684.011179510082, 33342.19612950983, 26530.598117929178, 24641.989582612896, 33239.474020157126
111, 33350.07081642728, 24582.339658354947, 33350.07081642728, 28529.876225455377, 24646.441282993223, 33241.58141412699
112, 33350.07081642728, 24582.339658354947, 33350.07081642728, 28170.659260889966, 24664.210602854844, 33250.32927375231
113, 33517.99216629288, 24632.66875226465, 33517.99216629288, 27460.4149049631, 24673.398492954755, 33292.20299457042
114, 33517.99216629288, 24632.66875226465, 33517.99216629288, 26550.53379660207, 24681.27422673241, 33294.17074878312
115, 33517.99216629288, 24632.66875226465, 33517.99216629288, 26921.964985655923, 24681.6975430433, 33300.40516853479
116, 33517.99216629288, 24632.66875226465, 33517.99216629288, 27116.08555130876, 24694.569963040332, 33317.422013619514
117, 33517.99216629288, 24632.66875226465, 33517.99216629288, 27119.32804009853, 24675.984493813205, 33316.42694556779
118, 33517.99216629288, 24632.66875226465, 33517.99216629288, 26583.098872587296, 24670.24041975885, 33333.71468324063
119, 33579.038834218656, 24652.757383600394, 33579.038834218656, 26783.429353481864, 24648.70200373892, 33359.30772191111
120, 33579.038834218656, 24652.757383600394, 33579.038834218656, 26441.65456895027, 24648.271938744896, 33384.63948989451
121, 33579.038834218656, 24652.757383600394, 33579.038834218656, 26277.91646102277, 24642.737337794322, 33403.43864649697
122, 33579.038834218656, 24652.757383600394, 33579.038834218656, 27207.779724276297, 24659.75550960786, 33418.383459255936
123, 33579.038834218656, 24652.757383600394, 33579.038834218656, 27033.88767345637, 24663.26300071821, 33424.03536256508
124, 33579.038834218656, 24652.757383600394, 33579.038834218656, 26486.730775198997, 24690.377415845258, 33427.90169570839
125, 33579.038834218656, 24652.757383600394, 33579.038834218656, 26860.38813683995, 24707.86272202398, 33433.47741466783
126, 33579.038834218656, 24652.757383600394, 33579.038834218656, 26874.041283633607, 24706.0111007702, 33453.9848595169
127, 33774.285718475105, 24659.508768633437, 33774.285718475105, 26702.719538007677, 24695.957550024123, 33455.167565730255
128, 33774.285718475105, 24659.508768633437, 33774.285718475105, 26897.297032441213, 24679.95424299972, 33511.713374979794
129, 33774.285718475105, 24659.508768633437, 33774.285718475105, 27088.728852949433, 24679.16151911287, 33523.392296131504
130, 33774.285718475105, 24659.508768633437, 33774.285718475105, 26007.42905101395, 24677.682444346327, 33544.015401187346
131, 33774.285718475105, 24659.508768633437, 33774.285718475105, 26192.403700434454, 24679.894078723348, 33517.235079542785
132, 33788.52289839462, 24513.0048929721, 33788.52289839462, 26752.679246889456, 24685.453294236668, 33542.502352413314
133, 33788.52289839462, 24513.0048929721, 33788.52289839462, 30077.031661026806, 24650.810052922447, 33562.13302372357
134, 33827.13097976703, 24616.480427872666, 33827.13097976703, 29731.26840599284, 24653.33120860677, 33598.12118444216
135, 33827.13097976703, 24616.480427872666, 33827.13097976703, 27373.405848493305, 24674.347869475536, 33626.44924176651
136, 33827.13097976703, 24616.480427872666, 33827.13097976703, 27597.190262639313, 24679.65514772677, 33661.71985815791
137, 33827.13097976703, 24616.480427872666, 33827.13097976703, 28007.04566942491, 24695.11029936173, 33705.49674723216
138, 33827.13097976703, 24616.480427872666, 33827.13097976703, 27089.828567773857, 24691.19980696021, 33712.31120372358
139, 33829.83468228119, 24575.559450662764, 33829.83468228119, 27088.902228454015, 24687.081045363673, 33710.251546532374
140, 33835.99103761828, 24674.84738752585, 33835.99103761828, 26543.30692185426, 24685.938342147976, 33723.37859833899
141, 33835.99103761828, 24674.84738752585, 33835.99103761828, 26915.091066049805, 24646.77766313632, 33724.32468411141
142, 33835.99103761828, 24674.84738752585, 33835.99103761828, 26554.01949474533, 24640.265103382917, 33735.1149465483
143, 33865.72346573951, 24685.088759034024, 33865.72346573951, 26931.17295562358, 24656.641395851515, 33728.46416486761
144, 33911.457865774, 24567.72425925616, 33911.457865774, 27865.147915733778, 24656.90972319721, 33759.69148400663
145, 33911.457865774, 24567.72425925616, 33911.457865774, 27497.997864688303, 24659.66623429249, 33767.607895834655
146, 33911.457865774, 24567.72425925616, 33911.457865774, 27867.51924727836, 24649.88756061589, 33770.09004706466
147, 33911.457865774, 24567.72425925616, 33911.457865774, 28785.816937017913, 24645.94693677645, 33759.31262124129
148, 33911.457865774, 24567.72425925616, 33911.457865774, 28240.01528489893, 24647.027905281393, 33774.163361807885
149, 33911.457865774, 24567.72425925616, 33911.457865774, 27873.274225708046, 24653.54312156105, 33759.55288133026
150, 33911.457865774, 24567.72425925616, 33911.457865774, 28621.098321583886, 24652.773579032768, 33777.88499670426
151, 33911.457865774, 24567.72425925616, 33911.457865774, 27512.35411974101, 24677.73041071239, 33785.56927783702
152, 33911.457865774, 24567.72425925616, 33911.457865774, 27707.351029275615, 24679.892656855667, 33783.336319617934
153, 33911.457865774, 24567.72425925616, 33911.457865774, 28095.067391231834, 24669.830820379404, 33812.65499692909
154, 33911.457865774, 24567.72425925616, 33911.457865774, 28290.034001628883, 24632.618462265946, 33821.74125567354
155, 33911.457865774, 24567.72425925616, 33911.457865774, 27930.810508184346, 24630.104942755836, 33823.31026465484
156, 33931.52079423993, 24677.37664419964, 33931.52079423993, 27376.776468103588, 24633.079343724872, 33846.24935780554
157, 33931.52079423993, 24677.37664419964, 33931.52079423993, 26824.853414179244, 24644.91556472237, 33830.09065053523
158, 33931.52079423993, 24677.37664419964, 33931.52079423993, 26825.632531180705, 24651.558963935986, 33852.588411778255
159, 33931.52079423993, 24677.37664419964, 33931.52079423993, 26639.871172591902, 24650.910014138863, 33836.4281513748
160, 33931.52079423993, 24677.37664419964, 33931.52079423993, 26641.238066209142, 24657.649180299828, 33836.36981683261
161, 33931.52079423993, 24677.37664419964, 33931.52079423993, 26088.272244852087, 24669.01842012857, 33831.65508764098
162, 33931.52079423993, 24677.37664419964, 33931.52079423993, 26274.690361106797, 24664.807835691638, 33831.33991823108
163, 33931.52079423993, 24677.37664419964, 33931.52079423993, 26646.291084222223, 24682.396591478446, 33829.10195367919
164, 33931.52079423993, 24677.37664419964, 33931.52079423993, 26463.757300674235, 24704.21743253035, 33845.45803360861
165, 33931.52079423993, 24677.37664419964, 33931.52079423993, 26835.27373178128, 24719.26208789118, 33848.2137641551
166, 33931.52079423993, 24677.37664419964, 33931.52079423993, 27025.236561431197, 24729.884590654026, 33847.318772644314
167, 33931.52079423993, 24677.37664419964, 33931.52079423993, 26468.140885664638, 24733.654828461746, 33840.29919300516
168, 33931.52079423993, 24677.37664419964, 33931.52079423993, 26655.480965811195, 24735.54685555682, 33849.115665622136
169, 33931.52079423993, 24677.37664419964, 33931.52079423993, 26840.130330640783, 24724.161811638904, 33855.217218622434
170, 33931.52079423993, 24677.37664419964, 33931.52079423993, 27020.683789211467, 24723.310975637763, 33840.05273412502
171, 34043.16462604611, 24598.17357545548, 34043.16462604611, 27768.783466814173, 24720.571271613946, 33847.37717623599
172, 34043.16462604611, 24598.17357545548, 34043.16462604611, 26473.220115246117, 24721.104871969987, 33883.235411801616
173, 34043.16462604611, 24598.17357545548, 34043.16462604611, 29244.377569913515, 24700.113714589574, 33869.10400964375
174, 34043.16462604611, 24598.17357545548, 34043.16462604611, 27583.596489075448, 24708.28006940194, 33873.721656701826
175, 34043.16462604611, 24598.17357545548, 34043.16462604611, 27767.0502654917, 24703.83885073011, 33870.828956660866
176, 34043.16462604611, 24598.17357545548, 34043.16462604611, 27027.29617749211, 24717.25398200899, 33875.6607738021
177, 34043.16462604611, 24598.17357545548, 34043.16462604611, 27033.597093924553, 24717.746902436033, 33870.67430972578
178, 34043.16462604611, 24598.17357545548, 34043.16462604611, 27782.111683440962, 24693.335368974527, 33882.95491272829
179, 34043.16462604611, 24598.17357545548, 34043.16462604611, 27603.026578346355, 24697.76565519645, 33892.50483919297
180, 34043.16462604611, 24598.17357545548, 34043.16462604611, 27428.843538982732, 24683.190617484623, 33897.32431723083
181, 34043.16462604611, 24598.17357545548, 34043.16462604611, 28189.50886429004, 24659.383930989476, 33923.86011977459
182, 34043.16462604611, 24598.17357545548, 34043.16462604611, 27837.068879567618, 24655.450372460145, 33941.94937230253
183, 34043.16462604611, 24598.17357545548, 34043.16462604611, 27850.528988370195, 24645.578840343383, 33951.51094624156
184, 34043.16462604611, 24598.17357545548, 34043.16462604611, 28959.416994775333, 24642.77339312778, 33954.88425145892
185, 34043.16462604611, 24598.17357545548, 34043.16462604611, 27851.42809939133, 24639.822064249314, 33962.96519253893
186, 34043.16462604611, 24598.17357545548, 34043.16462604611, 28219.000947418648, 24644.968601387463, 33959.40233425976
187, 34107.37939642319, 24580.83001937696, 34107.37939642319, 28039.966839146324, 24639.14473431019, 33965.41695766676
188, 34107.37939642319, 24580.83001937696, 34107.37939642319, 27668.143702348734, 24648.720387874648, 33974.65815928521
189, 34109.852852077915, 24606.44427269459, 34109.852852077915, 28045.043638377803, 24649.15373548293, 33973.22130741359
190, 34151.58155597758, 24538.76405658289, 34151.58155597758, 28231.73497173836, 24647.740713162435, 33981.84273714876
191, 34151.58155597758, 24538.76405658289, 34151.58155597758, 29350.098055582308, 24630.910909887156, 33995.22891355279
192, 34151.58155597758, 24538.76405658289, 34151.58155597758, 29158.69004906462, 24640.12374046013, 33977.650457110954
193, 34151.58155597758, 24538.76405658289, 34151.58155597758, 28804.163120603916, 24643.248193557098, 33989.72767520453
194, 34151.58155597758, 24538.76405658289, 34151.58155597758, 29940.553740784824, 24636.351422926124, 34014.7429574422
195, 34151.58155597758, 24538.76405658289, 34151.58155597758, 28834.969358162925, 24645.14376925452, 34032.187717405715
196, 34151.58155597758, 24538.76405658289, 34151.58155597758, 28836.232628949187, 24626.82927652553, 34037.46924196337
197, 34209.394112168295, 24654.269664956322, 34209.394112168295, 28855.70347183818, 24612.325835968844, 34051.762551588276
198, 34209.394112168295, 24654.269664956322, 34209.394112168295, 27746.20621429449, 24632.966727991385, 34073.59130395366
199, 34209.394112168295, 24654.269664956322, 34209.394112168295, 26823.937534378514, 24633.1733512267, 34067.861642330885
200, 34209.394112168295, 24654.269664956322, 34209.394112168295, 27017.38479419017, 24624.85407964024, 34080.622936977874
201, 34209.394112168295, 24654.269664956322, 34209.394112168295, 27946.109165486225, 24611.61982380988, 34082.71963770063
202, 34209.394112168295, 24654.269664956322, 34209.394112168295, 27758.00196435568, 24626.5550407593, 34081.65138563109
203, 34209.394112168295, 24654.269664956322, 34209.394112168295, 27392.03692664785, 24627.289202095893, 34077.618039207264
204, 34209.394112168295, 24654.269664956322, 34209.394112168295, 27582.461725446297, 24630.63831635582, 34091.839178440765
205, 34209.394112168295, 24654.269664956322, 34209.394112168295, 26842.6075818329, 24650.603136058457, 34100.097906406634
206, 34209.394112168295, 24654.269664956322, 34209.394112168295, 26854.56700172897, 24662.993251414682, 34106.197378907105
207, 34209.394112168295, 24654.269664956322, 34209.394112168295, 27053.95689085832, 24712.826663485197, 34117.421772816524
208, 34209.394112168295, 24654.269664956322, 34209.394112168295, 27616.32658726441, 24709.701855892054, 34120.204229287396
209, 34209.394112168295, 24654.269664956322, 34209.394112168295, 26689.61619985582, 24714.539761296535, 34136.7628389984
210, 34238.25132079183, 24650.223265790035, 34238.25132079183, 27432.863896926865, 24696.82120885422, 34121.81035473354
211, 34238.25132079183, 24650.223265790035, 34238.25132079183, 27431.093337710772, 24720.1918971477, 34125.70245999173
212, 34238.25132079183, 24650.223265790035, 34238.25132079183, 27803.473683745648, 24705.843718258588, 34119.04051743314
213, 34238.25132079183, 24650.223265790035, 34238.25132079183, 27990.47364306301, 24708.45288676256, 34128.49797522332
214, 34238.25132079183, 24650.223265790035, 34238.25132079183, 27248.719650821637, 24717.361430661033, 34124.020863555794
215, 34238.25132079183, 24650.223265790035, 34238.25132079183, 27057.635264278077, 24704.537339334805, 34134.77501251615
216, 34242.3356599099, 24515.479408368057, 34242.3356599099, 29104.64171711593, 24672.902574065618, 34129.23381543698
217, 34242.3356599099, 24515.479408368057, 34242.3356599099, 29291.732570833265, 24663.948996001727, 34129.3951185183
218, 34242.3356599099, 24515.479408368057, 34242.3356599099, 28552.764485653865, 24669.872443118544, 34135.97598746158
219, 34242.3356599099, 24515.479408368057, 34242.3356599099, 30051.517129175612, 24655.972320754758, 34152.992148674384
220, 34252.0210099753, 24647.690752742263, 34252.0210099753, 28741.92772629302, 24646.72914059, 34136.98910187163
221, 34252.0210099753, 24647.690752742263, 34252.0210099753, 27819.63990456782, 24658.57523639461, 34143.783214991425
222, 34252.0210099753, 24647.690752742263, 34252.0210099753, 28007.25668815528, 24635.05225015302, 34150.663269708326
223, 34252.0210099753, 24647.690752742263, 34252.0210099753, 27266.39499490944, 24645.49352099121, 34150.83150210089
224, 34252.0210099753, 24647.690752742263, 34252.0210099753, 26524.681156225754, 24684.426197681198, 34156.75749078808
225, 34252.0210099753, 24647.690752742263, 34252.0210099753, 27455.182731048917, 24648.446352407474, 34155.38256312589
226, 34252.0210099753, 24647.690752742263, 34252.0210099753, 26898.84881761927, 24629.252885151174, 34154.224578422676
227, 34252.0210099753, 24647.690752742263, 34252.0210099753, 28020.02780096889, 24629.42198126645, 34148.38347717403
228, 34252.0210099753, 24647.690752742263, 34252.0210099753, 26531.673704494573, 24664.18622711648, 34162.90005934025
229, 34252.0210099753, 24647.690752742263, 34252.0210099753, 27467.73202255153, 24696.503869126187, 34166.34019336637
230, 34368.34595519389, 24658.24077598805, 34368.34595519389, 26536.937133682426, 24702.451638659375, 34188.10913189457
231, 34368.34595519389, 24658.24077598805, 34368.34595519389, 27654.692993469835, 24693.595350872474, 34191.282156754314
232, 34368.34595519389, 24658.24077598805, 34368.34595519389, 26727.877523568848, 24707.598110496092, 34194.38815519972
233, 34368.34595519389, 24658.24077598805, 34368.34595519389, 27104.403625627707, 24689.84881981105, 34188.11593394578
234, 34368.34595519389, 24658.24077598805, 34368.34595519389, 27297.125890910465, 24687.390756666573, 34197.13804344568
235, 34368.34595519389, 24658.24077598805, 34368.34595519389, 27862.85466191843, 24668.593590348126, 34210.42129486955
236, 34419.13784476295, 24668.78987513098, 34419.13784476295, 26946.782436770867, 24654.222262515224, 34234.64809851932
237, 34419.13784476295, 24668.78987513098, 34419.13784476295, 27533.6120555813, 24670.752493683663, 34249.752532670835
238, 34419.13784476295, 24668.78987513098, 34419.13784476295, 27548.754546035165, 24704.724804726415, 34282.907402660174
239, 34452.41316517434, 24623.364256077664, 34452.41316517434, 27188.408437382303, 24705.155707247643, 34295.173854631445
240, 34452.41316517434, 24623.364256077664, 34452.41316517434, 27752.789197514106, 24687.739990396425, 34300.8103330451
241, 34452.41316517434, 24623.364256077664, 34452.41316517434, 28131.581146735807, 24679.91563719468, 34298.60158168305
242, 34480.07415070153, 24642.74566959943, 34480.07415070153, 27951.11560388849, 24671.350208122574, 34306.13719731727
243, 34480.07415070153, 24642.74566959943, 34480.07415070153, 27208.294931801378, 24668.996753025778, 34328.21938467518
244, 34480.07415070153, 24642.74566959943, 34480.07415070153, 27220.516597593392, 24643.619931091172, 34331.42751141341
245, 34480.07415070153, 24642.74566959943, 34480.07415070153, 27419.82847721564, 24714.877788016092, 34339.19999349275
246, 34480.07415070153, 24642.74566959943, 34480.07415070153, 27421.680257485743, 24703.77449827995, 34350.87588987869
247, 34480.07415070153, 24642.74566959943, 34480.07415070153, 28366.773318542957, 24694.673458612626, 34360.08183715413
248, 34480.07415070153, 24642.74566959943, 34480.07415070153, 27999.09181055274, 24685.445486897264, 34363.258361623986
249, 34480.07415070153, 24642.74566959943, 34480.07415070153, 27628.649862765295, 24696.042625974333, 34373.77114111244
250, 34525.50694243695, 24657.0126449848, 34525.50694243695, 27825.95472692118, 24686.03244467034, 34371.96522641134
251, 34525.50694243695, 24657.0126449848, 34525.50694243695, 27077.928939393772, 24701.352289567978, 34386.100084655045
252, 34525.50694243695, 24657.0126449848, 34525.50694243695, 27272.67885420912, 24695.010454327068, 34398.703121661776
253, 34525.50694243695, 24657.0126449848, 34525.50694243695, 27083.740395296518, 24706.750351148385, 34401.97901164364
254, 34525.50694243695, 24657.0126449848, 34525.50694243695, 26899.76021802434, 24703.958168173773, 34401.14735782541
255, 34525.50694243695, 24657.0126449848, 34525.50694243695, 27650.40995567958, 24692.722617566626, 34392.19071036124
256, 34525.50694243695, 24657.0126449848, 34525.50694243695, 26897.10669523143, 24705.638440176735, 34395.83724116123
257, 34525.50694243695, 24657.0126449848, 34525.50694243695, 27275.304298858533, 24715.9788068378, 34395.70615585583
258, 34525.50694243695, 24657.0126449848, 34525.50694243695, 27650.782171588202, 24704.33725472838, 34406.8850251212
259, 34525.50694243695, 24657.0126449848, 34525.50694243695, 27467.373914394062, 24718.74483301849, 34393.75937015215
260, 34525.50694243695, 24657.0126449848, 34525.50694243695, 27096.29818295581, 24715.02226323634, 34404.260520125594
261, 34525.50694243695, 24657.0126449848, 34525.50694243695, 27102.16684420297, 24714.997580414914, 34409.973144233474
262, 34525.50694243695, 24657.0126449848, 34525.50694243695, 27491.369504177757, 24705.25631271772, 34426.8241999622
263, 34525.50694243695, 24657.0126449848, 34525.50694243695, 27685.4381346524, 24710.94625041644, 34435.26192512969
264, 34525.50694243695, 24657.0126449848, 34525.50694243695, 27310.38367195583, 24708.04948454134, 34443.031789940236
265, 34525.50694243695, 24657.0126449848, 34525.50694243695, 27870.479150470816, 24703.99645531898, 34440.72776038602
266, 34525.50694243695, 24657.0126449848, 34525.50694243695, 27308.610650700608, 24716.61808478003, 34432.808138028005
267, 34617.91797654809, 24664.785699880907, 34617.91797654809, 27688.121022388525, 24708.29092215319, 34465.742500401575
268, 34617.91797654809, 24664.785699880907, 34617.91797654809, 27122.795421256356, 24714.001487279136, 34454.89930391854
269, 34617.91797654809, 24664.785699880907, 34617.91797654809, 27123.507224719673, 24712.645884191377, 34465.3339250905
270, 34617.91797654809, 24664.785699880907, 34617.91797654809, 27501.828795760885, 24712.01301979797, 34462.68302704389
271, 34617.91797654809, 24664.785699880907, 34617.91797654809, 26934.227858464143, 24711.121787466684, 34448.46161319914
272, 34617.91797654809, 24664.785699880907, 34617.91797654809, 26750.949681630413, 24714.060835812947, 34448.64445233298
273, 34617.91797654809, 24664.785699880907, 34617.91797654809, 27317.28533844092, 24714.231503534535, 34460.94801040641
274, 34617.91797654809, 24664.785699880907, 34617.91797654809, 27885.545373897825, 24704.919703008716, 34474.09841495374
275, 34617.91797654809, 24664.785699880907, 34617.91797654809, 27144.00895572508, 24724.257932390203, 34481.7022024077
276, 34617.91797654809, 24664.785699880907, 34617.91797654809, 27156.0693952358, 24714.78471752232, 34486.76566067738
277, 34617.91797654809, 24664.785699880907, 34617.91797654809, 27181.511482753787, 24721.03435506553, 34507.70071448974
278, 34617.91797654809, 24664.785699880907, 34617.91797654809, 26629.167674267726, 24727.75676603891, 34535.197433623136
279, 34617.91797654809, 24664.785699880907, 34617.91797654809, 26814.79506986815, 24726.683009007753, 34520.64546899366
280, 34617.91797654809, 24664.785699880907, 34617.91797654809, 27190.671801120985, 24727.715988205167, 34517.98781582338
281, 34617.91797654809, 24664.785699880907, 34617.91797654809, 27378.550709938354, 24724.996096585175, 34521.42619660344
282, 34617.91797654809, 24664.785699880907, 34617.91797654809, 27571.471901130877, 24717.435523054395, 34536.520257350116
283, 34617.91797654809, 24664.785699880907, 34617.91797654809, 26818.694400361906, 24724.142820514277, 34519.48629533123
284, 34617.91797654809, 24664.785699880907, 34617.91797654809, 27004.259704002096, 24724.425342978335, 34521.52857281638
285, 34617.91797654809, 24664.785699880907, 34617.91797654809, 27570.459120761392, 24711.956453276518, 34536.26695743853
286, 34617.91797654809, 24664.785699880907, 34617.91797654809, 27380.533901955783, 24717.8668903778, 34523.33872583769
287, 34617.91797654809, 24664.785699880907, 34617.91797654809, 27196.256225310684, 24722.481222085135, 34529.007631911656
288, 34617.91797654809, 24664.785699880907, 34617.91797654809, 28321.251140354652, 24714.05662937835, 34522.55298500914
289, 34617.91797654809, 24664.785699880907, 34617.91797654809, 27191.112852035843, 24731.37082011036, 34505.72194710435
290, 34617.91797654809, 24664.785699880907, 34617.91797654809, 27379.6739924635, 24716.17827314501, 34523.945630332644
291, 34617.91797654809, 24664.785699880907, 34617.91797654809, 27945.37044001854, 24710.97947739456, 34527.046633541606
292, 34617.91797654809, 24664.785699880907, 34617.91797654809, 27195.747588229493, 24718.633841416333, 34532.03934515584
293, 34617.91797654809, 24664.785699880907, 34617.91797654809, 27383.376517383593, 24716.861823396743, 34526.3591173621
294, 34617.91797654809, 24664.785699880907, 34617.91797654809, 27570.92091029271, 24714.47562204066, 34528.2614930786
295, 34617.91797654809, 24664.785699880907, 34617.91797654809, 27757.072997285894, 24716.483443521265, 34522.92950776583
296, 34640.40745649855, 24641.17759122737, 34640.40745649855, 28132.672247357525, 24706.2786529791, 34533.2816271881
297, 34640.40745649855, 24641.17759122737, 34640.40745649855, 27005.920159922927, 24719.96328431538, 34520.836817954434
298, 34640.40745649855, 24641.17759122737, 34640.40745649855, 27942.312201121345, 24716.701068386545, 34525.44955736953
299, 34640.40745649855, 24641.17759122737, 34640.40745649855, 27382.542926077946, 24716.025991691757, 34532.10602324591
300, 34640.40745649855, 24641.17759122737, 34640.40745649855, 27761.3034785934, 24715.01435232632, 34537.61936916533
301, 34640.40745649855, 24641.17759122737, 34640.40745649855, 27197.952110668313, 24714.196320922605, 34529.94367236033
302, 34640.40745649855, 24641.17759122737, 34640.40745649855, 27760.44121995303, 24706.837830374472, 34535.13263975091
303, 34640.40745649855, 24641.17759122737, 34640.40745649855, 27764.939792621502, 24705.463298538023, 34529.2603437258
304, 34640.40745649855, 24641.17759122737, 34640.40745649855, 27575.269528852274, 24716.16719368849, 34537.80973576501
305, 34640.40745649855, 24641.17759122737, 34640.40745649855, 27951.569251778124, 24709.232392195994, 34528.502395964824
306, 34640.40745649855, 24641.17759122737, 34640.40745649855, 27391.42969605527, 24711.858757789312, 34535.94870596664
307, 34640.40745649855, 24641.17759122737, 34640.40745649855, 28334.251094740754, 24687.79667864263, 34551.716403787424
308, 34640.40745649855, 24641.17759122737, 34640.40745649855, 27962.657657477514, 24695.31567695285, 34541.576325993265
309, 34640.40745649855, 24641.17759122737, 34640.40745649855, 27399.676625280015, 24683.164320164437, 34537.70607734095
310, 34640.40745649855, 24641.17759122737, 34640.40745649855, 27962.400077381546, 24686.721283046667, 34546.4487178519
311, 34640.40745649855, 24641.17759122737, 34640.40745649855, 27397.178862974226, 24705.015645972013, 34545.24383568277
312, 34640.40745649855, 24641.17759122737, 34640.40745649855, 27773.812468553166, 24695.658646502292, 34531.72888262271
313, 34640.40745649855, 24641.17759122737, 34640.40745649855, 27399.17678458435, 24696.5701967467, 34555.31838411399
314, 34640.40745649855, 24641.17759122737, 34640.40745649855, 27779.588501389153, 24699.42612634107, 34547.8092725066
315, 34640.40745649855, 24641.17759122737, 34640.40745649855, 28155.707219612395, 24694.60040335124, 34552.49191472403
316, 34640.40745649855, 24641.17759122737, 34640.40745649855, 27774.9777463758, 24693.10149896161, 34537.46476121693
317, 34640.40745649855, 24641.17759122737, 34640.40745649855, 27963.427410582688, 24691.514912120572, 34550.208125348734
318, 34640.40745649855, 24641.17759122737, 34640.40745649855, 27588.25725681896, 24688.845091078692, 34546.792964391556
319, 34640.40745649855, 24641.17759122737, 34640.40745649855, 27398.7586466871, 24702.05264346522, 34544.109659365386
320, 34661.199632801436, 24568.673715739067, 34661.199632801436, 28716.927480350976, 24682.506985104254, 34537.69334693541
321, 34661.199632801436, 24568.673715739067, 34661.199632801436, 28717.69930817301, 24682.07579750283, 34552.518993407655
322, 34670.168774845166, 24659.470915048903, 34670.168774845166, 28534.93493301799, 24672.003043993893, 34564.88818118381
323, 34670.168774845166, 24659.470915048903, 34670.168774845166, 27589.05240421609, 24708.08483620644, 34545.05496665945
324, 34670.168774845166, 24659.470915048903, 34670.168774845166, 27210.30978285112, 24701.329054695445, 34548.80718121128
325, 34670.168774845166, 24659.470915048903, 34670.168774845166, 27774.512457270146, 24702.227771418657, 34552.166718637665
326, 34670.168774845166, 24659.470915048903, 34670.168774845166, 27590.104938318676, 24699.502087745426, 34554.19932763932
327, 34670.168774845166, 24659.470915048903, 34670.168774845166, 27026.569419034702, 24702.812774957776, 34555.370558052826
328, 34670.168774845166, 24659.470915048903, 34670.168774845166, 27777.57329111395, 24696.406837138195, 34550.13961928372
329, 34670.168774845166, 24659.470915048903, 34670.168774845166, 27586.443937626707, 24697.629958072073, 34546.64150239957
330, 34670.168774845166, 24659.470915048903, 34670.168774845166, 27971.674973542147, 24685.17367929399, 34561.064732514526
331, 34670.168774845166, 24659.470915048903, 34670.168774845166, 27786.729167646896, 24688.47801378158, 34566.61890329741
332, 34670.168774845166, 24659.470915048903, 34670.168774845166, 27980.50878237067, 24693.21802472778, 34570.780786131625
333, 34670.168774845166, 24659.470915048903, 34670.168774845166, 27232.700152533256, 24717.59254364192, 34562.060718768334
334, 34670.168774845166, 24659.470915048903, 34670.168774845166, 28172.746160257597, 24707.938197843727, 34577.378040370706
335, 34670.168774845166, 24659.470915048903, 34670.168774845166, 27607.49361429464, 24715.375181092815, 34570.115248664246
336, 34670.168774845166, 24659.470915048903, 34670.168774845166, 27235.057482947544, 24713.199531692913, 34588.21198673023
337, 34670.168774845166, 24659.470915048903, 34670.168774845166, 27425.21364580742, 24713.01336889392, 34579.72342557911
338, 34670.168774845166, 24659.470915048903, 34670.168774845166, 28364.849387326518, 24716.966742066415, 34574.82397163672
339, 34670.168774845166, 24659.470915048903, 34670.168774845166, 27980.78738589248, 24712.289724798167, 34574.07233491286
340, 34670.168774845166, 24659.470915048903, 34670.168774845166, 27802.88446977743, 24714.146528281824, 34578.87746099651
341, 34670.168774845166, 24659.470915048903, 34670.168774845166, 27421.27092588523, 24719.84688566748, 34571.9875097261
342, 34670.168774845166, 24659.470915048903, 34670.168774845166, 27986.27010930133, 24707.84476430159, 34575.402278526824
343, 34670.168774845166, 24659.470915048903, 34670.168774845166, 27046.29041911463, 24717.4001993694, 34568.086749924856
344, 34670.168774845166, 24659.470915048903, 34670.168774845166, 28739.519978017517, 24705.430993156242, 34576.25875599072
345, 34670.168774845166, 24659.470915048903, 34670.168774845166, 28364.182572052596, 24707.588620756866, 34574.19159893686
346, 34670.168774845166, 24659.470915048903, 34670.168774845166, 27233.646546501757, 24716.66698906903, 34583.816026652676
347, 34670.168774845166, 24659.470915048903, 34670.168774845166, 27423.46595180776, 24725.211926004748, 34577.60640566137
348, 34670.168774845166, 24659.470915048903, 34670.168774845166, 27796.61728256869, 24709.481951174494, 34577.6974339464
349, 34670.168774845166, 24659.470915048903, 34670.168774845166, 27796.108258428307, 24702.485727611915, 34572.59610705451
350, 34670.168774845166, 24659.470915048903, 34670.168774845166, 28172.30637570428, 24709.886256924365, 34558.74281793251
351, 34670.168774845166, 24659.470915048903, 34670.168774845166, 27044.645988012162, 24717.152777466057, 34571.25505703138
352, 34670.168774845166, 24659.470915048903, 34670.168774845166, 27989.15950983758, 24708.378637273458, 34580.93190774542
353, 34670.168774845166, 24659.470915048903, 34670.168774845166, 27609.378948906855, 24716.861415047635, 34576.315123849694
354, 34670.168774845166, 24659.470915048903, 34670.168774845166, 27608.883197485222, 24710.981738465387, 34574.95241050796
355, 34670.168774845166, 24659.470915048903, 34670.168774845166, 27611.170263716842, 24713.617525085094, 34578.572169146835
356, 34670.168774845166, 24659.470915048903, 34670.168774845166, 27234.058554436884, 24717.538438708863, 34577.44609324261
357, 34670.168774845166, 24659.470915048903, 34670.168774845166, 27800.704727401895, 24716.911608512073, 34578.9778645247
358, 34670.168774845166, 24659.470915048903, 34670.168774845166, 27611.490654135643, 24715.208646176412, 34577.59736992737
359, 34715.34086794197, 24630.795776657247, 34715.34086794197, 27611.19848279518, 24716.1712773863, 34580.81654147225
360, 34715.34086794197, 24630.795776657247, 34715.34086794197, 27423.936064913727, 24699.810231710926, 34578.29461837937
361, 34715.34086794197, 24630.795776657247, 34715.34086794197, 28180.69843495923, 24705.34839991903, 34582.91105291469
362, 34715.34086794197, 24630.795776657247, 34715.34086794197, 27046.668082325254, 24712.103298484584, 34578.69144278477
363, 34753.069170431794, 24650.579604946957, 34753.069170431794, 27425.906108889965, 24712.63887354357, 34604.182340359315
364, 34753.069170431794, 24650.579604946957, 34753.069170431794, 27615.386900734735, 24706.660043563432, 34597.72502897754
365, 34753.069170431794, 24650.579604946957, 34753.069170431794, 27812.169270548882, 24708.054633908916, 34605.576192510205
366, 34753.069170431794, 24650.579604946957, 34753.069170431794, 27627.984773097938, 24711.78385648933, 34604.77158948683
367, 34753.069170431794, 24650.579604946957, 34753.069170431794, 28209.78491953966, 24698.88772938476, 34615.49394449901
368, 34753.069170431794, 24650.579604946957, 34753.069170431794, 27839.14368572661, 24682.92865036102, 34632.427479488026
369, 34753.069170431794, 24650.579604946957, 34753.069170431794, 27276.71542893607, 24700.20115928179, 34628.516515771866
370, 34753.069170431794, 24650.579604946957, 34753.069170431794, 27843.677422886463, 24689.187525207715, 34636.54068028519
371, 34753.069170431794, 24650.579604946957, 34753.069170431794, 27848.935494929956, 24686.28096735987, 34645.97725047587
372, 34753.069170431794, 24650.579604946957, 34753.069170431794, 27851.529846577676, 24695.58392664905, 34649.55341511443
373, 34753.069170431794, 24650.579604946957, 34753.069170431794, 27674.776855253083, 24701.90484975152, 34648.59327572873
374, 34753.069170431794, 24650.579604946957, 34753.069170431794, 27674.024479203516, 24714.764617070585, 34646.94209781129
375, 34778.42613121513, 24597.647240625265, 34778.42613121513, 29187.229768211324, 24686.917626754497, 34669.73934176376
376, 34778.42613121513, 24597.647240625265, 34778.42613121513, 27867.46990964904, 24694.793936990794, 34664.370064960734
377, 34778.42613121513, 24597.647240625265, 34778.42613121513, 29189.9614237793, 24692.28539990673, 34661.9362928884
378, 34778.42613121513, 24597.647240625265, 34778.42613121513, 27678.0231853403, 24693.146529409067, 34661.00187543767
379, 34778.42613121513, 24597.647240625265, 34778.42613121513, 28055.44998850365, 24691.443507564112, 34662.2754472811
380, 34778.42613121513, 24597.647240625265, 34778.42613121513, 27866.22965616471, 24697.64756908954, 34653.206301384824
381, 34778.42613121513, 24597.647240625265, 34778.42613121513, 27866.594513461318, 24696.542597496256, 34658.34495038597
382, 34778.42613121513, 24597.647240625265, 34778.42613121513, 28241.29385953939, 24689.321498758574, 34662.66942752045
383, 34778.42613121513, 24597.647240625265, 34778.42613121513, 28245.56028939146, 24695.946626455974, 34664.46985292863
384, 34778.42613121513, 24597.647240625265, 34778.42613121513, 28622.485020465043, 24683.142099318313, 34656.90918867204
385, 34778.42613121513, 24597.647240625265, 34778.42613121513, 28057.388294144268, 24686.931470918043, 34667.29383364933
386, 34778.42613121513, 24597.647240625265, 34778.42613121513, 27683.630867974207, 24679.2364457229, 34676.49246265176
387, 34778.42613121513, 24597.647240625265, 34778.42613121513, 28825.764408620493, 24657.691174828848, 34679.178855485916
388, 34778.42613121513, 24597.647240625265, 34778.42613121513, 28640.639080219276, 24642.685143958523, 34681.614305718336
389, 34778.42613121513, 24597.647240625265, 34778.42613121513, 28640.145792828775, 24647.453419117635, 34680.32660654598
390, 34778.42613121513, 24597.647240625265, 34778.42613121513, 28260.74711625974, 24653.884432644812, 34675.33048928804
391, 34778.42613121513, 24597.647240625265, 34778.42613121513, 28072.034959393717, 24647.064050089895, 34683.56517359961
392, 34778.42613121513, 24597.647240625265, 34778.42613121513, 28074.294241407144, 24651.09036208961, 34681.0752064726
393, 34778.42613121513, 24597.647240625265, 34778.42613121513, 27890.016659155892, 24659.687348784908, 34678.24511839914
394, 34778.42613121513, 24597.647240625265, 34778.42613121513, 27692.66710271812, 24652.100638435226, 34667.75134209346
395, 34785.89179771162, 24562.27597842724, 34785.89179771162, 27510.640632721945, 24649.83423217366, 34687.89562644353
396, 34785.89179771162, 24562.27597842724, 34785.89179771162, 28833.958212589634, 24634.176238108656, 34684.043618682255
397, 34785.89179771162, 24562.27597842724, 34785.89179771162, 28447.296532103865, 24649.15989589161, 34673.617892627044
398, 34785.89179771162, 24562.27597842724, 34785.89179771162, 29017.695989836488, 24647.84994913718, 34673.17999205648
399, 34785.89179771162, 24562.27597842724, 34785.89179771162, 29207.206222874807, 24634.517400790435, 34680.77285997173
400, 34785.89179771162, 24562.27597842724, 34785.89179771162, 29212.391443249417, 24642.74558008121, 34693.77462505221
401, 34790.410359484544, 24605.53929118822, 34790.410359484544, 28264.055163160927, 24659.583134186803, 34680.67745239139
402, 34790.410359484544, 24605.53929118822, 34790.410359484544, 28266.386351889716, 24647.150702968982, 34682.395260035555
403, 34790.410359484544, 24605.53929118822, 34790.410359484544, 28643.835996918493, 24652.97104005692, 34684.191101514414
404, 34790.410359484544, 24605.53929118822, 34790.410359484544, 28457.385464830957, 24647.08627918685, 34692.65078765445
405, 34790.410359484544, 24605.53929118822, 34790.410359484544, 28453.840623994685, 24652.26389371181, 34694.22793356534
406, 34790.410359484544, 24605.53929118822, 34790.410359484544, 28643.821637131026, 24632.644555641422, 34681.29126840687
407, 34790.410359484544, 24605.53929118822, 34790.410359484544, 27698.433989529174, 24649.344109860434, 34688.194935044485
408, 34790.410359484544, 24605.53929118822, 34790.410359484544, 29025.15085882731, 24637.782632652346, 34691.91170707432
409, 34790.410359484544, 24605.53929118822, 34790.410359484544, 27894.989976677927, 24657.654324167775, 34690.01624268626
410, 34790.410359484544, 24605.53929118822, 34790.410359484544, 27707.507179224314, 24662.211050396396, 34697.571467087975
411, 34790.410359484544, 24605.53929118822, 34790.410359484544, 28081.07999272248, 24664.24692810426, 34692.1570828153
412, 34790.410359484544, 24605.53929118822, 34790.410359484544, 28838.401518878654, 24655.246177076366, 34695.96382115225
413, 34839.59692621791, 24638.631025925566, 34839.59692621791, 28846.694416783834, 24650.401879484572, 34695.57427041849
414, 34839.59692621791, 24638.631025925566, 34839.59692621791, 28085.211252482604, 24670.923086409075, 34707.16338679617
415, 34839.59692621791, 24638.631025925566, 34839.59692621791, 27521.963295691196, 24676.496665850897, 34706.9564905701
416, 34839.59692621791, 24638.631025925566, 34839.59692621791, 27708.32840388915, 24663.496943406913, 34708.04736878574
417, 34839.59692621791, 24638.631025925566, 34839.59692621791, 27521.426179210568, 24674.046293216426, 34707.470458770185
418, 34839.59692621791, 24638.631025925566, 34839.59692621791, 27899.69424934231, 24673.634453851766, 34711.65924852417
419, 34839.59692621791, 24638.631025925566, 34839.59692621791, 28091.39029828371, 24672.268384240557, 34702.53509647512
420, 34839.59692621791, 24638.631025925566, 34839.59692621791, 27337.193880063318, 24677.566078260046, 34710.68002266206
421, 34839.59692621791, 24638.631025925566, 34839.59692621791, 27720.318963052476, 24681.47233807176, 34718.69193870928
422, 34839.59692621791, 24638.631025925566, 34839.59692621791, 27345.312455734216, 24696.015813995364, 34712.118927077965
423, 34839.59692621791, 24638.631025925566, 34839.59692621791, 27541.606063928946, 24680.114306350264, 34718.37262781672
424, 34839.59692621791, 24638.631025925566, 34839.59692621791, 27175.752994765455, 24697.78090815529, 34746.44581152455
425, 34839.59692621791, 24638.631025925566, 34839.59692621791, 28122.144771835738, 24685.41197326501, 34737.51865774847
426, 34839.59692621791, 24638.631025925566, 34839.59692621791, 27557.885370059743, 24693.842868010048, 34736.39698571256
427, 34839.59692621791, 24638.631025925566, 34839.59692621791, 28122.061609868775, 24695.15208678518, 34742.37146784766
428, 34839.59692621791, 24638.631025925566, 34839.59692621791, 27557.268476923524, 24705.44638504274, 34745.56053593896
429, 34839.59692621791, 24638.631025925566, 34839.59692621791, 27556.472892438815, 24704.636116183487, 34746.18938125243
430, 34839.59692621791, 24638.631025925566, 34839.59692621791, 27364.849243604996, 24704.144921766547, 34731.89145630669
431, 34839.59692621791, 24638.631025925566, 34839.59692621791, 27746.376854127462, 24686.57148353285, 34748.27133689052
432, 34839.59692621791, 24638.631025925566, 34839.59692621791, 27746.30210279854, 24699.209187553846, 34746.11736719576
433, 34839.59692621791, 24638.631025925566, 34839.59692621791, 27178.03829204571, 24698.260326162283, 34741.71724777709
434, 34839.59692621791, 24638.631025925566, 34839.59692621791, 27368.49536429113, 24694.578940988493, 34742.6775036977
435, 34839.59692621791, 24638.631025925566, 34839.59692621791, 27745.308169270724, 24690.17529569654, 34738.513554920435
436, 34839.59692621791, 24638.631025925566, 34839.59692621791, 27930.38951788615, 24691.82715845543, 34738.864494885536
437, 34839.59692621791, 24638.631025925566, 34839.59692621791, 27745.231491202132, 24695.25626300105, 34738.986417859145
438, 34856.944696850136, 24688.18583573166, 34856.944696850136, 27367.735457211376, 24699.111182251672, 34743.79111434175
439, 34856.944696850136, 24688.18583573166, 34856.944696850136, 26988.926159162904, 24706.524865855114, 34743.637204520666
440, 34856.944696850136, 24688.18583573166, 34856.944696850136, 27557.474595820404, 24698.702154062623, 34740.472351112396
441, 34856.944696850136, 24688.18583573166, 34856.944696850136, 27178.134931925437, 24723.289481929784, 34749.70907791211
442, 34856.944696850136, 24688.18583573166, 34856.944696850136, 27742.995874968336, 24693.99388996546, 34751.44101433941
443, 34856.944696850136, 24688.18583573166, 34856.944696850136, 27744.72269895595, 24712.349662706165, 34752.07325095183
444, 34856.944696850136, 24688.18583573166, 34856.944696850136, 27749.044029228313, 24700.497088641925, 34761.78238538036
445, 34856.944696850136, 24688.18583573166, 34856.944696850136, 27181.142564751397, 24709.648102328232, 34763.29833997159
446, 34886.631364966925, 24657.45327618645, 34886.631364966925, 27373.711652059876, 24719.492579514324, 34757.87270892298
447, 34886.631364966925, 24657.45327618645, 34886.631364966925, 27374.003396014687, 24719.760487171756, 34759.350700775314
448, 34886.631364966925, 24657.45327618645, 34886.631364966925, 27949.492390084015, 24742.069410536402, 34768.75614730351
449, 34886.631364966925, 24657.45327618645, 34886.631364966925, 27378.498781013823, 24741.24014064013, 34765.05536901421
450, 34886.631364966925, 24657.45327618645, 34886.631364966925, 28333.024038705385, 24730.197045049987, 34772.566330033886
451, 34886.631364966925, 24657.45327618645, 34886.631364966925, 27384.000758076378, 24734.52576407189, 34770.97393159744
452, 34886.631364966925, 24657.45327618645, 34886.631364966925, 27757.000555073402, 24738.34096034551, 34761.68494265969
453, 34886.631364966925, 24657.45327618645, 34886.631364966925, 27382.172314325147, 24735.95730352029, 34771.61941254978
454, 34886.631364966925, 24657.45327618645, 34886.631364966925, 27756.77861170132, 24736.74058920107, 34768.595726703876
455, 34886.631364966925, 24657.45327618645, 34886.631364966925, 28142.09326155013, 24724.537024608788, 34769.73327382796
456, 34886.631364966925, 24657.45327618645, 34886.631364966925, 27575.930246441374, 24730.340404972732, 34769.36118245248
457, 34886.631364966925, 24657.45327618645, 34886.631364966925, 27385.630930562886, 24730.856654711744, 34772.25431678505
458, 34886.631364966925, 24657.45327618645, 34886.631364966925, 27015.20086234561, 24746.315375366357, 34772.527404479144
459, 34886.631364966925, 24657.45327618645, 34886.631364966925, 27588.630087987964, 24716.89510176382, 34788.65131518421
460, 34886.631364966925, 24657.45327618645, 34886.631364966925, 27402.831656055252, 24716.74588733692, 34784.062070963875
461, 34886.631364966925, 24657.45327618645, 34886.631364966925, 27591.719860146775, 24705.58348298205, 34787.038397797456
462, 34886.631364966925, 24657.45327618645, 34886.631364966925, 27402.791565116066, 24706.987515450088, 34787.52924441777
463, 34886.631364966925, 24657.45327618645, 34886.631364966925, 28163.03171208359, 24706.71224168285, 34793.43602986733
464, 34886.631364966925, 24657.45327618645, 34886.631364966925, 27405.142582284792, 24713.221013821803, 34790.22491539283
465, 34886.631364966925, 24657.45327618645, 34886.631364966925, 27594.330223064917, 24707.20724963388, 34792.50753019681
466, 34886.631364966925, 24657.45327618645, 34886.631364966925, 27405.186075307916, 24717.531779872883, 34789.96450212611
467, 34886.631364966925, 24657.45327618645, 34886.631364966925, 27782.66097087937, 24707.092113731527, 34787.36606668052
468, 34886.631364966925, 24657.45327618645, 34886.631364966925, 27593.563702406296, 24713.21371464867, 34793.87590494539
469, 34886.631364966925, 24657.45327618645, 34886.631364966925, 27782.561271942322, 24705.504724218652, 34783.25481807704
470, 34886.631364966925, 24657.45327618645, 34886.631364966925, 27025.85053638339, 24718.244610329035, 34785.510026975426
471, 34886.631364966925, 24657.45327618645, 34886.631364966925, 27025.578482252266, 24725.44209770412, 34791.565832534485
472, 34886.631364966925, 24657.45327618645, 34886.631364966925, 27782.286195122237, 24712.457398436414, 34793.49740907276
473, 34886.631364966925, 24657.45327618645, 34886.631364966925, 28161.60431788628, 24703.386873179847, 34791.724016513755
474, 34886.631364966925, 24657.45327618645, 34886.631364966925, 27402.325617278915, 24709.17658993025, 34787.98261974592
475, 34886.631364966925, 24657.45327618645, 34886.631364966925, 26835.87028074372, 24715.885559595605, 34793.21778685665
476, 34886.631364966925, 24657.45327618645, 34886.631364966925, 28158.231149258936, 24718.831760200006, 34780.32909497047
477, 34886.631364966925, 24657.45327618645, 34886.631364966925, 27213.78329394174, 24716.330800226977, 34787.33200116807
478, 34886.631364966925, 24657.45327618645, 34886.631364966925, 27781.058789815503, 24710.854533712012, 34787.99749780757
479, 34886.631364966925, 24657.45327618645, 34886.631364966925, 27591.531449232058, 24718.34832682844, 34788.908123457404
480, 34886.631364966925, 24657.45327618645, 34886.631364966925, 27023.753989348053, 24716.245565512254, 34791.99368049892
481, 34886.631364966925, 24657.45327618645, 34886.631364966925, 28157.724620257075, 24705.361953018848, 34780.10836319601
482, 34886.631364966925, 24657.45327618645, 34886.631364966925, 27400.04458211759, 24714.961772418555, 34783.6411124673
483, 34886.631364966925, 24657.45327618645, 34886.631364966925, 27783.81202427386, 24713.72460431864, 34796.35345241751
484, 34886.631364966925, 24657.45327618645, 34886.631364966925, 27024.688530200274, 24724.931763547145, 34792.922110149244
485, 34886.631364966925, 24657.45327618645, 34886.631364966925, 27778.465422128742, 24718.0341324774, 34782.27679805808
486, 34886.631364966925, 24657.45327618645, 34886.631364966925, 27976.768665330976, 24708.074560225756, 34783.50505942491
487, 34886.631364966925, 24657.45327618645, 34886.631364966925, 27593.369025069343, 24719.584194772036, 34781.09484474651
488, 34886.631364966925, 24657.45327618645, 34886.631364966925, 27024.75066943921, 24715.469517008427, 34791.73826049404
489, 34886.631364966925, 24657.45327618645, 34886.631364966925, 27215.852880278002, 24718.688663410347, 34787.17674462114
490, 34886.631364966925, 24657.45327618645, 34886.631364966925, 27783.954186972907, 24714.773958121365, 34795.776651286535
491, 34886.631364966925, 24657.45327618645, 34886.631364966925, 27403.74868674399, 24713.28039369901, 34786.7453418633
492, 34886.631364966925, 24657.45327618645, 34886.631364966925, 27970.851310049475, 24707.080984650303, 34792.28452066984
493, 34886.631364966925, 24657.45327618645, 34886.631364966925, 27404.525830343166, 24713.408903569863, 34793.88416710936
494, 34886.631364966925, 24657.45327618645, 34886.631364966925, 27589.026290330698, 24710.753310247837, 34783.42490887951
495, 34886.631364966925, 24657.45327618645, 34886.631364966925, 27403.949614124827, 24720.956025265168, 34782.464894386794
496, 34886.631364966925, 24657.45327618645, 34886.631364966925, 27790.056226898636, 24710.43058871008, 34805.66670286458
497, 34886.631364966925, 24657.45327618645, 34886.631364966925, 27214.447491298306, 24711.376091457347, 34785.14149365353
498, 34886.631364966925, 24657.45327618645, 34886.631364966925, 27970.963181846048, 24715.22206185963, 34786.92509351437
499, 34886.631364966925, 24657.45327618645, 34886.631364966925, 27591.8095760185, 24717.847203796668, 34779.8024947342
500, 34886.631364966925, 24657.45327618645, 34886.631364966925, 27405.173646082356, 24715.86368748554, 34785.31355255313
