1, 27025.07082477606, 24680.04718629601, 27025.07082477606, 25240.855852205146, 24658.830133337942, 25240.855852205146
2, 27308.46401893706, 24660.16372961932, 27308.46401893706, 22341.581339137225, 24661.817821707416, 26205.472689919567
3, 27496.653003266325, 24560.58694119059, 27496.653003266325, 24318.752900770887, 24622.114882980804, 26714.79441541281
4, 27784.74039690712, 24643.404830088337, 27784.74039690712, 24382.68323516941, 24600.708464445557, 27250.871544988888
5, 27970.935315835122, 24579.49943302666, 27970.935315835122, 24305.111028231757, 24604.61699691742, 27502.741957458165
6, 28298.96822981388, 24574.626576803028, 28298.96822981388, 24781.345015112238, 24588.076273736657, 27692.656292040665
7, 28705.800093291957, 24502.845519250353, 28705.800093291957, 27006.54818864758, 24539.820287568644, 27936.695274648744
8, 28899.844101998453, 24359.25516678201, 28899.844101998453, 26521.860901878263, 24508.208196731488, 28250.579092794047
9, 29301.582008731963, 24688.520072768413, 29301.582008731963, 26019.557155937622, 24525.707185632415, 28560.675940925594
10, 29442.516675140138, 24581.714921108996, 29442.516675140138, 23887.88276183832, 24604.330595867817, 28850.290132909624
11, 29792.496527288982, 24551.9235642619, 29792.496527288982, 24840.314718341804, 24594.180138556618, 29016.763946420615
12, 29794.29836635601, 24522.704016416024, 29794.29836635601, 26470.655629736335, 24589.715273940838, 29237.438600491496
13, 29966.348683806667, 24525.767003774785, 29966.348683806667, 28811.39661256421, 24544.32898659764, 29461.222829736937
14, 30254.294753095095, 24653.183995971554, 30254.294753095095, 25623.862652324682, 24565.239228278024, 29728.85025517918
15, 30254.294753095095, 24653.183995971554, 30254.294753095095, 25255.00275216529, 24547.16961423338, 29873.28571779947
16, 30254.294753095095, 24653.183995971554, 30254.294753095095, 25189.400347087758, 24561.397211167372, 29967.17745689678
17, 30280.882988664565, 24669.539419238732, 30280.882988664565, 26097.604587384452, 24581.516953194452, 30059.55137764469
18, 30280.882988664565, 24669.539419238732, 30280.882988664565, 25658.99668114946, 24587.561458342938, 30122.30412921323
19, 30338.641289372103, 24608.78780385708, 30338.641289372103, 25866.476746772314, 24601.718821994582, 30166.02331200527
20, 30343.399470312954, 24611.912815002084, 30343.399470312954, 26050.430775697758, 24594.535861753913, 30185.693288124516
21, 30402.38535357221, 24586.880349956216, 30402.38535357221, 27226.936963345517, 24594.09226217282, 30215.525003149065
22, 30494.972825218116, 24679.4032310972, 30494.972825218116, 26755.76061995848, 24621.624756602705, 30241.75128755562
23, 30524.09889012548, 24518.798036924305, 30524.09889012548, 24791.844779834213, 24668.25171727517, 30276.6015181104
24, 30596.783806574356, 24565.93038870742, 30596.783806574356, 27806.608098255092, 24616.52831398268, 30302.482928031855
25, 30629.593602211233, 24404.702370613115, 30629.593602211233, 26690.388620506277, 24605.708861528205, 30352.083028520985
26, 31024.262411012387, 24644.93210006525, 31024.262411012387, 27415.947722342178, 24588.562257698395, 30431.904173993797
27, 31024.262411012387, 24644.93210006525, 31024.262411012387, 24983.91323883892, 24605.718193952976, 30565.901173600345
28, 31114.36499626231, 24535.41740045869, 31114.36499626231, 26075.22872571439, 24595.896540803635, 30636.95505655187
29, 31217.841180731855, 24575.923167717945, 31217.841180731855, 28529.668904079594, 24570.384934113565, 30729.072445867423
30, 31217.841180731855, 24575.923167717945, 31217.841180731855, 26788.564298355373, 24595.346998859626, 30869.536783406173
31, 31217.841180731855, 24575.923167717945, 31217.841180731855, 28236.94525641007, 24604.553782347783, 30955.474971655178
32, 31260.94709028735, 24676.525628382755, 31260.94709028735, 28826.685376401238, 24592.536611908807, 31042.377787530902
33, 31260.94709028735, 24676.525628382755, 31260.94709028735, 26479.00960668802, 24619.41008233274, 31080.861098841993
34, 31260.94709028735, 24676.525628382755, 31260.94709028735, 25653.792371674128, 24612.503260678386, 31109.048413870463
35, 31436.683018231197, 24532.611052684784, 31436.683018231197, 29949.829447425785, 24550.313871261747, 31143.948566564948
36, 31439.619448857746, 24497.537173088032, 31439.619448857746, 28460.78515813092, 24563.38656759122, 31204.214703868092
37, 31549.77091669794, 24643.938399220657, 31549.77091669794, 26451.146290967434, 24580.951104395317, 31265.8864427602
38, 31549.77091669794, 24643.938399220657, 31549.77091669794, 25451.816701528187, 24593.440317765315, 31287.718991336384
39, 31549.77091669794, 24643.938399220657, 31549.77091669794, 26873.731929577054, 24564.085899960617, 31339.269033413522
40, 31549.77091669794, 24643.938399220657, 31549.77091669794, 26568.81198204671, 24583.872501136193, 31371.7598094229
41, 31549.77091669794, 24643.938399220657, 31549.77091669794, 27284.965839770437, 24580.457278941692, 31412.41110219881
42, 31567.43170458395, 24433.143981595356, 31567.43170458395, 25939.429562272016, 24614.876575897306, 31436.76463058004
43, 31775.26616125591, 24286.56671217316, 31775.26616125591, 29234.277032342226, 24593.95266006054, 31459.09786754051
44, 31804.983975244497, 24221.798084403425, 31804.983975244497, 31191.36301438853, 24557.906352057144, 31536.127868920554
45, 31857.788634186276, 24319.835598204, 31857.788634186276, 31393.50966404168, 24513.055478360213, 31566.625897820195
46, 31936.158978177344, 24617.945289820724, 31936.158978177344, 30925.878156055103, 24446.346084514593, 31619.223702366657
47, 31936.158978177344, 24617.945289820724, 31936.158978177344, 27000.047379885476, 24514.864583053528, 31694.807433633476
48, 31936.158978177344, 24617.945289820724, 31936.158978177344, 26350.794502723475, 24543.296716893383, 31738.469667995265
49, 32032.62746263796, 24584.13901744929, 32032.62746263796, 27079.46706991788, 24526.959163356267, 31765.384921257293
50, 32066.983297348022, 24550.42722521678, 32066.983297348022, 28320.627699625165, 24510.97892207574, 31804.661477301423
51, 32079.48717635044, 24581.682598647065, 32079.48717635044, 27832.84473802298, 24555.800630411086, 31851.41704936085
52, 32079.773842044102, 24531.747262962075, 32079.773842044102, 27866.513886396307, 24563.245069105727, 31886.042069744155
53, 32208.006961423052, 24529.12185925698, 32208.006961423052, 28598.81699715707, 24601.375447370778, 31915.26212475152
54, 32208.006961423052, 24529.12185925698, 32208.006961423052, 28101.314548640083, 24593.785348646044, 31963.54212609892
55, 32268.02648400332, 24511.562130312126, 32268.02648400332, 29186.021561240737, 24554.899686817378, 31983.811432323888
56, 32268.02648400332, 24511.562130312126, 32268.02648400332, 28861.257444384737, 24560.963916946577, 32018.350324998963
57, 32339.673678429703, 24418.723825260447, 32339.673678429703, 29256.77960815169, 24551.15917913273, 32069.318924095176
58, 32378.871123186953, 24410.111172727182, 32378.871123186953, 30356.10641432214, 24550.4930965542, 32119.53460289066
59, 32379.0110891323, 24406.88830356931, 32379.0110891323, 29689.920289184065, 24552.31855371318, 32151.507648186507
60, 32379.0110891323, 24406.88830356931, 32379.0110891323, 30445.715004353606, 24521.528175616484, 32209.594733191738
61, 32379.0110891323, 24406.88830356931, 32379.0110891323, 30114.939412486252, 24523.189653175494, 32228.461581596668
62, 32379.0110891323, 24406.88830356931, 32379.0110891323, 30494.90437069987, 24520.97645031107, 32255.134356421673
63, 32379.0110891323, 24406.88830356931, 32379.0110891323, 30876.35907569617, 24475.716080620485, 32286.348801085434
64, 32379.0110891323, 24406.88830356931, 32379.0110891323, 29645.172478261786, 24529.373410434222, 32280.104821193727
65, 32391.94556090171, 24642.4744031315, 32391.94556090171, 27019.436075506623, 24523.270459613486, 32308.88399012523
66, 32422.916049247993, 24601.279787556992, 32422.916049247993, 27193.822511487102, 24504.62954224703, 32313.880072977056
67, 32422.916049247993, 24601.279787556992, 32422.916049247993, 28082.231145318485, 24494.43204693095, 32317.470362332195
68, 32491.904835145746, 24526.19126466579, 32491.904835145746, 30206.00721290557, 24460.86494712967, 32323.6232667482
69, 32491.904835145746, 24526.19126466579, 32491.904835145746, 28447.755192692224, 24497.225081744935, 32334.789560681646
70, 32491.904835145746, 24526.19126466579, 32491.904835145746, 28798.359479198924, 24506.889969519503, 32325.52889234347
71, 32491.904835145746, 24526.19126466579, 32491.904835145746, 27573.497495505846, 24539.445224412513, 32345.966811000497
72, 32591.203198413576, 24323.42790856033, 32591.203198413576, 31472.54067603831, 24545.680876184015, 32358.651777198247
73, 32671.041454629798, 24456.41579708717, 32671.041454629798, 31855.231265567396, 24548.831432644067, 32386.134324608178
74, 32696.42316808542, 24656.081924045724, 32696.42316808542, 26380.53131230373, 24607.736296656174, 32426.839519887995
75, 32696.42316808542, 24656.081924045724, 32696.42316808542, 26758.943167315756, 24613.140772634073, 32445.61094513293
76, 32696.42316808542, 24656.081924045724, 32696.42316808542, 26978.192619388596, 24599.607305311954, 32484.262770364465
77, 32788.42557289213, 24567.748815353076, 32788.42557289213, 27182.277527316965, 24592.680916835114, 32520.053068460165
78, 32788.42557289213, 24567.748815353076, 32788.42557289213, 28456.308663795404, 24554.765922200328, 32559.978843118024
79, 32904.6688776631, 24599.67927565338, 32904.6688776631, 28307.23211675467, 24547.67576695962, 32585.05221352145
80, 32904.6688776631, 24599.67927565338, 32904.6688776631, 28160.35091936486, 24602.303884037254, 32629.416552377377
81, 32971.63262562316, 24620.06772231864, 32971.63262562316, 29078.02207101563, 24595.530436068508, 32654.84282809107
82, 32971.63262562316, 24620.06772231864, 32971.63262562316, 26419.246488430137, 24629.8320613289, 32693.7432582005
83, 32988.14061554718, 24408.035152957444, 32988.14061554718, 27516.046261840966, 24651.609699698267, 32711.914753627574
84, 33040.22757340987, 24580.91324957129, 33040.22757340987, 30956.069740736835, 24594.24644890235, 32749.119951039625
85, 33040.22757340987, 24580.91324957129, 33040.22757340987, 28665.942093043122, 24611.70090222917, 32792.38962914866
86, 33048.05772719428, 24665.388368553176, 33048.05772719428, 29408.96295488501, 24611.061374249126, 32824.02550583556
87, 33048.05772719428, 24665.388368553176, 33048.05772719428, 27271.74514797733, 24638.616519996267, 32838.274759194464
88, 33048.05772719428, 24665.388368553176, 33048.05772719428, 26594.740225620088, 24649.237633116794, 32870.635520863674
89, 33048.05772719428, 24665.388368553176, 33048.05772719428, 27341.57627481733, 24642.653824976634, 32911.526045429084
90, 33048.05772719428, 24665.388368553176, 33048.05772719428, 26631.453377356527, 24652.700511283816, 32914.745453222175
91, 33048.05772719428, 24665.388368553176, 33048.05772719428, 27001.39323182712, 24641.892772048162, 32929.90156541338
92, 33062.71003392309, 24602.479888726204, 33062.71003392309, 27551.611107625307, 24606.679809111043, 32941.55877638904
93, 33224.1281305522, 24629.985587408773, 33224.1281305522, 28118.449690352823, 24633.847838925478, 32961.260887208315
94, 33234.71768995497, 24539.137024114192, 33234.71768995497, 26682.055668112265, 24653.32072508527, 32999.10367727344
95, 33234.71768995497, 24539.137024114192, 33234.71768995497, 28859.067541442408, 24627.324678901165, 33007.50140160242
96, 33285.57196870299, 24655.00426080059, 33285.57196870299, 28145.31668411086, 24639.42542459671, 33019.56286221816
97, 33285.57196870299, 24655.00426080059, 33285.57196870299, 26882.126099962046, 24680.45839037459, 33037.35283946204
98, 33285.57196870299, 24655.00426080059, 33285.57196870299, 27257.65539157058, 24672.03665441447, 33045.55813621875
99, 33285.57196870299, 24655.00426080059, 33285.57196870299, 27986.504028539373, 24654.47848307978, 33053.440452699244
100, 33285.57196870299, 24655.00426080059, 33285.57196870299, 26558.54770203038, 24648.02844516917, 33060.82135099241
101, 33285.57196870299, 24655.00426080059, 33285.57196870299, 27493.02706341039, 24637.19796505943, 33094.07111632082
102, 33285.57196870299, 24655.00426080059, 33285.57196870299, 27169.61681902269, 24646.301876738857, 33141.45902876531
103, 33285.57196870299, 24655.00426080059, 33285.57196870299, 27191.120789537345, 24640.973650020736, 33157.03029987749
104, 33285.57196870299, 24655.00426080059, 33285.57196870299, 26829.884092464014, 24619.924379792337, 33163.215398956854
105, 33285.57196870299, 24655.00426080059, 33285.57196870299, 27374.148205780624, 24604.463865104015, 33163.45455448362
106, 33308.27685589531, 24636.910276349176, 33308.27685589531, 29556.357301085107, 24578.859064125343, 33169.551999274365
107, 33379.88934659283, 24681.10277935996, 33379.88934659283, 27390.90937413127, 24618.23041783122, 33199.92132995101
108, 33379.88934659283, 24681.10277935996, 33379.88934659283, 26483.940387215014, 24631.793977540223, 33190.77761635161
109, 33379.88934659283, 24681.10277935996, 33379.88934659283, 27390.642348486617, 24631.00854319858, 33195.58643366673
110, 33379.88934659283, 24681.10277935996, 33379.88934659283, 27224.208028984674, 24655.00058593305, 33204.775741513404
111, 33379.88934659283, 24681.10277935996, 33379.88934659283, 26509.909836839983, 24695.917496944792, 33203.3533061949
112, 33379.88934659283, 24681.10277935996, 33379.88934659283, 26338.27477776602, 24690.607671493435, 33229.1586469914
113, 33379.88934659283, 24681.10277935996, 33379.88934659283, 26525.94755569095, 24682.232986107232, 33231.79829375007
114, 33379.88934659283, 24681.10277935996, 33379.88934659283, 26351.959071051304, 24681.40070336703, 33240.877556616775
115, 33379.88934659283, 24681.10277935996, 33379.88934659283, 26906.138864941317, 24684.979342939823, 33262.95213840958
116, 33428.287368035024, 24591.131423872906, 33428.287368035024, 27102.449225475964, 24663.235581346333, 33272.62978904199
117, 33428.287368035024, 24591.131423872906, 33428.287368035024, 27831.985798963695, 24642.787996573956, 33280.23246513805
118, 33428.287368035024, 24591.131423872906, 33428.287368035024, 28929.910279654872, 24614.332843932123, 33290.85031677165
119, 33428.287368035024, 24591.131423872906, 33428.287368035024, 26944.77059940937, 24693.998148759038, 33298.26708872919
120, 33428.287368035024, 24591.131423872906, 33428.287368035024, 27857.486243334875, 24706.526552620446, 33309.19463339578
121, 33467.13816586938, 24647.895496406825, 33467.13816586938, 27497.47554706022, 24706.065954540085, 33308.843345296606
122, 33467.13816586938, 24647.895496406825, 33467.13816586938, 27317.16264710098, 24713.084819824602, 33319.7813238768
123, 33467.13816586938, 24647.895496406825, 33467.13816586938, 27685.6569828545, 24706.17765143044, 33326.74070017835
124, 33467.13816586938, 24647.895496406825, 33467.13816586938, 27501.648156655814, 24703.870781898815, 33323.98486170555
125, 33467.13816586938, 24647.895496406825, 33467.13816586938, 27500.086560697822, 24697.798133442957, 33313.939419149276
126, 33467.13816586938, 24647.895496406825, 33467.13816586938, 27506.927186072713, 24704.365707081706, 33321.73032416871
127, 33484.64421419876, 24623.65780728973, 33484.64421419876, 27873.267917510235, 24680.359795590884, 33340.509578102654
128, 33594.66501194301, 24625.20346536145, 33594.66501194301, 29349.92208032938, 24653.27850555451, 33356.338603361015
129, 33594.66501194301, 24625.20346536145, 33594.66501194301, 27361.61245154997, 24653.30440798866, 33377.90358733777
130, 33594.66501194301, 24625.20346536145, 33594.66501194301, 27189.008002395178, 24659.217632885076, 33395.260098391685
131, 33594.66501194301, 24625.20346536145, 33594.66501194301, 27560.063019899404, 24658.05889754285, 33401.64890107727
132, 33594.66501194301, 24625.20346536145, 33594.66501194301, 28671.17599294132, 24656.902816709156, 33419.498092916474
133, 33594.66501194301, 24625.20346536145, 33594.66501194301, 27581.50082983722, 24666.610322555993, 33425.12184551907
134, 33594.66501194301, 24625.20346536145, 33594.66501194301, 28314.885258756607, 24660.72231784518, 33426.465896786416
135, 33594.66501194301, 24625.20346536145, 33594.66501194301, 27601.23256871772, 24657.028650613564, 33439.049848196766
136, 33594.66501194301, 24625.20346536145, 33594.66501194301, 27979.627163118876, 24665.535783276766, 33450.156678819294
137, 33594.66501194301, 24625.20346536145, 33594.66501194301, 28174.33695652771, 24656.444877776175, 33464.457034416555
138, 33594.66501194301, 24625.20346536145, 33594.66501194301, 28017.696507240114, 24658.64146559781, 33494.22411047398
139, 33617.654975193494, 24457.67635013268, 33617.654975193494, 27667.834071214158, 24672.39792549431, 33506.700700556066
140, 33617.654975193494, 24457.67635013268, 33617.654975193494, 31135.780298706322, 24621.063906111012, 33507.29634628459
141, 33617.654975193494, 24457.67635013268, 33617.654975193494, 30410.52404258393, 24625.323755992547, 33510.874317374
142, 33617.654975193494, 24457.67635013268, 33617.654975193494, 30228.724409857674, 24621.963345053755, 33516.10404133016
143, 33617.654975193494, 24457.67635013268, 33617.654975193494, 29682.934717142503, 24615.81639717005, 33517.09290570894
144, 33617.654975193494, 24457.67635013268, 33617.654975193494, 31143.098864476295, 24608.55979813025, 33506.21965867576
145, 33657.45678571771, 24642.058243425796, 33657.45678571771, 27491.298795702776, 24638.363648142364, 33527.08136338185
146, 33729.279244852056, 24663.94876109555, 33729.279244852056, 27501.978404447145, 24622.156765326905, 33559.800544391896
147, 33729.279244852056, 24663.94876109555, 33729.279244852056, 27321.84175088453, 24596.815716578865, 33551.627214280285
148, 33729.279244852056, 24663.94876109555, 33729.279244852056, 26962.98795638378, 24599.703073453707, 33552.66205252644
149, 33729.279244852056, 24663.94876109555, 33729.279244852056, 27516.713898949794, 24578.72847055086, 33562.80555900922
150, 33729.279244852056, 24663.94876109555, 33729.279244852056, 27520.775246759415, 24598.878758741997, 33556.079344497426
151, 33729.279244852056, 24663.94876109555, 33729.279244852056, 26986.03187389924, 24638.888420819694, 33586.243201566875
152, 33729.279244852056, 24663.94876109555, 33729.279244852056, 27000.145192059612, 24694.86974606926, 33598.81617467491
153, 33729.279244852056, 24663.94876109555, 33729.279244852056, 28106.3804475155, 24692.349205898387, 33597.36274815046
154, 33729.279244852056, 24663.94876109555, 33729.279244852056, 28121.03729203969, 24694.614893257785, 33608.15903944821
155, 33729.279244852056, 24663.94876109555, 33729.279244852056, 27229.23660210774, 24704.573031789223, 33632.005408134835
156, 33729.279244852056, 24663.94876109555, 33729.279244852056, 27224.02778747077, 24707.25282952631, 33629.4976970572
157, 33729.279244852056, 24663.94876109555, 33729.279244852056, 27409.705021035526, 24703.69931553329, 33637.67845788305
158, 33732.766909029124, 24649.970490097618, 33732.766909029124, 28329.52921060187, 24700.298367627518, 33636.631225680576
159, 33732.766909029124, 24649.970490097618, 33732.766909029124, 28324.58351114537, 24687.42713950836, 33635.6617496573
160, 33761.885365973496, 24628.7805275029, 33761.885365973496, 28882.853469143105, 24684.26191249731, 33647.36898547984
161, 33761.885365973496, 24628.7805275029, 33761.885365973496, 28514.928383509996, 24693.45950774585, 33638.788438313946
162, 33761.885365973496, 24628.7805275029, 33761.885365973496, 28513.516027488407, 24693.32288936575, 33645.63073487263
163, 33761.885365973496, 24628.7805275029, 33761.885365973496, 27416.93727183976, 24697.93690033784, 33648.320735972025
164, 33761.885365973496, 24628.7805275029, 33761.885365973496, 28329.2788871215, 24682.90068128702, 33642.28231038769
165, 33761.885365973496, 24628.7805275029, 33761.885365973496, 27787.53800230768, 24689.960606891247, 33653.249175946956
166, 33779.9672159666, 24609.61551884465, 33779.9672159666, 27415.924839393952, 24684.685248332844, 33648.364089093535
167, 33779.9672159666, 24609.61551884465, 33779.9672159666, 27421.20224928273, 24684.56059525722, 33662.91016028871
168, 33779.9672159666, 24609.61551884465, 33779.9672159666, 28532.84585659523, 24677.776040622168, 33667.83959113844
169, 33779.9672159666, 24609.61551884465, 33779.9672159666, 27990.275603438127, 24670.125783431922, 33684.72378513789
170, 33779.9672159666, 24609.61551884465, 33779.9672159666, 28357.799729747436, 24654.48132113184, 33671.7467717451
171, 33779.9672159666, 24609.61551884465, 33779.9672159666, 27806.46297866102, 24664.934943162254, 33675.34866661252
172, 33779.9672159666, 24609.61551884465, 33779.9672159666, 27625.530411273707, 24659.096330482666, 33679.64513882254
173, 33779.9672159666, 24609.61551884465, 33779.9672159666, 27806.47794011096, 24659.826027279654, 33668.923647555326
174, 33787.70280818701, 24582.02311822418, 33787.70280818701, 28544.93364147149, 24648.747143038847, 33682.011516133534
175, 33787.70280818701, 24582.02311822418, 33787.70280818701, 28543.690451750997, 24641.22990699621, 33681.42955243695
176, 33787.70280818701, 24582.02311822418, 33787.70280818701, 28739.207544230794, 24629.225836051322, 33686.839549123106
177, 33787.70280818701, 24582.02311822418, 33787.70280818701, 29644.441742494044, 24596.034702120098, 33674.62190781528
178, 33787.70280818701, 24582.02311822418, 33787.70280818701, 27630.965439353316, 24606.40790296691, 33689.06555333956
179, 33787.70280818701, 24582.02311822418, 33787.70280818701, 29292.71757545549, 24621.311399234386, 33693.08792051952
180, 33787.70280818701, 24582.02311822418, 33787.70280818701, 28742.459690842614, 24631.846721873088, 33692.86144643574
181, 33787.70280818701, 24582.02311822418, 33787.70280818701, 28560.490394662025, 24632.10772744476, 33703.42764293367
182, 33787.89406497454, 24446.405747330446, 33787.89406497454, 30950.405896680313, 24601.856325355733, 33701.062337303396
183, 33787.89406497454, 24446.405747330446, 33787.89406497454, 30944.65795086186, 24587.10522230565, 33695.42621866778
184, 33787.89406497454, 24446.405747330446, 33787.89406497454, 30761.41062833203, 24592.258987926074, 33696.6556776893
185, 33825.58595945771, 24686.381427339442, 33825.58595945771, 27461.385247736693, 24638.852398668165, 33713.183246804925
186, 33825.58595945771, 24686.381427339442, 33825.58595945771, 26727.0212807728, 24639.220066567294, 33703.55420335543
187, 33825.58595945771, 24686.381427339442, 33825.58595945771, 27830.90065820042, 24632.186421985112, 33708.071731403084
188, 33872.25229062059, 24489.91717331156, 33872.25229062059, 29856.26827341716, 24585.238915868795, 33712.055296022576
189, 33971.50997000237, 24628.960619029265, 33971.50997000237, 29868.374625682583, 24588.48993819387, 33728.06637743963
190, 33971.50997000237, 24628.960619029265, 33971.50997000237, 27287.389420267784, 24603.56061550694, 33737.73132360454
191, 34104.468304943344, 24661.45786389826, 34104.468304943344, 28955.730233335868, 24561.87963365262, 33748.21266514514
192, 34104.468304943344, 24661.45786389826, 34104.468304943344, 28045.903979091705, 24571.627156863924, 33781.12201940467
193, 34104.468304943344, 24661.45786389826, 34104.468304943344, 26953.851913657603, 24628.004054495155, 33791.5898874699
194, 34104.468304943344, 24661.45786389826, 34104.468304943344, 27897.863139136214, 24660.351075473052, 33816.63242489625
195, 34104.468304943344, 24661.45786389826, 34104.468304943344, 27365.304057097743, 24663.00725778157, 33839.21725349027
196, 34104.468304943344, 24661.45786389826, 34104.468304943344, 27201.607617399488, 24642.437131858813, 33865.32110843853
197, 34104.468304943344, 24661.45786389826, 34104.468304943344, 27419.764189936912, 24670.73245385148, 33891.5485280973
198, 34104.468304943344, 24661.45786389826, 34104.468304943344, 28008.751344779674, 24677.958769234127, 33942.712585974914
199, 34104.468304943344, 24661.45786389826, 34104.468304943344, 27826.255464813297, 24671.7258074559, 33948.73514954285
200, 34104.468304943344, 24661.45786389826, 34104.468304943344, 27847.0476713097, 24675.145623923454, 33957.64857549415
201, 34104.468304943344, 24661.45786389826, 34104.468304943344, 27137.829876729338, 24702.410124096827, 33983.808168172895
202, 34143.883499716874, 24637.07781105879, 34143.883499716874, 28835.23613102299, 24697.23790015971, 34023.95685337159
203, 34143.883499716874, 24637.07781105879, 34143.883499716874, 28087.898676446006, 24692.49268050336, 34032.06551795678
204, 34143.883499716874, 24637.07781105879, 34143.883499716874, 27901.085813945312, 24690.097706999375, 34014.66598873848
205, 34143.883499716874, 24637.07781105879, 34143.883499716874, 28270.592191006534, 24697.88074673954, 34005.926076657925
206, 34143.883499716874, 24637.07781105879, 34143.883499716874, 27717.940911018708, 24691.44196160104, 34014.3175630108
207, 34143.883499716874, 24637.07781105879, 34143.883499716874, 27351.763292022577, 24696.11930428213, 34025.10908428569
208, 34143.883499716874, 24637.07781105879, 34143.883499716874, 27908.460064912313, 24691.59589906786, 34027.388755167
209, 34143.883499716874, 24637.07781105879, 34143.883499716874, 28288.16282769707, 24682.650260453927, 34019.728577290705
210, 34143.883499716874, 24637.07781105879, 34143.883499716874, 28666.03394335307, 24676.461196487893, 34039.961232015325
211, 34143.883499716874, 24637.07781105879, 34143.883499716874, 28301.60860594372, 24669.837644112107, 34047.36289995215
212, 34149.95641711587, 24534.02603681071, 34149.95641711587, 28118.022925563848, 24678.669617984116, 34044.45416590807
213, 34149.95641711587, 24534.02603681071, 34149.95641711587, 29044.7316562372, 24662.038023068548, 34049.486765661255
214, 34215.40401398818, 24666.63771308523, 34215.40401398818, 30706.228289675208, 24643.013829907268, 34048.2751809408
215, 34215.40401398818, 24666.63771308523, 34215.40401398818, 28308.781529193773, 24671.740561962346, 34056.640971655725
216, 34215.40401398818, 24666.63771308523, 34215.40401398818, 27750.942498280947, 24670.21272877274, 34058.891758104946
217, 34215.40401398818, 24666.63771308523, 34215.40401398818, 28122.91823191464, 24669.07464807058, 34065.36125491079
218, 34215.40401398818, 24666.63771308523, 34215.40401398818, 27193.286267559324, 24677.918485565224, 34066.050719506675
219, 34215.40401398818, 24666.63771308523, 34215.40401398818, 28872.412179793504, 24657.084440446826, 34064.24702427252
220, 34215.40401398818, 24666.63771308523, 34215.40401398818, 27764.028876878154, 24652.072430661377, 34074.74797127359
221, 34215.40401398818, 24666.63771308523, 34215.40401398818, 27397.309961558945, 24640.8430741736, 34082.10479658918
222, 34215.40401398818, 24666.63771308523, 34215.40401398818, 27406.29077810648, 24656.74771693188, 34087.0054275815
223, 34215.40401398818, 24666.63771308523, 34215.40401398818, 26677.49656903018, 24686.230490940423, 34116.69711097052
224, 34215.40401398818, 24666.63771308523, 34215.40401398818, 27803.68319720289, 24703.168458060987, 34120.51363678923
225, 34215.40401398818, 24666.63771308523, 34215.40401398818, 27991.359541197646, 24707.40590031006, 34126.19386840331
226, 34215.40401398818, 24666.63771308523, 34215.40401398818, 27062.090076556866, 24721.80188050206, 34123.82650231
227, 34215.40401398818, 24666.63771308523, 34215.40401398818, 27433.660576547347, 24708.164814116008, 34120.58165838057
228, 34215.40401398818, 24666.63771308523, 34215.40401398818, 27990.725352950307, 24702.288497525205, 34123.999789666
229, 34215.40401398818, 24666.63771308523, 34215.40401398818, 26876.998945765044, 24715.864307780535, 34120.17290969294
230, 34215.40401398818, 24666.63771308523, 34215.40401398818, 27992.248082944843, 24699.310517755915, 34113.992009212016
231, 34215.40401398818, 24666.63771308523, 34215.40401398818, 27436.427480200786, 24714.74331092048, 34123.11803925404
232, 34215.40401398818, 24666.63771308523, 34215.40401398818, 28176.479558825784, 24702.79943032661, 34124.990739338056
233, 34215.40401398818, 24666.63771308523, 34215.40401398818, 27811.17015004449, 24711.74289526195, 34122.729660963065
234, 34215.40401398818, 24666.63771308523, 34215.40401398818, 28173.371984514077, 24706.90437971896, 34114.08889804943
235, 34215.40401398818, 24666.63771308523, 34215.40401398818, 28178.47944215822, 24701.546593322055, 34123.16092562368
236, 34248.13159175819, 24535.97301674421, 34248.13159175819, 30222.817340637986, 24673.264665827595, 34124.323385662836
237, 34248.13159175819, 24535.97301674421, 34248.13159175819, 30030.384397736703, 24680.257153914892, 34114.58584692456
238, 34248.13159175819, 24535.97301674421, 34248.13159175819, 29292.390153894885, 24682.966187943228, 34122.556849622226
239, 34248.13159175819, 24535.97301674421, 34248.13159175819, 28926.480252030182, 24684.302517527172, 34129.81212986099
240, 34248.13159175819, 24535.97301674421, 34248.13159175819, 29671.118528072144, 24677.836810571007, 34126.06528184151
241, 34248.13159175819, 24535.97301674421, 34248.13159175819, 29673.3714733578, 24673.80664247525, 34141.176773436535
242, 34248.13159175819, 24535.97301674421, 34248.13159175819, 29107.502887814506, 24681.513144877314, 34130.72342618481
243, 34248.13159175819, 24535.97301674421, 34248.13159175819, 29489.69462586379, 24673.068414299796, 34138.47345933231
244, 34248.13159175819, 24535.97301674421, 34248.13159175819, 30227.747780085658, 24666.092612886237, 34132.94332960962
245, 34248.13159175819, 24535.97301674421, 34248.13159175819, 29493.84846474794, 24655.28222850953, 34136.06932924435
246, 34259.01916800343, 24672.36645505624, 34259.01916800343, 29491.910831649406, 24647.99165896747, 34139.05947129934
247, 34259.01916800343, 24672.36645505624, 34259.01916800343, 27637.181759844192, 24661.941628049055, 34142.69061262842
248, 34259.01916800343, 24672.36645505624, 34259.01916800343, 27818.950627468188, 24662.443384550188, 34148.659101250676
249, 34259.01916800343, 24672.36645505624, 34259.01916800343, 27453.580611311067, 24648.192581958494, 34152.323086736804
250, 34259.01916800343, 24672.36645505624, 34259.01916800343, 27270.214034814813, 24638.696083667826, 34156.7273319611
251, 34259.01916800343, 24672.36645505624, 34259.01916800343, 27279.379461563847, 24606.234898663242, 34166.856408087806
252, 34264.07659395006, 24676.20089020504, 34264.07659395006, 27832.124795030675, 24612.36138187904, 34140.95985817336
253, 34278.44466268542, 24520.514626808523, 34278.44466268542, 29879.874455851783, 24585.29318156625, 34159.253599332515
254, 34278.44466268542, 24520.514626808523, 34278.44466268542, 29511.72164025841, 24586.287429268297, 34155.11438556113
255, 34278.44466268542, 24520.514626808523, 34278.44466268542, 29512.67810810262, 24586.010891834114, 34149.09713658389
256, 34373.2431413392, 24589.98662330943, 34373.2431413392, 28402.367669387128, 24614.976770127494, 34187.300825964674
257, 34373.2431413392, 24589.98662330943, 34373.2431413392, 28774.709911447055, 24622.837965281506, 34165.195024236906
258, 34373.2431413392, 24589.98662330943, 34373.2431413392, 29156.281573079337, 24635.927428701492, 34202.2526581333
259, 34377.45241955635, 24661.553440635806, 34377.45241955635, 27482.790005336956, 24700.31938965412, 34194.9376528346
260, 34377.45241955635, 24661.553440635806, 34377.45241955635, 27864.850795856022, 24676.462700923552, 34208.394117934535
261, 34377.45241955635, 24661.553440635806, 34377.45241955635, 27866.480780322847, 24650.61855868854, 34218.17583838149
262, 34377.45241955635, 24661.553440635806, 34377.45241955635, 28062.124900594703, 24611.222589544686, 34213.16073358786
263, 34377.45241955635, 24661.553440635806, 34377.45241955635, 28079.950857446438, 24634.476769187397, 34238.634091451255
264, 34377.45241955635, 24661.553440635806, 34377.45241955635, 28096.91108618294, 24650.159377342774, 34254.830967655034
265, 34386.056958625864, 24554.331001752376, 34386.056958625864, 29793.781757977536, 24627.411401444602, 34271.676268819494
266, 34386.056958625864, 24554.331001752376, 34386.056958625864, 29242.025515273777, 24633.126279188324, 34291.6796300878
267, 34386.056958625864, 24554.331001752376, 34386.056958625864, 30552.295836732334, 24627.933714507955, 34285.58659419132
268, 34386.056958625864, 24554.331001752376, 34386.056958625864, 28499.07365424984, 24645.547092129367, 34277.37528466558
269, 34386.056958625864, 24554.331001752376, 34386.056958625864, 29803.222773439946, 24646.989779460586, 34285.74901841461
270, 34386.056958625864, 24554.331001752376, 34386.056958625864, 29991.239301483172, 24653.87435821093, 34278.49482503458
271, 34386.056958625864, 24554.331001752376, 34386.056958625864, 29798.995150661714, 24657.957335087835, 34283.03314370119
272, 34386.056958625864, 24554.331001752376, 34386.056958625864, 30185.809141775757, 24646.000823663282, 34289.756312633785
273, 34436.9648385288, 24522.195664196755, 34436.9648385288, 29818.84327095821, 24621.36010370239, 34305.107269943044
274, 34436.9648385288, 24522.195664196755, 34436.9648385288, 30008.698097820026, 24593.50138785583, 34307.792900710716
275, 34436.9648385288, 24522.195664196755, 34436.9648385288, 29819.831751762627, 24590.760279507387, 34301.921151570335
276, 34436.9648385288, 24522.195664196755, 34436.9648385288, 29818.193057653956, 24590.409547364903, 34305.46204853049
277, 34436.9648385288, 24522.195664196755, 34436.9648385288, 29814.078039596596, 24591.786732446373, 34294.9077220097
278, 34436.9648385288, 24522.195664196755, 34436.9648385288, 29259.563650970635, 24598.88478441057, 34299.00994921122
279, 34436.9648385288, 24522.195664196755, 34436.9648385288, 30191.499925328935, 24582.523285247975, 34300.004859824054
280, 34436.9648385288, 24522.195664196755, 34436.9648385288, 29448.171214814334, 24593.096810787472, 34305.500399842604
281, 34436.9648385288, 24522.195664196755, 34436.9648385288, 29630.8962102495, 24587.323849046916, 34297.49905764202
282, 34436.9648385288, 24522.195664196755, 34436.9648385288, 29453.485444238737, 24576.59516780454, 34310.96856246696
283, 34443.86847400635, 24677.28516647798, 34443.86847400635, 31145.50356389662, 24548.757648359307, 34324.710099904114
284, 34443.86847400635, 24677.28516647798, 34443.86847400635, 27593.617799029973, 24576.237707873966, 34334.83356469326
285, 34443.86847400635, 24677.28516647798, 34443.86847400635, 26860.82807366751, 24590.651166725056, 34343.054936668894
286, 34520.53804545306, 24496.849185942494, 34520.53804545306, 31737.36339364729, 24550.074128129218, 34359.80885418309
287, 34520.53804545306, 24496.849185942494, 34520.53804545306, 30047.412844066166, 24565.329367880004, 34353.40333467947
288, 34520.53804545306, 24496.849185942494, 34520.53804545306, 30616.137339175744, 24560.164404550855, 34366.92649407465
289, 34520.53804545306, 24496.849185942494, 34520.53804545306, 30050.314144835742, 24574.599693362274, 34355.79806738286
290, 34520.53804545306, 24496.849185942494, 34520.53804545306, 31167.542372321463, 24564.35460572197, 34350.349768474945
291, 34520.53804545306, 24496.849185942494, 34520.53804545306, 31185.794527211845, 24568.689854825396, 34368.610056978694
292, 34520.53804545306, 24496.849185942494, 34520.53804545306, 30808.3085102323, 24587.097117860263, 34362.26393157675
293, 34520.53804545306, 24496.849185942494, 34520.53804545306, 29506.497353534804, 24608.53217551297, 34382.13486416069
294, 34539.77085046758, 24613.959754295527, 34539.77085046758, 30823.377343368615, 24642.097864662373, 34378.73549034599
295, 34547.450304080245, 24681.08344016087, 34547.450304080245, 28207.739778104846, 24655.520460103566, 34397.23459580331
296, 34547.450304080245, 24681.08344016087, 34547.450304080245, 27480.254210752082, 24615.617386607955, 34416.461248145795
297, 34547.450304080245, 24681.08344016087, 34547.450304080245, 27304.772829845042, 24583.245387293853, 34425.26261744496
298, 34547.450304080245, 24681.08344016087, 34547.450304080245, 28428.73371864039, 24586.537845003695, 34422.31527577899
299, 34547.450304080245, 24681.08344016087, 34547.450304080245, 27493.15616442373, 24590.251691761765, 34417.44373636131
300, 34547.450304080245, 24681.08344016087, 34547.450304080245, 27683.337092431524, 24596.060426781605, 34440.705666462694
301, 34547.450304080245, 24681.08344016087, 34547.450304080245, 27871.640211750335, 24607.7942776832, 34419.664136557236
302, 34554.588540809986, 24663.551903500334, 34554.588540809986, 28061.35597494132, 24620.738954587956, 34439.296267601385
303, 34554.588540809986, 24663.551903500334, 34554.588540809986, 27883.84080340629, 24649.162549241897, 34441.83540513697
304, 34632.025307025135, 24670.14605289096, 34632.025307025135, 30327.84061996342, 24642.466517801484, 34458.60964611704
305, 34632.025307025135, 24670.14605289096, 34632.025307025135, 27890.532734015127, 24681.535585502337, 34473.42312170415
306, 34632.025307025135, 24670.14605289096, 34632.025307025135, 27702.34482424832, 24687.525530648225, 34470.04110278942
307, 34632.025307025135, 24670.14605289096, 34632.025307025135, 28083.904434332784, 24721.42093372497, 34463.65375241416
308, 34632.025307025135, 24670.14605289096, 34632.025307025135, 27891.013065592302, 24719.44427190912, 34470.11689800991
309, 34632.025307025135, 24670.14605289096, 34632.025307025135, 27520.35270326972, 24720.060207459257, 34466.003139439534
310, 34632.025307025135, 24670.14605289096, 34632.025307025135, 27709.571904510445, 24712.59665982871, 34473.64098348557
311, 34632.025307025135, 24670.14605289096, 34632.025307025135, 27150.502859242664, 24715.489611954556, 34475.557369102105
312, 34632.025307025135, 24670.14605289096, 34632.025307025135, 27908.24969237771, 24705.500696943043, 34492.46918915384
313, 34632.025307025135, 24670.14605289096, 34632.025307025135, 28288.416906722014, 24697.139071862985, 34498.73727519261
314, 34632.025307025135, 24670.14605289096, 34632.025307025135, 27554.68314821228, 24701.75019904455, 34502.67451392632
315, 34632.025307025135, 24670.14605289096, 34632.025307025135, 28326.231997650837, 24692.584529237687, 34520.44239945575
316, 34632.025307025135, 24670.14605289096, 34632.025307025135, 27015.283221659225, 24713.108679197263, 34533.723948752435
317, 34632.025307025135, 24670.14605289096, 34632.025307025135, 27959.525038901247, 24712.35141655348, 34528.95597549412
318, 34632.025307025135, 24670.14605289096, 34632.025307025135, 27579.21443712959, 24718.548604386207, 34532.37902140198
319, 34632.025307025135, 24670.14605289096, 34632.025307025135, 27768.550676733747, 24713.374710190124, 34527.57738722847
320, 34632.025307025135, 24670.14605289096, 34632.025307025135, 27017.0897995831, 24717.634565380515, 34532.57761598257
321, 34632.025307025135, 24670.14605289096, 34632.025307025135, 28142.451113018386, 24712.572494476808, 34533.64911246766
322, 34632.025307025135, 24670.14605289096, 34632.025307025135, 28702.97545829911, 24703.174511164034, 34525.874642206465
323, 34632.025307025135, 24670.14605289096, 34632.025307025135, 27390.50419936184, 24722.92284433165, 34532.26661056045
324, 34632.025307025135, 24670.14605289096, 34632.025307025135, 27956.73319374195, 24714.409785365104, 34534.31576169951
325, 34632.025307025135, 24670.14605289096, 34632.025307025135, 27574.755859173594, 24722.214414846003, 34521.126607596656
326, 34632.025307025135, 24670.14605289096, 34632.025307025135, 28520.95779020921, 24705.940976617734, 34529.44361399167
327, 34632.025307025135, 24670.14605289096, 34632.025307025135, 28331.957746516007, 24711.781689320385, 34530.448457366496
328, 34632.025307025135, 24670.14605289096, 34632.025307025135, 27955.906438065023, 24719.335897733934, 34532.54616068591
329, 34632.025307025135, 24670.14605289096, 34632.025307025135, 27015.308143243346, 24718.771314966038, 34535.80635591521
330, 34632.025307025135, 24670.14605289096, 34632.025307025135, 27767.808112876435, 24720.27604621025, 34523.9701000288
331, 34632.025307025135, 24670.14605289096, 34632.025307025135, 27204.398585187104, 24715.600602879684, 34533.76518218282
332, 34671.48358668261, 24580.432088037167, 34671.48358668261, 28705.701070058396, 24693.000165624617, 34536.99869616534
333, 34671.48358668261, 24580.432088037167, 34671.48358668261, 29274.519951339495, 24690.050823236877, 34537.346042361605
334, 34671.48358668261, 24580.432088037167, 34671.48358668261, 29087.932849492878, 24693.676635805656, 34543.72214807781
335, 34671.48358668261, 24580.432088037167, 34671.48358668261, 29839.108930460316, 24679.34181124765, 34543.0504170203
336, 34671.48358668261, 24580.432088037167, 34671.48358668261, 29839.269394383304, 24679.54895765682, 34543.895461489716
337, 34671.48358668261, 24580.432088037167, 34671.48358668261, 29651.108798093977, 24682.565644526, 34548.86801801466
338, 34678.525363979315, 24504.078160693018, 34678.525363979315, 29849.303002986442, 24665.740231395797, 34543.26966091968
339, 34678.525363979315, 24504.078160693018, 34678.525363979315, 30416.970710204256, 24640.6677065833, 34563.67579196855
340, 34678.525363979315, 24504.078160693018, 34678.525363979315, 29670.088043973617, 24623.159675635714, 34565.09017930362
341, 34678.525363979315, 24504.078160693018, 34678.525363979315, 31375.346152214206, 24589.337796296393, 34569.780511463214
342, 34678.525363979315, 24504.078160693018, 34678.525363979315, 30619.43962418961, 24598.48622816051, 34565.17511557951
343, 34678.525363979315, 24504.078160693018, 34678.525363979315, 30433.297365771894, 24598.49648565619, 34577.711914239386
344, 34709.0838273424, 24360.906267913768, 34709.0838273424, 31565.16968699322, 24586.323855348437, 34578.88811231038
345, 34739.90206598771, 24681.59095602921, 34739.90206598771, 32516.568209068337, 24563.335783284325, 34588.436170099136
346, 34739.90206598771, 24681.59095602921, 34739.90206598771, 28181.731961713365, 24615.109904703895, 34582.7256780438
347, 34739.90206598771, 24681.59095602921, 34739.90206598771, 28369.67168639433, 24599.352862316395, 34588.50205683481
348, 34739.90206598771, 24681.59095602921, 34739.90206598771, 27432.763751926264, 24600.77642895027, 34594.98910142765
349, 34739.90206598771, 24681.59095602921, 34739.90206598771, 28559.328322819696, 24589.38808554413, 34591.34210652632
350, 34739.90206598771, 24681.59095602921, 34739.90206598771, 28191.85960267444, 24589.399434037095, 34600.68331402616
351, 34739.90206598771, 24681.59095602921, 34739.90206598771, 28570.09400111558, 24589.88273903501, 34603.317268878025
352, 34739.90206598771, 24681.59095602921, 34739.90206598771, 27253.65452258053, 24592.102632690105, 34604.08176218835
353, 34739.90206598771, 24681.59095602921, 34739.90206598771, 27634.16582628449, 24600.676512813923, 34600.03469920104
354, 34739.90206598771, 24681.59095602921, 34739.90206598771, 27645.74182811153, 24558.43446753133, 34612.37904266303
355, 34739.90206598771, 24681.59095602921, 34739.90206598771, 28408.43206366325, 24572.656223226033, 34633.642083937186
356, 34739.90206598771, 24681.59095602921, 34739.90206598771, 28221.353081296398, 24649.099892450016, 34628.24083599671
357, 34739.90206598771, 24681.59095602921, 34739.90206598771, 28233.055282922378, 24721.370372485202, 34634.77922142464
358, 34739.90206598771, 24681.59095602921, 34739.90206598771, 27477.11107763453, 24729.63097115451, 34637.35603952656
359, 34739.90206598771, 24681.59095602921, 34739.90206598771, 27667.3095260765, 24725.740533395616, 34645.33669604805
360, 34739.90206598771, 24681.59095602921, 34739.90206598771, 28233.274585755098, 24723.970224458928, 34645.442601954965
361, 34739.90206598771, 24681.59095602921, 34739.90206598771, 28228.210003287306, 24719.99343398802, 34639.70661109787
362, 34739.90206598771, 24681.59095602921, 34739.90206598771, 27665.329846263397, 24723.55482438379, 34642.77947112415
363, 34739.90206598771, 24681.59095602921, 34739.90206598771, 27669.252104386145, 24722.197926375055, 34637.21529139712
364, 34739.90206598771, 24681.59095602921, 34739.90206598771, 27854.435249238893, 24724.708067160725, 34648.734881861164
365, 34739.90206598771, 24681.59095602921, 34739.90206598771, 27287.25201636144, 24725.829290030797, 34639.76219619292
366, 34739.90206598771, 24681.59095602921, 34739.90206598771, 27474.86057055847, 24730.01138129701, 34643.49159561726
367, 34739.90206598771, 24681.59095602921, 34739.90206598771, 27476.492264405293, 24733.958815792364, 34632.26626355837
368, 34739.90206598771, 24681.59095602921, 34739.90206598771, 27665.976623473653, 24732.46515510767, 34628.41371691264
369, 34739.90206598771, 24681.59095602921, 34739.90206598771, 28230.506735417865, 24717.644707556403, 34644.93253190323
370, 34739.90206598771, 24681.59095602921, 34739.90206598771, 27098.61438182273, 24723.67543903678, 34626.64812556858
371, 34739.90206598771, 24681.59095602921, 34739.90206598771, 27854.923575358378, 24727.01893410761, 34642.0132036425
372, 34739.90206598771, 24681.59095602921, 34739.90206598771, 27857.03954597673, 24728.998634408155, 34652.177461299616
373, 34739.90206598771, 24681.59095602921, 34739.90206598771, 27850.963308069076, 24724.330478302596, 34640.395053865555
374, 34739.90206598771, 24681.59095602921, 34739.90206598771, 28415.97899962525, 24721.589201951963, 34641.54582432491
375, 34739.90206598771, 24681.59095602921, 34739.90206598771, 28232.428770821105, 24727.446947045595, 34634.32983877192
376, 34739.90206598771, 24681.59095602921, 34739.90206598771, 28233.47962742856, 24720.48450518469, 34641.23295955648
377, 34739.90206598771, 24681.59095602921, 34739.90206598771, 27666.42288483142, 24717.707230483273, 34647.36633613054
378, 34739.90206598771, 24681.59095602921, 34739.90206598771, 28417.043190113345, 24716.761531847565, 34642.20353559431
379, 34739.90206598771, 24681.59095602921, 34739.90206598771, 27475.716860111108, 24732.367738449302, 34636.64751846456
380, 34739.90206598771, 24681.59095602921, 34739.90206598771, 27667.51863784891, 24720.199793313695, 34647.37066838966
381, 34739.90206598771, 24681.59095602921, 34739.90206598771, 27668.201834858017, 24728.13528840507, 34628.84674874382
382, 34739.90206598771, 24681.59095602921, 34739.90206598771, 29175.444524706407, 24718.189087967334, 34636.62179301047
383, 34739.90206598771, 24681.59095602921, 34739.90206598771, 28041.537607509345, 24724.577013233415, 34634.32152030502
384, 34739.90206598771, 24681.59095602921, 34739.90206598771, 28231.079155, 24721.9352872787, 34631.605223479455
385, 34739.90206598771, 24681.59095602921, 34739.90206598771, 27475.895520272916, 24729.747633192914, 34628.33988622853
386, 34798.96281805327, 24658.600796485316, 34798.96281805327, 27672.412975292842, 24728.07625504077, 34638.18000668683
387, 34798.96281805327, 24658.600796485316, 34798.96281805327, 28423.896293682046, 24718.66734364607, 34651.68625566879
388, 34798.96281805327, 24658.600796485316, 34798.96281805327, 28613.939102334334, 24716.738409400165, 34653.10898925443
389, 34798.96281805327, 24658.600796485316, 34798.96281805327, 27856.70936387936, 24723.634859284903, 34646.55935897655
390, 34798.96281805327, 24658.600796485316, 34798.96281805327, 28425.247154654873, 24707.281710427993, 34659.08603180543
391, 34798.96281805327, 24658.600796485316, 34798.96281805327, 27481.016010926796, 24719.132964088112, 34651.188665610694
392, 34798.96281805327, 24658.600796485316, 34798.96281805327, 28243.536976534408, 24716.556222766074, 34671.736323937046
393, 34798.96281805327, 24658.600796485316, 34798.96281805327, 28057.89950006162, 24718.31855224598, 34663.22177726167
394, 34798.96281805327, 24658.600796485316, 34798.96281805327, 28250.197997529132, 24717.053476658548, 34678.36539955569
395, 34798.96281805327, 24658.600796485316, 34798.96281805327, 27691.761303985164, 24705.077100381448, 34677.35397188676
396, 34798.96281805327, 24658.600796485316, 34798.96281805327, 28835.04064088682, 24700.251168991977, 34687.041023262354
397, 34798.96281805327, 24658.600796485316, 34798.96281805327, 28462.81330690452, 24708.542515095924, 34692.78548147161
398, 34798.96281805327, 24658.600796485316, 34798.96281805327, 28467.400280566693, 24694.871934778184, 34698.552928759964
399, 34798.96281805327, 24658.600796485316, 34798.96281805327, 28281.49239425954, 24699.41379542507, 34700.77496749421
400, 34798.96281805327, 24658.600796485316, 34798.96281805327, 27895.8792822885, 24702.698452182758, 34690.55925071896
401, 34798.96281805327, 24658.600796485316, 34798.96281805327, 28275.82465514546, 24691.565139051236, 34698.57636808464
402, 34798.96281805327, 24658.600796485316, 34798.96281805327, 28091.817606203953, 24702.091929591323, 34705.33261488028
403, 34798.96281805327, 24658.600796485316, 34798.96281805327, 27712.70787764746, 24707.967197102687, 34692.09235292865
404, 34798.96281805327, 24658.600796485316, 34798.96281805327, 28088.536246281845, 24700.961609776685, 34698.581467060525
405, 34798.96281805327, 24658.600796485316, 34798.96281805327, 27338.612429936766, 24713.37882119798, 34700.757756972176
406, 34798.96281805327, 24658.600796485316, 34798.96281805327, 27901.532933017934, 24709.67061831353, 34689.533432773176
407, 34798.96281805327, 24658.600796485316, 34798.96281805327, 28089.206616787127, 24707.092957483514, 34689.899413263214
408, 34798.96281805327, 24658.600796485316, 34798.96281805327, 27710.187451364458, 24709.394885030764, 34690.12364607988
409, 34798.96281805327, 24658.600796485316, 34798.96281805327, 27523.48422002811, 24700.948329967752, 34694.08488663238
410, 34798.96281805327, 24658.600796485316, 34798.96281805327, 27905.491051793782, 24702.176864842975, 34697.92867958689
411, 34798.96281805327, 24658.600796485316, 34798.96281805327, 28088.91321926984, 24699.668523555974, 34689.22406992563
412, 34798.96281805327, 24658.600796485316, 34798.96281805327, 28841.138984741985, 24696.54922001132, 34690.823179360705
413, 34798.96281805327, 24658.600796485316, 34798.96281805327, 28277.443307995178, 24705.2302037849, 34695.00943953454
414, 34798.96281805327, 24658.600796485316, 34798.96281805327, 28846.049030062866, 24693.70923365625, 34690.50348296347
415, 34798.96281805327, 24658.600796485316, 34798.96281805327, 28278.871181755454, 24708.743966976406, 34701.512198201475
416, 34798.96281805327, 24658.600796485316, 34798.96281805327, 27714.53124638929, 24700.79334730043, 34700.245141943094
417, 34798.96281805327, 24658.600796485316, 34798.96281805327, 28838.926953931517, 24695.44720744075, 34694.19382305
418, 34798.96281805327, 24658.600796485316, 34798.96281805327, 27522.104250289547, 24697.163503999334, 34709.163211775536
419, 34798.96281805327, 24658.600796485316, 34798.96281805327, 27524.534829436336, 24699.407855217647, 34694.50462438489
420, 34798.96281805327, 24658.600796485316, 34798.96281805327, 28283.40097974904, 24703.15725599504, 34704.161141520904
421, 34798.96281805327, 24658.600796485316, 34798.96281805327, 28465.803500918133, 24702.283537251456, 34690.391365205345
422, 34798.96281805327, 24658.600796485316, 34798.96281805327, 27710.022019730714, 24698.480502742255, 34703.280156655834
423, 34798.96281805327, 24658.600796485316, 34798.96281805327, 27901.40619704164, 24710.491271141327, 34705.27994703771
424, 34798.96281805327, 24658.600796485316, 34798.96281805327, 27523.079382425603, 24703.81374119587, 34693.29753233582
425, 34798.96281805327, 24658.600796485316, 34798.96281805327, 27901.899750696233, 24697.406798772, 34697.50267266803
426, 34798.96281805327, 24658.600796485316, 34798.96281805327, 27525.670706910896, 24711.36757748196, 34698.21143220611
427, 34798.96281805327, 24658.600796485316, 34798.96281805327, 28462.918046879644, 24702.09450961787, 34690.19019334842
428, 34798.96281805327, 24658.600796485316, 34798.96281805327, 28092.933718347773, 24700.056661095827, 34696.52341959516
429, 34798.96281805327, 24658.600796485316, 34798.96281805327, 27522.89690216263, 24706.467637302478, 34701.30992221909
430, 34798.96281805327, 24658.600796485316, 34798.96281805327, 28280.222433460473, 24701.303861238313, 34693.99457890969
431, 34798.96281805327, 24658.600796485316, 34798.96281805327, 28278.852351473262, 24703.570356640346, 34701.25735966177
432, 34798.96281805327, 24658.600796485316, 34798.96281805327, 27714.933033356458, 24697.546688237053, 34698.77214110034
433, 34798.96281805327, 24658.600796485316, 34798.96281805327, 28275.119854462246, 24701.00278521539, 34700.610261187
434, 34798.96281805327, 24658.600796485316, 34798.96281805327, 28654.52879086696, 24698.539599568052, 34697.646565932824
435, 34798.96281805327, 24658.600796485316, 34798.96281805327, 28092.183609625667, 24702.414504335993, 34701.46748942336
436, 34857.297762516704, 24543.71146712605, 34857.297762516704, 30162.946136236016, 24674.834264260367, 34705.090432900426
437, 34857.297762516704, 24543.71146712605, 34857.297762516704, 28851.686244929537, 24678.65742902391, 34717.0575630938
438, 34857.297762516704, 24543.71146712605, 34857.297762516704, 29986.846128288704, 24665.835221413905, 34712.17363155784
439, 34857.297762516704, 24543.71146712605, 34857.297762516704, 29988.860503683354, 24669.367381086962, 34721.69013683744
440, 34857.297762516704, 24543.71146712605, 34857.297762516704, 30177.943322215797, 24668.71223008971, 34707.14571263134
441, 34857.297762516704, 24543.71146712605, 34857.297762516704, 30369.435716419306, 24652.42185134477, 34709.22569425534
442, 34857.297762516704, 24543.71146712605, 34857.297762516704, 28853.75309145678, 24651.74390534869, 34724.38850178712
443, 34857.297762516704, 24543.71146712605, 34857.297762516704, 29812.166452820504, 24633.75274779753, 34728.95146035621
444, 34857.297762516704, 24543.71146712605, 34857.297762516704, 30194.246378112995, 24591.65170855094, 34743.37657185736
445, 34857.297762516704, 24543.71146712605, 34857.297762516704, 31339.740792673318, 24569.32998344998, 34745.087484486874
446, 34910.38604944599, 24666.116462314458, 34910.38604944599, 29464.451971674913, 24590.794648440242, 34758.10274947503
447, 34910.38604944599, 24666.116462314458, 34910.38604944599, 27943.895957441648, 24614.48185027426, 34766.033970665
448, 34910.38604944599, 24666.116462314458, 34910.38604944599, 27568.749385245537, 24621.539646074852, 34763.545070236796
449, 34910.38604944599, 24666.116462314458, 34910.38604944599, 27950.01009293872, 24614.439672644727, 34773.44143379218
450, 34910.38604944599, 24666.116462314458, 34910.38604944599, 28327.83726003288, 24612.321013394852, 34767.80821903289
451, 34910.38604944599, 24666.116462314458, 34910.38604944599, 27191.995656341252, 24631.852875245255, 34767.35063104282
452, 34910.38604944599, 24666.116462314458, 34910.38604944599, 28714.978826219558, 24621.104318399488, 34769.03623689209
453, 34910.38604944599, 24666.116462314458, 34910.38604944599, 28521.604934075116, 24620.371348399276, 34766.936030151264
454, 34910.38604944599, 24666.116462314458, 34910.38604944599, 28144.744873377265, 24629.537097170873, 34771.285036982634
455, 34910.38604944599, 24666.116462314458, 34910.38604944599, 28344.030658874457, 24633.605055305754, 34784.29773667571
456, 34910.38604944599, 24666.116462314458, 34910.38604944599, 27965.641028812737, 24654.333485086372, 34776.4847678919
457, 34910.38604944599, 24666.116462314458, 34910.38604944599, 28165.357430100463, 24676.910293257464, 34798.46621852482
458, 34910.38604944599, 24666.116462314458, 34910.38604944599, 28933.945464409902, 24698.09690848762, 34798.38840369065
459, 34910.38604944599, 24666.116462314458, 34910.38604944599, 27990.153783478385, 24710.89836220661, 34809.31978054586
460, 34910.38604944599, 24666.116462314458, 34910.38604944599, 27802.541670457627, 24705.140247249612, 34810.614067374394
461, 34910.38604944599, 24666.116462314458, 34910.38604944599, 28367.216000312295, 24712.879938672828, 34794.542908690135
462, 34910.38604944599, 24666.116462314458, 34910.38604944599, 28552.75243302111, 24697.861770579955, 34804.083119608316
463, 34910.38604944599, 24666.116462314458, 34910.38604944599, 27989.33621506548, 24711.13003797842, 34806.294966390364
464, 34910.38604944599, 24666.116462314458, 34910.38604944599, 27989.418306390504, 24712.20132725929, 34805.65039448395
465, 34921.82289007364, 24652.224368478463, 34921.82289007364, 28370.10858414082, 24705.08419072418, 34807.874360280846
466, 34921.82289007364, 24652.224368478463, 34921.82289007364, 27802.798128138184, 24707.510666598428, 34806.0575521005
467, 34921.82289007364, 24652.224368478463, 34921.82289007364, 27612.06168798195, 24710.547910616737, 34814.59511770206
468, 34921.82289007364, 24652.224368478463, 34921.82289007364, 27987.5979818481, 24711.347685545454, 34788.25259255312
469, 34921.82289007364, 24652.224368478463, 34921.82289007364, 28748.990408648533, 24690.767310319065, 34814.17396917233
470, 34953.60592849857, 24605.074618547085, 34953.60592849857, 28561.494332921066, 24704.05812206648, 34815.90295578082
471, 34953.60592849857, 24605.074618547085, 34953.60592849857, 28562.27048851569, 24699.565800460947, 34813.541018458214
472, 34953.60592849857, 24605.074618547085, 34953.60592849857, 29894.954526670488, 24689.94209737122, 34821.15552169538
473, 34953.60592849857, 24605.074618547085, 34953.60592849857, 28558.432485138856, 24692.879537540037, 34809.93195998206
474, 34953.60592849857, 24605.074618547085, 34953.60592849857, 28378.935351679844, 24704.28026334948, 34808.676248013144
475, 34953.60592849857, 24605.074618547085, 34953.60592849857, 28759.29763485972, 24684.328589770288, 34824.59947194677
476, 34953.60592849857, 24605.074618547085, 34953.60592849857, 29522.45671608069, 24687.503461415225, 34832.72459119186
477, 34953.60592849857, 24605.074618547085, 34953.60592849857, 28386.262616789558, 24683.079802084358, 34832.855868937404
478, 34953.60592849857, 24605.074618547085, 34953.60592849857, 27437.011832768127, 24694.757532037, 34836.11487407828
479, 34953.60592849857, 24605.074618547085, 34953.60592849857, 29530.67883673948, 24668.644194046326, 34839.907602327796
480, 34953.60592849857, 24605.074618547085, 34953.60592849857, 28960.487696645665, 24665.529012775503, 34845.24725522667
481, 34953.60592849857, 24605.074618547085, 34953.60592849857, 28974.0171237576, 24655.15150627723, 34859.91691571973
482, 34953.60592849857, 24605.074618547085, 34953.60592849857, 29921.36988801294, 24634.454379049963, 34860.129437726224
483, 34953.60592849857, 24605.074618547085, 34953.60592849857, 28593.08047772262, 24649.656989198567, 34853.02265870268
484, 34953.60592849857, 24605.074618547085, 34953.60592849857, 29356.911182864544, 24652.364360656098, 34860.573499514016
485, 34953.60592849857, 24605.074618547085, 34953.60592849857, 28591.624315615205, 24656.605161638927, 34849.82892695365
486, 35008.92285258708, 24632.000105491752, 35008.92285258708, 28979.356550860524, 24653.52611755974, 34863.99987667591
487, 35008.92285258708, 24632.000105491752, 35008.92285258708, 28406.397531991508, 24658.147222335498, 34861.43779757583
488, 35008.92285258708, 24632.000105491752, 35008.92285258708, 28221.350646187453, 24655.53405205141, 34863.98533489816
489, 35008.92285258708, 24632.000105491752, 35008.92285258708, 29171.016047119254, 24658.429256358402, 34871.40975777369
490, 35008.92285258708, 24632.000105491752, 35008.92285258708, 28793.58469574228, 24663.23818100278, 34872.5853123003
491, 35008.92285258708, 24632.000105491752, 35008.92285258708, 28613.17067473081, 24662.16704656721, 34879.293739944944
492, 35008.92285258708, 24632.000105491752, 35008.92285258708, 28618.741446768567, 24677.967872003657, 34871.989670668
493, 35008.92285258708, 24632.000105491752, 35008.92285258708, 29578.026125818138, 24670.935635547332, 34895.591874772275
494, 35008.92285258708, 24632.000105491752, 35008.92285258708, 28443.746142954198, 24682.09378811126, 34899.44042168428
495, 35008.92285258708, 24632.000105491752, 35008.92285258708, 28450.96729750473, 24677.80803101336, 34914.57046925003
496, 35008.92285258708, 24632.000105491752, 35008.92285258708, 28261.732021806973, 24677.069440600622, 34896.42877604514
497, 35008.92285258708, 24632.000105491752, 35008.92285258708, 28836.06848949979, 24671.15794969662, 34915.47956159359
498, 35008.92285258708, 24632.000105491752, 35008.92285258708, 28636.348770474615, 24676.737251632985, 34902.158342120216
499, 35204.69672299927, 24647.52128835632, 35204.69672299927, 27505.408579287625, 24689.56554527436, 34927.098622673904
500, 35204.69672299927, 24647.52128835632, 35204.69672299927, 29029.286961454807, 24669.354789844827, 34944.3369102907
