1, 26833.388736002522, 24658.887205384963, 26833.388736002522, 25110.0315019347, 24656.235441699908, 25110.0315019347
2, 26865.62690124419, 24646.12065362092, 26865.62690124419, 25639.940342753896, 24632.735759913707, 25639.940342753896
3, 26865.62690124419, 24646.12065362092, 26865.62690124419, 25962.34629927557, 24613.357135420792, 25962.34629927557
4, 26912.806661046707, 24620.50330533291, 26912.806661046707, 26185.5397657107, 24595.02466562324, 26185.5397657107
5, 27039.822113181555, 24668.242579783284, 27039.822113181555, 26388.5358633807, 24578.839616391375, 26388.5358633807
6, 27146.641049260536, 24671.861108212594, 27146.641049260536, 26575.518608647017, 24575.227423772936, 26575.518608647017
7, 27146.641049260536, 24671.861108212594, 27146.641049260536, 26747.8287661996, 24582.830380300507, 26747.8287661996
8, 27257.771868353502, 24629.080555444052, 27257.771868353502, 26855.075303045145, 24565.709422466716, 26855.075303045145
9, 27266.02192916851, 24300.744727772202, 27266.02192916851, 26953.30031306935, 24552.551656693864, 26953.30031306935
10, 27365.357785975848, 24299.1525798694, 27365.357785975848, 27030.82399863532, 24523.986108719022, 27030.82399863532
11, 27557.208733052405, 24390.166158258922, 27557.208733052405, 27124.675387520623, 24523.35584231074, 27124.675387520623
12, 27646.08771646681, 24597.992622649515, 27646.08771646681, 27212.246355562333, 24506.79155264748, 27212.246355562333
13, 27724.029517783387, 24475.53747376813, 27724.029517783387, 27280.96441097609, 24448.602598511254, 27280.96441097609
14, 27724.029517783387, 24475.53747376813, 27724.029517783387, 27357.135816635313, 24411.889808624917, 27357.135816635313
15, 27724.029517783387, 24475.53747376813, 27724.029517783387, 27437.549187884197, 24405.26130646076, 27437.549187884197
16, 27813.616961282638, 24550.36979386283, 27813.616961282638, 27524.256906379793, 24423.75524378353, 27524.256906379793
17, 27970.5811782068, 24423.510301831153, 27970.5811782068, 27596.568990148102, 24412.30962924794, 27596.568990148102
18, 27970.5811782068, 24423.510301831153, 27970.5811782068, 27664.429195314235, 24432.13080201491, 27664.429195314235
19, 28034.61058136335, 24427.503110221252, 28034.61058136335, 27727.82234497974, 24443.06722803823, 27727.82234497974
20, 28291.37228118791, 24311.66409973232, 28291.37228118791, 27806.936855642114, 24435.851519711385, 27806.936855642114
21, 28342.19656707863, 24190.552468173286, 28342.19656707863, 27886.58216809862, 24448.400566133714, 27886.58216809862
22, 28342.19656707863, 24190.552468173286, 28342.19656707863, 27980.969993450693, 24426.409802170747, 27980.969993450693
23, 28342.19656707863, 24190.552468173286, 28342.19656707863, 28055.69361385301, 24378.63765966082, 28055.69361385301
24, 28361.039024844627, 24523.52041371335, 28361.039024844627, 28124.353595777844, 24347.54323143494, 28124.353595777844
25, 28533.95867749155, 24041.03293556694, 28533.95867749155, 28187.45647265992, 24337.558010549114, 28187.45647265992
26, 28533.95867749155, 24041.03293556694, 28533.95867749155, 28259.499607714286, 24290.710844828376, 28259.499607714286
27, 28582.388542565688, 24439.51142148109, 28582.388542565688, 28320.25930497252, 24258.272246163044, 28320.25930497252
28, 28611.712167847803, 24557.10190574877, 28611.712167847803, 28378.229637705583, 24271.105122118668, 28378.229637705583
29, 28644.25628171284, 24406.8265058676, 28644.25628171284, 28441.84881956935, 24306.92236491234, 28441.84881956935
30, 28644.25628171284, 24406.8265058676, 28644.25628171284, 28491.520750278694, 24293.07167804243, 28491.520750278694
31, 28759.29247486382, 24504.50332353545, 28759.29247486382, 28542.82723790836, 24299.266614168744, 28542.82723790836
32, 28759.29247486382, 24504.50332353545, 28759.29247486382, 28580.783034954547, 24312.966027231872, 28580.783034954547
33, 29170.549328296576, 24639.669966626003, 29170.549328296576, 28619.46066273984, 24384.42113750598, 28619.46066273984
34, 29170.549328296576, 24639.669966626003, 29170.549328296576, 28648.900485973423, 24356.775232352054, 28648.900485973423
35, 29170.549328296576, 24639.669966626003, 29170.549328296576, 28690.407167500838, 24349.414939541966, 28690.407167500838
36, 29170.549328296576, 24639.669966626003, 29170.549328296576, 28737.0825179656, 24346.136378595776, 28737.0825179656
37, 29170.549328296576, 24639.669966626003, 29170.549328296576, 28790.538635476805, 24370.241212129524, 28790.538635476805
38, 29170.549328296576, 24639.669966626003, 29170.549328296576, 28843.10793642001, 24405.239618793843, 28843.10793642001
39, 29170.549328296576, 24639.669966626003, 29170.549328296576, 28897.719875524832, 24450.114227710405, 28897.719875524832
40, 29170.992522385815, 24582.741436019955, 29170.992522385815, 28945.513950919627, 24487.515623509702, 28945.513950919627
41, 29215.933291879686, 24681.014841565004, 29215.933291879686, 28986.61640224302, 24496.480075326486, 28986.61640224302
42, 29226.158566900875, 24579.04051887247, 29226.158566900875, 29036.627754289675, 24464.098138088295, 29036.627754289675
43, 29251.685383422173, 24649.21614971239, 29251.685383422173, 29094.050126187747, 24505.537689569603, 29094.050126187747
44, 29292.21527525249, 24636.05795860622, 29292.21527525249, 29133.18336847183, 24564.04189234305, 29133.18336847183
45, 29319.452013624075, 24670.76385598753, 29319.452013624075, 29164.88651120054, 24559.974107597078, 29164.88651120054
46, 29334.47468216675, 24588.78096787238, 29334.47468216675, 29191.768222267103, 24577.579248188966, 29191.768222267103
47, 29472.37513438537, 24453.630548618683, 29472.37513438537, 29212.747249740365, 24529.874722799006, 29212.747249740365
48, 29477.37537169488, 24523.700676726927, 29477.37537169488, 29232.15906324422, 24571.237186886137, 29232.15906324422
49, 29493.536125606268, 24426.556644315955, 29493.536125606268, 29254.35043476371, 24551.883853972453, 29254.35043476371
50, 29613.011720191083, 24612.91492316684, 29613.011720191083, 29284.06154071675, 24516.99130756347, 29284.06154071675
51, 29613.011720191083, 24612.91492316684, 29613.011720191083, 29327.53419358623, 24445.546272641583, 29327.53419358623
52, 29613.011720191083, 24612.91492316684, 29613.011720191083, 29368.42294041738, 24469.67579196962, 29368.42294041738
53, 29680.646938732672, 23879.622613073563, 29680.646938732672, 29413.674118729872, 24412.62623973587, 29413.674118729872
54, 29710.46476335052, 24483.728155248737, 29710.46476335052, 29464.91238334657, 24396.251548272925, 29464.91238334657
55, 29720.154132145828, 24500.821663812058, 29720.154132145828, 29522.108889221436, 24485.906455409982, 29522.108889221436
56, 29720.154132145828, 24500.821663812058, 29720.154132145828, 29562.783137653787, 24497.28723152221, 29562.783137653787
57, 29720.154132145828, 24500.821663812058, 29720.154132145828, 29606.344810847597, 24495.138696855898, 29606.344810847597
58, 29885.14290300681, 23784.523884213115, 29885.14290300681, 29635.422962773708, 24489.76472071542, 29635.422962773708
59, 29885.14290300681, 23784.523884213115, 29885.14290300681, 29662.31836829748, 24452.02426756082, 29662.31836829748
60, 29885.14290300681, 23784.523884213115, 29885.14290300681, 29700.49247520347, 24353.323425749244, 29700.49247520347
61, 29885.14290300681, 23784.523884213115, 29885.14290300681, 29737.420306537748, 24378.537824335563, 29737.420306537748
62, 29942.25289838146, 24590.896114104835, 29942.25289838146, 29768.59521157759, 24331.873608659273, 29768.59521157759
63, 29942.25289838146, 24590.896114104835, 29942.25289838146, 29803.058820026858, 24253.25021858272, 29803.058820026858
64, 29942.25289838146, 24590.896114104835, 29942.25289838146, 29837.79421817105, 24183.204656878417, 29837.79421817105
65, 30047.7797856791, 24678.455913235914, 30047.7797856791, 29873.176334216892, 24178.744350338915, 29873.176334216892
66, 30047.7797856791, 24678.455913235914, 30047.7797856791, 29893.651486528684, 23909.146566218336, 29893.651486528684
67, 30047.7797856791, 24678.455913235914, 30047.7797856791, 29902.952650443935, 23894.695839134423, 29902.952650443935
68, 30079.166781748703, 23700.675288045928, 30079.166781748703, 29921.207681128682, 23989.137748109508, 29921.207681128682
69, 30106.739757972467, 23919.433018758868, 30106.739757972467, 29953.89330278372, 24130.691590680963, 29953.89330278372
70, 30137.91116301472, 24287.674607813657, 30137.91116301472, 29979.546211518064, 24127.04648995172, 29979.546211518064
71, 30137.91116301472, 24287.674607813657, 30137.91116301472, 30005.044443978473, 24049.126125866907, 30005.044443978473
72, 30137.91116301472, 24287.674607813657, 30137.91116301472, 30030.78988454511, 24163.88602739168, 30030.78988454511
73, 30144.568580456704, 24154.525617365733, 30144.568580456704, 30054.41170306685, 24244.56665360031, 30054.41170306685
74, 30168.24261326286, 24519.65706307035, 30168.24261326286, 30076.183203148237, 24345.17567956416, 30076.183203148237
75, 30277.393320578427, 24499.752900477382, 30277.393320578427, 30099.41144745138, 24202.741461482878, 30099.41144745138
76, 30277.393320578427, 24499.752900477382, 30277.393320578427, 30118.279962865912, 24205.286751165808, 30118.279962865912
77, 30277.393320578427, 24499.752900477382, 30277.393320578427, 30139.944840012246, 24210.768129485157, 30139.944840012246
78, 30277.393320578427, 24499.752900477382, 30277.393320578427, 30157.056966899032, 24290.546610209563, 30157.056966899032
79, 30411.312754014158, 24281.017986725135, 30411.312754014158, 30176.861438205717, 24287.39953916781, 30176.861438205717
80, 30431.00863457518, 24352.296824506062, 30431.00863457518, 30202.911824494182, 24296.888346285148, 30202.911824494182
81, 30431.00863457518, 24352.296824506062, 30431.00863457518, 30233.967044162437, 24271.579057950355, 30233.967044162437
82, 30456.23546413539, 24317.98356020041, 30456.23546413539, 30256.338170200226, 24290.841347594935, 30256.338170200226
83, 30463.061427674747, 24511.50382216731, 30463.061427674747, 30278.897600705805, 24399.355300352814, 30278.897600705805
84, 30511.919834595108, 24031.388952172198, 30511.919834595108, 30307.50989305079, 24453.138870297487, 30307.50989305079
85, 30511.919834595108, 24031.388952172198, 30511.919834595108, 30330.857457428527, 24410.305223844094, 30330.857457428527
86, 30592.75844148306, 24548.942533994068, 30592.75844148306, 30367.41456477689, 24359.57027494842, 30367.41456477689
87, 30592.75844148306, 24548.942533994068, 30592.75844148306, 30398.374338923353, 24378.07595849707, 30398.374338923353
88, 30592.75844148306, 24548.942533994068, 30592.75844148306, 30428.208535640468, 24328.270277641237, 30428.208535640468
89, 30627.663108739354, 24375.292707097724, 30627.663108739354, 30454.74553578038, 24335.338656016993, 30454.74553578038
90, 30627.663108739354, 24375.292707097724, 30627.663108739354, 30479.689340244917, 24326.167003402425, 30479.689340244917
91, 30627.663108739354, 24375.292707097724, 30627.663108739354, 30503.00395454195, 24333.030428985367, 30503.00395454195
92, 30670.4277099459, 24599.22188492216, 30670.4277099459, 30534.073124414637, 24287.517919304304, 30534.073124414637
93, 30670.4277099459, 24599.22188492216, 30670.4277099459, 30564.180691103553, 24335.094222992044, 30564.180691103553
94, 30670.4277099459, 24599.22188492216, 30670.4277099459, 30593.528364418893, 24510.78806282019, 30593.528364418893
95, 30733.458350947123, 24056.976918721135, 30733.458350947123, 30605.164508978793, 24518.460896681892, 30605.164508978793
96, 30745.88337291957, 23333.08352565656, 30745.88337291957, 30613.18673107661, 24490.771451314435, 30613.18673107661
97, 30745.88337291957, 23333.08352565656, 30745.88337291957, 30624.350322869635, 24461.63720366727, 30624.350322869635
98, 30745.88337291957, 23333.08352565656, 30745.88337291957, 30637.584001944182, 24434.285292889268, 30637.584001944182
99, 30781.20580601124, 24208.072589436662, 30781.20580601124, 30646.741173583967, 24429.427069478897, 30646.741173583967
100, 30781.20580601124, 24208.072589436662, 30781.20580601124, 30656.785571372635, 24458.676759783666, 30656.785571372635
101, 30781.20580601124, 24208.072589436662, 30781.20580601124, 30672.87551672432, 24489.578331724962, 30672.87551672432
102, 30781.20580601124, 24208.072589436662, 30781.20580601124, 30679.495027731038, 24485.067562592612, 30679.495027731038
103, 30827.171181816004, 24365.292683636133, 30827.171181816004, 30686.240180034427, 24416.097830497903, 30686.240180034427
104, 30827.171181816004, 24365.292683636133, 30827.171181816004, 30699.893281870256, 24277.1171011741, 30699.893281870256
105, 30827.171181816004, 24365.292683636133, 30827.171181816004, 30720.983055656216, 24045.274923312783, 30720.983055656216
106, 30827.171181816004, 24365.292683636133, 30827.171181816004, 30741.549020146234, 23939.712031930605, 30741.549020146234
107, 30851.68631269607, 24417.812343755806, 30851.68631269607, 30753.53513679352, 23840.176009869152, 30753.53513679352
108, 30950.204806884452, 24157.998472673444, 30950.204806884452, 30765.24688353833, 23766.56658755851, 30765.24688353833
109, 30978.881547359262, 24298.63370036969, 30978.881547359262, 30780.93993953971, 24088.40228377895, 30780.93993953971
110, 30978.881547359262, 24298.63370036969, 30978.881547359262, 30809.092002216654, 24214.589518530247, 30809.092002216654
111, 30978.881547359262, 24298.63370036969, 30978.881547359262, 30824.59489668304, 24265.82529166346, 30824.59489668304
112, 30978.881547359262, 24298.63370036969, 30978.881547359262, 30839.81948024939, 24324.933708733966, 30839.81948024939
113, 31035.55261998401, 24052.737349854535, 31035.55261998401, 30853.538595615973, 24343.485137418058, 30853.538595615973
114, 31035.55261998401, 24052.737349854535, 31035.55261998401, 30873.71447413683, 24320.691242459114, 30873.71447413683
115, 31035.55261998401, 24052.737349854535, 31035.55261998401, 30905.03661916235, 24290.897300085704, 30905.03661916235
116, 31035.55261998401, 24052.737349854535, 31035.55261998401, 30948.706686115453, 24227.831866880777, 30948.706686115453
117, 31055.737869980978, 24347.432472594533, 31055.737869980978, 30965.518568277796, 24231.978829283777, 30965.518568277796
118, 31055.737869980978, 24347.432472594533, 31055.737869980978, 30976.342693784285, 24259.827684547672, 30976.342693784285
119, 31055.737869980978, 24347.432472594533, 31055.737869980978, 30982.418485077134, 24300.275059596534, 30982.418485077134
120, 31134.57513877652, 24296.249488823756, 31134.57513877652, 30991.33733005612, 24362.63046028997, 30991.33733005612
121, 31134.57513877652, 24296.249488823756, 31134.57513877652, 31001.20722173476, 24411.26090836986, 31001.20722173476
122, 31134.57513877652, 24296.249488823756, 31134.57513877652, 31014.240708606896, 24381.80005881671, 31014.240708606896
123, 31181.892845380375, 24350.296523235942, 31181.892845380375, 31030.533645213247, 24316.674671116896, 31030.533645213247
124, 31181.892845380375, 24350.296523235942, 31181.892845380375, 31047.170874500083, 24218.625877115606, 31047.170874500083
125, 31181.892845380375, 24350.296523235942, 31181.892845380375, 31061.65808648348, 24222.645614342186, 31061.65808648348
126, 31181.892845380375, 24350.296523235942, 31181.892845380375, 31079.20290592661, 24292.044141445873, 31079.20290592661
127, 31226.833203678856, 24260.005269357902, 31226.833203678856, 31096.945737488855, 24245.956626071857, 31096.945737488855
128, 31226.833203678856, 24260.005269357902, 31226.833203678856, 31124.278297167457, 24217.49179806615, 31124.278297167457
129, 31226.833203678856, 24260.005269357902, 31226.833203678856, 31141.93779585667, 24307.765646276363, 31141.93779585667
130, 31226.833203678856, 24260.005269357902, 31226.833203678856, 31147.005150596215, 24306.71736722885, 31147.005150596215
131, 31229.171056869884, 24414.667129536545, 31229.171056869884, 31155.818322381234, 24312.548507578605, 31155.818322381234
132, 31233.37046411304, 24317.43344572455, 31233.37046411304, 31171.67302976401, 24318.40561632612, 31171.67302976401
133, 31263.81748702016, 24539.999797330478, 31263.81748702016, 31195.544318000633, 24320.647590534576, 31195.544318000633
134, 31263.81748702016, 24539.999797330478, 31263.81748702016, 31203.413203574186, 24324.816285753357, 31203.413203574186
135, 31263.81748702016, 24539.999797330478, 31263.81748702016, 31216.80152019491, 24306.888773327493, 31216.80152019491
136, 31305.766984453676, 24385.02507755913, 31305.766984453676, 31226.450460158303, 24293.308460312124, 31226.450460158303
137, 31410.916926950154, 24326.50189001566, 31410.916926950154, 31232.7091565684, 24284.052249549903, 31232.7091565684
138, 31410.916926950154, 24326.50189001566, 31410.916926950154, 31238.032387073035, 24304.200798874135, 31238.032387073035
139, 31410.916926950154, 24326.50189001566, 31410.916926950154, 31245.956399501083, 24329.22730374416, 31245.956399501083
140, 31410.916926950154, 24326.50189001566, 31410.916926950154, 31262.74279908854, 24370.57594325964, 31262.74279908854
141, 31410.916926950154, 24326.50189001566, 31410.916926950154, 31283.35916093207, 24393.970142084556, 31283.35916093207
142, 31410.916926950154, 24326.50189001566, 31410.916926950154, 31299.23907091246, 24331.82186844202, 31299.23907091246
143, 31410.916926950154, 24326.50189001566, 31410.916926950154, 31316.0757509792, 24324.56634388965, 31316.0757509792
144, 31439.0627569036, 24563.091777152902, 31439.0627569036, 31338.106919211914, 24276.479607614252, 31338.106919211914
145, 31439.0627569036, 24563.091777152902, 31439.0627569036, 31356.07343704866, 24244.130112820985, 31356.07343704866
146, 31439.0627569036, 24563.091777152902, 31439.0627569036, 31371.944692100948, 24236.871711027343, 31371.944692100948
147, 31491.115436764874, 24259.30069196484, 31491.115436764874, 31384.190537854545, 24274.916555987525, 31384.190537854545
148, 31491.115436764874, 24259.30069196484, 31491.115436764874, 31407.179721124725, 24336.146694818424, 31407.179721124725
149, 31519.229713277145, 24518.330716043918, 31519.229713277145, 31416.89487457171, 24330.432797324906, 31416.89487457171
150, 31519.229713277145, 24518.330716043918, 31519.229713277145, 31421.185598522065, 24331.26972143803, 31421.185598522065
151, 31519.229713277145, 24518.330716043918, 31519.229713277145, 31427.362693712847, 24323.510452638267, 31427.362693712847
152, 31519.229713277145, 24518.330716043918, 31519.229713277145, 31440.10741304086, 24307.142435596394, 31440.10741304086
153, 31519.229713277145, 24518.330716043918, 31519.229713277145, 31450.719883726473, 24323.148170408247, 31450.719883726473
154, 31519.229713277145, 24518.330716043918, 31519.229713277145, 31460.217480539854, 24425.693762069423, 31460.217480539854
155, 31520.893451679087, 24025.43956161636, 31520.893451679087, 31469.17516742342, 24384.880627761682, 31469.17516742342
156, 31537.159505304775, 24568.17722689165, 31537.159505304775, 31488.838951938247, 24268.69234359787, 31488.838951938247
157, 31537.159505304775, 24568.17722689165, 31537.159505304775, 31498.09665186604, 24309.29250208446, 31498.09665186604
158, 31598.571577927145, 24490.08482480141, 31598.571577927145, 31503.93978949904, 24346.081057797186, 31503.93978949904
159, 31636.52267283004, 24349.25748785849, 31636.52267283004, 31512.493987328002, 24397.217985000898, 31512.493987328002
160, 31663.9144350348, 24515.67015517099, 31663.9144350348, 31521.965381242797, 24464.629888066193, 31521.965381242797
161, 31663.9144350348, 24515.67015517099, 31663.9144350348, 31525.818979979394, 24453.437217567578, 31525.818979979394
162, 31713.723617247713, 23858.002575236478, 31713.723617247713, 31530.723445345182, 24400.502313595534, 31530.723445345182
163, 31713.723617247713, 23858.002575236478, 31713.723617247713, 31539.40736761263, 24342.598682882308, 31539.40736761263
164, 31713.723617247713, 23858.002575236478, 31713.723617247713, 31551.08050236412, 24330.831595040243, 31551.08050236412
165, 31713.723617247713, 23858.002575236478, 31713.723617247713, 31566.8759206322, 24428.4045815208, 31566.8759206322
166, 31713.723617247713, 23858.002575236478, 31713.723617247713, 31583.552399633438, 24384.17627819177, 31583.552399633438
167, 31713.723617247713, 23858.002575236478, 31713.723617247713, 31607.41200848381, 24424.163985587096, 31607.41200848381
168, 31713.723617247713, 23858.002575236478, 31713.723617247713, 31638.922258493487, 24430.00055403361, 31638.922258493487
169, 31764.880328514213, 23831.727198854216, 31764.880328514213, 31657.041546567878, 24400.65846933551, 31657.041546567878
170, 31764.880328514213, 23831.727198854216, 31764.880328514213, 31670.033287530787, 24435.17598801856, 31670.033287530787
171, 31764.880328514213, 23831.727198854216, 31764.880328514213, 31682.260102505927, 24441.874599983148, 31682.260102505927
172, 31861.267221228652, 24387.73884942857, 31861.267221228652, 31695.10867810362, 24378.853979948577, 31695.10867810362
173, 31861.267221228652, 24387.73884942857, 31861.267221228652, 31702.45633679011, 24243.629340004343, 31702.45633679011
174, 31905.654145710567, 24572.937116584126, 31905.654145710567, 31716.869723428255, 23988.700912763932, 31716.869723428255
175, 31905.654145710567, 24572.937116584126, 31905.654145710567, 31726.614406591136, 23910.595088756923, 31726.614406591136
176, 31905.654145710567, 24572.937116584126, 31905.654145710567, 31734.789938205504, 23942.710193524603, 31734.789938205504
177, 31905.654145710567, 24572.937116584126, 31905.654145710567, 31744.24116326841, 23993.291295577666, 31744.24116326841
178, 31905.654145710567, 24572.937116584126, 31905.654145710567, 31761.314007978555, 23993.21436131637, 31761.314007978555
179, 31905.654145710567, 24572.937116584126, 31905.654145710567, 31779.533024671615, 23951.020887412666, 31779.533024671615
180, 31905.654145710567, 24572.937116584126, 31905.654145710567, 31787.829395046592, 24002.647279956444, 31787.829395046592
181, 31905.654145710567, 24572.937116584126, 31905.654145710567, 31804.982303915385, 24131.42379354895, 31804.982303915385
182, 31935.400909260992, 24459.82744323602, 31935.400909260992, 31825.4538857547, 24292.643950010246, 31825.4538857547
183, 31959.385794782065, 24624.79797572287, 31959.385794782065, 31857.355700343844, 24355.865301810973, 31857.355700343844
184, 32013.265519842786, 24597.832533683457, 32013.265519842786, 31883.124431582863, 24476.68001007157, 31883.124431582863
185, 32013.265519842786, 24597.832533683457, 32013.265519842786, 31899.354355143787, 24537.539501024155, 31899.354355143787
186, 32013.265519842786, 24597.832533683457, 32013.265519842786, 31910.24338075833, 24568.843841948263, 31910.24338075833
187, 32013.265519842786, 24597.832533683457, 32013.265519842786, 31913.899928482348, 24564.362269188034, 31913.899928482348
188, 32047.819915818134, 24605.057451610057, 32047.819915818134, 31920.66755834526, 24557.973420812803, 31920.66755834526
189, 32047.819915818134, 24605.057451610057, 32047.819915818134, 31928.729618725934, 24550.671605459298, 31928.729618725934
190, 32047.819915818134, 24605.057451610057, 32047.819915818134, 31947.73742649737, 24536.9142018301, 31947.73742649737
191, 32047.819915818134, 24605.057451610057, 32047.819915818134, 31960.009844191267, 24560.952500783587, 31960.009844191267
192, 32047.819915818134, 24605.057451610057, 32047.819915818134, 31973.344482412773, 24613.743545075242, 31973.344482412773
193, 32047.819915818134, 24605.057451610057, 32047.819915818134, 31980.658107464445, 24613.71719814478, 31980.658107464445
194, 32047.819915818134, 24605.057451610057, 32047.819915818134, 31990.330565763874, 24609.144433908936, 31990.330565763874
195, 32047.819915818134, 24605.057451610057, 32047.819915818134, 32013.156658231375, 24596.55540787086, 32013.156658231375
196, 32106.10236544188, 24687.705819536535, 32106.10236544188, 32028.430760497813, 24602.729091608962, 32028.430760497813
197, 32170.851301983716, 24458.79103880411, 32170.851301983716, 32037.413672043658, 24603.9931438343, 32037.413672043658
198, 32170.851301983716, 24458.79103880411, 32170.851301983716, 32049.322127087853, 24604.363300535955, 32049.322127087853
199, 32170.851301983716, 24458.79103880411, 32170.851301983716, 32050.665318971613, 24603.401405000055, 32050.665318971613
200, 32170.851301983716, 24458.79103880411, 32170.851301983716, 32052.636485380805, 24600.505632871136, 32052.636485380805
201, 32170.851301983716, 24458.79103880411, 32170.851301983716, 32056.97882787609, 24594.105635864827, 32056.97882787609
202, 32170.851301983716, 24458.79103880411, 32170.851301983716, 32064.942201903952, 24583.513972250345, 32064.942201903952
203, 32170.851301983716, 24458.79103880411, 32170.851301983716, 32074.316574576525, 24576.658624391875, 32074.316574576525
204, 32170.851301983716, 24458.79103880411, 32170.851301983716, 32094.21891804916, 24555.89340165254, 32094.21891804916
205, 32230.013764394058, 24142.32610539921, 32230.013764394058, 32121.090874812846, 24582.254077549405, 32121.090874812846
206, 32230.013764394058, 24142.32610539921, 32230.013764394058, 32132.957961078802, 24579.273311417117, 32132.957961078802
207, 32230.013764394058, 24142.32610539921, 32230.013764394058, 32151.911286757284, 24507.39465781839, 32151.911286757284
208, 32230.013764394058, 24142.32610539921, 32230.013764394058, 32174.6879469145, 24446.147122672428, 32174.6879469145
209, 32230.013764394058, 24142.32610539921, 32230.013764394058, 32176.873704923433, 24439.133088775256, 32176.873704923433
210, 32230.013764394058, 24142.32610539921, 32230.013764394058, 32181.121728103357, 24420.32225191542, 32181.121728103357
211, 32230.013764394058, 24142.32610539921, 32230.013764394058, 32186.7840245727, 24397.573590631993, 32186.7840245727
212, 32230.013764394058, 24142.32610539921, 32230.013764394058, 32197.987046463364, 24352.159721603453, 32197.987046463364
213, 32333.889176028468, 24098.074512675707, 32333.889176028468, 32211.387671735734, 24298.53063625977, 32211.387671735734
214, 32333.889176028468, 24098.074512675707, 32333.889176028468, 32225.40039559992, 24226.834339872683, 32225.40039559992
215, 32333.889176028468, 24098.074512675707, 32333.889176028468, 32231.642164112218, 24146.153962566706, 32231.642164112218
216, 32333.889176028468, 24098.074512675707, 32333.889176028468, 32233.410411869045, 24145.70979819099, 32233.410411869045
217, 32333.889176028468, 24098.074512675707, 32333.889176028468, 32236.00982068238, 24145.96318838523, 32236.00982068238
218, 32364.62495294852, 24141.762626629195, 32364.62495294852, 32238.621753761232, 24145.879202895827, 32238.621753761232
219, 32364.62495294852, 24141.762626629195, 32364.62495294852, 32244.45714867496, 24151.82796387649, 32244.45714867496
220, 32364.62495294852, 24141.762626629195, 32364.62495294852, 32254.090262033133, 24159.124049003174, 32254.090262033133
221, 32364.62495294852, 24141.762626629195, 32364.62495294852, 32269.191581777875, 24164.885712751402, 32269.191581777875
222, 32364.62495294852, 24141.762626629195, 32364.62495294852, 32293.78211978108, 24179.988711690443, 32293.78211978108
223, 32364.62495294852, 24141.762626629195, 32364.62495294852, 32320.89255956419, 24157.473984610722, 32320.89255956419
224, 32477.601768908688, 24098.768138405, 32477.601768908688, 32345.7102838197, 24118.18302731166, 32345.7102838197
225, 32477.601768908688, 24098.768138405, 32477.601768908688, 32351.286239219062, 24128.021579147786, 32351.286239219062
226, 32477.601768908688, 24098.768138405, 32477.601768908688, 32362.76888693485, 24151.685631289445, 32362.76888693485
227, 32477.601768908688, 24098.768138405, 32477.601768908688, 32366.840123099522, 24147.120492535676, 32366.840123099522
228, 32477.601768908688, 24098.768138405, 32477.601768908688, 32368.88716481953, 24148.980455060584, 32368.88716481953
229, 32477.601768908688, 24098.768138405, 32477.601768908688, 32371.07548566157, 24151.889953291182, 32371.07548566157
230, 32514.035229613994, 24194.620973692072, 32514.035229613994, 32376.51928696292, 24158.402774161754, 32376.51928696292
231, 32514.035229613994, 24194.620973692072, 32514.035229613994, 32382.746913204846, 24169.199152478737, 32382.746913204846
232, 32514.035229613994, 24194.620973692072, 32514.035229613994, 32392.01001290869, 24188.62876913728, 32392.01001290869
233, 32514.035229613994, 24194.620973692072, 32514.035229613994, 32409.82066116244, 24210.429127715142, 32409.82066116244
234, 32514.035229613994, 24194.620973692072, 32514.035229613994, 32437.47188624778, 24214.83645892066, 32437.47188624778
235, 32514.035229613994, 24194.620973692072, 32514.035229613994, 32466.73960310833, 24133.003513810323, 32466.73960310833
236, 32514.035229613994, 24194.620973692072, 32514.035229613994, 32481.427282282835, 24108.832686110098, 32481.427282282835
237, 32581.023026149494, 24413.88150117954, 32581.023026149494, 32484.494730818413, 24117.11795139406, 32484.494730818413
238, 32581.023026149494, 24413.88150117954, 32581.023026149494, 32489.06853111753, 24128.056502141302, 32489.06853111753
239, 32581.023026149494, 24413.88150117954, 32581.023026149494, 32495.469878841395, 24146.292883807462, 32495.469878841395
240, 32581.023026149494, 24413.88150117954, 32581.023026149494, 32504.824996127296, 24171.765718120427, 32504.824996127296
241, 32581.023026149494, 24413.88150117954, 32581.023026149494, 32518.724375371487, 24209.9692106163, 32518.724375371487
242, 32581.023026149494, 24413.88150117954, 32581.023026149494, 32519.914777952046, 24212.4137330374, 32519.914777952046
243, 32581.023026149494, 24413.88150117954, 32581.023026149494, 32523.786136703817, 24225.274648105107, 32523.786136703817
244, 32581.023026149494, 24413.88150117954, 32581.023026149494, 32530.221347274528, 24247.992055215993, 32530.221347274528
245, 32581.023026149494, 24413.88150117954, 32581.023026149494, 32539.774087753078, 24280.34618542142, 32539.774087753078
246, 32581.023026149494, 24413.88150117954, 32581.023026149494, 32555.186814801003, 24330.585527142288, 32555.186814801003
247, 32642.476737786812, 24634.609718337146, 32642.476737786812, 32576.41466576748, 24407.132572799917, 32576.41466576748
248, 32642.476737786812, 24634.609718337146, 32642.476737786812, 32581.330294707834, 24414.98514226535, 32581.330294707834
249, 32642.476737786812, 24634.609718337146, 32642.476737786812, 32581.63756326602, 24416.08878335114, 32581.63756326602
250, 32646.46938954552, 24116.693089270742, 32646.46938954552, 32582.272063641183, 24415.706482377384, 32582.272063641183
251, 32646.46938954552, 24116.693089270742, 32646.46938954552, 32582.57933219937, 24416.810123463172, 32582.57933219937
252, 32646.46938954552, 24116.693089270742, 32646.46938954552, 32584.135638249096, 24419.73874574678, 32584.135638249096
253, 32646.46938954552, 24116.693089270742, 32646.46938954552, 32584.75017536547, 24421.946027918355, 32584.75017536547
254, 32646.46938954552, 24116.693089270742, 32646.46938954552, 32587.06310725954, 24422.17803069866, 32587.06310725954
255, 32646.46938954552, 24116.693089270742, 32646.46938954552, 32590.36008052096, 24431.175387642776, 32590.36008052096
256, 32646.46938954552, 24116.693089270742, 32646.46938954552, 32597.533194755586, 24443.914501398624, 32597.533194755586
257, 32646.46938954552, 24116.693089270742, 32646.46938954552, 32608.057050925647, 24457.57893815319, 32608.057050925647
258, 32646.46938954552, 24116.693089270742, 32646.46938954552, 32620.648782038264, 24481.39234204728, 32620.648782038264
259, 32646.46938954552, 24116.693089270742, 32646.46938954552, 32643.202965475415, 24515.54493343905, 32643.202965475415
260, 32651.455692879797, 24627.70426358961, 32651.455692879797, 32644.118693265893, 24427.408539436805, 32644.118693265893
261, 32765.03283476349, 24657.232399421322, 32765.03283476349, 32646.421287917863, 24292.306936039244, 32646.421287917863
262, 32765.03283476349, 24657.232399421322, 32765.03283476349, 32647.678973221857, 24129.16319788345, 32647.678973221857
263, 32765.03283476349, 24657.232399421322, 32765.03283476349, 32647.703904738533, 24131.71825375504, 32647.703904738533
264, 32765.03283476349, 24657.232399421322, 32765.03283476349, 32647.828562321887, 24144.49353311301, 32647.828562321887
265, 32765.03283476349, 24657.232399421322, 32765.03283476349, 32649.13688977213, 24171.693524851453, 32649.13688977213
266, 32765.03283476349, 24657.232399421322, 32765.03283476349, 32650.731542350968, 24204.16489629649, 32650.731542350968
267, 32765.03283476349, 24657.232399421322, 32765.03283476349, 32651.42201045829, 24248.563620304336, 32651.42201045829
268, 32765.03283476349, 24657.232399421322, 32765.03283476349, 32654.44855517788, 24347.97640717701, 32654.44855517788
269, 32765.03283476349, 24657.232399421322, 32765.03283476349, 32658.43992470576, 24472.643898213846, 32658.43992470576
270, 32765.03283476349, 24657.232399421322, 32765.03283476349, 32662.96476713039, 24571.29690209861, 32662.96476713039
271, 32765.03283476349, 24657.232399421322, 32765.03283476349, 32672.30169794374, 24528.517602563647, 32672.30169794374
272, 32765.03283476349, 24657.232399421322, 32765.03283476349, 32686.370268334234, 24469.044619072658, 32686.370268334234
273, 32765.03283476349, 24657.232399421322, 32765.03283476349, 32707.231009605646, 24378.182152956444, 32707.231009605646
274, 32765.03283476349, 24657.232399421322, 32765.03283476349, 32731.643804838714, 24391.23417211715, 32731.643804838714
275, 32765.03283476349, 24657.232399421322, 32765.03283476349, 32755.62644945529, 24546.14876023568, 32755.62644945529
276, 32765.039736159913, 24662.33081601142, 32765.039736159913, 32756.084091896188, 24551.578321251985, 32756.084091896188
277, 32765.039736159913, 24662.33081601142, 32765.039736159913, 32756.74511564105, 24559.409690683115, 32756.74511564105
278, 32765.039736159913, 24662.33081601142, 32765.039736159913, 32757.965506985773, 24573.897017420924, 32757.965506985773
279, 32765.039736159913, 24662.33081601142, 32765.039736159913, 32760.30453000933, 24601.619782523216, 32760.30453000933
280, 32775.2220365954, 24539.03365408902, 32775.2220365954, 32763.81316522773, 24642.01248434625, 32763.81316522773
281, 32775.2220365954, 24539.03365408902, 32775.2220365954, 32765.135485935505, 24656.611237792942, 32765.135485935505
282, 32775.2220365954, 24539.03365408902, 32775.2220365954, 32765.135796498344, 24656.840666539498, 32765.135796498344
283, 32812.23650896991, 24490.1074964, 32812.23650896991, 32765.372435995057, 24656.4638995175, 32765.372435995057
284, 32812.23650896991, 24490.1074964, 32812.23650896991, 32765.60955858952, 24656.444021656815, 32765.60955858952
285, 32812.23650896991, 24490.1074964, 32812.23650896991, 32765.847233295695, 24656.83201712334, 32765.847233295695
286, 32812.23650896991, 24490.1074964, 32812.23650896991, 32766.423301488976, 24655.559289782745, 32766.423301488976
287, 32812.23650896991, 24490.1074964, 32812.23650896991, 32767.233076085482, 24651.742968369348, 32767.233076085482
288, 32812.23650896991, 24490.1074964, 32812.23650896991, 32768.566273859215, 24645.38249074302, 32768.566273859215
289, 32812.23650896991, 24490.1074964, 32812.23650896991, 32770.983253421524, 24634.5172930193, 32770.983253421524
290, 32812.23650896991, 24490.1074964, 32812.23650896991, 32775.459412049604, 24612.6923926323, 32775.459412049604
291, 32812.23650896991, 24490.1074964, 32812.23650896991, 32780.324403660285, 24585.4655928678, 32780.324403660285
292, 32812.23650896991, 24490.1074964, 32812.23650896991, 32791.00486648029, 24531.107194506996, 32791.00486648029
293, 32812.23650896991, 24490.1074964, 32812.23650896991, 32802.82831325475, 24503.469674581498, 32802.82831325475
294, 32812.23650896991, 24490.1074964, 32812.23650896991, 32812.23650896992, 24490.107496399993, 32812.23650896992
295, 32813.03411752702, 24636.6857177795, 32813.03411752702, 32812.24049701271, 24490.840387506887, 32812.24049701271
296, 32826.9568881845, 24271.068431901404, 32826.9568881845, 32812.32207499436, 24491.21097439819, 32812.32207499436
297, 32826.9568881845, 24271.068431901404, 32826.9568881845, 32812.39966493321, 24490.84867018259, 32812.39966493321
298, 32833.50832864366, 24518.265679600445, 32833.50832864366, 32812.70146148554, 24491.493121446827, 32812.70146148554
299, 32833.50832864366, 24518.265679600445, 32833.50832864366, 32813.104677670206, 24488.598473174425, 32813.104677670206
300, 32833.50832864366, 24518.265679600445, 32833.50832864366, 32813.67104981816, 24486.44499868462, 32813.67104981816
301, 32833.50832864366, 24518.265679600445, 32833.50832864366, 32814.64908994797, 24484.3361578091, 32814.64908994797
302, 32833.50832864366, 24518.265679600445, 32833.50832864366, 32815.69530395353, 24488.5858234613, 32815.69530395353
303, 32833.50832864366, 24518.265679600445, 32833.50832864366, 32817.78770550843, 24482.32210072131, 32817.78770550843
304, 32833.50832864366, 24518.265679600445, 32833.50832864366, 32820.57699640196, 24436.549164989035, 32820.57699640196
305, 32833.50832864366, 24518.265679600445, 32833.50832864366, 32824.92687999977, 24327.752343234042, 32824.92687999977
306, 32833.50832864366, 24518.265679600445, 32833.50832864366, 32827.205449990244, 24282.15010057514, 32827.205449990244
307, 32833.50832864366, 24518.265679600445, 32833.50832864366, 32827.274605722705, 24284.805012691948, 32827.274605722705
308, 32833.50832864366, 24518.265679600445, 32833.50832864366, 32827.513536833554, 24294.671798863546, 32827.513536833554
309, 32965.63902656109, 24224.298528155257, 32965.63902656109, 32828.57690744547, 24309.24868047039, 32828.57690744547
310, 32965.63902656109, 24224.298528155257, 32965.63902656109, 32828.893990151, 24325.428961880083, 32828.893990151
311, 32965.63902656109, 24224.298528155257, 32965.63902656109, 32829.696641904084, 24359.5497222952, 32829.696641904084
312, 32965.63902656109, 24224.298528155257, 32965.63902656109, 32832.26777155721, 24418.99358736459, 32832.26777155721
313, 32965.63902656109, 24224.298528155257, 32965.63902656109, 32835.32717581515, 24484.373797828477, 32835.32717581515
314, 32965.63902656109, 24224.298528155257, 32965.63902656109, 32837.65369990346, 24498.65798827113, 32837.65369990346
315, 32965.63902656109, 24224.298528155257, 32965.63902656109, 32839.68255347421, 24487.550017900587, 32839.68255347421
316, 32965.63902656109, 24224.298528155257, 32965.63902656109, 32845.476488658736, 24466.517761583927, 32845.476488658736
317, 32965.63902656109, 24224.298528155257, 32965.63902656109, 32853.53491271885, 24429.120421372958, 32853.53491271885
318, 32965.63902656109, 24224.298528155257, 32965.63902656109, 32863.3614651505, 24390.658837134084, 32863.3614651505
319, 32965.63902656109, 24224.298528155257, 32965.63902656109, 32881.32727332193, 24316.413980880498, 32881.32727332193
320, 32965.63902656109, 24224.298528155257, 32965.63902656109, 32912.328861722606, 24264.423314690845, 32912.328861722606
321, 32965.63902656109, 24224.298528155257, 32965.63902656109, 32953.85926969346, 24251.08414142436, 32953.85926969346
322, 32965.63902656109, 24224.298528155257, 32965.63902656109, 32965.639026561046, 24224.2985281553, 32965.639026561046
323, 32965.63902656109, 24224.298528155257, 32965.63902656109, 32965.639026561046, 24224.2985281553, 32965.639026561046
324, 32965.63902656109, 24224.298528155257, 32965.63902656109, 32965.639026561046, 24224.2985281553, 32965.639026561046
325, 32965.63902656109, 24224.298528155257, 32965.63902656109, 32965.639026561046, 24224.2985281553, 32965.639026561046
326, 32965.63902656109, 24224.298528155257, 32965.63902656109, 32965.639026561046, 24224.2985281553, 32965.639026561046
327, 32965.63902656109, 24224.298528155257, 32965.63902656109, 32965.639026561046, 24224.2985281553, 32965.639026561046
328, 32965.63902656109, 24224.298528155257, 32965.63902656109, 32965.639026561046, 24224.2985281553, 32965.639026561046
329, 32965.63902656109, 24224.298528155257, 32965.63902656109, 32965.639026561046, 24224.2985281553, 32965.639026561046
330, 32965.63902656109, 24224.298528155257, 32965.63902656109, 32965.639026561046, 24224.2985281553, 32965.639026561046
331, 33007.46252002406, 24318.217218292277, 33007.46252002406, 32965.848144028365, 24224.76812160599, 32965.848144028365
332, 33027.91243362983, 24219.415890286975, 33027.91243362983, 32966.159511063706, 24224.74370841665, 32966.159511063706
333, 33104.32732225408, 24302.55840390218, 33104.32732225408, 32966.85295254217, 24225.135007795383, 32966.85295254217
334, 33104.32732225408, 24302.55840390218, 33104.32732225408, 32968.189001496496, 24226.694706179882, 32968.189001496496
335, 33104.32732225408, 24302.55840390218, 33104.32732225408, 32969.82116241225, 24228.47037272133, 32969.82116241225
336, 33104.32732225408, 24302.55840390218, 33104.32732225408, 32972.891621850344, 24231.311731007252, 32972.891621850344
337, 33104.32732225408, 24302.55840390218, 33104.32732225408, 32976.757772334946, 24234.050382031877, 32976.757772334946
338, 33104.32732225408, 24302.55840390218, 33104.32732225408, 32984.560489941345, 24239.437033289356, 32984.560489941345
339, 33104.32732225408, 24302.55840390218, 33104.32732225408, 32998.411932035764, 24248.24222706762, 32998.411932035764
340, 33104.32732225408, 24302.55840390218, 33104.32732225408, 33022.984908655104, 24264.98812698595, 33022.984908655104
341, 33104.32732225408, 24302.55840390218, 33104.32732225408, 33048.09670784554, 24278.85013957585, 33048.09670784554
342, 33104.32732225408, 24302.55840390218, 33104.32732225408, 33074.907590133735, 24270.548536160346, 33074.907590133735
343, 33135.558397493136, 24339.020448717703, 33135.558397493136, 33103.4049776019, 24303.035466712223, 33103.4049776019
344, 33135.558397493136, 24339.020448717703, 33135.558397493136, 33104.48347763021, 24302.74071412623, 33104.48347763021
345, 33135.558397493136, 24339.020448717703, 33135.558397493136, 33104.49591499246, 24303.763119184823, 33104.49591499246
346, 33135.558397493136, 24339.020448717703, 33135.558397493136, 33104.49591499246, 24303.763119184823, 33104.49591499246
347, 33135.558397493136, 24339.020448717703, 33135.558397493136, 33104.748261693676, 24304.00059019181, 33104.748261693676
348, 33135.558397493136, 24339.020448717703, 33135.558397493136, 33105.01304575715, 24305.260466257387, 33105.01304575715
349, 33135.558397493136, 24339.020448717703, 33135.558397493136, 33105.265392458365, 24305.497937264372, 33105.265392458365
350, 33135.558397493136, 24339.020448717703, 33135.558397493136, 33105.47021247065, 24306.63066388878, 33105.47021247065
351, 33138.789684699375, 24292.497104973525, 33138.789684699375, 33106.352037697616, 24308.188026032512, 33106.352037697616
352, 33138.789684699375, 24292.497104973525, 33138.789684699375, 33107.41603097245, 24313.818180535265, 33107.41603097245
353, 33138.789684699375, 24292.497104973525, 33138.789684699375, 33109.859104729076, 24323.990682750336, 33109.859104729076
354, 33138.789684699375, 24292.497104973525, 33138.789684699375, 33113.37896748937, 24332.730174879904, 33113.37896748937
355, 33206.51669245032, 24399.021632968364, 33206.51669245032, 33119.69555753392, 24350.0965031281, 33119.69555753392
356, 33206.51669245032, 24399.021632968364, 33206.51669245032, 33127.104687455, 24338.03569377487, 33127.104687455
357, 33206.51669245032, 24399.021632968364, 33206.51669245032, 33131.880631766704, 24326.35366787899, 33131.880631766704
358, 33206.51669245032, 24399.021632968364, 33206.51669245032, 33137.143043042386, 24333.832227313043, 33137.143043042386
359, 33206.51669245032, 24399.021632968364, 33206.51669245032, 33138.22748919246, 24330.437550455634, 33138.22748919246
360, 33237.41219714094, 24414.179368878773, 33237.41219714094, 33139.28694870038, 24325.162066474513, 33139.28694870038
361, 33237.41219714094, 24414.179368878773, 33237.41219714094, 33141.558584044054, 24317.790855764742, 33141.558584044054
362, 33237.41219714094, 24414.179368878773, 33237.41219714094, 33144.74579277374, 24304.07782766385, 33144.74579277374
363, 33237.41219714094, 24414.179368878773, 33237.41219714094, 33148.68329898014, 24305.705839131282, 33148.68329898014
364, 33237.41219714094, 24414.179368878773, 33237.41219714094, 33156.49431918921, 24317.339444030407, 33156.49431918921
365, 33237.41219714094, 24414.179368878773, 33237.41219714094, 33164.68923748175, 24327.808550075417, 33164.68923748175
366, 33237.41219714094, 24414.179368878773, 33237.41219714094, 33186.55778946074, 24359.919298671903, 33186.55778946074
367, 33237.41219714094, 24414.179368878773, 33237.41219714094, 33201.27560017411, 24385.03084546734, 33201.27560017411
368, 33237.41219714094, 24414.179368878773, 33237.41219714094, 33218.57435132456, 24404.634535889578, 33218.57435132456
369, 33237.41219714094, 24414.179368878773, 33237.41219714094, 33224.91634183107, 24407.44325766731, 33224.91634183107
370, 33237.41219714094, 24414.179368878773, 33237.41219714094, 33236.811111136994, 24413.27898599276, 33236.811111136994
371, 33237.41219714094, 24414.179368878773, 33237.41219714094, 33237.41219714097, 24414.179368878726, 33237.41219714097
372, 33260.03677320306, 24376.92197568729, 33260.03677320306, 33237.71498711915, 24413.5789715461, 33237.71498711915
373, 33260.03677320306, 24376.92197568729, 33260.03677320306, 33237.81935106934, 24413.563649495787, 33237.81935106934
374, 33295.24531139732, 24370.718269943256, 33295.24531139732, 33238.1938197883, 24412.94755568476, 33238.1938197883
375, 33295.24531139732, 24370.718269943256, 33295.24531139732, 33238.573153984034, 24412.11933495143, 33238.573153984034
376, 33295.24531139732, 24370.718269943256, 33295.24531139732, 33239.137289800856, 24411.089130773737, 33239.137289800856
377, 33295.24531139732, 24370.718269943256, 33295.24531139732, 33240.985807213445, 24408.36703688448, 33240.985807213445
378, 33295.24531139732, 24370.718269943256, 33295.24531139732, 33242.83432462604, 24405.644942995223, 33242.83432462604
379, 33295.24531139732, 24370.718269943256, 33295.24531139732, 33246.93938530592, 24398.802032395182, 33246.93938530592
380, 33295.24531139732, 24370.718269943256, 33295.24531139732, 33252.100518683656, 24389.474847399382, 33252.100518683656
381, 33295.24531139732, 24370.718269943256, 33295.24531139732, 33261.41713499825, 24375.164447384068, 33261.41713499825
382, 33295.24531139732, 24370.718269943256, 33295.24531139732, 33267.122152343574, 24395.642784060372, 33267.122152343574
383, 33344.975533725024, 24459.662448449515, 33344.975533725024, 33272.374513835326, 24389.976291644452, 33272.374513835326
384, 33344.975533725024, 24459.662448449515, 33344.975533725024, 33281.56068942044, 24377.803015297934, 33281.56068942044
385, 33344.975533725024, 24459.662448449515, 33344.975533725024, 33290.9451785137, 24373.588422744164, 33290.9451785137
386, 33344.975533725024, 24459.662448449515, 33344.975533725024, 33296.47511035446, 24373.10258777511, 33296.47511035446
387, 33344.975533725024, 24459.662448449515, 33344.975533725024, 33296.95895597682, 24374.15274292936, 33296.95895597682
388, 33344.975533725024, 24459.662448449515, 33344.975533725024, 33298.89433846622, 24378.353363546383, 33298.89433846622
389, 33344.975533725024, 24459.662448449515, 33344.975533725024, 33301.070071477705, 24382.152582952418, 33301.070071477705
390, 33344.975533725024, 24459.662448449515, 33344.975533725024, 33304.028003094354, 24389.517197370744, 33304.028003094354
391, 33344.975533725024, 24459.662448449515, 33344.975533725024, 33309.685883147606, 24401.24904624177, 33309.685883147606
392, 33344.975533725024, 24459.662448449515, 33344.975533725024, 33318.231267234754, 24419.296118800867, 33318.231267234754
393, 33344.975533725024, 24459.662448449515, 33344.975533725024, 33331.77246222405, 24448.62955491447, 33331.77246222405
394, 33344.975533725024, 24459.662448449515, 33344.975533725024, 33344.19505087144, 24468.98382386267, 33344.19505087144
395, 33344.975533725024, 24459.662448449515, 33344.975533725024, 33344.97553372498, 24459.662448449457, 33344.97553372498
396, 33344.975533725024, 24459.662448449515, 33344.975533725024, 33344.97553372498, 24459.662448449457, 33344.97553372498
397, 33344.975533725024, 24459.662448449515, 33344.975533725024, 33344.97553372498, 24459.662448449457, 33344.97553372498
398, 33351.14052308957, 24472.80706684556, 33351.14052308957, 33345.00635867181, 24459.72817154144, 33345.00635867181
399, 33351.14052308957, 24472.80706684556, 33351.14052308957, 33345.03718361863, 24459.793894633418, 33345.03718361863
400, 33351.14052308957, 24472.80706684556, 33351.14052308957, 33345.03718361863, 24459.793894633418, 33345.03718361863
401, 33351.14052308957, 24472.80706684556, 33351.14052308957, 33345.06800856545, 24459.859617725397, 33345.06800856545
402, 33351.14052308957, 24472.80706684556, 33351.14052308957, 33345.098833512275, 24459.92534081738, 33345.098833512275
403, 33351.14052308957, 24472.80706684556, 33351.14052308957, 33345.19130835274, 24460.12251009332, 33345.19130835274
404, 33351.14052308957, 24472.80706684556, 33351.14052308957, 33345.345433086855, 24460.451125553223, 33345.345433086855
405, 33351.14052308957, 24472.80706684556, 33351.14052308957, 33345.46873287415, 24460.714017921142, 33345.46873287415
406, 33351.14052308957, 24472.80706684556, 33351.14052308957, 33345.77698234238, 24461.37124884094, 33345.77698234238
407, 33351.14052308957, 24472.80706684556, 33351.14052308957, 33346.116056757426, 24462.094202852724, 33346.116056757426
408, 33351.14052308957, 24472.80706684556, 33351.14052308957, 33346.79420558753, 24463.540110876285, 33346.79420558753
409, 33372.89846754837, 24495.434684113403, 33372.89846754837, 33347.550319193084, 24465.033433894198, 33347.550319193084
410, 33372.89846754837, 24495.434684113403, 33372.89846754837, 33349.51391580986, 24469.516575164198, 33349.51391580986
411, 33372.89846754837, 24495.434684113403, 33372.89846754837, 33351.70960193645, 24474.37574688853, 33351.70960193645
412, 33372.89846754837, 24495.434684113403, 33372.89846754837, 33351.8853516375, 24475.046948823645, 33351.8853516375
413, 33372.89846754837, 24495.434684113403, 33372.89846754837, 33352.38747050545, 24476.057565017774, 33352.38747050545
414, 33372.89846754837, 24495.434684113403, 33372.89846754837, 33352.67200992881, 24476.841905039226, 33352.67200992881
415, 33372.89846754837, 24495.434684113403, 33372.89846754837, 33353.553322629836, 24479.77416320236, 33353.553322629836
416, 33372.89846754837, 24495.434684113403, 33372.89846754837, 33354.909059767844, 24483.137799460845, 33354.909059767844
417, 33372.89846754837, 24495.434684113403, 33372.89846754837, 33357.83811348845, 24490.09134815051, 33357.83811348845
418, 33372.89846754837, 24495.434684113403, 33372.89846754837, 33361.754705436615, 24500.51404460204, 33361.754705436615
419, 33372.89846754837, 24495.434684113403, 33372.89846754837, 33368.51669161829, 24518.780141268107, 33368.51669161829
420, 33372.89846754837, 24495.434684113403, 33372.89846754837, 33372.396510625964, 24500.773793262706, 33372.396510625964
421, 33400.406934982864, 24416.744161497463, 33400.406934982864, 33373.03600988543, 24495.04123150042, 33373.03600988543
422, 33400.406934982864, 24416.744161497463, 33400.406934982864, 33373.03600988543, 24495.04123150042, 33373.03600988543
423, 33400.406934982864, 24416.744161497463, 33400.406934982864, 33373.17355222261, 24494.647778887345, 33373.17355222261
424, 33400.406934982864, 24416.744161497463, 33400.406934982864, 33373.31109455978, 24494.254326274266, 33373.31109455978
425, 33400.406934982864, 24416.744161497463, 33400.406934982864, 33373.86126390847, 24492.680515821943, 33373.86126390847
426, 33400.406934982864, 24416.744161497463, 33400.406934982864, 33374.548975594334, 24490.713252756548, 33374.548975594334
427, 33400.406934982864, 24416.744161497463, 33400.406934982864, 33375.09914494302, 24489.13944230423, 33375.09914494302
428, 33400.406934982864, 24416.744161497463, 33400.406934982864, 33376.749652989085, 24484.418010947273, 33376.749652989085
429, 33400.406934982864, 24416.744161497463, 33400.406934982864, 33378.6752457095, 24478.909674364157, 33378.6752457095
430, 33400.406934982864, 24416.744161497463, 33400.406934982864, 33381.97626180164, 24469.46681165026, 33381.97626180164
431, 33400.406934982864, 24416.744161497463, 33400.406934982864, 33386.79024360274, 24455.695970192457, 33386.79024360274
432, 33400.406934982864, 24416.744161497463, 33400.406934982864, 33396.83083421648, 24426.97392943753, 33396.83083421648
433, 33400.406934982864, 24416.744161497463, 33400.406934982864, 33400.406934983024, 24416.744161497474, 33400.406934983024
434, 33432.99965037158, 24201.33206058498, 33432.99965037158, 33400.56989855997, 24415.667100992916, 33400.56989855997
435, 33432.99965037158, 24201.33206058498, 33432.99965037158, 33400.830463724276, 24414.144852005826, 33400.830463724276
436, 33432.99965037158, 24201.33206058498, 33432.99965037158, 33400.830463724276, 24414.144852005826, 33400.830463724276
437, 33432.99965037158, 24201.33206058498, 33432.99965037158, 33400.99342730122, 24413.06779150126, 33400.99342730122
438, 33432.99965037158, 24201.33206058498, 33432.99965037158, 33400.99342730122, 24413.06779150126, 33400.99342730122
439, 33432.99965037158, 24201.33206058498, 33432.99965037158, 33401.41695604248, 24410.468482009604, 33401.41695604248
440, 33432.99965037158, 24201.33206058498, 33432.99965037158, 33401.61215921721, 24409.578105044548, 33401.61215921721
441, 33432.99965037158, 24201.33206058498, 33432.99965037158, 33401.775122794155, 24408.501044539986, 33401.775122794155
442, 33432.99965037158, 24201.33206058498, 33432.99965037158, 33402.71978186403, 24402.857237074153, 33402.71978186403
443, 33432.99965037158, 24201.33206058498, 33432.99965037158, 33404.70670159115, 24391.124433659945, 33404.70670159115
444, 33432.99965037158, 24201.33206058498, 33432.99965037158, 33406.92194688479, 24377.68269771914, 33406.92194688479
445, 33432.99965037158, 24201.33206058498, 33432.99965037158, 33411.28707548248, 24351.43109785958, 33411.28707548248
446, 33432.99965037158, 24201.33206058498, 33432.99965037158, 33417.50928262214, 24313.70519952882, 33417.50928262214
447, 33432.99965037158, 24201.33206058498, 33432.99965037158, 33427.315805660546, 24253.289209198723, 33427.315805660546
448, 33432.99965037158, 24201.33206058498, 33432.99965037158, 33432.21530649662, 24208.914524849322, 33432.21530649662
449, 33432.99965037158, 24201.33206058498, 33432.99965037158, 33432.9996503715, 24201.332060584897, 33432.9996503715
450, 33476.49935713431, 24221.72524910044, 33476.49935713431, 33433.217148905314, 24201.43402652747, 33433.217148905314
451, 33476.49935713431, 24221.72524910044, 33476.49935713431, 33433.217148905314, 24201.43402652747, 33433.217148905314
452, 33476.49935713431, 24221.72524910044, 33476.49935713431, 33433.43464743913, 24201.53599247005, 33433.43464743913
453, 33476.49935713431, 24221.72524910044, 33476.49935713431, 33433.80411468031, 24202.637242384684, 33433.80411468031
454, 33476.49935713431, 24221.72524910044, 33476.49935713431, 33434.17358192149, 24203.738492299315, 33434.17358192149
455, 33476.49935713431, 24221.72524910044, 33476.49935713431, 33434.8758372247, 24204.4412585313, 33434.8758372247
456, 33476.49935713431, 24221.72524910044, 33476.49935713431, 33435.96846882357, 24209.039194708934, 33435.96846882357
457, 33478.16155489673, 24482.709209062366, 33478.16155489673, 33438.15421447827, 24215.64320163997, 33438.15421447827
458, 33478.16155489673, 24482.709209062366, 33478.16155489673, 33441.12303293036, 24223.350335764004, 33441.12303293036
459, 33478.16155489673, 24482.709209062366, 33478.16155489673, 33444.90584794474, 24232.674663002566, 33444.90584794474
460, 33478.16155489673, 24482.709209062366, 33478.16155489673, 33451.84453863702, 24246.702158961998, 33451.84453863702
461, 33478.16155489673, 24482.709209062366, 33478.16155489673, 33464.90327624879, 24280.2491384874, 33464.90327624879
462, 33478.16155489673, 24482.709209062366, 33478.16155489673, 33473.23948778948, 24269.200990174002, 33473.23948778948
463, 33478.16155489673, 24482.709209062366, 33478.16155489673, 33476.52429010061, 24225.640008499897, 33476.52429010061
464, 33478.16155489673, 24482.709209062366, 33478.16155489673, 33476.55753405586, 24230.859687699136, 33476.55753405586
465, 33478.16155489673, 24482.709209062366, 33478.16155489673, 33476.59908899992, 24237.384286698187, 33476.59908899992
466, 33478.16155489673, 24482.709209062366, 33478.16155489673, 33476.64064394398, 24243.908885697234, 33476.64064394398
467, 33478.16155489673, 24482.709209062366, 33478.16155489673, 33476.73206482091, 24258.26300349514, 33476.73206482091
468, 33478.16155489673, 24482.709209062366, 33478.16155489673, 33476.84841866428, 24276.531880692477, 33476.84841866428
469, 33478.16155489673, 24482.709209062366, 33478.16155489673, 33477.047882395775, 24307.849955887905, 33477.047882395775
470, 33478.16155489673, 24482.709209062366, 33478.16155489673, 33477.45512084762, 24371.791026078543, 33477.45512084762
471, 33478.16155489673, 24482.709209062366, 33478.16155489673, 33478.00364610916, 24457.9157328659, 33478.00364610916
472, 33478.16155489673, 24482.709209062366, 33478.16155489673, 33478.161554896564, 24482.709209062257, 33478.161554896564
473, 33478.16155489673, 24482.709209062366, 33478.16155489673, 33478.161554896564, 24482.709209062257, 33478.161554896564
474, 33478.16155489673, 24482.709209062366, 33478.16155489673, 33478.161554896564, 24482.709209062257, 33478.161554896564
475, 33478.16155489673, 24482.709209062366, 33478.16155489673, 33478.161554896564, 24482.709209062257, 33478.161554896564
476, 33478.16155489673, 24482.709209062366, 33478.16155489673, 33478.161554896564, 24482.709209062257, 33478.161554896564
477, 33478.16155489673, 24482.709209062366, 33478.16155489673, 33478.161554896564, 24482.709209062257, 33478.161554896564
478, 33478.16155489673, 24482.709209062366, 33478.16155489673, 33478.161554896564, 24482.709209062257, 33478.161554896564
479, 33488.232056928005, 24391.593396237182, 33488.232056928005, 33478.211907406716, 24482.253629998133, 33478.211907406716
480, 33488.232056928005, 24391.593396237182, 33488.232056928005, 33478.211907406716, 24482.253629998133, 33478.211907406716
481, 33488.232056928005, 24391.593396237182, 33488.232056928005, 33478.262259916875, 24481.798050934005, 33478.262259916875
482, 33488.232056928005, 24391.593396237182, 33488.232056928005, 33478.413317447346, 24480.431313741625, 33478.413317447346
483, 33493.79397933962, 24475.198379808236, 33493.79397933962, 33478.59218458987, 24479.482601467105, 33478.59218458987
484, 33493.79397933962, 24475.198379808236, 33493.79397933962, 33478.84394714065, 24477.204706146476, 33478.84394714065
485, 33493.79397933962, 24475.198379808236, 33493.79397933962, 33479.04535718128, 24475.382389889968, 33479.04535718128
486, 33513.173908833094, 24460.915037583036, 33513.173908833094, 33479.975706603305, 24468.43973307069, 33479.975706603305
487, 33513.173908833094, 24460.915037583036, 33513.173908833094, 33481.43358536612, 24458.19905194512, 33481.43358536612
488, 33513.173908833094, 24460.915037583036, 33513.173908833094, 33483.07033127144, 24447.009658545023, 33483.07033127144
489, 33513.173908833094, 24460.915037583036, 33513.173908833094, 33485.78848412925, 24427.510871133305, 33485.78848412925
490, 33513.173908833094, 24460.915037583036, 33513.173908833094, 33489.48587757824, 24398.48247752123, 33489.48587757824
491, 33533.55394119406, 24615.38685832645, 33533.55394119406, 33490.56525294989, 24399.930194526678, 33490.56525294989
492, 33533.55394119406, 24615.38685832645, 33533.55394119406, 33492.16866474034, 24405.70562792599, 33492.16866474034
493, 33533.55394119406, 24615.38685832645, 33533.55394119406, 33496.55849139542, 24422.055794235748, 33496.55849139542
494, 33533.55394119406, 24615.38685832645, 33533.55394119406, 33500.637617050765, 24435.245107419494, 33500.637617050765
495, 33533.55394119406, 24615.38685832645, 33533.55394119406, 33509.05095013706, 24463.948537077304, 33509.05095013706
496, 33533.55394119406, 24615.38685832645, 33533.55394119406, 33515.11001190747, 24475.589860553642, 33515.11001190747
497, 33533.55394119406, 24615.38685832645, 33533.55394119406, 33516.129013525526, 24483.313451590813, 33516.129013525526
498, 33533.55394119406, 24615.38685832645, 33533.55394119406, 33517.65751595259, 24494.89883814657, 33517.65751595259
499, 33533.55394119406, 24615.38685832645, 33533.55394119406, 33520.205019997695, 24514.20781573948, 33520.205019997695
500, 33533.55394119406, 24615.38685832645, 33533.55394119406, 33524.79052727892, 24548.963975406718, 33524.79052727892
