1, 27015.54353140469, 24674.884074243942, 27015.54353140469, 25108.410524326064, 24654.764683807854, 25108.410524326064
2, 27015.54353140469, 24674.884074243942, 27015.54353140469, 25667.367428699592, 24632.211036754252, 25667.367428699592
3, 27015.54353140469, 24674.884074243942, 27015.54353140469, 25979.451659419236, 24605.359350699182, 25979.451659419236
4, 27217.38595885216, 24328.631255333254, 27217.38595885216, 26187.582938912474, 24598.261608465422, 26187.582938912474
5, 27217.38595885216, 24328.631255333254, 27217.38595885216, 26409.101106063412, 24592.39810395874, 26409.101106063412
6, 27217.38595885216, 24328.631255333254, 27217.38595885216, 26649.123474773798, 24566.07876357148, 26649.123474773798
7, 27282.760978207632, 24259.02279256176, 27282.760978207632, 26822.768154454487, 24558.35602204605, 26822.768154454487
8, 27282.760978207632, 24259.02279256176, 27282.760978207632, 26928.981567653605, 24539.30016948951, 26928.981567653605
9, 27354.709852004467, 24222.91810367716, 27354.709852004467, 27045.558100756705, 24497.52722165102, 27045.558100756705
10, 27558.809355575675, 24623.853684278605, 27558.809355575675, 27137.495860347193, 24462.179926873454, 27137.495860347193
11, 27558.809355575675, 24623.853684278605, 27558.809355575675, 27233.90568461706, 24429.18218201978, 27233.90568461706
12, 27717.243866859986, 24474.10458236272, 27717.243866859986, 27330.293449904886, 24422.225247307084, 27330.293449904886
13, 27834.497811076148, 24488.08284852241, 27834.497811076148, 27420.521898453982, 24434.747864377885, 27420.521898453982
14, 27834.497811076148, 24488.08284852241, 27834.497811076148, 27499.583638681295, 24484.076490847972, 27499.583638681295
15, 27839.899833826596, 24185.45068516332, 27839.899833826596, 27571.925071690537, 24459.182130182897, 27571.925071690537
16, 27914.143458773964, 24491.867473804028, 27914.143458773964, 27647.140033826978, 24439.762694138455, 27647.140033826978
17, 27975.75856671064, 24531.38934876878, 27975.75856671064, 27723.71193102221, 24446.622179171038, 27723.71193102221
18, 28058.457923995604, 24529.43006030043, 28058.457923995604, 27798.768766903868, 24445.32659964021, 27798.768766903868
19, 28319.761300625214, 24563.535758125654, 28319.761300625214, 27871.033154206165, 24439.23492539064, 27871.033154206165
20, 28319.761300625214, 24563.535758125654, 28319.761300625214, 27943.326428171003, 24477.753055554564, 27943.326428171003
21, 28319.761300625214, 24563.535758125654, 28319.761300625214, 28001.31900156682, 24486.053123272854, 28001.31900156682
22, 28393.170628168544, 24664.11747774171, 28393.170628168544, 28057.806893189932, 24477.26133966193, 28057.806893189932
23, 28436.710327106186, 24259.562961176893, 28436.710327106186, 28117.81173412016, 24494.19038418607, 28117.81173412016
24, 28436.710327106186, 24259.562961176893, 28436.710327106186, 28185.769190954044, 24519.182402500202, 28185.769190954044
25, 28436.710327106186, 24259.562961176893, 28436.710327106186, 28238.214593407454, 24503.123482713647, 28238.214593407454
26, 28586.28110534087, 24625.537223135256, 28586.28110534087, 28301.15028879949, 24513.46049841519, 28301.15028879949
27, 28586.28110534087, 24625.537223135256, 28586.28110534087, 28343.28195656181, 24509.787884983416, 28343.28195656181
28, 28639.34240013872, 24279.93519762856, 28639.34240013872, 28386.041878794105, 24445.50834094627, 28386.041878794105
29, 28639.34240013872, 24279.93519762856, 28639.34240013872, 28433.187743117047, 24436.839382993552, 28433.187743117047
30, 28739.621676241146, 24316.090408107342, 28739.621676241146, 28476.74888513592, 24424.365853783835, 28476.74888513592
31, 28852.684729651774, 24071.067444629167, 28852.684729651774, 28534.22029985853, 24399.227357131756, 28534.22029985853
32, 28852.684729651774, 24071.067444629167, 28852.684729651774, 28584.304830694982, 24405.748191432023, 28584.304830694982
33, 28876.91223844488, 24688.343099456557, 28876.91223844488, 28632.673049452354, 24377.995431320087, 28632.673049452354
34, 28876.91223844488, 24688.343099456557, 28876.91223844488, 28672.56498882795, 24333.805801850467, 28672.56498882795
35, 28900.04852888337, 24455.782783982973, 28900.04852888337, 28713.72912913343, 24332.36080496542, 28713.72912913343
36, 29012.378978815967, 24371.931956482007, 29012.378978815967, 28759.130433404054, 24336.3596656992, 28759.130433404054
37, 29012.378978815967, 24371.931956482007, 29012.378978815967, 28813.304520848917, 24379.711107501927, 28813.304520848917
38, 29127.96371662246, 24148.293536840378, 29127.96371662246, 28858.19862446333, 24372.433857571967, 28858.19862446333
39, 29261.197791640803, 23912.956298008834, 29261.197791640803, 28899.593751743214, 24373.75598557381, 28899.593751743214
40, 29261.197791640803, 23912.956298008834, 29261.197791640803, 28938.760498225278, 24440.411648602672, 28938.760498225278
41, 29261.197791640803, 23912.956298008834, 29261.197791640803, 28978.158831222667, 24442.331745018157, 28978.158831222667
42, 29283.664663712887, 24092.19046136157, 29283.664663712887, 29017.69933646822, 24433.02240955758, 29017.69933646822
43, 29459.868306957465, 24271.934651044317, 29459.868306957465, 29054.353021130115, 24335.840135570266, 29054.353021130115
44, 29459.868306957465, 24271.934651044317, 29459.868306957465, 29093.57526275041, 24268.43947653805, 29093.57526275041
45, 29459.868306957465, 24271.934651044317, 29459.868306957465, 29144.401168593206, 24287.576122248724, 29144.401168593206
46, 29459.868306957465, 24271.934651044317, 29459.868306957465, 29199.41362681659, 24180.196427464303, 29199.41362681659
47, 29604.096313401362, 24386.995220789137, 29604.096313401362, 29254.37062031792, 24111.22769348397, 29254.37062031792
48, 29604.096313401362, 24386.995220789137, 29604.096313401362, 29292.69817337908, 24067.246421200118, 29292.69817337908
49, 29604.096313401362, 24386.995220789137, 29604.096313401362, 29334.842560604084, 24158.000273456117, 29334.842560604084
50, 29633.47901214557, 24453.8469032278, 29633.47901214557, 29381.77474231576, 24211.53172332043, 29381.77474231576
51, 29633.47901214557, 24453.8469032278, 29633.47901214557, 29416.95524394837, 24278.00533304019, 29416.95524394837
52, 29666.644742630833, 24203.272417423806, 29666.644742630833, 29463.54553268868, 24267.291512461506, 29463.54553268868
53, 29767.58742343351, 24619.277441588627, 29767.58742343351, 29509.764582553, 24305.097007265747, 29509.764582553
54, 29767.58742343351, 24619.277441588627, 29767.58742343351, 29554.756922899258, 24361.30406778647, 29554.756922899258
55, 29767.58742343351, 24619.277441588627, 29767.58742343351, 29602.668597311374, 24380.307883689395, 29602.668597311374
56, 29767.58742343351, 24619.277441588627, 29767.58742343351, 29631.380635047015, 24355.03774198429, 29631.380635047015
57, 29893.744720571398, 24630.85589224734, 29893.744720571398, 29652.10040180231, 24328.939225494898, 29652.10040180231
58, 29893.744720571398, 24630.85589224734, 29893.744720571398, 29675.471527724843, 24355.818577391605, 29675.471527724843
59, 29893.744720571398, 24630.85589224734, 29893.744720571398, 29698.175353061153, 24315.51352006142, 29698.175353061153
60, 29900.670791907618, 24507.692157779176, 29900.670791907618, 29729.602108608848, 24338.112006264702, 29729.602108608848
61, 30057.14593769685, 24675.537601143726, 30057.14593769685, 29760.625728835235, 24405.12090301399, 29760.625728835235
62, 30057.14593769685, 24675.537601143726, 30057.14593769685, 29790.72692179259, 24454.323035719153, 29790.72692179259
63, 30057.14593769685, 24675.537601143726, 30057.14593769685, 29823.163928200174, 24462.491884404455, 29823.163928200174
64, 30057.14593769685, 24675.537601143726, 30057.14593769685, 29857.77112207396, 24408.04779186286, 29857.77112207396
65, 30057.14593769685, 24675.537601143726, 30057.14593769685, 29900.09682354552, 24487.54472257703, 29900.09682354552
66, 30057.14593769685, 24675.537601143726, 30057.14593769685, 29931.295114603006, 24569.829543687127, 29931.295114603006
67, 30070.77466285871, 24486.749555355505, 30070.77466285871, 29961.003536769378, 24513.86500674898, 29961.003536769378
68, 30133.831542998596, 24568.12610687551, 30133.831542998596, 29996.147823121017, 24515.378011629124, 29996.147823121017
69, 30133.831542998596, 24568.12610687551, 30133.831542998596, 30023.314768866352, 24527.936440736765, 30023.314768866352
70, 30183.928357320758, 24514.9686342356, 30183.928357320758, 30038.48411331956, 24491.126347422505, 30038.48411331956
71, 30183.928357320758, 24514.9686342356, 30183.928357320758, 30049.562930634675, 24577.796870437563, 30049.562930634675
72, 30326.714218791083, 24478.613443735372, 30326.714218791083, 30063.652152786966, 24554.887955814003, 30063.652152786966
73, 30326.714218791083, 24478.613443735372, 30326.714218791083, 30082.955229278592, 24573.59511908421, 30082.955229278592
74, 30463.144392875267, 24536.507746471223, 30463.144392875267, 30105.35552076086, 24508.11819389612, 30105.35552076086
75, 30463.144392875267, 24536.507746471223, 30463.144392875267, 30130.673844620746, 24478.96588627202, 30130.673844620746
76, 30463.144392875267, 24536.507746471223, 30463.144392875267, 30163.143988656866, 24462.83294453183, 30163.143988656866
77, 30490.862135750016, 24609.354254777303, 30490.862135750016, 30191.686741436628, 24420.62138301597, 30191.686741436628
78, 30490.862135750016, 24609.354254777303, 30490.862135750016, 30217.531289368286, 24539.68181777252, 30217.531289368286
79, 30490.862135750016, 24609.354254777303, 30490.862135750016, 30253.73441292488, 24514.685889958, 30253.73441292488
80, 30490.862135750016, 24609.354254777303, 30490.862135750016, 30293.56929262726, 24536.76714745094, 30293.56929262726
81, 30529.963596863454, 24392.44158376771, 30529.963596863454, 30335.13958587848, 24539.781368900105, 30335.13958587848
82, 30529.963596863454, 24392.44158376771, 30529.963596863454, 30393.05129982949, 24558.445052171326, 30393.05129982949
83, 30529.963596863454, 24392.44158376771, 30529.963596863454, 30428.063250364954, 24585.83284928435, 30428.063250364954
84, 30566.292082442975, 24660.655403690656, 30566.292082442975, 30438.971593905506, 24580.046098462317, 30438.971593905506
85, 30665.376814257503, 24557.005338281804, 30665.376814257503, 30456.45389231138, 24557.91495032875, 30456.45389231138
86, 30665.376814257503, 24557.005338281804, 30665.376814257503, 30478.991107744318, 24553.36127301237, 30478.991107744318
87, 30665.376814257503, 24557.005338281804, 30665.376814257503, 30493.87110935714, 24553.903512013872, 30493.87110935714
88, 30685.405624593288, 24631.647709652243, 30685.405624593288, 30510.254743224486, 24563.657152837008, 30510.254743224486
89, 30685.405624593288, 24631.647709652243, 30685.405624593288, 30522.033524296075, 24549.559000863046, 30522.033524296075
90, 30685.405624593288, 24631.647709652243, 30685.405624593288, 30546.634344790196, 24495.629503338365, 30546.634344790196
91, 30685.405624593288, 24631.647709652243, 30685.405624593288, 30567.470695508426, 24478.37156216278, 30567.470695508426
92, 30751.503454874495, 24359.52110649707, 30751.503454874495, 30593.15255842443, 24537.19020082013, 30593.15255842443
93, 30751.503454874495, 24359.52110649707, 30751.503454874495, 30621.343186609727, 24589.294934105958, 30621.343186609727
94, 30751.503454874495, 24359.52110649707, 30751.503454874495, 30643.416637337585, 24567.38697620503, 30643.416637337585
95, 30751.503454874495, 24359.52110649707, 30751.503454874495, 30665.616580179376, 24564.64392227329, 30665.616580179376
96, 30751.503454874495, 24359.52110649707, 30751.503454874495, 30674.138902860777, 24565.33901381103, 30674.138902860777
97, 30840.65590002212, 24499.752453347948, 30840.65590002212, 30680.407346485146, 24570.404239557403, 30680.407346485146
98, 30846.482702737525, 24228.288899687108, 30846.482702737525, 30689.87937222516, 24577.782933998333, 30689.87937222516
99, 30846.482702737525, 24228.288899687108, 30846.482702737525, 30703.134489403885, 24587.461614747277, 30703.134489403885
100, 30962.31990633253, 24353.132170063593, 30962.31990633253, 30719.21898830875, 24560.234404600556, 30719.21898830875
101, 30962.31990633253, 24353.132170063593, 30962.31990633253, 30736.089597511385, 24519.669939663938, 30736.089597511385
102, 31003.416613113593, 24460.668220351035, 31003.416613113593, 30758.51434828645, 24413.513812898105, 30758.51434828645
103, 31003.416613113593, 24460.668220351035, 31003.416613113593, 30780.133133691368, 24413.6743383243, 30780.133133691368
104, 31003.416613113593, 24460.668220351035, 31003.416613113593, 30810.58006360747, 24374.45990554637, 30810.58006360747
105, 31007.509535078425, 24492.0964297842, 31007.509535078425, 30844.970071039003, 24385.68141117958, 30844.970071039003
106, 31007.509535078425, 24492.0964297842, 31007.509535078425, 30876.008885476578, 24312.537694195682, 30876.008885476578
107, 31007.509535078425, 24492.0964297842, 31007.509535078425, 30894.017755513207, 24289.882313745573, 30894.017755513207
108, 31013.618805545666, 24489.694790118276, 31013.618805545666, 30926.94805208839, 24330.67329661811, 30926.94805208839
109, 31073.62189102896, 24375.835180136084, 31073.62189102896, 30960.57164294387, 24371.48094713598, 30960.57164294387
110, 31165.3844704192, 24158.845389926668, 31165.3844704192, 30977.307217710902, 24380.490040305285, 30977.307217710902
111, 31165.3844704192, 24158.845389926668, 31165.3844704192, 30987.6501738923, 24396.187656941223, 30987.6501738923
112, 31165.3844704192, 24158.845389926668, 31165.3844704192, 31007.07349406497, 24437.760883151026, 31007.07349406497
113, 31165.3844704192, 24158.845389926668, 31165.3844704192, 31022.3057822379, 24453.580516126553, 31022.3057822379
114, 31241.84237460922, 24553.795297392655, 31241.84237460922, 31036.388502616697, 24433.818143005177, 31036.388502616697
115, 31241.84237460922, 24553.795297392655, 31241.84237460922, 31058.447438011168, 24389.32721560678, 31058.447438011168
116, 31241.84237460922, 24553.795297392655, 31241.84237460922, 31089.36847777908, 24367.109449649146, 31089.36847777908
117, 31241.84237460922, 24553.795297392655, 31241.84237460922, 31104.678364050396, 24354.40506249334, 31104.678364050396
118, 31241.84237460922, 24553.795297392655, 31241.84237460922, 31125.589763483567, 24363.880457569532, 31125.589763483567
119, 31262.92912063797, 24674.650564547774, 31262.92912063797, 31161.98805817538, 24365.52138219564, 31161.98805817538
120, 31269.565277614664, 24543.114071365242, 31269.565277614664, 31176.78573921594, 24324.279540311207, 31176.78573921594
121, 31269.565277614664, 24543.114071365242, 31269.565277614664, 31185.686181145524, 24345.824165431564, 31185.686181145524
122, 31272.39655860777, 24272.327183035555, 31272.39655860777, 31199.474186865966, 24469.7848534712, 31199.474186865966
123, 31272.39655860777, 24272.327183035555, 31272.39655860777, 31212.650633316174, 24476.84419653215, 31212.650633316174
124, 31272.39655860777, 24272.327183035555, 31272.39655860777, 31229.44864525423, 24522.423809814478, 31229.44864525423
125, 31298.974749084773, 24680.72133043933, 31298.974749084773, 31243.609856526917, 24565.442488351935, 31243.609856526917
126, 31354.291906346883, 24573.006489427742, 31354.291906346883, 31251.60560552945, 24600.146009066895, 31251.60560552945
127, 31354.291906346883, 24573.006489427742, 31354.291906346883, 31257.821086686665, 24631.695128011786, 31257.821086686665
128, 31354.291906346883, 24573.006489427742, 31354.291906346883, 31261.8668217889, 24636.74046788149, 31261.8668217889
129, 31354.291906346883, 24573.006489427742, 31354.291906346883, 31265.34191736324, 24624.780373486657, 31265.34191736324
130, 31362.248640490197, 24540.68421029835, 31362.248640490197, 31271.16500523926, 24603.3659856209, 31271.16500523926
131, 31362.248640490197, 24540.68421029835, 31362.248640490197, 31277.884844671622, 24575.88461018497, 31277.884844671622
132, 31383.098461544407, 24441.280314639018, 31383.098461544407, 31285.65322628182, 24554.523842079387, 31285.65322628182
133, 31383.098461544407, 24441.280314639018, 31383.098461544407, 31295.84418553633, 24558.151642319295, 31295.84418553633
134, 31383.098461544407, 24441.280314639018, 31383.098461544407, 31307.823261974685, 24647.121575830926, 31307.823261974685
135, 31383.098461544407, 24441.280314639018, 31383.098461544407, 31315.37333146592, 24650.417083995555, 31315.37333146592
136, 31440.46372069566, 24575.168147750344, 31440.46372069566, 31325.25500479231, 24634.419578793553, 31325.25500479231
137, 31440.46372069566, 24575.168147750344, 31440.46372069566, 31347.41176468796, 24593.924215100018, 31347.41176468796
138, 31440.46372069566, 24575.168147750344, 31440.46372069566, 31355.954088264705, 24575.167490425403, 31355.954088264705
139, 31440.46372069566, 24575.168147750344, 31440.46372069566, 31358.401133171617, 24572.258539140545, 31358.401133171617
140, 31440.46372069566, 24575.168147750344, 31440.46372069566, 31361.281916243774, 24569.92055043284, 31361.281916243774
141, 31440.46372069566, 24575.168147750344, 31440.46372069566, 31368.201017891584, 24563.37049152236, 31368.201017891584
142, 31440.46372069566, 24575.168147750344, 31440.46372069566, 31379.303658174133, 24552.22739883175, 31379.303658174133
143, 31440.46372069566, 24575.168147750344, 31440.46372069566, 31390.616648063664, 24534.070543514183, 31390.616648063664
144, 31512.187475175888, 24635.9491507898, 31512.187475175888, 31404.400443952698, 24504.697458387658, 31404.400443952698
145, 31512.187475175888, 24635.9491507898, 31512.187475175888, 31415.38843773224, 24535.992996981196, 31415.38843773224
146, 31587.720671706174, 24260.512004346754, 31587.720671706174, 31431.839332400425, 24578.88609473407, 31431.839332400425
147, 31587.720671706174, 24260.512004346754, 31587.720671706174, 31443.65218827478, 24569.725368660347, 31443.65218827478
148, 31593.659247415297, 24296.473997421504, 31593.659247415297, 31446.438763796763, 24564.170762275673, 31446.438763796763
149, 31593.659247415297, 24296.473997421504, 31593.659247415297, 31450.79814898431, 24555.937559300815, 31450.79814898431
150, 31593.659247415297, 24296.473997421504, 31593.659247415297, 31456.840015552854, 24545.633214381767, 31456.840015552854
151, 31593.659247415297, 24296.473997421504, 31593.659247415297, 31469.175257219216, 24529.75889841016, 31469.175257219216
152, 31593.659247415297, 24296.473997421504, 31593.659247415297, 31481.572150292275, 24502.80669053822, 31481.572150292275
153, 31593.659247415297, 24296.473997421504, 31593.659247415297, 31509.330568294306, 24489.0780980469, 31509.330568294306
154, 31613.341149486045, 24239.701903716857, 31613.341149486045, 31545.548961727036, 24472.457842481384, 31545.548961727036
155, 31613.341149486045, 24239.701903716857, 31613.341149486045, 31572.094687767032, 24388.265623888634, 31572.094687767032
156, 31613.341149486045, 24239.701903716857, 31613.341149486045, 31589.50608654099, 24282.022381294668, 31589.50608654099
157, 31613.341149486045, 24239.701903716857, 31613.341149486045, 31590.788448198047, 24305.753254949097, 31590.788448198047
158, 31635.358288250394, 24313.59753862272, 31635.358288250394, 31593.237671355837, 24340.103811285648, 31593.237671355837
159, 31679.635192521757, 24276.68039133895, 31679.635192521757, 31597.49329828517, 24299.011593670308, 31597.49329828517
160, 31793.30255156405, 24550.785446170485, 31793.30255156405, 31600.9235095012, 24303.855075057694, 31600.9235095012
161, 31793.30255156405, 24550.785446170485, 31793.30255156405, 31606.724126216573, 24307.128182458047, 31606.724126216573
162, 31793.30255156405, 24550.785446170485, 31793.30255156405, 31616.56603781067, 24320.29239233119, 31616.56603781067
163, 31793.30255156405, 24550.785446170485, 31793.30255156405, 31630.190088175554, 24321.17672049888, 31630.190088175554
164, 31793.30255156405, 24550.785446170485, 31793.30255156405, 31641.581471330635, 24342.12367403233, 31641.581471330635
165, 31793.30255156405, 24550.785446170485, 31793.30255156405, 31655.653414243214, 24338.176367405005, 31655.653414243214
166, 31793.30255156405, 24550.785446170485, 31793.30255156405, 31673.675382768186, 24335.06689692181, 31673.675382768186
167, 31816.239495800266, 24538.16205034724, 31816.239495800266, 31701.344183022462, 24343.34072900344, 31701.344183022462
168, 31856.733020617085, 24645.093977156037, 31856.733020617085, 31727.697088608802, 24391.886244900605, 31727.697088608802
169, 31859.77351683481, 24649.46059947634, 31859.77351683481, 31755.838812757385, 24464.93071437879, 31755.838812757385
170, 31859.77351683481, 24649.46059947634, 31859.77351683481, 31780.602914803927, 24541.263649358967, 31780.602914803927
171, 31859.77351683481, 24649.46059947634, 31859.77351683481, 31795.260141867217, 24542.93818023717, 31795.260141867217
172, 31859.77351683481, 24649.46059947634, 31859.77351683481, 31797.04865468799, 24538.491941235057, 31797.04865468799
173, 31859.77351683481, 24649.46059947634, 31859.77351683481, 31799.831765651576, 24524.94442215755, 31799.831765651576
174, 31859.77351683481, 24649.46059947634, 31859.77351683481, 31805.133977493268, 24502.410169294253, 31805.133977493268
175, 31878.496295558154, 24555.5301898954, 31878.496295558154, 31811.930833340004, 24471.31290831375, 31811.930833340004
176, 31878.496295558154, 24555.5301898954, 31878.496295558154, 31825.104069937825, 24533.30259109516, 31825.104069937825
177, 31898.98254451471, 24654.287940827795, 31898.98254451471, 31833.256358717048, 24546.734588999956, 31833.256358717048
178, 31995.330119980663, 24662.09994034545, 31995.330119980663, 31845.202818852435, 24548.40254637494, 31845.202818852435
179, 31995.330119980663, 24662.09994034545, 31995.330119980663, 31857.037564600487, 24583.763848898583, 31857.037564600487
180, 31995.330119980663, 24662.09994034545, 31995.330119980663, 31862.5705883576, 24630.650605934836, 31862.5705883576
181, 31995.330119980663, 24662.09994034545, 31995.330119980663, 31867.947414677197, 24623.342944998425, 31867.947414677197
182, 32025.144068303976, 24688.80280260521, 32025.144068303976, 31877.434527888596, 24607.312132012987, 31877.434527888596
183, 32025.144068303976, 24688.80280260521, 32025.144068303976, 31888.409619031576, 24581.31835290977, 31888.409619031576
184, 32025.144068303976, 24688.80280260521, 32025.144068303976, 31901.473871216982, 24566.42978173075, 31901.473871216982
185, 32025.144068303976, 24688.80280260521, 32025.144068303976, 31917.23685517275, 24577.211889589256, 31917.23685517275
186, 32033.49703146568, 24388.48092146528, 32033.49703146568, 31932.63046185872, 24566.34823194715, 31932.63046185872
187, 32033.49703146568, 24388.48092146528, 32033.49703146568, 31951.430134558083, 24626.905571002975, 31951.430134558083
188, 32033.49703146568, 24388.48092146528, 32033.49703146568, 31972.71464396901, 24623.349050366636, 31972.71464396901
189, 32060.394940122, 24410.418440408794, 32060.394940122, 31997.778876403976, 24643.6136136421, 31997.778876403976
190, 32060.394940122, 24410.418440408794, 32060.394940122, 32001.064387742135, 24649.350747990393, 32001.064387742135
191, 32060.394940122, 24410.418440408794, 32060.394940122, 32004.3677112808, 24638.22159281218, 32004.3677112808
192, 32060.394940122, 24410.418440408794, 32060.394940122, 32008.821626921872, 24623.87594210947, 32008.821626921872
193, 32060.394940122, 24410.418440408794, 32060.394940122, 32018.00589350172, 24598.28565746495, 32018.00589350172
194, 32189.490496685165, 24445.173771464488, 32189.490496685165, 32030.430471551474, 24569.02743517651, 32030.430471551474
195, 32189.490496685165, 24445.173771464488, 32189.490496685165, 32033.085002147433, 24511.2778087248, 32033.085002147433
196, 32189.490496685165, 24445.173771464488, 32189.490496685165, 32037.99520163641, 24430.30169149094, 32037.99520163641
197, 32189.490496685165, 24445.173771464488, 32189.490496685165, 32042.494594337524, 24400.212392650767, 32042.494594337524
198, 32189.490496685165, 24445.173771464488, 32189.490496685165, 32048.541104520973, 24407.501203180684, 32048.541104520973
199, 32189.490496685165, 24445.173771464488, 32189.490496685165, 32060.376466990238, 24423.39288505279, 32060.376466990238
200, 32189.490496685165, 24445.173771464488, 32189.490496685165, 32074.64059944621, 24438.49783384444, 32074.64059944621
201, 32189.490496685165, 24445.173771464488, 32189.490496685165, 32086.45210321636, 24462.363654785626, 32086.45210321636
202, 32189.490496685165, 24445.173771464488, 32189.490496685165, 32098.059802051353, 24491.948802437215, 32098.059802051353
203, 32210.91691869873, 24430.685009800385, 32210.91691869873, 32122.56817392583, 24530.87915255369, 32122.56817392583
204, 32213.87526047666, 24533.571241000674, 32213.87526047666, 32138.93602766301, 24520.216925590048, 32138.93602766301
205, 32213.87526047666, 24533.571241000674, 32213.87526047666, 32160.25555371124, 24487.5118011685, 32160.25555371124
206, 32253.03714295625, 24502.50530023658, 32253.03714295625, 32182.249619708607, 24539.38616733911, 32182.249619708607
207, 32253.03714295625, 24502.50530023658, 32253.03714295625, 32189.92499232899, 24546.88982909035, 32189.92499232899
208, 32263.50541988815, 24467.009109605206, 32263.50541988815, 32191.358741735236, 24529.869640457044, 32191.358741735236
209, 32263.50541988815, 24467.009109605206, 32263.50541988815, 32192.941470210055, 24515.87918924138, 32192.941470210055
210, 32263.50541988815, 24467.009109605206, 32263.50541988815, 32194.661886800426, 24481.533127739487, 32194.661886800426
211, 32263.50541988815, 24467.009109605206, 32263.50541988815, 32198.06722552835, 24454.452929014824, 32198.06722552835
212, 32263.50541988815, 24467.009109605206, 32263.50541988815, 32205.4354038262, 24463.438851449217, 32205.4354038262
213, 32349.324872930967, 24451.404230526423, 32349.324872930967, 32217.352626307547, 24474.99721613195, 32217.352626307547
214, 32349.324872930967, 24451.404230526423, 32349.324872930967, 32231.717712798676, 24494.286839915425, 32231.717712798676
215, 32349.611572751834, 24518.255632725697, 32349.611572751834, 32244.696025371995, 24514.617081166365, 32244.696025371995
216, 32349.611572751834, 24518.255632725697, 32349.611572751834, 32257.899945678593, 24510.537586369865, 32257.899945678593
217, 32349.611572751834, 24518.255632725697, 32349.611572751834, 32261.89035963735, 24495.01555340078, 32261.89035963735
218, 32349.611572751834, 24518.255632725697, 32349.611572751834, 32265.176258503754, 24491.295485737795, 32265.176258503754
219, 32349.611572751834, 24518.255632725697, 32349.611572751834, 32270.746343804272, 24487.86385096407, 32270.746343804272
220, 32380.02158154442, 24310.365745279698, 32380.02158154442, 32279.696947390592, 24467.07554108583, 32279.696947390592
221, 32380.02158154442, 24310.365745279698, 32380.02158154442, 32288.32858579069, 24470.1055215585, 32288.32858579069
222, 32391.021460776494, 24502.44470173375, 32391.021460776494, 32300.023195626334, 24473.730241039597, 32300.023195626334
223, 32391.021460776494, 24502.44470173375, 32391.021460776494, 32320.948931480198, 24477.74896039437, 32320.948931480198
224, 32391.021460776494, 24502.44470173375, 32391.021460776494, 32350.628976575666, 24456.686762920577, 32350.628976575666
225, 32391.021460776494, 24502.44470173375, 32391.021460776494, 32351.996957079202, 24457.782138441667, 32351.996957079202
226, 32491.985551879658, 24594.059815154265, 32491.985551879658, 32353.89818082168, 24461.354854140478, 32353.89818082168
227, 32491.985551879658, 24594.059815154265, 32491.985551879658, 32359.576688612666, 24468.501272963604, 32359.576688612666
228, 32491.985551879658, 24594.059815154265, 32491.985551879658, 32366.989516441947, 24478.75836245597, 32366.989516441947
229, 32491.985551879658, 24594.059815154265, 32491.985551879658, 32378.176919925696, 24450.72953729745, 32378.176919925696
230, 32491.985551879658, 24594.059815154265, 32491.985551879658, 32398.421611852948, 24408.141861620214, 32398.421611852948
231, 32491.985551879658, 24594.059815154265, 32491.985551879658, 32410.137188950783, 24462.579632659697, 32410.137188950783
232, 32491.985551879658, 24594.059815154265, 32491.985551879658, 32426.156228026444, 24508.613118779427, 32426.156228026444
233, 32491.985551879658, 24594.059815154265, 32491.985551879658, 32446.610873403, 24506.456896034582, 32446.610873403
234, 32533.909870838437, 24532.88503727401, 32533.909870838437, 32480.183112959814, 24511.054806475026, 32480.183112959814
235, 32533.909870838437, 24532.88503727401, 32533.909870838437, 32492.404795069313, 24593.448067375528, 32492.404795069313
236, 32533.909870838437, 24532.88503727401, 32533.909870838437, 32492.843063525128, 24592.26629921057, 32492.843063525128
237, 32533.909870838437, 24532.88503727401, 32533.909870838437, 32493.142253166363, 24591.73532568893, 32493.142253166363
238, 32533.909870838437, 24532.88503727401, 32533.909870838437, 32494.317979719228, 24588.840815837364, 32494.317979719228
239, 32533.909870838437, 24532.88503727401, 32533.909870838437, 32495.35784451746, 24584.89576363919, 32495.35784451746
240, 32533.909870838437, 24532.88503727401, 32533.909870838437, 32497.268687942615, 24581.21217740964, 32497.268687942615
241, 32533.909870838437, 24532.88503727401, 32533.909870838437, 32500.137393150097, 24572.524272466766, 32500.137393150097
242, 32533.909870838437, 24532.88503727401, 32533.909870838437, 32503.705505922142, 24563.263666609608, 32503.705505922142
243, 32533.909870838437, 24532.88503727401, 32533.909870838437, 32510.339135358216, 24548.44301204914, 32510.339135358216
244, 32533.909870838437, 24532.88503727401, 32533.909870838437, 32521.65380283515, 24536.72001449223, 32521.65380283515
245, 32612.20559633838, 24369.885550516676, 32612.20559633838, 32534.132660984687, 24531.79883742722, 32534.132660984687
246, 32612.20559633838, 24369.885550516676, 32612.20559633838, 32534.307486628153, 24532.008598697706, 32534.307486628153
247, 32612.20559633838, 24369.885550516676, 32612.20559633838, 32534.705102417804, 24531.13216012134, 32534.705102417804
248, 32612.20559633838, 24369.885550516676, 32612.20559633838, 32535.32340426988, 24530.145153187186, 32535.32340426988
249, 32621.762145655568, 24571.46002629561, 32621.762145655568, 32536.551760061113, 24528.64659212214, 32536.551760061113
250, 32621.806916902762, 24656.63316961042, 32621.806916902762, 32538.00102577101, 24527.463328415888, 32538.00102577101
251, 32621.806916902762, 24656.63316961042, 32621.806916902762, 32539.942864599125, 24523.568775135864, 32539.942864599125
252, 32621.806916902762, 24656.63316961042, 32621.806916902762, 32542.567656885887, 24518.01525189213, 32542.567656885887
253, 32621.806916902762, 24656.63316961042, 32621.806916902762, 32548.452707871053, 24507.23232574052, 32548.452707871053
254, 32621.806916902762, 24656.63316961042, 32621.806916902762, 32558.323902159103, 24488.506598419925, 32558.323902159103
255, 32621.806916902762, 24656.63316961042, 32621.806916902762, 32572.694120445758, 24459.32255274668, 32572.694120445758
256, 32621.806916902762, 24656.63316961042, 32621.806916902762, 32600.451652903525, 24409.13853946256, 32600.451652903525
257, 32659.916448556603, 24488.898024017843, 32659.916448556603, 32613.64118168264, 24400.36194523885, 32613.64118168264
258, 32691.830932072673, 24419.841598657636, 32691.830932072673, 32615.238718735123, 24423.7766375108, 32615.238718735123
259, 32691.830932072673, 24419.841598657636, 32691.830932072673, 32617.456040980833, 24450.127474504723, 32617.456040980833
260, 32691.830932072673, 24419.841598657636, 32691.830932072673, 32619.993632980983, 24490.735108863544, 32619.993632980983
261, 32691.830932072673, 24419.841598657636, 32691.830932072673, 32624.850035776744, 24562.23529562821, 32624.850035776744
262, 32691.830932072673, 24419.841598657636, 32691.830932072673, 32628.00927942526, 24596.198685412266, 32628.00927942526
263, 32691.830932072673, 24419.841598657636, 32691.830932072673, 32632.296311935508, 24598.855164277564, 32632.296311935508
264, 32691.830932072673, 24419.841598657636, 32691.830932072673, 32637.592634844994, 24570.122442215787, 32637.592634844994
265, 32691.830932072673, 24419.841598657636, 32691.830932072673, 32649.278016713844, 24506.593459988, 32649.278016713844
266, 32691.830932072673, 24419.841598657636, 32691.830932072673, 32662.18347718039, 24483.46189255263, 32662.18347718039
267, 32732.279438104397, 24303.032188533107, 32732.279438104397, 32663.4883205646, 24479.656438919006, 32663.4883205646
268, 32733.205326858817, 24631.312555416403, 32733.205326858817, 32666.207133804917, 24474.45485026309, 32666.207133804917
269, 32773.286202517396, 24377.74578669226, 32773.286202517396, 32671.84228157048, 24465.102026008914, 32671.84228157048
270, 32773.286202517396, 24377.74578669226, 32773.286202517396, 32679.938402402102, 24450.509811331158, 32679.938402402102
271, 32773.286202517396, 24377.74578669226, 32773.286202517396, 32693.774241836403, 24421.04204816619, 32693.774241836403
272, 32773.286202517396, 24377.74578669226, 32773.286202517396, 32703.749590921296, 24422.063807547864, 32703.749590921296
273, 32773.286202517396, 24377.74578669226, 32773.286202517396, 32710.760657359344, 24430.24422744762, 32710.760657359344
274, 32773.286202517396, 24377.74578669226, 32773.286202517396, 32720.044195310096, 24441.341275916286, 32720.044195310096
275, 32773.286202517396, 24377.74578669226, 32773.286202517396, 32736.874335637156, 24426.02052437035, 32736.874335637156
276, 32773.286202517396, 24377.74578669226, 32773.286202517396, 32745.021875480004, 24454.23996136786, 32745.021875480004
277, 32773.286202517396, 24377.74578669226, 32773.286202517396, 32751.58854631975, 24475.00352578128, 32751.58854631975
278, 32895.51559129299, 24438.214731683052, 32895.51559129299, 32764.986299361164, 24381.8969598779, 32764.986299361164
279, 32895.51559129299, 24438.214731683052, 32895.51559129299, 32774.09763151105, 24379.21927877041, 32774.09763151105
280, 32895.51559129299, 24438.214731683052, 32895.51559129299, 32775.84920114338, 24381.70901118515, 32775.84920114338
281, 32895.51559129299, 24438.214731683052, 32895.51559129299, 32775.84920114338, 24381.70901118515, 32775.84920114338
282, 32895.51559129299, 24438.214731683052, 32895.51559129299, 32777.40725020532, 24382.347841539737, 32777.40725020532
283, 32895.51559129299, 24438.214731683052, 32895.51559129299, 32780.641464557884, 24384.926148796116, 32780.641464557884
284, 32895.51559129299, 24438.214731683052, 32895.51559129299, 32785.338614578875, 24391.894354723627, 32785.338614578875
285, 32895.51559129299, 24438.214731683052, 32895.51559129299, 32791.89589853502, 24400.73838792079, 32791.89589853502
286, 32895.51559129299, 24438.214731683052, 32895.51559129299, 32797.684855274245, 24407.81966376503, 32797.684855274245
287, 32895.51559129299, 24438.214731683052, 32895.51559129299, 32813.25409538419, 24427.96636230437, 32813.25409538419
288, 32895.51559129299, 24438.214731683052, 32895.51559129299, 32832.89815219997, 24456.73953886536, 32832.89815219997
289, 32950.2686581475, 24345.38187706782, 32950.2686581475, 32863.47645564263, 24429.25813936208, 32863.47645564263
290, 32950.2686581475, 24345.38187706782, 32950.2686581475, 32886.22989778689, 24435.90111175916, 32886.22989778689
291, 32950.2686581475, 24345.38187706782, 32950.2686581475, 32895.789356627196, 24437.750567409952, 32895.789356627196
292, 32950.2686581475, 24345.38187706782, 32950.2686581475, 32895.803566528215, 24438.36161401619, 32895.803566528215
293, 32950.2686581475, 24345.38187706782, 32950.2686581475, 32895.803566528215, 24438.36161401619, 32895.803566528215
294, 32964.78796662005, 24440.749487995858, 32964.78796662005, 32896.164138305874, 24438.985334403995, 32896.164138305874
295, 32964.78796662005, 24440.749487995858, 32964.78796662005, 32896.87107196017, 24439.621728573362, 32896.87107196017
296, 32964.78796662005, 24440.749487995858, 32964.78796662005, 32898.18392292435, 24439.195585644975, 32898.18392292435
297, 32964.78796662005, 24440.749487995858, 32964.78796662005, 32899.2514283563, 24440.455700202147, 32899.2514283563
298, 32964.78796662005, 24440.749487995858, 32964.78796662005, 32901.15068030133, 24438.933532972234, 32901.15068030133
299, 32964.78796662005, 24440.749487995858, 32964.78796662005, 32903.82946244302, 24438.524597966327, 32903.82946244302
300, 33082.61982081127, 24537.963809375757, 33082.61982081127, 32909.31681022878, 24440.449378457142, 32909.31681022878
301, 33082.61982081127, 24537.963809375757, 33082.61982081127, 32916.46912817849, 24440.941382054076, 32916.46912817849
302, 33082.61982081127, 24537.963809375757, 33082.61982081127, 32930.96512898817, 24440.344830008205, 32930.96512898817
303, 33082.61982081127, 24537.963809375757, 33082.61982081127, 32954.110638171456, 24421.095755056427, 32954.110638171456
304, 33082.61982081127, 24537.963809375757, 33082.61982081127, 32968.974298918365, 24444.905140856667, 32968.974298918365
305, 33082.61982081127, 24537.963809375757, 33082.61982081127, 32972.46305915018, 24452.258135553246, 32972.46305915018
306, 33082.61982081127, 24537.963809375757, 33082.61982081127, 32978.56890662368, 24462.662952468716, 32978.56890662368
307, 33082.61982081127, 24537.963809375757, 33082.61982081127, 32988.83365707436, 24478.055040912048, 32988.83365707436
308, 33082.61982081127, 24537.963809375757, 33082.61982081127, 33007.23675951277, 24504.003943604614, 33007.23675951277
309, 33082.61982081127, 24537.963809375757, 33082.61982081127, 33029.42661720342, 24535.74508576894, 33029.42661720342
310, 33082.61982081127, 24537.963809375757, 33082.61982081127, 33058.227529962, 24533.169866193024, 33058.227529962
311, 33082.61982081127, 24537.963809375757, 33082.61982081127, 33082.619820811145, 24537.96380937568, 33082.619820811145
312, 33082.61982081127, 24537.963809375757, 33082.61982081127, 33082.619820811145, 24537.96380937568, 33082.619820811145
313, 33100.844342359465, 24541.20071987068, 33100.844342359465, 33082.71094341888, 24537.979993928155, 33082.71094341888
314, 33100.844342359465, 24541.20071987068, 33100.844342359465, 33082.955395132354, 24538.47567343315, 33082.955395132354
315, 33100.844342359465, 24541.20071987068, 33100.844342359465, 33083.13764034784, 24538.508042538102, 33083.13764034784
316, 33100.844342359465, 24541.20071987068, 33100.844342359465, 33083.49427627615, 24539.293464293067, 33083.49427627615
317, 33100.844342359465, 24541.20071987068, 33100.844342359465, 33084.21540263542, 24540.14362425793, 33084.21540263542
318, 33100.844342359465, 24541.20071987068, 33100.844342359465, 33085.03182218208, 24541.746680560667, 33085.03182218208
319, 33100.844342359465, 24541.20071987068, 33100.844342359465, 33086.70163558664, 24544.405834083307, 33086.70163558664
320, 33100.844342359465, 24541.20071987068, 33100.844342359465, 33089.8129270853, 24549.028795153066, 33089.8129270853
321, 33100.844342359465, 24541.20071987068, 33100.844342359465, 33093.44718702358, 24555.29006386307, 33093.44718702358
322, 33100.844342359465, 24541.20071987068, 33100.844342359465, 33099.40384930264, 24562.5250481805, 33099.40384930264
323, 33103.46471021158, 24411.76569369546, 33103.46471021158, 33100.85744419866, 24540.55354473976, 33100.85744419866
324, 33103.46471021158, 24411.76569369546, 33103.46471021158, 33100.87054603792, 24539.90636960888, 33100.87054603792
325, 33103.46471021158, 24411.76569369546, 33103.46471021158, 33100.88364787718, 24539.259194478007, 33100.88364787718
326, 33103.46471021158, 24411.76569369546, 33103.46471021158, 33100.92295339496, 24537.31766908538, 33100.92295339496
327, 33103.46471021158, 24411.76569369546, 33103.46471021158, 33100.975360752, 24534.728968561874, 33100.975360752
328, 33103.46471021158, 24411.76569369546, 33103.46471021158, 33101.04086994831, 24531.493092907494, 33101.04086994831
329, 33103.46471021158, 24411.76569369546, 33103.46471021158, 33101.11948098387, 24527.610042122236, 33101.11948098387
330, 33114.69659176517, 24496.02494372129, 33114.69659176517, 33101.26735326646, 24523.501112456237, 33101.26735326646
331, 33129.05969519831, 24569.747077637432, 33129.05969519831, 33101.696670494384, 24509.405991365806, 33101.696670494384
332, 33152.702162548754, 24530.647132758204, 33152.702162548754, 33102.38832029092, 24487.996444111355, 33102.38832029092
333, 33152.702162548754, 24530.647132758204, 33152.702162548754, 33103.358860762644, 24456.006215882084, 33103.358860762644
334, 33152.702162548754, 24530.647132758204, 33152.702162548754, 33105.05802166407, 24418.198228236277, 33105.05802166407
335, 33152.702162548754, 24530.647132758204, 33152.702162548754, 33105.79068992791, 24421.019542046874, 33105.79068992791
336, 33170.58358397064, 24475.612908028972, 33170.58358397064, 33107.77575515709, 24428.19260890957, 33107.77575515709
337, 33170.58358397064, 24475.612908028972, 33170.58358397064, 33109.71442356668, 24435.92978616624, 33109.71442356668
338, 33170.58358397064, 24475.612908028972, 33170.58358397064, 33113.90872325776, 24452.369507148207, 33113.90872325776
339, 33170.58358397064, 24475.612908028972, 33170.58358397064, 33119.589335704426, 24476.160715587986, 33119.589335704426
340, 33170.58358397064, 24475.612908028972, 33170.58358397064, 33129.085700129785, 24517.921741215432, 33129.085700129785
341, 33175.32477220742, 24493.223167670898, 33175.32477220742, 33141.27125824928, 24540.19802309888, 33141.27125824928
342, 33175.32477220742, 24493.223167670898, 33175.32477220742, 33152.129722048405, 24531.04768548983, 33152.129722048405
343, 33175.32477220742, 24493.223167670898, 33175.32477220742, 33159.41182813198, 24518.75764635049, 33159.41182813198
344, 33175.32477220742, 24493.223167670898, 33175.32477220742, 33163.49459850225, 24511.152293393432, 33163.49459850225
345, 33175.32477220742, 24493.223167670898, 33175.32477220742, 33169.41025394569, 24492.172200438163, 33169.41025394569
346, 33175.32477220742, 24493.223167670898, 33175.32477220742, 33171.17623250017, 24477.814190484234, 33171.17623250017
347, 33175.32477220742, 24493.223167670898, 33175.32477220742, 33171.60293944149, 24479.399113852003, 33171.60293944149
348, 33175.32477220742, 24493.223167670898, 33175.32477220742, 33172.14817608874, 24481.42429371082, 33172.14817608874
349, 33175.32477220742, 24493.223167670898, 33175.32477220742, 33173.04900185377, 24484.77024304278, 33173.04900185377
350, 33224.13656136276, 24517.563723845342, 33224.13656136276, 33174.62059350582, 24489.822818523386, 33174.62059350582
351, 33224.13656136276, 24517.563723845342, 33224.13656136276, 33175.56883115312, 24493.344870451765, 33175.56883115312
352, 33224.13656136276, 24517.563723845342, 33224.13656136276, 33175.56883115312, 24493.344870451765, 33175.56883115312
353, 33224.13656136276, 24517.563723845342, 33224.13656136276, 33175.812890098896, 24493.466573232636, 33175.812890098896
354, 33224.13656136276, 24517.563723845342, 33224.13656136276, 33176.410186929425, 24493.705310945883, 33176.410186929425
355, 33232.50027304776, 24681.6872545711, 33232.50027304776, 33177.04930231837, 24494.764666312756, 33177.04930231837
356, 33232.50027304776, 24681.6872545711, 33232.50027304776, 33177.44435876155, 24495.702318898755, 33177.44435876155
357, 33232.50027304776, 24681.6872545711, 33232.50027304776, 33179.56394531577, 24498.181470126616, 33179.56394531577
358, 33232.50027304776, 24681.6872545711, 33232.50027304776, 33182.32109308003, 24500.077540506132, 33182.32109308003
359, 33232.50027304776, 24681.6872545711, 33232.50027304776, 33186.45618947991, 24503.708268799164, 33186.45618947991
360, 33232.50027304776, 24681.6872545711, 33232.50027304776, 33192.19049526403, 24509.09418559, 33192.19049526403
361, 33232.50027304776, 24681.6872545711, 33232.50027304776, 33202.47700870872, 24522.193524450584, 33202.47700870872
362, 33232.50027304776, 24681.6872545711, 33232.50027304776, 33216.917965604225, 24533.08460928624, 33216.917965604225
363, 33232.50027304776, 24681.6872545711, 33232.50027304776, 33226.81294910197, 24570.083253677632, 33226.81294910197
364, 33232.50027304776, 24681.6872545711, 33232.50027304776, 33228.694784231186, 24607.01104809089, 33228.694784231186
365, 33232.50027304776, 24681.6872545711, 33232.50027304776, 33231.24571629513, 24657.068724962166, 33231.24571629513
366, 33232.50027304776, 24681.6872545711, 33232.50027304776, 33232.50027304787, 24681.687254571058, 33232.50027304787
367, 33232.50027304776, 24681.6872545711, 33232.50027304776, 33232.50027304787, 24681.687254571058, 33232.50027304787
368, 33232.50027304776, 24681.6872545711, 33232.50027304776, 33232.50027304787, 24681.687254571058, 33232.50027304787
369, 33232.50027304776, 24681.6872545711, 33232.50027304776, 33232.50027304787, 24681.687254571058, 33232.50027304787
370, 33232.50027304776, 24681.6872545711, 33232.50027304776, 33232.50027304787, 24681.687254571058, 33232.50027304787
371, 33245.70800492269, 24680.88806110235, 33245.70800492269, 33232.56631170725, 24681.683258603713, 33232.56631170725
372, 33245.70800492269, 24680.88806110235, 33245.70800492269, 33232.63235036662, 24681.679262636368, 33232.63235036662
373, 33245.70800492269, 24680.88806110235, 33245.70800492269, 33232.698389026, 24681.675266669026, 33232.698389026
374, 33245.70800492269, 24680.88806110235, 33245.70800492269, 33232.89650500412, 24681.663278766995, 33232.89650500412
375, 33245.70800492269, 24680.88806110235, 33245.70800492269, 33233.02858232287, 24681.65528683231, 33233.02858232287
376, 33245.70800492269, 24680.88806110235, 33245.70800492269, 33233.226698301, 24681.643298930278, 33233.226698301
377, 33245.70800492269, 24680.88806110235, 33245.70800492269, 33233.42481427912, 24681.631311028246, 33233.42481427912
378, 33245.70800492269, 24680.88806110235, 33245.70800492269, 33234.283316851, 24681.57936345278, 33234.283316851
379, 33245.70800492269, 24680.88806110235, 33245.70800492269, 33235.53805137912, 24681.503440073244, 33235.53805137912
380, 33245.70800492269, 24680.88806110235, 33245.70800492269, 33237.38713384159, 24681.391552987603, 33237.38713384159
381, 33279.6865852015, 24667.133922576697, 33279.6865852015, 33240.66084373352, 24681.134971829873, 33240.66084373352
382, 33279.6865852015, 24667.133922576697, 33279.6865852015, 33245.18928815356, 24680.802467292626, 33245.18928815356
383, 33279.6865852015, 24667.133922576697, 33279.6865852015, 33246.04779072541, 24680.75051971715, 33246.04779072541
384, 33279.6865852015, 24667.133922576697, 33279.6865852015, 33246.04779072541, 24680.75051971715, 33246.04779072541
385, 33279.6865852015, 24667.133922576697, 33279.6865852015, 33246.483151600216, 24680.32964968044, 33246.483151600216
386, 33279.6865852015, 24667.133922576697, 33279.6865852015, 33246.918512475015, 24679.90877964373, 33246.918512475015
387, 33279.6865852015, 24667.133922576697, 33279.6865852015, 33247.88480929664, 24678.783710918866, 33247.88480929664
388, 33279.6865852015, 24667.133922576697, 33279.6865852015, 33249.28646699306, 24677.237772157285, 33249.28646699306
389, 33279.6865852015, 24667.133922576697, 33279.6865852015, 33251.102228321644, 24675.768849969274, 33251.102228321644
390, 33279.6865852015, 24667.133922576697, 33279.6865852015, 33253.88428647186, 24673.17485905641, 33253.88428647186
391, 33279.6865852015, 24667.133922576697, 33279.6865852015, 33259.29976711348, 24667.557761313015, 33259.29976711348
392, 33279.6865852015, 24667.133922576697, 33279.6865852015, 33265.851437478166, 24660.74682415205, 33265.851437478166
393, 33279.6865852015, 24667.133922576697, 33279.6865852015, 33275.599104585664, 24655.3332348415, 33275.599104585664
394, 33279.6865852015, 24667.133922576697, 33279.6865852015, 33279.686585201605, 24667.133922576806, 33279.686585201605
395, 33311.25836877565, 24656.86302104221, 33311.25836877565, 33279.84444411947, 24667.082568069134, 33279.84444411947
396, 33311.25836877565, 24656.86302104221, 33311.25836877565, 33279.84444411947, 24667.082568069134, 33279.84444411947
397, 33311.25836877565, 24656.86302104221, 33311.25836877565, 33279.84444411947, 24667.082568069134, 33279.84444411947
398, 33311.25836877565, 24656.86302104221, 33311.25836877565, 33279.84444411947, 24667.082568069134, 33279.84444411947
399, 33311.25836877565, 24656.86302104221, 33311.25836877565, 33280.00230303735, 24667.03121356146, 33280.00230303735
400, 33311.25836877565, 24656.86302104221, 33311.25836877565, 33280.16016195522, 24666.979859053787, 33280.16016195522
401, 33311.25836877565, 24656.86302104221, 33311.25836877565, 33280.31802087309, 24666.92850454612, 33280.31802087309
402, 33311.25836877565, 24656.86302104221, 33311.25836877565, 33281.738751133926, 24666.466313977064, 33281.738751133926
403, 33311.25836877565, 24656.86302104221, 33311.25836877565, 33282.843763559016, 24666.10683242336, 33282.843763559016
404, 33311.25836877565, 24656.86302104221, 33311.25836877565, 33283.63305814836, 24665.850059884997, 33283.63305814836
405, 33311.25836877565, 24656.86302104221, 33311.25836877565, 33285.36950624495, 24665.285160300602, 33285.36950624495
406, 33311.25836877565, 24656.86302104221, 33311.25836877565, 33289.20342825751, 24664.00181337775, 33289.20342825751
407, 33311.25836877565, 24656.86302104221, 33311.25836877565, 33295.4505420218, 24661.897310101074, 33295.4505420218
408, 33311.25836877565, 24656.86302104221, 33311.25836877565, 33302.86991116165, 24659.483648240417, 33302.86991116165
409, 33311.25836877565, 24656.86302104221, 33311.25836877565, 33311.258368775525, 24656.8630210422, 33311.258368775525
410, 33326.83929075053, 24535.823451035034, 33326.83929075053, 33311.3362733854, 24656.257823192165, 33311.3362733854
411, 33326.83929075053, 24535.823451035034, 33326.83929075053, 33311.35016265813, 24655.908682522226, 33311.35016265813
412, 33326.83929075053, 24535.823451035034, 33326.83929075053, 33311.44195654073, 24654.95434400225, 33311.44195654073
413, 33326.83929075053, 24535.823451035034, 33326.83929075053, 33311.62554430593, 24653.0456669623, 33311.62554430593
414, 33326.83929075053, 24535.823451035034, 33326.83929075053, 33311.92870449918, 24649.4843700625, 33311.92870449918
415, 33326.83929075053, 24535.823451035034, 33326.83929075053, 33312.29588002959, 24645.667015982606, 33312.29588002959
416, 33326.83929075053, 24535.823451035034, 33326.83929075053, 33312.7186126509, 24640.453099222952, 33312.7186126509
417, 33326.83929075053, 24535.823451035034, 33326.83929075053, 33313.56407789352, 24630.025265703644, 33313.56407789352
418, 33326.83929075053, 24535.823451035034, 33326.83929075053, 33315.308161662884, 24611.892833824135, 33315.308161662884
419, 33326.83929075053, 24535.823451035034, 33326.83929075053, 33316.846310148125, 24594.877714154845, 33316.846310148125
420, 33326.83929075053, 24535.823451035034, 33326.83929075053, 33319.86161900149, 24563.733683665687, 33319.86161900149
421, 33326.83929075053, 24535.823451035034, 33326.83929075053, 33323.47582199291, 24549.27276733242, 33323.47582199291
422, 33363.22910983238, 24500.332460641825, 33363.22910983238, 33327.02123984586, 24535.645996083076, 33327.02123984586
423, 33363.22910983238, 24500.332460641825, 33363.22910983238, 33327.05891838737, 24535.85437847639, 33327.05891838737
424, 33363.22910983238, 24500.332460641825, 33363.22910983238, 33327.20718384779, 24535.21404225005, 33327.20718384779
425, 33363.22910983238, 24500.332460641825, 33363.22910983238, 33327.2448623893, 24535.422424643366, 33327.2448623893
426, 33363.22910983238, 24500.332460641825, 33363.22910983238, 33327.794704582055, 24534.635560906405, 33327.794704582055
427, 33363.22910983238, 24500.332460641825, 33363.22910983238, 33328.31331184542, 24534.859681694674, 33328.31331184542
428, 33375.257843170824, 24624.51264198277, 33375.257843170824, 33329.2334802917, 24534.674878961676, 33329.2334802917
429, 33375.257843170824, 24624.51264198277, 33375.257843170824, 33330.53280400013, 24534.50521920674, 33330.53280400013
430, 33375.257843170824, 24624.51264198277, 33375.257843170824, 33332.290591305245, 24533.938779333374, 33332.290591305245
431, 33375.257843170824, 24624.51264198277, 33375.257843170824, 33334.9002928314, 24529.32193970863, 33334.9002928314
432, 33375.257843170824, 24624.51264198277, 33375.257843170824, 33339.86615148865, 24525.437589354213, 33339.86615148865
433, 33375.257843170824, 24624.51264198277, 33375.257843170824, 33346.57454771574, 24503.832323467363, 33346.57454771574
434, 33375.257843170824, 24624.51264198277, 33375.257843170824, 33353.864190300956, 24470.138070591205, 33353.864190300956
435, 33375.257843170824, 24624.51264198277, 33375.257843170824, 33359.374722653505, 24472.9833813859, 33359.374722653505
436, 33403.81738205377, 24426.93219446516, 33403.81738205377, 33366.60106892583, 24544.29042948589, 33366.60106892583
437, 33403.81738205377, 24426.93219446516, 33403.81738205377, 33370.620486549444, 24575.94904099578, 33370.620486549444
438, 33403.81738205377, 24426.93219446516, 33403.81738205377, 33375.50380520747, 24622.312418585283, 33375.50380520747
439, 33403.81738205377, 24426.93219446516, 33403.81738205377, 33376.11462933745, 24618.585228557255, 33376.11462933745
440, 33403.81738205377, 24426.93219446516, 33403.81738205377, 33376.543022420694, 24615.621521844492, 33376.543022420694
441, 33403.81738205377, 24426.93219446516, 33403.81738205377, 33377.39980858718, 24609.694108418968, 33377.39980858718
442, 33403.81738205377, 24426.93219446516, 33403.81738205377, 33378.25659475367, 24603.766694993436, 33378.25659475367
443, 33403.81738205377, 24426.93219446516, 33403.81738205377, 33380.286189678896, 24589.96727764057, 33380.286189678896
444, 33403.81738205377, 24426.93219446516, 33403.81738205377, 33382.71375048395, 24573.172939601565, 33382.71375048395
445, 33403.81738205377, 24426.93219446516, 33403.81738205377, 33386.9849226644, 24544.357298907187, 33386.9849226644
446, 33403.81738205377, 24426.93219446516, 33403.81738205377, 33396.409570495736, 24479.155751226455, 33396.409570495736
447, 33404.23006629656, 24608.520007917028, 33404.23006629656, 33403.81944547492, 24427.84013353242, 33403.81944547492
448, 33404.23006629656, 24608.520007917028, 33404.23006629656, 33403.81944547492, 24427.84013353242, 33403.81944547492
449, 33404.23006629656, 24608.520007917028, 33404.23006629656, 33403.81944547492, 24427.84013353242, 33403.81944547492
450, 33404.23006629656, 24608.520007917028, 33404.23006629656, 33403.82150889613, 24428.74807259968, 33403.82150889613
451, 33404.23006629656, 24608.520007917028, 33404.23006629656, 33403.82563573856, 24430.5639507342, 33403.82563573856
452, 33404.23006629656, 24608.520007917028, 33404.23006629656, 33403.829762580994, 24432.379828868718, 33403.829762580994
453, 33404.23006629656, 24608.520007917028, 33404.23006629656, 33403.8318260022, 24433.287767935977, 33403.8318260022
454, 33404.23006629656, 24608.520007917028, 33404.23006629656, 33403.84007968706, 24436.919524205015, 33403.84007968706
455, 33536.857235348696, 24372.44789341067, 33536.857235348696, 33404.545097090726, 24443.47066411725, 33404.545097090726
456, 33536.857235348696, 24372.44789341067, 33536.857235348696, 33404.61647968026, 24453.486030683223, 33404.61647968026
457, 33536.857235348696, 24372.44789341067, 33536.857235348696, 33405.42996058299, 24471.04961270666, 33405.42996058299
458, 33536.857235348696, 24372.44789341067, 33536.857235348696, 33405.60687191477, 24492.350665489972, 33405.60687191477
459, 33536.857235348696, 24372.44789341067, 33536.857235348696, 33406.660393053986, 24537.59891059365, 33406.660393053986
460, 33536.857235348696, 24372.44789341067, 33536.857235348696, 33409.2232487997, 24564.721310838257, 33409.2232487997
461, 33536.857235348696, 24372.44789341067, 33536.857235348696, 33411.83792991056, 24535.26003340605, 33411.83792991056
462, 33536.857235348696, 24372.44789341067, 33536.857235348696, 33414.61492961964, 24500.322287654286, 33414.61492961964
463, 33536.857235348696, 24372.44789341067, 33536.857235348696, 33419.46309318725, 24425.904581544586, 33419.46309318725
464, 33536.857235348696, 24372.44789341067, 33536.857235348696, 33428.3565862059, 24346.482818872268, 33428.3565862059
465, 33536.857235348696, 24372.44789341067, 33536.857235348696, 33442.35216421015, 24348.125337304577, 33442.35216421015
466, 33536.857235348696, 24372.44789341067, 33536.857235348696, 33464.77293559438, 24362.458035381078, 33464.77293559438
467, 33536.857235348696, 24372.44789341067, 33536.857235348696, 33493.038080834114, 24361.446049088077, 33493.038080834114
468, 33537.45615391744, 24357.090990896075, 33537.45615391744, 33528.381339880696, 24335.853010562216, 33528.381339880696
469, 33554.17168468251, 24242.760150402995, 33554.17168468251, 33536.94680218828, 24371.722670183008, 33536.94680218828
470, 33554.17168468251, 24242.760150402995, 33554.17168468251, 33536.952791373966, 24371.56910115786, 33536.952791373966
471, 33554.17168468251, 24242.760150402995, 33554.17168468251, 33536.9617751525, 24371.33874762014, 33536.9617751525
472, 33646.24393892657, 24112.648071671592, 33646.24393892657, 33537.51469785607, 24369.8861794863, 33537.51469785607
473, 33646.24393892657, 24112.648071671592, 33646.24393892657, 33537.71179909216, 24367.97502595564, 33537.71179909216
474, 33646.24393892657, 24112.648071671592, 33646.24393892657, 33538.93116808158, 24363.730390359764, 33538.93116808158
475, 33646.24393892657, 24112.648071671592, 33646.24393892657, 33539.69339259936, 24362.00646055838, 33539.69339259936
476, 33646.24393892657, 24112.648071671592, 33646.24393892657, 33541.19044588584, 24355.355801741953, 33541.19044588584
477, 33646.24393892657, 24112.648071671592, 33646.24393892657, 33543.91607414704, 24346.177083705334, 33543.91607414704
478, 33646.24393892657, 24112.648071671592, 33646.24393892657, 33549.504095634984, 24323.55032452608, 33549.504095634984
479, 33646.24393892657, 24112.648071671592, 33646.24393892657, 33556.364527207224, 24303.55698703635, 33556.364527207224
480, 33646.24393892657, 24112.648071671592, 33646.24393892657, 33565.34634484771, 24278.735800537168, 33565.34634484771
481, 33646.24393892657, 24112.648071671592, 33646.24393892657, 33582.73276037055, 24230.201182904093, 33582.73276037055
482, 33646.24393892657, 24112.648071671592, 33646.24393892657, 33602.16623714082, 24197.529842658314, 33602.16623714082
483, 33646.24393892657, 24112.648071671592, 33646.24393892657, 33639.40463786473, 24143.4127262388, 33639.40463786473
484, 33646.24393892657, 24112.648071671592, 33646.24393892657, 33646.2439389266, 24112.648071671534, 33646.2439389266
485, 33646.24393892657, 24112.648071671592, 33646.24393892657, 33646.2439389266, 24112.648071671534, 33646.2439389266
486, 33646.24393892657, 24112.648071671592, 33646.24393892657, 33646.2439389266, 24112.648071671534, 33646.2439389266
487, 33735.537863162936, 24095.461420036532, 33735.537863162936, 33646.69040854778, 24112.56213841336, 33646.69040854778
488, 33735.537863162936, 24095.461420036532, 33735.537863162936, 33647.13687816897, 24112.476205155184, 33647.13687816897
489, 33735.537863162936, 24095.461420036532, 33735.537863162936, 33647.72019388275, 24113.143267404652, 33647.72019388275
490, 33735.537863162936, 24095.461420036532, 33735.537863162936, 33648.613133125116, 24112.9714008883, 33648.613133125116
491, 33735.537863162936, 24095.461420036532, 33735.537863162936, 33650.089388081265, 24113.466596621416, 33650.089388081265
492, 33735.537863162936, 24095.461420036532, 33735.537863162936, 33651.11917341624, 24114.04772561271, 33651.11917341624
493, 33735.537863162936, 24095.461420036532, 33735.537863162936, 33653.31559017878, 24115.962979102937, 33653.31559017878
494, 33735.537863162936, 24095.461420036532, 33735.537863162936, 33658.053978575816, 24116.60963753647, 33658.053978575816
495, 33735.537863162936, 24095.461420036532, 33735.537863162936, 33668.488678018126, 24123.173922957023, 33668.488678018126
496, 33735.537863162936, 24095.461420036532, 33735.537863162936, 33680.70925594516, 24129.39447534492, 33680.70925594516
497, 33735.537863162936, 24095.461420036532, 33735.537863162936, 33702.06105579421, 24140.092193146873, 33702.06105579421
498, 33735.537863162936, 24095.461420036532, 33735.537863162936, 33731.25045358959, 24106.578773400946, 33731.25045358959
499, 33802.17787784355, 24299.674020003084, 33802.17787784355, 33735.871063236445, 24096.482483036354, 33735.871063236445
500, 33802.17787784355, 24299.674020003084, 33802.17787784355, 33736.44661239429, 24097.768075038268, 33736.44661239429
