1, 27019.208152005656, 24663.62766872719, 27019.208152005656, 25174.265693748122, 24657.41993243077, 25174.265693748122
2, 27019.208152005656, 24663.62766872719, 27019.208152005656, 25660.230597907877, 24638.567236398412, 25660.230597907877
3, 27019.208152005656, 24663.62766872719, 27019.208152005656, 25886.13519595607, 24637.0367990003, 25886.13519595607
4, 27019.208152005656, 24663.62766872719, 27019.208152005656, 26022.412817238903, 24629.3098875077, 26022.412817238903
5, 27019.208152005656, 24663.62766872719, 27019.208152005656, 26206.6820455269, 24615.642831020643, 26206.6820455269
6, 27688.220167434192, 24666.536546346564, 27688.220167434192, 26270.394785993794, 24615.931372569587, 26270.394785993794
7, 27688.220167434192, 24666.536546346564, 27688.220167434192, 26313.795842843363, 24611.169571051396, 26313.795842843363
8, 27745.26178651433, 24533.97103688541, 27745.26178651433, 26449.02333892809, 24602.638190250324, 26449.02333892809
9, 27745.26178651433, 24533.97103688541, 27745.26178651433, 26531.29785604402, 24586.453549724378, 26531.29785604402
10, 27745.26178651433, 24533.97103688541, 27745.26178651433, 26555.300679534143, 24592.44986645475, 26555.300679534143
11, 27800.238675310426, 24378.32700942268, 27800.238675310426, 26600.722432780094, 24565.793377355185, 26600.722432780094
12, 27871.48782057122, 24560.380684993164, 27871.48782057122, 26750.89646278333, 24566.194000079493, 26750.89646278333
13, 28060.787873368496, 24447.137537139857, 28060.787873368496, 26833.39613151451, 24586.5647978182, 26833.39613151451
14, 28140.77052160263, 24478.762052442376, 28140.77052160263, 26942.569610407543, 24604.901217417748, 26942.569610407543
15, 28140.77052160263, 24478.762052442376, 28140.77052160263, 27035.655532316225, 24584.88566013594, 27035.655532316225
16, 28178.58239380502, 24407.077761322653, 28178.58239380502, 27072.109635447752, 24564.43763386223, 27072.109635447752
17, 28260.50117014405, 24381.981765975626, 28260.50117014405, 27200.214467911454, 24570.722443142746, 27200.214467911454
18, 28423.483041708478, 24538.60506686758, 28423.483041708478, 27201.529812414887, 24543.4722847189, 27201.529812414887
19, 28471.39541445081, 24599.519537937074, 28471.39541445081, 27211.589547336345, 24561.039641267733, 27211.589547336345
20, 28471.39541445081, 24599.519537937074, 28471.39541445081, 27290.902458936685, 24557.26830358787, 27290.902458936685
21, 28471.39541445081, 24599.519537937074, 28471.39541445081, 27337.972358282645, 24556.064494692004, 27337.972358282645
22, 28705.916667331203, 24395.013550755983, 28705.916667331203, 27434.863936343052, 24563.398574917428, 27434.863936343052
23, 28798.149101589977, 24625.824445880404, 28798.149101589977, 27438.266136831724, 24556.301026703375, 27438.266136831724
24, 28957.765669331642, 24528.201324094833, 28957.765669331642, 27477.80957542273, 24540.47257926701, 27477.80957542273
25, 28957.765669331642, 24528.201324094833, 28957.765669331642, 27527.900891614147, 24568.642009027655, 27527.900891614147
26, 28957.765669331642, 24528.201324094833, 28957.765669331642, 27606.086409659496, 24557.599483922357, 27606.086409659496
27, 28957.765669331642, 24528.201324094833, 28957.765669331642, 27625.66697515503, 24542.117320931316, 27625.66697515503
28, 29200.333168249006, 24633.30317334956, 29200.333168249006, 27653.889478452806, 24548.230332335825, 27653.889478452806
29, 29200.333168249006, 24633.30317334956, 29200.333168249006, 27754.44082094953, 24570.620077012176, 27754.44082094953
30, 29200.333168249006, 24633.30317334956, 29200.333168249006, 27726.16775947153, 24563.45042574265, 27726.16775947153
31, 29371.1181431292, 24548.938402750282, 29371.1181431292, 27820.780679784413, 24555.660148607323, 27820.780679784413
32, 29371.1181431292, 24548.938402750282, 29371.1181431292, 27840.811863174058, 24581.39850392524, 27840.811863174058
33, 29577.982567279065, 24270.779125881952, 29577.982567279065, 27920.971633939153, 24582.11658843592, 27920.971633939153
34, 29577.982567279065, 24270.779125881952, 29577.982567279065, 27949.942762955572, 24597.300799234832, 27949.942762955572
35, 29577.982567279065, 24270.779125881952, 29577.982567279065, 28016.945785888933, 24596.86765111153, 28016.945785888933
36, 29577.982567279065, 24270.779125881952, 29577.982567279065, 28030.31781848429, 24592.310820321996, 28030.31781848429
37, 29577.982567279065, 24270.779125881952, 29577.982567279065, 28138.342423562244, 24562.21159451797, 28138.342423562244
38, 29634.83133026028, 24674.641426350954, 29634.83133026028, 28135.97809417762, 24551.130608389896, 28135.97809417762
39, 29769.93696481157, 24458.0868714464, 29769.93696481157, 28109.220778924326, 24533.98689668775, 28109.220778924326
40, 29769.93696481157, 24458.0868714464, 29769.93696481157, 28206.891744528628, 24522.387425190456, 28206.891744528628
41, 29769.93696481157, 24458.0868714464, 29769.93696481157, 28224.97400584102, 24512.018751627715, 28224.97400584102
42, 29859.231782786817, 24609.347451029946, 29859.231782786817, 28272.8141340406, 24477.44853781027, 28272.8141340406
43, 29899.756893998227, 24371.93855287955, 29899.756893998227, 28314.43788187819, 24456.74278494705, 28314.43788187819
44, 29899.756893998227, 24371.93855287955, 29899.756893998227, 28341.50722561978, 24550.262659939253, 28341.50722561978
45, 29959.047212066536, 24621.085740628725, 29959.047212066536, 28377.815002919728, 24530.893851453395, 28377.815002919728
46, 30059.096417455785, 24458.900131558155, 30059.096417455785, 28371.553242479833, 24525.257025897157, 28371.553242479833
47, 30059.096417455785, 24458.900131558155, 30059.096417455785, 28395.058015430714, 24519.290095416796, 28395.058015430714
48, 30189.729310297076, 24589.29384983044, 30189.729310297076, 28407.39415246982, 24499.064018507706, 28407.39415246982
49, 30189.729310297076, 24589.29384983044, 30189.729310297076, 28475.44434911829, 24508.018494700576, 28475.44434911829
50, 30255.41743783858, 24329.22078660529, 30255.41743783858, 28556.619608367015, 24510.30676377265, 28556.619608367015
51, 30353.191909791643, 24494.061746628773, 30353.191909791643, 28534.967347207894, 24508.47177699747, 28534.967347207894
52, 30353.191909791643, 24494.061746628773, 30353.191909791643, 28595.91512192137, 24531.45598705712, 28595.91512192137
53, 30415.911771392664, 24368.45528043149, 30415.911771392664, 28628.829926079474, 24537.245638199052, 28628.829926079474
54, 30415.911771392664, 24368.45528043149, 30415.911771392664, 28698.168877450345, 24556.779985203706, 28698.168877450345
55, 30462.023945579218, 24268.84581765018, 30462.023945579218, 28718.740951238586, 24541.202324821385, 28718.740951238586
56, 30462.023945579218, 24268.84581765018, 30462.023945579218, 28735.7225510205, 24511.36845836108, 28735.7225510205
57, 30669.139209754154, 24412.18256252391, 30669.139209754154, 28786.556365549248, 24538.621122208704, 28786.556365549248
58, 30669.139209754154, 24412.18256252391, 30669.139209754154, 28780.041320764594, 24555.44245842606, 28780.041320764594
59, 30669.139209754154, 24412.18256252391, 30669.139209754154, 28891.52680016875, 24542.689848098853, 28891.52680016875
60, 30669.139209754154, 24412.18256252391, 30669.139209754154, 28831.570876745758, 24533.1498841211, 28831.570876745758
61, 30669.139209754154, 24412.18256252391, 30669.139209754154, 28872.82445319025, 24496.83211307421, 28872.82445319025
62, 30669.139209754154, 24412.18256252391, 30669.139209754154, 28847.608148697534, 24498.521649767306, 28847.608148697534
63, 30669.139209754154, 24412.18256252391, 30669.139209754154, 28891.730243748785, 24492.37856462989, 28891.730243748785
64, 30773.958055995234, 24428.491197793064, 30773.958055995234, 28886.150928330993, 24547.912032423006, 28886.150928330993
65, 30834.888306377365, 24327.882362125714, 30834.888306377365, 28912.42257729422, 24555.850037479508, 28912.42257729422
66, 30834.888306377365, 24327.882362125714, 30834.888306377365, 28967.919267931386, 24550.350143001768, 28967.919267931386
67, 30834.888306377365, 24327.882362125714, 30834.888306377365, 28975.938666501253, 24551.617308648947, 28975.938666501253
68, 30834.888306377365, 24327.882362125714, 30834.888306377365, 29040.27585364501, 24553.853404490863, 29040.27585364501
69, 30834.888306377365, 24327.882362125714, 30834.888306377365, 29017.626477410566, 24550.467878671017, 29017.626477410566
70, 30921.28570994956, 24654.777249645173, 30921.28570994956, 29036.419007394925, 24561.254755406277, 29036.419007394925
71, 30921.28570994956, 24654.777249645173, 30921.28570994956, 29100.074524352338, 24530.196039570208, 29100.074524352338
72, 30931.861343868328, 24594.497241114645, 30931.861343868328, 29135.687875391828, 24507.945512024464, 29135.687875391828
73, 30951.1830233131, 24541.892990385757, 30951.1830233131, 29090.065243560504, 24517.775926612, 29090.065243560504
74, 30951.1830233131, 24541.892990385757, 30951.1830233131, 29139.552552943464, 24526.8554332191, 29139.552552943464
75, 30980.096208416457, 24607.231246225194, 30980.096208416457, 29177.117635606704, 24508.692066304862, 29177.117635606704
76, 30980.096208416457, 24607.231246225194, 30980.096208416457, 29170.622000648942, 24554.18896062304, 29170.622000648942
77, 30998.86762446637, 24681.89689292513, 30998.86762446637, 29148.88265436578, 24596.289822195613, 29148.88265436578
78, 31163.189642667643, 24513.422078213418, 31163.189642667643, 29161.25174080541, 24596.929143004996, 29161.25174080541
79, 31163.189642667643, 24513.422078213418, 31163.189642667643, 29227.745346432337, 24604.162716273288, 29227.745346432337
80, 31163.189642667643, 24513.422078213418, 31163.189642667643, 29195.906974808666, 24595.866244936893, 29195.906974808666
81, 31163.189642667643, 24513.422078213418, 31163.189642667643, 29257.861742365087, 24598.80724801353, 29257.861742365087
82, 31163.189642667643, 24513.422078213418, 31163.189642667643, 29213.73177776037, 24584.34883217648, 29213.73177776037
83, 31163.189642667643, 24513.422078213418, 31163.189642667643, 29231.80874630632, 24586.08464610344, 29231.80874630632
84, 31164.46064652589, 24641.85544548924, 31164.46064652589, 29246.574773141096, 24590.64373825464, 29246.574773141096
85, 31164.46064652589, 24641.85544548924, 31164.46064652589, 29304.227117419807, 24559.71101636287, 29304.227117419807
86, 31176.388959896674, 24425.40811632134, 31176.388959896674, 29284.08899673036, 24559.962444318622, 29284.08899673036
87, 31294.25252064644, 24662.404293251948, 31294.25252064644, 29323.18216013899, 24581.058541751216, 29323.18216013899
88, 31294.25252064644, 24662.404293251948, 31294.25252064644, 29306.45857450203, 24586.6731053145, 29306.45857450203
89, 31294.25252064644, 24662.404293251948, 31294.25252064644, 29309.724583368734, 24587.360134327097, 29309.724583368734
90, 31318.959666410083, 24456.243151596904, 31318.959666410083, 29371.54994143815, 24577.10368012749, 29371.54994143815
91, 31318.959666410083, 24456.243151596904, 31318.959666410083, 29369.935058922318, 24581.713729525483, 29369.935058922318
92, 31463.521813463918, 24572.018980369274, 31463.521813463918, 29434.966007794148, 24587.49354883749, 29434.966007794148
93, 31463.521813463918, 24572.018980369274, 31463.521813463918, 29435.95154674903, 24581.510323517537, 29435.95154674903
94, 31463.521813463918, 24572.018980369274, 31463.521813463918, 29412.501548967346, 24606.726897623284, 29412.501548967346
95, 31463.521813463918, 24572.018980369274, 31463.521813463918, 29427.368340639714, 24607.92692899089, 29427.368340639714
96, 31504.26444160607, 24646.262720502873, 31504.26444160607, 29459.786549115906, 24622.0936569477, 29459.786549115906
97, 31504.26444160607, 24646.262720502873, 31504.26444160607, 29439.627216538618, 24596.05848398209, 29439.627216538618
98, 31504.26444160607, 24646.262720502873, 31504.26444160607, 29467.454500542866, 24553.346813569762, 29467.454500542866
99, 31504.26444160607, 24646.262720502873, 31504.26444160607, 29540.42509037403, 24562.106761285988, 29540.42509037403
100, 31642.476556590038, 24602.203153753962, 31642.476556590038, 29559.164637818034, 24590.366374982917, 29559.164637818034
101, 31642.476556590038, 24602.203153753962, 31642.476556590038, 29505.208531866585, 24580.574591113324, 29505.208531866585
102, 31642.476556590038, 24602.203153753962, 31642.476556590038, 29586.769257952346, 24607.436855865348, 29586.769257952346
103, 31642.476556590038, 24602.203153753962, 31642.476556590038, 29577.788516343866, 24610.322433504993, 29577.788516343866
104, 31642.476556590038, 24602.203153753962, 31642.476556590038, 29560.226878725203, 24620.436289103516, 29560.226878725203
105, 31642.476556590038, 24602.203153753962, 31642.476556590038, 29575.483591910936, 24628.228383847756, 29575.483591910936
106, 31774.62583814723, 24544.67930307558, 31774.62583814723, 29642.811862822717, 24632.31159082755, 29642.811862822717
107, 31774.62583814723, 24544.67930307558, 31774.62583814723, 29616.262363093058, 24615.68122613279, 29616.262363093058
108, 31774.62583814723, 24544.67930307558, 31774.62583814723, 29663.434910512315, 24603.798772894883, 29663.434910512315
109, 31774.62583814723, 24544.67930307558, 31774.62583814723, 29691.32416352761, 24599.73464312727, 29691.32416352761
110, 31800.316854256987, 24641.921039515295, 31800.316854256987, 29722.898168956624, 24609.13997359677, 29722.898168956624
111, 31884.926409928128, 24651.546366126997, 31884.926409928128, 29697.231319922837, 24611.350400293115, 29697.231319922837
112, 31884.926409928128, 24651.546366126997, 31884.926409928128, 29683.552800928708, 24607.983882915858, 29683.552800928708
113, 31884.926409928128, 24651.546366126997, 31884.926409928128, 29686.40177902569, 24602.921932288908, 29686.40177902569
114, 31884.926409928128, 24651.546366126997, 31884.926409928128, 29761.337566381822, 24588.729293085315, 29761.337566381822
115, 31884.926409928128, 24651.546366126997, 31884.926409928128, 29774.63855077905, 24588.600776309915, 29774.63855077905
116, 31884.926409928128, 24651.546366126997, 31884.926409928128, 29773.432339881187, 24590.93003680492, 29773.432339881187
117, 31957.77753898983, 24602.637023854117, 31957.77753898983, 29791.451018313015, 24596.39633758148, 29791.451018313015
118, 31957.77753898983, 24602.637023854117, 31957.77753898983, 29794.442599171038, 24612.13732709421, 29794.442599171038
119, 31957.77753898983, 24602.637023854117, 31957.77753898983, 29785.658702579014, 24627.744046626758, 29785.658702579014
120, 31957.77753898983, 24602.637023854117, 31957.77753898983, 29838.134180535573, 24628.090892682885, 29838.134180535573
121, 32051.452066298105, 24608.566876057146, 32051.452066298105, 29882.029611710495, 24618.57675217089, 29882.029611710495
122, 32051.452066298105, 24608.566876057146, 32051.452066298105, 29896.091443444267, 24638.437012063885, 29896.091443444267
123, 32051.452066298105, 24608.566876057146, 32051.452066298105, 29841.981791450336, 24643.79655404686, 29841.981791450336
124, 32051.452066298105, 24608.566876057146, 32051.452066298105, 29944.243885907556, 24635.76365369962, 29944.243885907556
125, 32051.452066298105, 24608.566876057146, 32051.452066298105, 29902.12178960126, 24623.518724431768, 29902.12178960126
126, 32071.640281774096, 24474.244787505126, 32071.640281774096, 29975.1969880074, 24614.51483769515, 29975.1969880074
127, 32071.640281774096, 24474.244787505126, 32071.640281774096, 29937.84842732823, 24613.30105425867, 29937.84842732823
128, 32083.155642968646, 24632.323046053203, 32083.155642968646, 29953.956361546498, 24611.703497811573, 29953.956361546498
129, 32181.99253904072, 24685.442555550962, 32181.99253904072, 29979.251621703406, 24586.763049486246, 29979.251621703406
130, 32181.99253904072, 24685.442555550962, 32181.99253904072, 30052.566269799223, 24615.523849727375, 30052.566269799223
131, 32181.99253904072, 24685.442555550962, 32181.99253904072, 30002.39374420897, 24607.48629589145, 30002.39374420897
132, 32181.99253904072, 24685.442555550962, 32181.99253904072, 29974.658973824062, 24600.1656722373, 29974.658973824062
133, 32181.99253904072, 24685.442555550962, 32181.99253904072, 30044.331584069627, 24583.004520534487, 30044.331584069627
134, 32181.99253904072, 24685.442555550962, 32181.99253904072, 30024.50032130572, 24582.091259248118, 30024.50032130572
135, 32281.586213706363, 24686.731433021636, 32281.586213706363, 30017.66393611517, 24620.4781770066, 30017.66393611517
136, 32281.586213706363, 24686.731433021636, 32281.586213706363, 30032.21562166403, 24653.45567554836, 30032.21562166403
137, 32281.586213706363, 24686.731433021636, 32281.586213706363, 30040.239693540578, 24676.22147186057, 30040.239693540578
138, 32281.586213706363, 24686.731433021636, 32281.586213706363, 30050.15999692698, 24679.145674601736, 30050.15999692698
139, 32334.379455617356, 24577.334630022324, 32334.379455617356, 30078.79575819259, 24675.050350294812, 30078.79575819259
140, 32334.379455617356, 24577.334630022324, 32334.379455617356, 30065.611266207587, 24674.781499691293, 30065.611266207587
141, 32334.379455617356, 24577.334630022324, 32334.379455617356, 30142.84389082073, 24673.364654670837, 30142.84389082073
142, 32334.379455617356, 24577.334630022324, 32334.379455617356, 30097.944196230303, 24671.593263372142, 30097.944196230303
143, 32334.379455617356, 24577.334630022324, 32334.379455617356, 30151.949627361857, 24669.417344257083, 30151.949627361857
144, 32334.379455617356, 24577.334630022324, 32334.379455617356, 30169.789555569012, 24674.782795149917, 30169.789555569012
145, 32334.379455617356, 24577.334630022324, 32334.379455617356, 30140.560199825813, 24672.41977774477, 30140.560199825813
146, 32334.379455617356, 24577.334630022324, 32334.379455617356, 30157.06990755188, 24672.524388901526, 30157.06990755188
147, 32439.228746942023, 24621.962189386573, 32439.228746942023, 30157.067074398827, 24667.328073991717, 30157.067074398827
148, 32439.228746942023, 24621.962189386573, 32439.228746942023, 30137.29148106448, 24661.258250149855, 30137.29148106448
149, 32439.228746942023, 24621.962189386573, 32439.228746942023, 30166.24129958655, 24652.299775867203, 30166.24129958655
150, 32439.228746942023, 24621.962189386573, 32439.228746942023, 30172.40337508359, 24633.129328289768, 30172.40337508359
151, 32496.277830610492, 24649.955484896385, 32496.277830610492, 30164.84573149781, 24607.916918647486, 30164.84573149781
152, 32496.277830610492, 24649.955484896385, 32496.277830610492, 30189.83171882473, 24604.98635283228, 30189.83171882473
153, 32496.277830610492, 24649.955484896385, 32496.277830610492, 30150.149563792933, 24606.836736332778, 30150.149563792933
154, 32496.277830610492, 24649.955484896385, 32496.277830610492, 30253.620016275643, 24609.643965924868, 30253.620016275643
155, 32496.277830610492, 24649.955484896385, 32496.277830610492, 30198.14473920587, 24615.634674789628, 30198.14473920587
156, 32511.921533184395, 24668.17513575644, 32511.921533184395, 30270.268915297158, 24634.293962563173, 30270.268915297158
157, 32511.921533184395, 24668.17513575644, 32511.921533184395, 30295.33724429072, 24629.22175745135, 30295.33724429072
158, 32511.921533184395, 24668.17513575644, 32511.921533184395, 30286.45757766406, 24631.24944305922, 30286.45757766406
159, 32511.921533184395, 24668.17513575644, 32511.921533184395, 30313.953661001968, 24629.52408431134, 30313.953661001968
160, 32511.921533184395, 24668.17513575644, 32511.921533184395, 30273.563483789898, 24623.363846884244, 30273.563483789898
161, 32511.921533184395, 24668.17513575644, 32511.921533184395, 30285.547675642534, 24640.674259651587, 30285.547675642534
162, 32511.921533184395, 24668.17513575644, 32511.921533184395, 30347.18621803203, 24652.97762120238, 30347.18621803203
163, 32511.921533184395, 24668.17513575644, 32511.921533184395, 30266.406816130137, 24652.64507248294, 30266.406816130137
164, 32564.597390921677, 24454.755613310987, 32564.597390921677, 30336.826238477148, 24652.31672896772, 30336.826238477148
165, 32631.68111128036, 24661.42836960207, 32631.68111128036, 30273.034359113615, 24651.40870438044, 30273.034359113615
166, 32631.68111128036, 24661.42836960207, 32631.68111128036, 30315.483549785124, 24653.548521033732, 30315.483549785124
167, 32631.68111128036, 24661.42836960207, 32631.68111128036, 30302.46337628035, 24653.58789852619, 30302.46337628035
168, 32631.68111128036, 24661.42836960207, 32631.68111128036, 30328.018157565864, 24653.723506962968, 30328.018157565864
169, 32631.68111128036, 24661.42836960207, 32631.68111128036, 30346.193734553726, 24647.184266370787, 30346.193734553726
170, 32701.34330120493, 24644.127024171663, 32701.34330120493, 30327.353509786633, 24634.08724902592, 30327.353509786633
171, 32701.34330120493, 24644.127024171663, 32701.34330120493, 30281.05080859668, 24616.671502363817, 30281.05080859668
172, 32701.34330120493, 24644.127024171663, 32701.34330120493, 30339.753742116704, 24588.409278449868, 30339.753742116704
173, 32701.34330120493, 24644.127024171663, 32701.34330120493, 30334.22243122934, 24549.043182924303, 30334.22243122934
174, 32701.34330120493, 24644.127024171663, 32701.34330120493, 30320.34124390818, 24571.299033090243, 30320.34124390818
175, 32701.34330120493, 24644.127024171663, 32701.34330120493, 30404.953815961024, 24602.758366386577, 30404.953815961024
176, 32701.34330120493, 24644.127024171663, 32701.34330120493, 30384.1100552189, 24654.11994197154, 30384.1100552189
177, 32701.34330120493, 24644.127024171663, 32701.34330120493, 30456.782702019318, 24652.684836827186, 30456.782702019318
178, 32701.34330120493, 24644.127024171663, 32701.34330120493, 30423.890381112906, 24651.43371030938, 30423.890381112906
179, 32707.518391751288, 24579.602589516173, 32707.518391751288, 30435.222545773922, 24648.52883805025, 30435.222545773922
180, 32707.518391751288, 24579.602589516173, 32707.518391751288, 30455.245825842034, 24648.639769177546, 30455.245825842034
181, 32883.457312495004, 24476.976715099707, 32883.457312495004, 30426.154802108595, 24646.056329315164, 30426.154802108595
182, 32883.457312495004, 24476.976715099707, 32883.457312495004, 30438.2734775656, 24646.562249809467, 30438.2734775656
183, 32883.457312495004, 24476.976715099707, 32883.457312495004, 30426.466355489112, 24644.213150969936, 30426.466355489112
184, 32883.457312495004, 24476.976715099707, 32883.457312495004, 30463.841906993097, 24638.44946613603, 30463.841906993097
185, 32883.457312495004, 24476.976715099707, 32883.457312495004, 30442.58270363387, 24633.328811056235, 30442.58270363387
186, 32883.457312495004, 24476.976715099707, 32883.457312495004, 30477.534299177583, 24623.750939211495, 30477.534299177583
187, 32883.457312495004, 24476.976715099707, 32883.457312495004, 30461.008081022603, 24606.99565836224, 30461.008081022603
188, 32883.457312495004, 24476.976715099707, 32883.457312495004, 30480.32696226751, 24593.807950941307, 30480.32696226751
189, 32883.457312495004, 24476.976715099707, 32883.457312495004, 30479.65843965469, 24590.18830858915, 30479.65843965469
190, 32883.457312495004, 24476.976715099707, 32883.457312495004, 30482.712148384722, 24583.28381101022, 30482.712148384722
191, 32883.457312495004, 24476.976715099707, 32883.457312495004, 30488.500134778515, 24565.761296293, 30488.500134778515
192, 32883.457312495004, 24476.976715099707, 32883.457312495004, 30534.788841115787, 24551.783314404765, 30534.788841115787
193, 32938.90247075484, 24531.01365261438, 32938.90247075484, 30566.431070554634, 24529.79534873326, 30566.431070554634
194, 32938.90247075484, 24531.01365261438, 32938.90247075484, 30558.662868004227, 24531.272789162147, 30558.662868004227
195, 33124.00472832371, 24629.009817992897, 33124.00472832371, 30547.40599801026, 24532.070564082205, 30547.40599801026
196, 33124.00472832371, 24629.009817992897, 33124.00472832371, 30537.67742782492, 24531.615862559946, 30537.67742782492
197, 33124.00472832371, 24629.009817992897, 33124.00472832371, 30583.56633642692, 24535.528798077772, 30583.56633642692
198, 33124.00472832371, 24629.009817992897, 33124.00472832371, 30578.99440185648, 24539.29776930398, 30578.99440185648
199, 33124.00472832371, 24629.009817992897, 33124.00472832371, 30603.981002605105, 24541.044542054344, 30603.981002605105
200, 33124.00472832371, 24629.009817992897, 33124.00472832371, 30582.700330375308, 24546.936885560448, 30582.700330375308
201, 33124.00472832371, 24629.009817992897, 33124.00472832371, 30584.1453983171, 24556.212637602323, 30584.1453983171
202, 33124.00472832371, 24629.009817992897, 33124.00472832371, 30628.456299697118, 24565.465782326275, 30628.456299697118
203, 33124.00472832371, 24629.009817992897, 33124.00472832371, 30668.004108100315, 24555.381308480348, 30668.004108100315
204, 33148.552264397375, 24598.335532702993, 33148.552264397375, 30667.083231708, 24556.01356704242, 30667.083231708
205, 33148.552264397375, 24598.335532702993, 33148.552264397375, 30688.414006119245, 24577.389232098576, 30688.414006119245
206, 33148.552264397375, 24598.335532702993, 33148.552264397375, 30674.660535053128, 24598.075674392436, 30674.660535053128
207, 33148.552264397375, 24598.335532702993, 33148.552264397375, 30714.403055708342, 24623.442835422447, 30714.403055708342
208, 33148.552264397375, 24598.335532702993, 33148.552264397375, 30763.549126242255, 24632.15862733227, 30763.549126242255
209, 33148.552264397375, 24598.335532702993, 33148.552264397375, 30711.133019495843, 24637.38774194179, 30711.133019495843
210, 33148.552264397375, 24598.335532702993, 33148.552264397375, 30722.10830969606, 24637.227640196532, 30722.10830969606
211, 33148.552264397375, 24598.335532702993, 33148.552264397375, 30775.100621428188, 24636.524031210643, 30775.100621428188
212, 33148.552264397375, 24598.335532702993, 33148.552264397375, 30681.330896221847, 24635.25648102691, 30681.330896221847
213, 33148.552264397375, 24598.335532702993, 33148.552264397375, 30748.33696329949, 24633.662353533804, 30748.33696329949
214, 33148.552264397375, 24598.335532702993, 33148.552264397375, 30739.157801741803, 24632.143026332855, 30739.157801741803
215, 33148.552264397375, 24598.335532702993, 33148.552264397375, 30730.700496492496, 24630.39946869676, 30730.700496492496
216, 33206.55256258783, 24581.884622684982, 33206.55256258783, 30767.895009715714, 24625.9704545425, 30767.895009715714
217, 33221.54268131327, 24499.39462824985, 33221.54268131327, 30737.149484688023, 24611.691310164482, 30737.149484688023
218, 33221.54268131327, 24499.39462824985, 33221.54268131327, 30717.27246003468, 24614.423519936176, 30717.27246003468
219, 33221.54268131327, 24499.39462824985, 33221.54268131327, 30791.969710288326, 24612.359250430298, 30791.969710288326
220, 33221.54268131327, 24499.39462824985, 33221.54268131327, 30740.28362392674, 24612.303782754247, 30740.28362392674
221, 33221.54268131327, 24499.39462824985, 33221.54268131327, 30775.71914357222, 24609.450293057227, 30775.71914357222
222, 33221.54268131327, 24499.39462824985, 33221.54268131327, 30785.605607171332, 24606.219956560573, 30785.605607171332
223, 33221.54268131327, 24499.39462824985, 33221.54268131327, 30779.132358037215, 24598.85691489907, 30779.132358037215
224, 33221.54268131327, 24499.39462824985, 33221.54268131327, 30793.384481455163, 24589.145536608565, 30793.384481455163
225, 33221.54268131327, 24499.39462824985, 33221.54268131327, 30713.383212774548, 24586.839442541925, 30713.383212774548
226, 33374.83832939962, 24479.950280817084, 33374.83832939962, 30787.53715325619, 24584.660058519752, 30787.53715325619
227, 33374.83832939962, 24479.950280817084, 33374.83832939962, 30746.530881238523, 24569.603363673756, 30746.530881238523
228, 33374.83832939962, 24479.950280817084, 33374.83832939962, 30841.066757247856, 24547.719129472956, 30841.066757247856
229, 33374.83832939962, 24479.950280817084, 33374.83832939962, 30829.948948660047, 24546.01665772897, 30829.948948660047
230, 33374.83832939962, 24479.950280817084, 33374.83832939962, 30819.339860106906, 24544.339900479965, 30819.339860106906
231, 33374.83832939962, 24479.950280817084, 33374.83832939962, 30851.42649411964, 24539.17446286576, 30851.42649411964
232, 33374.83832939962, 24479.950280817084, 33374.83832939962, 30818.968611056665, 24535.252492703745, 30818.968611056665
233, 33374.83832939962, 24479.950280817084, 33374.83832939962, 30880.12776344472, 24530.440527735915, 30880.12776344472
234, 33374.83832939962, 24479.950280817084, 33374.83832939962, 30861.6363460987, 24521.914113134862, 30861.6363460987
235, 33374.83832939962, 24479.950280817084, 33374.83832939962, 30921.77609252825, 24532.633471189787, 30921.77609252825
236, 33378.377606831666, 24360.85403708284, 33378.377606831666, 30922.1428873345, 24532.01314911515, 30922.1428873345
237, 33510.91754149689, 24326.7645308412, 33510.91754149689, 30903.21606309007, 24531.787374501604, 30903.21606309007
238, 33510.91754149689, 24326.7645308412, 33510.91754149689, 30887.763936018393, 24531.38699313679, 30887.763936018393
239, 33510.91754149689, 24326.7645308412, 33510.91754149689, 30906.429601695367, 24528.528756603464, 30906.429601695367
240, 33510.91754149689, 24326.7645308412, 33510.91754149689, 30910.625933290004, 24526.315568671827, 30910.625933290004
241, 33510.91754149689, 24326.7645308412, 33510.91754149689, 30892.188243835, 24522.364563860545, 30892.188243835
242, 33510.91754149689, 24326.7645308412, 33510.91754149689, 30917.526903526745, 24518.33880738369, 30917.526903526745
243, 33510.91754149689, 24326.7645308412, 33510.91754149689, 30917.56412872128, 24512.520025957896, 30917.56412872128
244, 33510.91754149689, 24326.7645308412, 33510.91754149689, 30960.471843947675, 24492.327183399702, 30960.471843947675
245, 33534.50243683628, 24503.979964167786, 33534.50243683628, 30977.801386031737, 24510.969119830334, 30977.801386031737
246, 33534.50243683628, 24503.979964167786, 33534.50243683628, 30934.721917185, 24537.101996829057, 30934.721917185
247, 33534.50243683628, 24503.979964167786, 33534.50243683628, 30958.034475162272, 24476.16173227675, 30958.034475162272
248, 33534.50243683628, 24503.979964167786, 33534.50243683628, 31011.079416274595, 24430.334695478407, 31011.079416274595
249, 33534.50243683628, 24503.979964167786, 33534.50243683628, 31018.523836431395, 24436.44623180064, 31018.523836431395
250, 33534.50243683628, 24503.979964167786, 33534.50243683628, 30995.421112361615, 24447.102346554897, 30995.421112361615
251, 33562.11875233417, 24423.031627559674, 33562.11875233417, 31035.808300610894, 24457.24902783264, 31035.808300610894
252, 33562.11875233417, 24423.031627559674, 33562.11875233417, 31034.692412618966, 24471.255820220482, 31034.692412618966
253, 33562.11875233417, 24423.031627559674, 33562.11875233417, 31033.656234834143, 24501.873063304698, 31033.656234834143
254, 33562.11875233417, 24423.031627559674, 33562.11875233417, 31072.3438129049, 24539.041087980633, 31072.3438129049
255, 33562.11875233417, 24423.031627559674, 33562.11875233417, 30999.521601786782, 24546.638659936438, 30999.521601786782
256, 33562.11875233417, 24423.031627559674, 33562.11875233417, 31028.929086150438, 24546.688270523857, 31028.929086150438
257, 33562.11875233417, 24423.031627559674, 33562.11875233417, 31033.950645453013, 24545.388676045466, 31033.950645453013
258, 33562.11875233417, 24423.031627559674, 33562.11875233417, 30982.168325206192, 24542.58609390681, 30982.168325206192
259, 33610.30416808921, 24524.004917965205, 33610.30416808921, 31049.34252195112, 24540.623471736657, 31049.34252195112
260, 33610.30416808921, 24524.004917965205, 33610.30416808921, 31048.702303089052, 24532.603201703616, 31048.702303089052
261, 33610.30416808921, 24524.004917965205, 33610.30416808921, 31033.87863959656, 24521.595282351725, 31033.87863959656
262, 33610.30416808921, 24524.004917965205, 33610.30416808921, 31064.30568660272, 24509.59655169439, 31064.30568660272
263, 33610.30416808921, 24524.004917965205, 33610.30416808921, 31003.931683545314, 24496.380124794952, 31003.931683545314
264, 33610.30416808921, 24524.004917965205, 33610.30416808921, 31083.511371997156, 24499.3999733247, 31083.511371997156
265, 33610.30416808921, 24524.004917965205, 33610.30416808921, 31064.046739519792, 24503.09558425977, 31064.046739519792
266, 33610.30416808921, 24524.004917965205, 33610.30416808921, 31049.543075163998, 24506.47951141919, 31049.543075163998
267, 33610.30416808921, 24524.004917965205, 33610.30416808921, 31057.881365742465, 24511.10241121524, 31057.881365742465
268, 33610.30416808921, 24524.004917965205, 33610.30416808921, 31011.703869171077, 24529.456533598877, 31011.703869171077
269, 33659.503568015854, 24468.743257282575, 33659.503568015854, 31078.939212259964, 24549.794175633815, 31078.939212259964
270, 33659.503568015854, 24468.743257282575, 33659.503568015854, 31101.158086297553, 24563.04074935439, 31101.158086297553
271, 33772.25117650868, 24620.358869888143, 33772.25117650868, 31041.341376026474, 24563.86345171464, 31041.341376026474
272, 33772.25117650868, 24620.358869888143, 33772.25117650868, 31087.169841747804, 24565.116885904576, 31087.169841747804
273, 33772.25117650868, 24620.358869888143, 33772.25117650868, 31136.62014587817, 24564.373624407122, 31136.62014587817
274, 33772.25117650868, 24620.358869888143, 33772.25117650868, 31069.737787751026, 24567.866276895817, 31069.737787751026
275, 33772.25117650868, 24620.358869888143, 33772.25117650868, 31070.681325796482, 24566.952114284257, 31070.681325796482
276, 33772.25117650868, 24620.358869888143, 33772.25117650868, 31098.81361366385, 24569.681311545373, 31098.81361366385
277, 33772.25117650868, 24620.358869888143, 33772.25117650868, 31099.394622362786, 24573.529742830295, 31099.394622362786
278, 33772.25117650868, 24620.358869888143, 33772.25117650868, 31115.79873238033, 24566.289615936563, 31115.79873238033
279, 33772.25117650868, 24620.358869888143, 33772.25117650868, 31203.02377983121, 24582.246031204606, 31203.02377983121
280, 33772.25117650868, 24620.358869888143, 33772.25117650868, 31168.565996363686, 24624.367005523083, 31168.565996363686
281, 33772.25117650868, 24620.358869888143, 33772.25117650868, 31217.561362149176, 24627.864949398558, 31217.561362149176
282, 33772.25117650868, 24620.358869888143, 33772.25117650868, 31185.59976031654, 24629.451282183156, 31185.59976031654
283, 33772.25117650868, 24620.358869888143, 33772.25117650868, 31227.958185014577, 24632.13329748876, 31227.958185014577
284, 33772.25117650868, 24620.358869888143, 33772.25117650868, 31218.468856945805, 24632.07561450151, 31218.468856945805
285, 33772.25117650868, 24620.358869888143, 33772.25117650868, 31226.324385960354, 24631.928424114394, 31226.324385960354
286, 33772.25117650868, 24620.358869888143, 33772.25117650868, 31172.86114440682, 24630.99009024011, 31172.86114440682
287, 33772.25117650868, 24620.358869888143, 33772.25117650868, 31231.54510710137, 24630.67970028236, 31231.54510710137
288, 33772.25117650868, 24620.358869888143, 33772.25117650868, 31165.377845276336, 24630.99249846177, 31165.377845276336
289, 33772.25117650868, 24620.358869888143, 33772.25117650868, 31185.20636561651, 24632.3073563011, 31185.20636561651
290, 33772.25117650868, 24620.358869888143, 33772.25117650868, 31202.635147608715, 24631.99820614329, 31202.635147608715
291, 33774.3024094912, 24566.773973739095, 33774.3024094912, 31136.19030079525, 24630.932220410017, 31136.19030079525
292, 33777.39008567023, 24568.155380134915, 33777.39008567023, 31168.639762987277, 24630.65987399541, 31168.639762987277
293, 33777.39008567023, 24568.155380134915, 33777.39008567023, 31192.927009562743, 24631.193822041005, 31192.927009562743
294, 33777.39008567023, 24568.155380134915, 33777.39008567023, 31177.14900658153, 24630.831827974376, 31177.14900658153
295, 33777.39008567023, 24568.155380134915, 33777.39008567023, 31208.315181213184, 24630.646089120037, 31208.315181213184
296, 33777.39008567023, 24568.155380134915, 33777.39008567023, 31190.226222049845, 24628.404416330326, 31190.226222049845
297, 33777.39008567023, 24568.155380134915, 33777.39008567023, 31184.870858058985, 24629.370049636982, 31184.870858058985
298, 33777.39008567023, 24568.155380134915, 33777.39008567023, 31196.149514320005, 24628.59636254921, 31196.149514320005
299, 33777.39008567023, 24568.155380134915, 33777.39008567023, 31219.28054035264, 24623.167018962115, 31219.28054035264
300, 33777.39008567023, 24568.155380134915, 33777.39008567023, 31236.132042643978, 24620.00940961107, 31236.132042643978
301, 33777.39008567023, 24568.155380134915, 33777.39008567023, 31190.276469799686, 24613.08410382552, 31190.276469799686
302, 33869.71662032363, 24664.021001457113, 33869.71662032363, 31180.527857683235, 24604.18777501994, 31180.527857683235
303, 33869.71662032363, 24664.021001457113, 33869.71662032363, 31220.2051988851, 24591.105119014497, 31220.2051988851
304, 33869.71662032363, 24664.021001457113, 33869.71662032363, 31189.889541749537, 24594.397024423983, 31189.889541749537
305, 33869.71662032363, 24664.021001457113, 33869.71662032363, 31210.21989745239, 24596.787800679962, 31210.21989745239
306, 33869.71662032363, 24664.021001457113, 33869.71662032363, 31195.947325403853, 24598.932401453956, 31195.947325403853
307, 33869.71662032363, 24664.021001457113, 33869.71662032363, 31158.12154919045, 24599.949789422095, 31158.12154919045
308, 33869.71662032363, 24664.021001457113, 33869.71662032363, 31180.06304619441, 24604.23515843477, 31180.06304619441
309, 33869.71662032363, 24664.021001457113, 33869.71662032363, 31230.35151081276, 24614.225109831958, 31230.35151081276
310, 33869.71662032363, 24664.021001457113, 33869.71662032363, 31210.11080025334, 24630.22935653171, 31210.11080025334
311, 33869.71662032363, 24664.021001457113, 33869.71662032363, 31204.04325283933, 24646.557583246984, 31204.04325283933
312, 33869.71662032363, 24664.021001457113, 33869.71662032363, 31264.371435342975, 24662.60350808453, 31264.371435342975
313, 33869.71662032363, 24664.021001457113, 33869.71662032363, 31257.43010089834, 24662.92151755767, 31257.43010089834
314, 33869.71662032363, 24664.021001457113, 33869.71662032363, 31258.105486606917, 24661.30116079197, 31258.105486606917
315, 33869.71662032363, 24664.021001457113, 33869.71662032363, 31286.42476493118, 24662.030838326315, 31286.42476493118
316, 33869.71662032363, 24664.021001457113, 33869.71662032363, 31269.818420503438, 24661.89325977632, 31269.818420503438
317, 33869.71662032363, 24664.021001457113, 33869.71662032363, 31277.54198219087, 24662.529276596604, 31277.54198219087
318, 33869.71662032363, 24664.021001457113, 33869.71662032363, 31274.827527550162, 24662.516945147483, 31274.827527550162
319, 33869.71662032363, 24664.021001457113, 33869.71662032363, 31253.877290724377, 24662.48989537116, 31253.877290724377
320, 33869.71662032363, 24664.021001457113, 33869.71662032363, 31305.86633065075, 24660.056692776165, 31305.86633065075
321, 33869.71662032363, 24664.021001457113, 33869.71662032363, 31276.295377372284, 24662.46079077806, 31276.295377372284
322, 33869.71662032363, 24664.021001457113, 33869.71662032363, 31235.184219149873, 24661.777420541923, 31235.184219149873
323, 33869.71662032363, 24664.021001457113, 33869.71662032363, 31245.97297152496, 24661.140452366308, 31245.97297152496
324, 33869.71662032363, 24664.021001457113, 33869.71662032363, 31243.50086120987, 24661.782496006796, 31243.50086120987
325, 33869.71662032363, 24664.021001457113, 33869.71662032363, 31290.311219501127, 24660.872085224666, 31290.311219501127
326, 33869.71662032363, 24664.021001457113, 33869.71662032363, 31263.239576793047, 24661.850846571153, 31263.239576793047
327, 33884.755359362636, 24625.82745919216, 33884.755359362636, 31240.784896303696, 24660.21280977787, 31240.784896303696
328, 33884.755359362636, 24625.82745919216, 33884.755359362636, 31248.851511748253, 24662.48018282664, 31248.851511748253
329, 33884.755359362636, 24625.82745919216, 33884.755359362636, 31216.612241805167, 24663.55224905283, 31216.612241805167
330, 33884.755359362636, 24625.82745919216, 33884.755359362636, 31258.970529097376, 24660.151314363113, 31258.970529097376
331, 33884.755359362636, 24625.82745919216, 33884.755359362636, 31256.70160367611, 24659.20985067356, 31256.70160367611
332, 33884.755359362636, 24625.82745919216, 33884.755359362636, 31247.51748598856, 24659.98574664312, 31247.51748598856
333, 33924.80777706255, 24641.864554390242, 33924.80777706255, 31242.128460204527, 24658.990890450805, 31242.128460204527
334, 33924.80777706255, 24641.864554390242, 33924.80777706255, 31242.070688523483, 24656.685418078592, 31242.070688523483
335, 33924.80777706255, 24641.864554390242, 33924.80777706255, 31298.80893594148, 24655.450320540876, 31298.80893594148
336, 33924.80777706255, 24641.864554390242, 33924.80777706255, 31256.157619365542, 24651.03477447842, 31256.157619365542
337, 33924.80777706255, 24641.864554390242, 33924.80777706255, 31282.82017416124, 24644.524563602372, 31282.82017416124
338, 33924.80777706255, 24641.864554390242, 33924.80777706255, 31267.675278938797, 24636.14427459328, 31267.675278938797
339, 33924.80777706255, 24641.864554390242, 33924.80777706255, 31294.62528304915, 24636.74320767403, 31294.62528304915
340, 33924.80777706255, 24641.864554390242, 33924.80777706255, 31306.39113453243, 24636.29560710781, 31306.39113453243
341, 33924.80777706255, 24641.864554390242, 33924.80777706255, 31252.662913628126, 24634.69885604012, 31252.662913628126
342, 33924.80777706255, 24641.864554390242, 33924.80777706255, 31260.84179967833, 24635.811267175228, 31260.84179967833
343, 33924.80777706255, 24641.864554390242, 33924.80777706255, 31259.023646900467, 24635.378436939198, 31259.023646900467
344, 33924.80777706255, 24641.864554390242, 33924.80777706255, 31270.960026983652, 24635.520673472507, 31270.960026983652
345, 33924.80777706255, 24641.864554390242, 33924.80777706255, 31239.0204811706, 24634.262394337162, 31239.0204811706
346, 33924.80777706255, 24641.864554390242, 33924.80777706255, 31270.81254603127, 24634.291865353516, 31270.81254603127
347, 33924.80777706255, 24641.864554390242, 33924.80777706255, 31286.107497093923, 24637.297526806273, 31286.107497093923
348, 33924.80777706255, 24641.864554390242, 33924.80777706255, 31252.21134204921, 24636.213952146903, 31252.21134204921
349, 33924.80777706255, 24641.864554390242, 33924.80777706255, 31293.55151053375, 24640.240717506702, 31293.55151053375
350, 33924.80777706255, 24641.864554390242, 33924.80777706255, 31256.89402001427, 24641.797700893403, 31256.89402001427
351, 33924.80777706255, 24641.864554390242, 33924.80777706255, 31280.625655215452, 24645.684238502738, 31280.625655215452
352, 33924.80777706255, 24641.864554390242, 33924.80777706255, 31309.185637744326, 24645.88210405314, 31309.185637744326
353, 33960.25030897598, 24642.980636980847, 33960.25030897598, 31291.61728763998, 24645.348904436403, 31291.61728763998
354, 33960.25030897598, 24642.980636980847, 33960.25030897598, 31297.62201914544, 24646.651166265765, 31297.62201914544
355, 33960.25030897598, 24642.980636980847, 33960.25030897598, 31296.01697104279, 24646.01202024968, 31296.01697104279
356, 33960.25030897598, 24642.980636980847, 33960.25030897598, 31278.57916014206, 24646.50911291517, 31278.57916014206
357, 33990.40507749533, 24569.04687576713, 33990.40507749533, 31266.49867757172, 24646.766304878805, 31266.49867757172
358, 33990.40507749533, 24569.04687576713, 33990.40507749533, 31321.104350978258, 24645.302834922815, 31321.104350978258
359, 33990.40507749533, 24569.04687576713, 33990.40507749533, 31280.798038063644, 24645.419404007473, 31280.798038063644
360, 33990.40507749533, 24569.04687576713, 33990.40507749533, 31307.43567703497, 24644.697756888847, 31307.43567703497
361, 34008.90608767521, 24539.255995084925, 34008.90608767521, 31346.786439812382, 24645.60558253776, 31346.786439812382
362, 34008.90608767521, 24539.255995084925, 34008.90608767521, 31323.27897232953, 24642.410628946312, 31323.27897232953
363, 34008.90608767521, 24539.255995084925, 34008.90608767521, 31363.605080413996, 24639.930404952214, 31363.605080413996
364, 34008.90608767521, 24539.255995084925, 34008.90608767521, 31341.69990897726, 24634.99500173445, 31341.69990897726
365, 34008.90608767521, 24539.255995084925, 34008.90608767521, 31328.257137965626, 24625.73360269493, 31328.257137965626
366, 34008.90608767521, 24539.255995084925, 34008.90608767521, 31297.121245628383, 24614.523836123313, 31297.121245628383
367, 34008.90608767521, 24539.255995084925, 34008.90608767521, 31361.270754892834, 24596.526412652103, 31361.270754892834
368, 34008.90608767521, 24539.255995084925, 34008.90608767521, 31294.64304898856, 24594.119290092633, 31294.64304898856
369, 34008.90608767521, 24539.255995084925, 34008.90608767521, 31310.250946582106, 24593.15429354804, 31310.250946582106
370, 34008.90608767521, 24539.255995084925, 34008.90608767521, 31343.016549900607, 24593.12328653852, 31343.016549900607
371, 34008.90608767521, 24539.255995084925, 34008.90608767521, 31351.42714761632, 24590.733939331636, 31351.42714761632
372, 34008.90608767521, 24539.255995084925, 34008.90608767521, 31341.44044528354, 24586.846210643012, 31341.44044528354
373, 34008.90608767521, 24539.255995084925, 34008.90608767521, 31363.976740901006, 24583.754282789352, 31363.976740901006
374, 34008.90608767521, 24539.255995084925, 34008.90608767521, 31378.53171598828, 24574.839714883015, 31378.53171598828
375, 34008.90608767521, 24539.255995084925, 34008.90608767521, 31343.659287247156, 24572.978021409406, 31343.659287247156
376, 34008.90608767521, 24539.255995084925, 34008.90608767521, 31381.260397339476, 24576.13927346149, 31381.260397339476
377, 34008.90608767521, 24539.255995084925, 34008.90608767521, 31364.637933057067, 24573.795035864554, 31364.637933057067
378, 34008.90608767521, 24539.255995084925, 34008.90608767521, 31295.229523227354, 24574.361766990525, 31295.229523227354
379, 34008.90608767521, 24539.255995084925, 34008.90608767521, 31363.150223499102, 24574.30181598409, 31363.150223499102
380, 34008.90608767521, 24539.255995084925, 34008.90608767521, 31348.43450282782, 24573.383837893318, 31348.43450282782
381, 34008.90608767521, 24539.255995084925, 34008.90608767521, 31370.711858940544, 24574.99147283296, 31370.711858940544
382, 34038.0334059459, 24509.47327559394, 34038.0334059459, 31357.08103099499, 24575.269113194627, 31357.08103099499
383, 34038.0334059459, 24509.47327559394, 34038.0334059459, 31334.03144285896, 24574.089617096226, 31334.03144285896
384, 34038.0334059459, 24509.47327559394, 34038.0334059459, 31357.356097397747, 24573.131615931474, 31357.356097397747
385, 34038.0334059459, 24509.47327559394, 34038.0334059459, 31374.220644228128, 24573.375571181346, 31374.220644228128
386, 34038.0334059459, 24509.47327559394, 34038.0334059459, 31350.444483535714, 24570.9150267289, 31350.444483535714
387, 34038.0334059459, 24509.47327559394, 34038.0334059459, 31327.76302251123, 24572.255062345343, 31327.76302251123
388, 34038.0334059459, 24509.47327559394, 34038.0334059459, 31411.86447153013, 24570.59895042967, 31411.86447153013
389, 34038.0334059459, 24509.47327559394, 34038.0334059459, 31334.809260747967, 24570.728473639767, 31334.809260747967
390, 34054.50118301596, 24458.455657991155, 34054.50118301596, 31361.14228617435, 24568.16091380741, 31361.14228617435
391, 34054.50118301596, 24458.455657991155, 34054.50118301596, 31337.444112867975, 24565.045996018984, 31337.444112867975
392, 34054.50118301596, 24458.455657991155, 34054.50118301596, 31403.749005496247, 24557.375166737867, 31403.749005496247
393, 34054.50118301596, 24458.455657991155, 34054.50118301596, 31348.813531265358, 24554.2315732344, 31348.813531265358
394, 34054.50118301596, 24458.455657991155, 34054.50118301596, 31392.83340135144, 24553.74276889179, 31392.83340135144
395, 34054.50118301596, 24458.455657991155, 34054.50118301596, 31413.87146455441, 24553.018738421815, 31413.87146455441
396, 34054.50118301596, 24458.455657991155, 34054.50118301596, 31392.381678078356, 24549.48836987418, 31392.381678078356
397, 34054.50118301596, 24458.455657991155, 34054.50118301596, 31379.282602139847, 24550.57620208133, 31379.282602139847
398, 34083.33377982753, 24571.596833330856, 34083.33377982753, 31399.946043236076, 24545.899521383446, 31399.946043236076
399, 34083.33377982753, 24571.596833330856, 34083.33377982753, 31373.037632534233, 24540.232673327577, 31373.037632534233
400, 34083.33377982753, 24571.596833330856, 34083.33377982753, 31424.64054401689, 24520.15465815874, 31424.64054401689
401, 34083.33377982753, 24571.596833330856, 34083.33377982753, 31390.544938732743, 24520.80502138249, 31390.544938732743
402, 34083.33377982753, 24571.596833330856, 34083.33377982753, 31369.93552781829, 24522.888919776105, 31369.93552781829
403, 34083.33377982753, 24571.596833330856, 34083.33377982753, 31397.34816931418, 24525.413404378385, 31397.34816931418
404, 34083.33377982753, 24571.596833330856, 34083.33377982753, 31390.383514389683, 24530.421112944572, 31390.383514389683
405, 34083.33377982753, 24571.596833330856, 34083.33377982753, 31386.368603423933, 24541.20753412324, 31386.368603423933
406, 34084.92337567194, 24360.09763223671, 34084.92337567194, 31410.837025225377, 24560.790462615052, 31410.837025225377
407, 34084.92337567194, 24360.09763223671, 34084.92337567194, 31437.262851460506, 24580.102240145836, 31437.262851460506
408, 34084.92337567194, 24360.09763223671, 34084.92337567194, 31428.740575452266, 24594.894307851027, 31428.740575452266
409, 34112.70829177819, 24567.49517105035, 34112.70829177819, 31442.51769202226, 24593.70729702698, 31442.51769202226
410, 34112.70829177819, 24567.49517105035, 34112.70829177819, 31379.887334386818, 24593.34699597754, 31379.887334386818
411, 34112.70829177819, 24567.49517105035, 34112.70829177819, 31464.581138997983, 24589.855722691194, 31464.581138997983
412, 34112.70829177819, 24567.49517105035, 34112.70829177819, 31373.500555248233, 24585.63769194786, 31373.500555248233
413, 34112.70829177819, 24567.49517105035, 34112.70829177819, 31421.640191186558, 24578.68519158652, 31421.640191186558
414, 34112.70829177819, 24567.49517105035, 34112.70829177819, 31423.075775596728, 24567.650722059072, 31423.075775596728
415, 34112.70829177819, 24567.49517105035, 34112.70829177819, 31393.014849568855, 24545.239651454198, 31393.014849568855
416, 34112.70829177819, 24567.49517105035, 34112.70829177819, 31421.33336873918, 24518.08009138289, 31421.33336873918
417, 34112.70829177819, 24567.49517105035, 34112.70829177819, 31474.746363594608, 24533.038253986775, 31474.746363594608
418, 34112.70829177819, 24567.49517105035, 34112.70829177819, 31395.263516893425, 24577.326520753973, 31395.263516893425
419, 34112.70829177819, 24567.49517105035, 34112.70829177819, 31460.985633237822, 24592.69288679124, 31460.985633237822
420, 34112.70829177819, 24567.49517105035, 34112.70829177819, 31435.226875884662, 24595.291286659183, 31435.226875884662
421, 34112.70829177819, 24567.49517105035, 34112.70829177819, 31381.23250561274, 24593.327028940344, 31381.23250561274
422, 34112.70829177819, 24567.49517105035, 34112.70829177819, 31397.653759217174, 24594.427459288185, 31397.653759217174
423, 34112.70829177819, 24567.49517105035, 34112.70829177819, 31447.412035678815, 24595.645497873935, 31447.412035678815
424, 34121.374700367334, 24570.992748336997, 34121.374700367334, 31415.111265824537, 24594.017508965237, 31415.111265824537
425, 34121.374700367334, 24570.992748336997, 34121.374700367334, 31392.260625294406, 24594.864596572836, 31392.260625294406
426, 34121.374700367334, 24570.992748336997, 34121.374700367334, 31388.389424099383, 24593.571234290754, 31388.389424099383
427, 34121.374700367334, 24570.992748336997, 34121.374700367334, 31452.453751008205, 24595.249927519053, 31452.453751008205
428, 34121.374700367334, 24570.992748336997, 34121.374700367334, 31436.804788704318, 24594.583111274384, 31436.804788704318
429, 34121.374700367334, 24570.992748336997, 34121.374700367334, 31410.917692038685, 24593.93369116148, 31410.917692038685
430, 34121.374700367334, 24570.992748336997, 34121.374700367334, 31421.487182160476, 24595.146397935456, 31421.487182160476
431, 34121.374700367334, 24570.992748336997, 34121.374700367334, 31406.89076644052, 24596.878156549952, 31406.89076644052
432, 34121.374700367334, 24570.992748336997, 34121.374700367334, 31449.313138919984, 24596.79437051215, 31449.313138919984
433, 34121.374700367334, 24570.992748336997, 34121.374700367334, 31442.148505585916, 24596.995330759775, 31442.148505585916
434, 34121.374700367334, 24570.992748336997, 34121.374700367334, 31402.79405251125, 24595.648729610235, 31402.79405251125
435, 34121.374700367334, 24570.992748336997, 34121.374700367334, 31478.55290164654, 24597.27315762159, 31478.55290164654
436, 34121.374700367334, 24570.992748336997, 34121.374700367334, 31415.476719467915, 24595.977489365367, 31415.476719467915
437, 34165.45623568505, 24664.89189123226, 34165.45623568505, 31498.17770500807, 24598.01820372641, 31498.17770500807
438, 34165.45623568505, 24664.89189123226, 34165.45623568505, 31457.011849496685, 24597.17067606305, 31457.011849496685
439, 34165.45623568505, 24664.89189123226, 34165.45623568505, 31422.801058469653, 24598.811664551402, 31422.801058469653
440, 34165.45623568505, 24664.89189123226, 34165.45623568505, 31477.927060753806, 24595.896411880884, 31477.927060753806
441, 34165.45623568505, 24664.89189123226, 34165.45623568505, 31399.01351994985, 24596.06365149317, 31399.01351994985
442, 34165.45623568505, 24664.89189123226, 34165.45623568505, 31435.40202158603, 24596.206869192632, 31435.40202158603
443, 34165.45623568505, 24664.89189123226, 34165.45623568505, 31456.836264399706, 24594.328580734087, 31456.836264399706
444, 34165.45623568505, 24664.89189123226, 34165.45623568505, 31454.65304124874, 24597.85223050778, 31454.65304124874
445, 34165.45623568505, 24664.89189123226, 34165.45623568505, 31441.080494560916, 24600.342133625356, 31441.080494560916
446, 34165.45623568505, 24664.89189123226, 34165.45623568505, 31411.375375556057, 24601.800617426863, 31411.375375556057
447, 34165.45623568505, 24664.89189123226, 34165.45623568505, 31421.96705336363, 24607.25732201807, 31421.96705336363
448, 34165.45623568505, 24664.89189123226, 34165.45623568505, 31422.17840699791, 24613.279755911637, 31422.17840699791
449, 34165.45623568505, 24664.89189123226, 34165.45623568505, 31403.647841240945, 24620.953353776615, 31403.647841240945
450, 34165.45623568505, 24664.89189123226, 34165.45623568505, 31404.257500375883, 24631.273655281002, 31404.257500375883
451, 34165.45623568505, 24664.89189123226, 34165.45623568505, 31480.472045365466, 24639.241597141852, 31480.472045365466
452, 34209.28594633748, 24678.272075891105, 34209.28594633748, 31506.09331875925, 24649.33076520818, 31506.09331875925
453, 34209.28594633748, 24678.272075891105, 34209.28594633748, 31452.5175754136, 24659.076251680508, 31452.5175754136
454, 34209.28594633748, 24678.272075891105, 34209.28594633748, 31436.998874886864, 24661.87227115893, 31436.998874886864
455, 34209.28594633748, 24678.272075891105, 34209.28594633748, 31538.78504857101, 24664.027250492647, 31538.78504857101
456, 34209.28594633748, 24678.272075891105, 34209.28594633748, 31468.442133576445, 24662.188428626683, 31468.442133576445
457, 34209.28594633748, 24678.272075891105, 34209.28594633748, 31470.073622608805, 24662.431421703706, 31470.073622608805
458, 34209.28594633748, 24678.272075891105, 34209.28594633748, 31477.05230399136, 24663.064929344324, 31477.05230399136
459, 34209.28594633748, 24678.272075891105, 34209.28594633748, 31468.83800755172, 24663.088887781632, 31468.83800755172
460, 34209.28594633748, 24678.272075891105, 34209.28594633748, 31420.05611752409, 24664.802104716127, 31420.05611752409
461, 34209.28594633748, 24678.272075891105, 34209.28594633748, 31457.544523768862, 24664.74685782616, 31457.544523768862
462, 34209.28594633748, 24678.272075891105, 34209.28594633748, 31473.587468205656, 24665.609146023085, 31473.587468205656
463, 34225.567386947725, 24685.72098191102, 34225.567386947725, 31472.296328837703, 24671.330992514104, 31472.296328837703
464, 34225.567386947725, 24685.72098191102, 34225.567386947725, 31537.35216083438, 24672.383702322408, 31537.35216083438
465, 34225.567386947725, 24685.72098191102, 34225.567386947725, 31538.699946850837, 24670.85644283116, 31538.699946850837
466, 34309.76306999783, 24622.298609649297, 34309.76306999783, 31512.976756547418, 24670.491635720526, 31512.976756547418
467, 34309.76306999783, 24622.298609649297, 34309.76306999783, 31452.56617846638, 24670.64786580812, 31452.56617846638
468, 34309.76306999783, 24622.298609649297, 34309.76306999783, 31527.48513808752, 24672.934736207324, 31527.48513808752
469, 34309.76306999783, 24622.298609649297, 34309.76306999783, 31508.615140955135, 24671.798701212825, 31508.615140955135
470, 34309.76306999783, 24622.298609649297, 34309.76306999783, 31488.776020904068, 24669.969892470705, 31488.776020904068
471, 34309.76306999783, 24622.298609649297, 34309.76306999783, 31461.22398806929, 24670.830839665938, 31461.22398806929
472, 34309.76306999783, 24622.298609649297, 34309.76306999783, 31533.835427627688, 24668.836574745612, 31533.835427627688
473, 34309.76306999783, 24622.298609649297, 34309.76306999783, 31524.311138990946, 24667.687499558637, 31524.311138990946
474, 34309.76306999783, 24622.298609649297, 34309.76306999783, 31522.604028982478, 24665.197021813794, 31522.604028982478
475, 34309.76306999783, 24622.298609649297, 34309.76306999783, 31560.475098781415, 24657.655784763996, 31560.475098781415
476, 34309.76306999783, 24622.298609649297, 34309.76306999783, 31550.18459731371, 24643.718920659336, 31550.18459731371
477, 34309.76306999783, 24622.298609649297, 34309.76306999783, 31547.67255978134, 24632.98413753347, 31547.67255978134
478, 34309.76306999783, 24622.298609649297, 34309.76306999783, 31589.169697388974, 24632.434237994352, 31589.169697388974
479, 34309.76306999783, 24622.298609649297, 34309.76306999783, 31550.378016916136, 24634.028895556145, 31550.378016916136
480, 34309.76306999783, 24622.298609649297, 34309.76306999783, 31539.582790909717, 24631.317630395894, 31539.582790909717
481, 34320.6467235708, 24625.424881012077, 34320.6467235708, 31522.287181952935, 24631.733767008373, 31522.287181952935
482, 34320.6467235708, 24625.424881012077, 34320.6467235708, 31545.51649353379, 24632.605302093696, 31545.51649353379
483, 34320.6467235708, 24625.424881012077, 34320.6467235708, 31586.364188015123, 24631.75956037892, 31586.364188015123
484, 34320.6467235708, 24625.424881012077, 34320.6467235708, 31600.729741034796, 24632.464594352354, 31600.729741034796
485, 34320.6467235708, 24625.424881012077, 34320.6467235708, 31542.837177683432, 24632.02318779979, 31542.837177683432
486, 34320.6467235708, 24625.424881012077, 34320.6467235708, 31608.714273281097, 24634.209579060393, 31608.714273281097
487, 34320.6467235708, 24625.424881012077, 34320.6467235708, 31555.79369381654, 24633.03988044932, 31555.79369381654
488, 34320.6467235708, 24625.424881012077, 34320.6467235708, 31581.472629408123, 24632.94383625358, 31581.472629408123
489, 34320.6467235708, 24625.424881012077, 34320.6467235708, 31593.15403115198, 24632.026142472565, 31593.15403115198
490, 34320.6467235708, 24625.424881012077, 34320.6467235708, 31540.41258981609, 24634.045866733053, 31540.41258981609
491, 34320.6467235708, 24625.424881012077, 34320.6467235708, 31610.62308882291, 24635.273875657098, 31610.62308882291
492, 34320.6467235708, 24625.424881012077, 34320.6467235708, 31573.917056406928, 24634.1512924623, 31573.917056406928
493, 34320.6467235708, 24625.424881012077, 34320.6467235708, 31570.302029805905, 24633.547709593648, 31570.302029805905
494, 34320.6467235708, 24625.424881012077, 34320.6467235708, 31560.50714806066, 24635.40972313857, 31560.50714806066
495, 34320.6467235708, 24625.424881012077, 34320.6467235708, 31566.585294507677, 24635.571690476812, 31566.585294507677
496, 34320.6467235708, 24625.424881012077, 34320.6467235708, 31552.762669821586, 24635.613637266502, 31552.762669821586
497, 34320.6467235708, 24625.424881012077, 34320.6467235708, 31563.446791035567, 24632.92209574905, 31563.446791035567
498, 34320.6467235708, 24625.424881012077, 34320.6467235708, 31531.271474263747, 24635.192361220714, 31531.271474263747
499, 34320.6467235708, 24625.424881012077, 34320.6467235708, 31539.573036451995, 24634.522774544082, 31539.573036451995
500, 34320.6467235708, 24625.424881012077, 34320.6467235708, 31518.611739201948, 24635.309611286855, 31518.611739201948
