1, 27065.407841998676, 24669.1965993384, 27065.407841998676, 25130.626918028112, 24656.24374918317, 25130.626918028112
2, 27329.504382654242, 24469.241212833334, 27329.504382654242, 22709.367671125558, 24645.572832551898, 26124.618645829123
3, 27627.66178046255, 24511.051551386678, 27627.66178046255, 22345.376173237124, 24640.410803616982, 26697.611801995314
4, 28001.36769791487, 24666.552448153416, 28001.36769791487, 25722.656925366035, 24587.442412791544, 27238.61265149388
5, 28229.62986777743, 24642.66115785155, 28229.62986777743, 23772.36678188549, 24571.795550668325, 27601.674969150346
6, 28287.336508987835, 24483.432439198266, 28287.336508987835, 23816.489447670898, 24583.288866821076, 27832.370636617106
7, 28412.97530145712, 24198.85802566142, 28412.97530145712, 26783.650351697732, 24570.023753785856, 28023.85378881933
8, 28538.76505397943, 23964.573952134153, 28538.76505397943, 28210.10824046737, 24473.934293968756, 28210.10824046737
9, 28691.654632570593, 24220.15016364077, 28691.654632570593, 28334.198993551836, 24336.928023528733, 28334.198993551836
10, 29002.047976260234, 24304.891775174612, 29002.047976260234, 28327.669158256213, 24272.52285256684, 28484.186259970193
11, 29319.38866807499, 24395.37211012994, 29319.38866807499, 28674.57024061535, 24317.329297793334, 28674.57024061535
12, 29509.2539661008, 24559.667407081655, 29509.2539661008, 28135.144111857735, 24414.12402989287, 28935.48614131272
13, 29768.43540185805, 24605.140068931327, 29768.43540185805, 26436.77120659153, 24480.63352327151, 29174.478999336097
14, 29914.84232891328, 24668.167923354613, 29914.84232891328, 25623.27616970422, 24535.992543061035, 29360.3161933718
15, 29914.84232891328, 24668.167923354613, 29914.84232891328, 25257.46864401591, 24569.60406743253, 29498.141175393306
16, 30048.307009703356, 24521.40560903643, 30048.307009703356, 25204.93777098037, 24603.165762005705, 29620.2740956838
17, 30199.799623621824, 24271.14743998319, 30199.799623621824, 27277.671069283017, 24592.535872764845, 29737.503373215288
18, 30208.1993650005, 24255.864980620026, 30208.1993650005, 29703.77882766418, 24512.831619166678, 29868.40083064957
19, 30346.35231250673, 24316.941260357933, 30346.35231250673, 29986.692611580474, 24445.729436002617, 29986.692611580474
20, 30508.091187561586, 24643.42538379956, 30508.091187561586, 29785.051753532138, 24411.574775195022, 30116.390234060877
21, 30513.752266155465, 24626.55000704169, 30513.752266155465, 25068.663738368472, 24482.66124529579, 30217.806471862732
22, 30721.60729887679, 24623.191347759373, 30721.60729887679, 25958.89025140259, 24491.309410736238, 30282.699278379478
23, 30769.460464569143, 24513.896305754286, 30769.460464569143, 26031.59408407604, 24539.40486892432, 30387.93974004511
24, 31023.109731749148, 24537.415992382343, 31023.109731749148, 27624.994372270034, 24539.31985373702, 30479.22641888193
25, 31023.109731749148, 24537.415992382343, 31023.109731749148, 26880.029358350963, 24598.302813263846, 30596.387730686034
26, 31210.825538978017, 24589.814601319813, 31210.825538978017, 27144.341944667092, 24573.071829339664, 30696.022738094627
27, 31324.09255513468, 24472.798185613545, 31324.09255513468, 27109.346993132276, 24570.322382794664, 30846.798731963943
28, 31337.481276093895, 24607.811075036105, 31337.481276093895, 28910.309959746304, 24532.464265199793, 30952.592729854096
29, 31429.951343298788, 24574.41954452945, 31429.951343298788, 26971.71235515142, 24567.85375909259, 31062.611510733914
30, 31429.951343298788, 24574.41954452945, 31429.951343298788, 28415.033008672457, 24565.313982543463, 31150.43374303012
31, 31429.951343298788, 24574.41954452945, 31429.951343298788, 27624.6509369706, 24580.884533216373, 31212.013197909007
32, 31600.85521178186, 24573.10655944657, 31600.85521178186, 28353.299199419853, 24578.616457318385, 31265.853717892907
33, 31630.930333056425, 24627.863611631266, 31630.930333056425, 28758.626331196592, 24584.437858083627, 31339.35920313981
34, 31630.930333056425, 24627.863611631266, 31630.930333056425, 26727.06444083704, 24635.456341579822, 31371.604329956994
35, 31630.930333056425, 24627.863611631266, 31630.930333056425, 26745.845377766615, 24637.738131267484, 31391.395571980476
36, 31664.813585077172, 24515.381429124263, 31664.813585077172, 26426.728594548644, 24649.065441758044, 31414.753250020207
37, 31664.813585077172, 24515.381429124263, 31664.813585077172, 29025.876906891383, 24596.91048045035, 31434.301314056283
38, 31664.813585077172, 24515.381429124263, 31664.813585077172, 28194.47962052048, 24604.037984937037, 31469.273851061804
39, 31664.813585077172, 24515.381429124263, 31664.813585077172, 29257.616370271007, 24587.373900282055, 31495.42500597389
40, 31671.6595572998, 24615.30157676178, 31671.6595572998, 28083.466604201654, 24565.558570987167, 31525.135274848104
41, 31671.6595572998, 24615.30157676178, 31671.6595572998, 26549.654049139674, 24620.309135604886, 31542.606144595844
42, 31763.073534372827, 24584.387794779, 31763.073534372827, 30372.774419878006, 24556.78981367558, 31582.401113992088
43, 31763.073534372827, 24584.387794779, 31763.073534372827, 27803.030657029147, 24588.773204129528, 31609.64585659167
44, 31763.073534372827, 24584.387794779, 31763.073534372827, 29194.242426002602, 24546.954093216405, 31616.717198655995
45, 31893.274815071978, 24350.917696187385, 31893.274815071978, 27827.468798605314, 24573.735051290045, 31635.21865272487
46, 31931.616609435747, 24634.68791885221, 31931.616609435747, 30785.8086589661, 24549.5691347671, 31648.71844164495
47, 31931.616609435747, 24634.68791885221, 31931.616609435747, 26291.697705024442, 24627.4560120727, 31683.878473071116
48, 31931.616609435747, 24634.68791885221, 31931.616609435747, 27352.788294803166, 24628.54297268622, 31692.8775003172
49, 31931.616609435747, 24634.68791885221, 31931.616609435747, 26341.436773333386, 24624.724961037457, 31723.519293349844
50, 31931.616609435747, 24634.68791885221, 31931.616609435747, 26881.41286408711, 24614.91203863982, 31745.786454526242
51, 31931.616609435747, 24634.68791885221, 31931.616609435747, 27073.05575963433, 24587.946857137515, 31765.20673171314
52, 31931.616609435747, 24634.68791885221, 31931.616609435747, 27090.945876832746, 24585.05356152201, 31785.243405834888
53, 31937.373527662156, 24602.432400577945, 31937.373527662156, 25554.903522909786, 24595.803154573805, 31808.921183652197
54, 31937.373527662156, 24602.432400577945, 31937.373527662156, 27131.58901970408, 24567.020470379874, 31820.634508868694
55, 31943.41869548138, 24267.49365817343, 31943.41869548138, 31324.266817429263, 24460.10823598124, 31846.768695438965
56, 32114.277436201373, 24553.417602606052, 32114.277436201373, 28038.14886436423, 24575.987984846455, 31871.941183226318
57, 32225.351305224354, 24489.18202959802, 32225.351305224354, 27539.60810460975, 24639.78691942893, 31900.55498807257
58, 32225.351305224354, 24489.18202959802, 32225.351305224354, 29300.096310535984, 24606.067554573692, 31922.671171960053
59, 32225.351305224354, 24489.18202959802, 32225.351305224354, 30017.53970883625, 24571.866117486716, 31944.36488865406
60, 32292.325213934884, 24659.848686111283, 32292.325213934884, 28994.063411055715, 24532.76098713707, 31977.5306628067
61, 32292.325213934884, 24659.848686111283, 32292.325213934884, 26055.926155091853, 24585.499178732465, 32035.04845159229
62, 32292.325213934884, 24659.848686111283, 32292.325213934884, 26087.33494421257, 24604.075028398882, 32056.649480833574
63, 32331.83336743133, 24608.716733090263, 32331.83336743133, 27695.773944108365, 24601.138641100864, 32091.727074187347
64, 32345.55317455752, 24524.601472262242, 32345.55317455752, 28077.931251369766, 24610.170098553477, 32117.917930621625
65, 32345.55317455752, 24524.601472262242, 32345.55317455752, 27937.25186051094, 24604.460028076744, 32154.89672695889
66, 32345.55317455752, 24524.601472262242, 32345.55317455752, 29020.01034193828, 24597.2488307754, 32184.94045150717
67, 32428.120357106338, 24578.403853433392, 32428.120357106338, 27810.025239883456, 24612.04094486743, 32219.011334654544
68, 32428.120357106338, 24578.403853433392, 32428.120357106338, 28904.887407462196, 24651.174030949074, 32248.549499412442
69, 32428.120357106338, 24578.403853433392, 32428.120357106338, 28374.34816377067, 24648.68601516719, 32248.10017426093
70, 32428.120357106338, 24578.403853433392, 32428.120357106338, 28218.09848698518, 24641.93068150719, 32270.845975270964
71, 32428.120357106338, 24578.403853433392, 32428.120357106338, 27692.99103481372, 24625.941932474663, 32285.76092570986
72, 32428.120357106338, 24578.403853433392, 32428.120357106338, 27349.686135155425, 24614.47176924431, 32290.82098785183
73, 32428.120357106338, 24578.403853433392, 32428.120357106338, 28070.330506397513, 24592.709759557685, 32301.09025363335
74, 32436.9295342178, 24532.146024722675, 32436.9295342178, 28615.627821483547, 24557.559607295472, 32307.39406266681
75, 32436.9295342178, 24532.146024722675, 32436.9295342178, 29168.55157338328, 24551.92957407922, 32343.699436513747
76, 32523.01689418083, 24549.14321745256, 32523.01689418083, 28647.315316369128, 24560.468342707583, 32351.29057987168
77, 32523.01689418083, 24549.14321745256, 32523.01689418083, 28127.104135852456, 24604.727700574615, 32364.933241726805
78, 32523.01689418083, 24549.14321745256, 32523.01689418083, 29370.181254417977, 24597.230738406288, 32374.057709963367
79, 32543.770608244966, 24645.299185658194, 32543.770608244966, 29202.37962685674, 24580.418732778813, 32386.865624103277
80, 32543.770608244966, 24645.299185658194, 32543.770608244966, 26203.079845804783, 24594.890798112552, 32398.51188477042
81, 32543.770608244966, 24645.299185658194, 32543.770608244966, 27276.039376577854, 24592.006503490098, 32410.70967673408
82, 32543.770608244966, 24645.299185658194, 32543.770608244966, 27295.82709604089, 24592.65961574122, 32426.265709815765
83, 32558.73039324517, 24613.98382604957, 32558.73039324517, 28553.456109448172, 24611.77805630826, 32454.83001656236
84, 32558.73039324517, 24613.98382604957, 32558.73039324517, 27848.645185416943, 24620.536347923084, 32453.01628481375
85, 32570.251036901536, 24620.18803041106, 32570.251036901536, 28212.755053086334, 24614.494638374417, 32464.291775572143
86, 32570.251036901536, 24620.18803041106, 32570.251036901536, 27148.832444938354, 24641.08568498826, 32459.2887082982
87, 32570.251036901536, 24620.18803041106, 32570.251036901536, 28406.886816079732, 24647.59892905473, 32482.974282587606
88, 32581.634671735002, 24639.19648621859, 32581.634671735002, 27340.34296961744, 24670.505777410104, 32478.46003010135
89, 32581.634671735002, 24639.19648621859, 32581.634671735002, 26984.401658228835, 24666.865128347785, 32479.254638665738
90, 32581.634671735002, 24639.19648621859, 32581.634671735002, 27167.676461358325, 24668.80249896117, 32485.01440048325
91, 32701.79896104396, 24671.21458705129, 32701.79896104396, 27878.405968982977, 24656.33165358724, 32491.779379377003
92, 32701.79896104396, 24671.21458705129, 32701.79896104396, 26825.36299950024, 24651.331665222267, 32518.118214260965
93, 32735.872099587075, 24655.988112395386, 32735.872099587075, 27358.06325610182, 24652.91311644471, 32517.083292426596
94, 32775.848238975115, 24658.16003194344, 32775.848238975115, 27195.589203502463, 24658.626071834922, 32532.89514444259
95, 32778.87255130059, 24684.4878742723, 32778.87255130059, 27380.032133542656, 24664.362774824676, 32541.74646998838
96, 32778.87255130059, 24684.4878742723, 32778.87255130059, 26500.601906331634, 24678.12486072413, 32575.940023632094
97, 32803.21062877481, 24630.87192523896, 32803.21062877481, 26333.544078574403, 24672.416505575748, 32565.808709363908
98, 32860.24759309986, 24646.942139957548, 32860.24759309986, 27967.7778474422, 24655.737020932374, 32602.949178745
99, 32860.24759309986, 24646.942139957548, 32860.24759309986, 28001.55536068734, 24661.279300738366, 32644.978621998765
100, 32963.17669523432, 24671.457857993904, 32963.17669523432, 26783.546486997737, 24700.180794169493, 32666.862116037642
101, 32987.925499051125, 24599.146767760387, 32987.925499051125, 27886.706894830062, 24675.552187568293, 32725.89087707593
102, 32987.925499051125, 24599.146767760387, 32987.925499051125, 28084.59592841854, 24663.61846962809, 32742.97697435786
103, 32987.925499051125, 24599.146767760387, 32987.925499051125, 29356.817299124396, 24649.687913812217, 32762.46258294099
104, 32987.925499051125, 24599.146767760387, 32987.925499051125, 27581.653715140983, 24662.915827275392, 32782.06969309035
105, 32987.925499051125, 24599.146767760387, 32987.925499051125, 28309.482350738577, 24639.234746098897, 32791.692230985245
106, 32987.925499051125, 24599.146767760387, 32987.925499051125, 27441.599060925553, 24647.37169550997, 32819.706178525936
107, 32987.925499051125, 24599.146767760387, 32987.925499051125, 27638.369322943803, 24664.96544333333, 32827.76921049163
108, 32987.925499051125, 24599.146767760387, 32987.925499051125, 28195.284244986855, 24646.021467342656, 32859.63939813028
109, 32987.925499051125, 24599.146767760387, 32987.925499051125, 28222.8710833782, 24659.48391637313, 32878.979477385416
110, 32987.925499051125, 24599.146767760387, 32987.925499051125, 28408.84639112242, 24660.787180763873, 32890.69402225932
111, 33037.886381721604, 24443.481183090942, 33037.886381721604, 31647.131385913795, 24610.380468306645, 32903.33068589775
112, 33152.17381658195, 24311.05842611361, 33152.17381658195, 32217.38093279166, 24574.350138076974, 32938.10468369656
113, 33243.002711247085, 24616.389495328032, 33243.002711247085, 32237.011694995672, 24563.876689089575, 32958.98394936075
114, 33243.002711247085, 24616.389495328032, 33243.002711247085, 28274.891631927894, 24615.22920403531, 32973.4331165854
115, 33243.002711247085, 24616.389495328032, 33243.002711247085, 28466.5345007779, 24608.250591703032, 32985.794097499056
116, 33243.002711247085, 24616.389495328032, 33243.002711247085, 28834.95867958993, 24590.536044902085, 32994.815851363695
117, 33243.002711247085, 24616.389495328032, 33243.002711247085, 27416.443168533035, 24587.14037213254, 33015.275375178775
118, 33243.002711247085, 24616.389495328032, 33243.002711247085, 27811.145317603812, 24561.46637088832, 33057.64199603359
119, 33243.002711247085, 24616.389495328032, 33243.002711247085, 28744.151756436877, 24537.411596798112, 33084.74001024
120, 33257.777496976865, 24636.76443787862, 33257.777496976865, 28209.447212005583, 24519.71595025971, 33087.29498896474
121, 33257.777496976865, 24636.76443787862, 33257.777496976865, 27860.15210810494, 24500.07650096489, 33094.83954143211
122, 33257.777496976865, 24636.76443787862, 33257.777496976865, 27696.192395144284, 24575.821428867283, 33122.72408170319
123, 33257.777496976865, 24636.76443787862, 33257.777496976865, 28623.57158789813, 24631.189599642454, 33136.52857140311
124, 33284.22365793856, 24573.81592657494, 33284.22365793856, 29005.05299377591, 24632.707571968313, 33165.927844393445
125, 33284.22365793856, 24573.81592657494, 33284.22365793856, 29371.857030278035, 24641.504901384604, 33170.98037529259
126, 33284.22365793856, 24573.81592657494, 33284.22365793856, 28279.90225606088, 24665.409767095138, 33159.07342220587
127, 33284.22365793856, 24573.81592657494, 33284.22365793856, 28652.17608338457, 24644.0513845674, 33179.230198664394
128, 33284.22365793856, 24573.81592657494, 33284.22365793856, 29372.554879491367, 24642.587185458775, 33167.52161788055
129, 33284.22365793856, 24573.81592657494, 33284.22365793856, 28824.92537770215, 24644.332142496416, 33163.94815549031
130, 33284.22365793856, 24573.81592657494, 33284.22365793856, 30288.887357097356, 24641.398481383923, 33177.00860139148
131, 33284.22365793856, 24573.81592657494, 33284.22365793856, 28480.105854595033, 24646.92955795951, 33178.080478489515
132, 33310.932676000986, 24660.720390639868, 33310.932676000986, 27214.276344605278, 24659.098771060413, 33193.17038190086
133, 33310.932676000986, 24660.720390639868, 33310.932676000986, 27402.644232520477, 24656.599529265102, 33189.6678304574
134, 33310.932676000986, 24660.720390639868, 33310.932676000986, 26679.674991344164, 24645.881654151945, 33188.14313741003
135, 33336.574877779545, 24634.471416294164, 33336.574877779545, 27228.270202177766, 24632.410587930022, 33205.716127330685
136, 33336.574877779545, 24634.471416294164, 33336.574877779545, 27417.22068830637, 24626.393485742246, 33200.90723227476
137, 33336.574877779545, 24634.471416294164, 33336.574877779545, 27597.123425958624, 24632.343552715985, 33214.59099220016
138, 33355.456205512324, 24687.33436993535, 33355.456205512324, 27786.850316996046, 24633.078845171243, 33221.69320395957
139, 33355.456205512324, 24687.33436993535, 33355.456205512324, 27965.11195918657, 24641.744081206787, 33223.85609731838
140, 33355.456205512324, 24687.33436993535, 33355.456205512324, 25976.74725298128, 24670.316600408507, 33223.85436426017
141, 33355.456205512324, 24687.33436993535, 33355.456205512324, 27795.10567877721, 24667.658869006544, 33237.32526488681
142, 33355.456205512324, 24687.33436993535, 33355.456205512324, 27264.802023675984, 24703.735707272994, 33241.617934815076
143, 33355.456205512324, 24687.33436993535, 33355.456205512324, 27082.389426647216, 24691.71546366053, 33255.04030666681
144, 33355.456205512324, 24687.33436993535, 33355.456205512324, 27454.021163601854, 24686.08577756839, 33256.25011497249
145, 33355.456205512324, 24687.33436993535, 33355.456205512324, 26915.877518746056, 24691.452096601217, 33254.64001378054
146, 33364.47803437482, 24577.225990354425, 33364.47803437482, 29639.60300250188, 24662.598216100632, 33262.22422668813
147, 33364.47803437482, 24577.225990354425, 33364.47803437482, 28728.282618347956, 24677.30846598944, 33252.06953305431
148, 33364.47803437482, 24577.225990354425, 33364.47803437482, 28557.432522979794, 24685.961285456673, 33264.616551069
149, 33364.47803437482, 24577.225990354425, 33364.47803437482, 28010.894093812094, 24699.25748049717, 33272.50404367242
150, 33377.10934960333, 24668.161266181367, 33377.10934960333, 28196.974788915715, 24696.153022301656, 33273.282327998735
151, 33377.10934960333, 24668.161266181367, 33377.10934960333, 27468.99143718625, 24713.1415879514, 33277.38343411221
152, 33377.10934960333, 24668.161266181367, 33377.10934960333, 27111.045310215588, 24713.174609403606, 33272.68011565942
153, 33463.064292006464, 24647.785254241648, 33463.064292006464, 26751.61704385336, 24710.056896883645, 33287.50688549804
154, 33463.064292006464, 24647.785254241648, 33463.064292006464, 27298.247507778477, 24697.191915629308, 33300.10278741113
155, 33463.064292006464, 24647.785254241648, 33463.064292006464, 27482.385227303097, 24678.69314159654, 33305.386497240455
156, 33463.064292006464, 24647.785254241648, 33463.064292006464, 27482.32488945942, 24658.79387411673, 33298.689044703
157, 33463.064292006464, 24647.785254241648, 33463.064292006464, 27485.836143559747, 24636.990347617608, 33301.300539057695
158, 33463.064292006464, 24647.785254241648, 33463.064292006464, 26942.04285791189, 24645.664996088806, 33310.5262620203
159, 33463.064292006464, 24647.785254241648, 33463.064292006464, 27677.791517303478, 24648.083780754914, 33307.36868423467
160, 33463.064292006464, 24647.785254241648, 33463.064292006464, 27502.863959440507, 24663.746350685313, 33324.18068610995
161, 33463.064292006464, 24647.785254241648, 33463.064292006464, 28418.54191141859, 24677.38648256569, 33332.029509324915
162, 33571.82395003299, 24520.530801514862, 33571.82395003299, 28440.90617505511, 24652.442507120726, 33366.462720377946
163, 33571.82395003299, 24520.530801514862, 33571.82395003299, 30480.517387311153, 24635.26685927173, 33393.548858881404
164, 33571.82395003299, 24520.530801514862, 33571.82395003299, 30301.580153123585, 24648.205842026186, 33398.023745134844
165, 33571.82395003299, 24520.530801514862, 33571.82395003299, 28658.695397658958, 24650.92109897394, 33395.4386402572
166, 33571.82395003299, 24520.530801514862, 33571.82395003299, 30857.058839446134, 24631.422689215295, 33403.90300826895
167, 33571.82395003299, 24520.530801514862, 33571.82395003299, 29398.775897253694, 24637.36606005802, 33406.73815886151
168, 33578.16898159301, 24617.282027820685, 33578.16898159301, 30690.32253674713, 24612.989252852003, 33428.206483917456
169, 33578.16898159301, 24617.282027820685, 33578.16898159301, 27971.222315722975, 24614.374797128075, 33438.42980137264
170, 33578.16898159301, 24617.282027820685, 33578.16898159301, 27627.27085804194, 24606.952856677675, 33466.686210327614
171, 33635.07441680404, 24680.200527535762, 33635.07441680404, 27097.22909500715, 24620.34381580837, 33491.576906102804
172, 33637.71222888385, 24479.008946889662, 33637.71222888385, 30580.92045163956, 24559.06431019004, 33494.815597567256
173, 33637.71222888385, 24479.008946889662, 33637.71222888385, 29658.161077302102, 24563.98317333356, 33495.78390838746
174, 33637.71222888385, 24479.008946889662, 33637.71222888385, 31496.34172332409, 24553.38276078938, 33497.57305636581
175, 33637.71222888385, 24479.008946889662, 33637.71222888385, 31496.030982107153, 24556.775423218736, 33505.47183697325
176, 33637.71222888385, 24479.008946889662, 33637.71222888385, 29845.153050768036, 24588.65389054295, 33496.50077621486
177, 33702.111333489906, 24332.125154235953, 33702.111333489906, 30416.824037299313, 24602.35873287264, 33525.026657825634
178, 33702.111333489906, 24332.125154235953, 33702.111333489906, 32613.826079962448, 24577.179348788963, 33528.95964530934
179, 33702.111333489906, 24332.125154235953, 33702.111333489906, 32806.02860139904, 24552.67562829262, 33535.61169644853
180, 33702.111333489906, 24332.125154235953, 33702.111333489906, 32641.37874045341, 24531.52166688766, 33554.57987649588
181, 33797.7760609759, 24438.45584245683, 33797.7760609759, 32657.792114036496, 24544.79525785317, 33571.50140867061
182, 33797.7760609759, 24438.45584245683, 33797.7760609759, 30651.173966735474, 24509.231522957656, 33585.06949532696
183, 33797.7760609759, 24438.45584245683, 33797.7760609759, 30653.879536724853, 24507.776921624292, 33596.24920692324
184, 33797.7760609759, 24438.45584245683, 33797.7760609759, 31037.81200640316, 24505.77939772826, 33607.6910672447
185, 33797.7760609759, 24438.45584245683, 33797.7760609759, 30861.039091910032, 24501.565179168007, 33607.502122339836
186, 33802.36243826002, 24370.32821036483, 33802.36243826002, 31256.90534133723, 24490.39980334807, 33648.478189188245
187, 33802.36243826002, 24370.32821036483, 33802.36243826002, 32366.0122799771, 24459.058634738623, 33648.02292342535
188, 33838.0041651348, 24546.48060387227, 33838.0041651348, 32028.45689390201, 24490.59167520411, 33680.37749689272
189, 33838.0041651348, 24546.48060387227, 33838.0041651348, 28929.955013332008, 24539.863626868853, 33705.16037638808
190, 33838.0041651348, 24546.48060387227, 33838.0041651348, 29486.465679369147, 24505.150138867186, 33708.4098808597
191, 33838.0041651348, 24546.48060387227, 33838.0041651348, 29486.37255091667, 24492.562579947175, 33708.18637011324
192, 33859.85530444349, 24598.312954610155, 33859.85530444349, 28760.775435378935, 24501.873130198557, 33712.99220750923
193, 33859.85530444349, 24598.312954610155, 33859.85530444349, 28943.180696127078, 24500.262556606955, 33721.9686126224
194, 33859.85530444349, 24598.312954610155, 33859.85530444349, 28756.779491241017, 24490.527319959856, 33722.06321875574
195, 33859.85530444349, 24598.312954610155, 33859.85530444349, 27295.7238487245, 24509.348080849777, 33733.43916957718
196, 33859.85530444349, 24598.312954610155, 33859.85530444349, 28961.246665432966, 24518.571345531305, 33744.28203504797
197, 33859.85530444349, 24598.312954610155, 33859.85530444349, 28964.793018854925, 24556.466254363364, 33747.72723937448
198, 33859.85530444349, 24598.312954610155, 33859.85530444349, 27865.627456561586, 24586.435959213086, 33752.64483304808
199, 33859.85530444349, 24598.312954610155, 33859.85530444349, 28788.20294772664, 24575.00050008362, 33763.5753237495
200, 33859.85530444349, 24598.312954610155, 33859.85530444349, 28607.442021578987, 24570.39235090457, 33757.35849879158
201, 33859.85530444349, 24598.312954610155, 33859.85530444349, 28802.405848838538, 24551.975449935435, 33766.523180475
202, 33876.240851272116, 24460.1571144323, 33876.240851272116, 31185.16151517593, 24551.404906752767, 33759.09417247278
203, 33934.61415602066, 24563.095556986766, 33934.61415602066, 31194.960958529064, 24609.09829249689, 33775.21494016887
204, 33942.32468915248, 24610.168224512585, 33942.32468915248, 28994.18530804436, 24633.68177493318, 33786.50392644222
205, 33942.32468915248, 24610.168224512585, 33942.32468915248, 28629.029214601564, 24637.46789930561, 33777.980372628626
206, 33943.115432896535, 24599.094129069497, 33943.115432896535, 27893.8305089053, 24637.43659186237, 33799.154412907345
207, 33943.115432896535, 24599.094129069497, 33943.115432896535, 27702.637284290387, 24642.74565635771, 33783.64492456378
208, 33979.17928719971, 24688.418105452565, 33979.17928719971, 28819.77499921398, 24637.87709055711, 33796.1525451203
209, 33979.17928719971, 24688.418105452565, 33979.17928719971, 28079.249489807462, 24650.42228418903, 33810.4121031094
210, 33979.17928719971, 24688.418105452565, 33979.17928719971, 27723.059786351736, 24651.70471064111, 33818.27276660669
211, 33979.17928719971, 24688.418105452565, 33979.17928719971, 26808.047842149394, 24647.309343518788, 33818.450607683786
212, 33979.17928719971, 24688.418105452565, 33979.17928719971, 27003.44475381256, 24658.579783092828, 33822.90371486392
213, 33979.17928719971, 24688.418105452565, 33979.17928719971, 27381.919017684442, 24693.382423170624, 33840.47774922848
214, 33979.17928719971, 24688.418105452565, 33979.17928719971, 27214.4329552898, 24683.91909337282, 33848.24133739667
215, 33979.17928719971, 24688.418105452565, 33979.17928719971, 27590.95553885583, 24678.704281156657, 33859.94512418959
216, 33979.17928719971, 24688.418105452565, 33979.17928719971, 26856.142715892263, 24678.282157196034, 33867.05842718849
217, 33979.17928719971, 24688.418105452565, 33979.17928719971, 27229.563651470984, 24695.070453025688, 33861.00140267138
218, 33979.17928719971, 24688.418105452565, 33979.17928719971, 27966.479582952285, 24704.12419898609, 33858.44454852148
219, 33979.17928719971, 24688.418105452565, 33979.17928719971, 27612.878634838606, 24718.945539449454, 33883.666819804064
220, 33979.17928719971, 24688.418105452565, 33979.17928719971, 27245.297340605957, 24725.34186145459, 33887.202680924005
221, 33979.17928719971, 24688.418105452565, 33979.17928719971, 27795.560126198558, 24723.65234524113, 33879.81294672757
222, 33979.17928719971, 24688.418105452565, 33979.17928719971, 27242.19155635718, 24725.77020904386, 33885.55964675055
223, 33979.17928719971, 24688.418105452565, 33979.17928719971, 26876.46742426726, 24729.306804575306, 33887.715202142776
224, 33990.242874116935, 24666.2822651266, 33990.242874116935, 27795.850359912685, 24719.13393478216, 33890.11032584236
225, 33990.242874116935, 24666.2822651266, 33990.242874116935, 27610.84839297641, 24718.205082294913, 33887.49987526423
226, 33990.242874116935, 24666.2822651266, 33990.242874116935, 28168.143088905093, 24723.21321905717, 33887.646894077974
227, 33990.242874116935, 24666.2822651266, 33990.242874116935, 27430.22349404808, 24728.202402633593, 33886.98804960133
228, 33990.242874116935, 24666.2822651266, 33990.242874116935, 27242.75517140758, 24727.339462098706, 33885.08647451343
229, 33990.242874116935, 24666.2822651266, 33990.242874116935, 27981.955052097263, 24720.61567860411, 33886.4557337046
230, 33990.242874116935, 24666.2822651266, 33990.242874116935, 28169.678669744324, 24715.683695556283, 33886.04007594047
231, 33990.242874116935, 24666.2822651266, 33990.242874116935, 27616.917148890352, 24715.356036590165, 33880.435578119956
232, 33990.242874116935, 24666.2822651266, 33990.242874116935, 27798.22754775445, 24715.10898509637, 33879.36720511859
233, 33990.242874116935, 24666.2822651266, 33990.242874116935, 28168.948808692374, 24697.544875166153, 33885.862966708395
234, 33990.242874116935, 24666.2822651266, 33990.242874116935, 28357.861971009384, 24698.339203941032, 33898.10555483886
235, 33990.242874116935, 24666.2822651266, 33990.242874116935, 27256.006039795127, 24703.39870081852, 33901.68972449376
236, 33990.242874116935, 24666.2822651266, 33990.242874116935, 28174.004692338764, 24694.2734491122, 33899.32876688242
237, 33990.242874116935, 24666.2822651266, 33990.242874116935, 27807.16454086936, 24706.662623901295, 33887.570272020945
238, 33990.242874116935, 24666.2822651266, 33990.242874116935, 27615.39599188077, 24704.2317240516, 33895.304926642326
239, 34019.142366964516, 24535.505480717125, 34019.142366964516, 27992.899156260293, 24706.158687390478, 33905.990180883666
240, 34019.142366964516, 24535.505480717125, 34019.142366964516, 29468.56454092826, 24671.282062530358, 33892.6136365894
241, 34019.142366964516, 24535.505480717125, 34019.142366964516, 30396.459552327582, 24659.54453235439, 33906.37484278948
242, 34019.142366964516, 24535.505480717125, 34019.142366964516, 30398.143843867903, 24666.483187063997, 33908.45981029554
243, 34085.79149036437, 24525.30647195013, 34085.79149036437, 29843.747958371943, 24672.08234370648, 33908.239066607435
244, 34085.79149036437, 24525.30647195013, 34085.79149036437, 28739.964328834954, 24668.277341690078, 33922.056789950795
245, 34085.79149036437, 24525.30647195013, 34085.79149036437, 30049.032194419466, 24644.197501659306, 33931.72765860207
246, 34085.79149036437, 24525.30647195013, 34085.79149036437, 29669.69730075634, 24624.488684219825, 33917.39394646501
247, 34085.79149036437, 24525.30647195013, 34085.79149036437, 29127.77597918786, 24598.20276457416, 33939.08318738744
248, 34085.79149036437, 24525.30647195013, 34085.79149036437, 29694.665832325656, 24578.617920356402, 33942.16143107034
249, 34085.79149036437, 24525.30647195013, 34085.79149036437, 30435.083274245655, 24568.765159505117, 33950.24452959757
250, 34085.79149036437, 24525.30647195013, 34085.79149036437, 28779.86053964357, 24589.90128663152, 33960.459789591114
251, 34085.79149036437, 24525.30647195013, 34085.79149036437, 29715.894323917204, 24576.765654805455, 33974.605890904684
252, 34085.79149036437, 24525.30647195013, 34085.79149036437, 29359.966232517996, 24584.784306839356, 33977.62932948852
253, 34141.75736135005, 24611.16614667397, 34141.75736135005, 28075.837657658623, 24587.632646921607, 34004.4465642378
254, 34141.75736135005, 24611.16614667397, 34141.75736135005, 27706.65219891959, 24588.856143248446, 33994.3722064597
255, 34144.00103153903, 24579.7630218723, 34144.00103153903, 29375.28425110615, 24583.00441718333, 34011.562344445985
256, 34152.725086845014, 24597.907824176036, 34152.725086845014, 28999.06138298688, 24575.071126020775, 33989.23352835392
257, 34152.725086845014, 24597.907824176036, 34152.725086845014, 28636.98458316582, 24587.162666770626, 34009.78982119513
258, 34152.725086845014, 24597.907824176036, 34152.725086845014, 28256.024513342847, 24596.00893809761, 34003.60294345482
259, 34152.725086845014, 24597.907824176036, 34152.725086845014, 29559.743175151012, 24582.65541752974, 34015.3310907737
260, 34152.725086845014, 24597.907824176036, 34152.725086845014, 27894.551482156236, 24607.81712270877, 34013.47460485162
261, 34152.725086845014, 24597.907824176036, 34152.725086845014, 28079.965638192713, 24618.6242473415, 34005.940633309256
262, 34174.12482848603, 24654.600379572377, 34174.12482848603, 27722.98069220414, 24642.51267827763, 34041.23165176446
263, 34291.29707674033, 24609.514602262443, 34291.29707674033, 28278.828511777985, 24655.077840100243, 34031.54787057459
264, 34291.29707674033, 24609.514602262443, 34291.29707674033, 27928.537453368986, 24675.592492822572, 34063.017005002344
265, 34291.29707674033, 24609.514602262443, 34291.29707674033, 29061.429193416723, 24662.41375885005, 34079.47275950072
266, 34291.29707674033, 24609.514602262443, 34291.29707674033, 27765.50525988455, 24652.587553618177, 34093.97471546727
267, 34291.29707674033, 24609.514602262443, 34291.29707674033, 27959.8867562537, 24645.0243864902, 34095.999124977905
268, 34291.29707674033, 24609.514602262443, 34291.29707674033, 29459.11349605453, 24640.028946493385, 34109.582884315605
269, 34291.29707674033, 24609.514602262443, 34291.29707674033, 28727.97653296416, 24648.484829018274, 34133.33770569139
270, 34291.29707674033, 24609.514602262443, 34291.29707674033, 28742.295830733834, 24658.073466118876, 34140.48530926664
271, 34291.29707674033, 24609.514602262443, 34291.29707674033, 28392.630940450515, 24672.99910494694, 34165.80746591011
272, 34291.29707674033, 24609.514602262443, 34291.29707674033, 28233.027925430983, 24662.519297627, 34186.4808484932
273, 34291.29707674033, 24609.514602262443, 34291.29707674033, 28053.565262424047, 24655.849412669424, 34200.31835706179
274, 34291.29707674033, 24609.514602262443, 34291.29707674033, 28798.393478759288, 24653.638925888565, 34190.504241919516
275, 34291.29707674033, 24609.514602262443, 34291.29707674033, 28804.092462953733, 24652.203674420718, 34194.46473210449
276, 34291.29707674033, 24609.514602262443, 34291.29707674033, 28426.228566556274, 24653.02912125516, 34206.90202629173
277, 34291.29707674033, 24609.514602262443, 34291.29707674033, 28050.17837542734, 24663.972998382942, 34189.121142613985
278, 34291.29707674033, 24609.514602262443, 34291.29707674033, 29734.331631103527, 24645.649485231046, 34209.558809486625
279, 34301.8738362775, 24646.355257038376, 34301.8738362775, 28242.662002908455, 24653.410324391094, 34205.77144025072
280, 34301.8738362775, 24646.355257038376, 34301.8738362775, 28614.38015765774, 24651.386750784877, 34200.34170169196
281, 34301.8738362775, 24646.355257038376, 34301.8738362775, 28792.685222585966, 24656.929742182092, 34199.962624076485
282, 34301.8738362775, 24646.355257038376, 34301.8738362775, 27868.24361493749, 24654.419509011972, 34184.504297943306
283, 34301.8738362775, 24646.355257038376, 34301.8738362775, 27681.23863919467, 24658.192572565815, 34195.68780130459
284, 34301.8738362775, 24646.355257038376, 34301.8738362775, 27680.55379944983, 24668.17897778089, 34199.191691114494
285, 34301.8738362775, 24646.355257038376, 34301.8738362775, 28424.5080434538, 24658.518807504846, 34188.55682922471
286, 34301.8738362775, 24646.355257038376, 34301.8738362775, 27678.972321351754, 24667.24662056568, 34189.738450461446
287, 34410.30114507573, 24560.120632206956, 34410.30114507573, 28617.394252204995, 24651.4825790685, 34218.64607555444
288, 34410.30114507573, 24560.120632206956, 34410.30114507573, 29557.38525510037, 24650.285263135185, 34218.24707252787
289, 34410.30114507573, 24560.120632206956, 34410.30114507573, 30299.76054422137, 24650.54185133266, 34219.135872821316
290, 34410.30114507573, 24560.120632206956, 34410.30114507573, 29000.44988752835, 24674.408321504856, 34226.36346238443
291, 34410.30114507573, 24560.120632206956, 34410.30114507573, 29373.704498993186, 24670.867255047593, 34232.20797681423
292, 34410.30114507573, 24560.120632206956, 34410.30114507573, 28079.58791488354, 24668.53913425039, 34242.39985781746
293, 34410.30114507573, 24560.120632206956, 34410.30114507573, 29766.207239700012, 24653.33567302304, 34250.57619086785
294, 34410.30114507573, 24560.120632206956, 34410.30114507573, 28475.40680675986, 24651.72042378576, 34266.55674617969
295, 34447.431420595574, 24622.81100226267, 34447.431420595574, 27745.762454400716, 24649.597754232196, 34284.638915289324
296, 34447.431420595574, 24622.81100226267, 34447.431420595574, 28326.50973387672, 24622.988024511164, 34313.244465107455
297, 34447.431420595574, 24622.81100226267, 34447.431420595574, 28525.799348894718, 24616.984039552564, 34318.23904708184
298, 34447.431420595574, 24622.81100226267, 34447.431420595574, 27962.651333034, 24616.455041750847, 34299.37383966058
299, 34447.431420595574, 24622.81100226267, 34447.431420595574, 29088.427129512464, 24611.50132041087, 34324.40538584667
300, 34447.431420595574, 24622.81100226267, 34447.431420595574, 28527.54296986954, 24619.456278006117, 34320.46285323199
301, 34447.431420595574, 24622.81100226267, 34447.431420595574, 28343.209290617797, 24622.231083848856, 34328.301222320915
302, 34447.431420595574, 24622.81100226267, 34447.431420595574, 28718.097938103412, 24616.311004954747, 34325.26149105234
303, 34447.431420595574, 24622.81100226267, 34447.431420595574, 29094.25150494125, 24619.4787215668, 34330.617330798654
304, 34447.431420595574, 24622.81100226267, 34447.431420595574, 28530.11592040333, 24617.23522054845, 34326.94575423871
305, 34447.431420595574, 24622.81100226267, 34447.431420595574, 28724.588160280764, 24620.41760534632, 34321.83337793211
306, 34447.431420595574, 24622.81100226267, 34447.431420595574, 28166.353101458953, 24641.392812427726, 34330.24344311749
307, 34447.431420595574, 24622.81100226267, 34447.431420595574, 28926.22166629782, 24633.896074381006, 34350.38218509003
308, 34447.431420595574, 24622.81100226267, 34447.431420595574, 28738.279623515442, 24646.480569616197, 34350.264071007834
309, 34447.431420595574, 24622.81100226267, 34447.431420595574, 28925.799568183545, 24657.916299177774, 34337.63800641857
310, 34447.431420595574, 24622.81100226267, 34447.431420595574, 28184.13929239447, 24668.55984693008, 34338.377471124644
311, 34447.431420595574, 24622.81100226267, 34447.431420595574, 28366.870569741364, 24663.43329036345, 34342.53774969072
312, 34448.62544859002, 24646.489497731473, 34448.62544859002, 27988.95723215765, 24666.102292201555, 34347.536986016436
313, 34448.62544859002, 24646.489497731473, 34448.62544859002, 28365.42728487465, 24665.1906561558, 34349.390170441635
314, 34448.62544859002, 24646.489497731473, 34448.62544859002, 27807.439476370368, 24669.13822243508, 34353.08198948692
315, 34448.62544859002, 24646.489497731473, 34448.62544859002, 28366.6797213646, 24666.253582822395, 34346.51293054648
316, 34448.62544859002, 24646.489497731473, 34448.62544859002, 28370.836644187213, 24672.44851151725, 34360.88248105625
317, 34448.62544859002, 24646.489497731473, 34448.62544859002, 27432.09159291459, 24680.082279208156, 34338.69157095799
318, 34448.62544859002, 24646.489497731473, 34448.62544859002, 27805.15278811836, 24673.830415238976, 34341.13510380406
319, 34448.62544859002, 24646.489497731473, 34448.62544859002, 27807.80233980879, 24676.030945834733, 34344.67648296611
320, 34448.62544859002, 24646.489497731473, 34448.62544859002, 28926.663557744923, 24666.28573835568, 34337.94378780787
321, 34448.62544859002, 24646.489497731473, 34448.62544859002, 27619.394036808357, 24668.97995318762, 34359.486290599816
322, 34448.62544859002, 24646.489497731473, 34448.62544859002, 28180.399037549752, 24669.2841885877, 34343.09124699006
323, 34448.62544859002, 24646.489497731473, 34448.62544859002, 27995.464400580193, 24675.409908185855, 34352.84466509705
324, 34448.62544859002, 24646.489497731473, 34448.62544859002, 27993.466234285785, 24679.430862833586, 34354.43830050012
325, 34448.62544859002, 24646.489497731473, 34448.62544859002, 28367.136354707884, 24683.293486203558, 34348.4247503237
326, 34448.62544859002, 24646.489497731473, 34448.62544859002, 27992.388171582497, 24688.94593316713, 34344.48659794599
327, 34448.62544859002, 24646.489497731473, 34448.62544859002, 27615.339304721634, 24693.72745555739, 34344.14831069315
328, 34448.62544859002, 24646.489497731473, 34448.62544859002, 27618.593896253413, 24686.82194279785, 34351.02672778059
329, 34448.62544859002, 24646.489497731473, 34448.62544859002, 28929.31238104019, 24681.355264194666, 34349.339522464645
330, 34448.62544859002, 24646.489497731473, 34448.62544859002, 27992.70802027254, 24690.038590552245, 34337.56253248402
331, 34448.62544859002, 24646.489497731473, 34448.62544859002, 28367.823138659012, 24689.616249172006, 34345.43364719314
332, 34448.62544859002, 24646.489497731473, 34448.62544859002, 28741.226443465344, 24690.146387174264, 34353.87793843266
333, 34448.62544859002, 24646.489497731473, 34448.62544859002, 28372.88587949733, 24677.993327096126, 34351.46408551803
334, 34518.317547169965, 24668.9382459891, 34518.317547169965, 28185.94500770322, 24688.905011342675, 34363.43808064607
335, 34518.317547169965, 24668.9382459891, 34518.317547169965, 27433.754131619564, 24695.601039914633, 34356.451198734474
336, 34518.317547169965, 24668.9382459891, 34518.317547169965, 28933.443387724183, 24679.822323917237, 34355.00978617983
337, 34518.317547169965, 24668.9382459891, 34518.317547169965, 28373.063947774015, 24687.95280137063, 34374.324008097814
338, 34518.317547169965, 24668.9382459891, 34518.317547169965, 27809.12947327751, 24693.327220106672, 34358.663034545825
339, 34518.317547169965, 24668.9382459891, 34518.317547169965, 27251.200270638314, 24703.370467507517, 34368.48692902144
340, 34518.317547169965, 24668.9382459891, 34518.317547169965, 27820.520619145205, 24697.81603786722, 34374.16586146855
341, 34518.317547169965, 24668.9382459891, 34518.317547169965, 27449.300512173868, 24709.248240149544, 34378.44294542254
342, 34518.317547169965, 24668.9382459891, 34518.317547169965, 28012.380432436632, 24700.64742673694, 34377.01753423329
343, 34518.317547169965, 24668.9382459891, 34518.317547169965, 27840.77957380837, 24699.06731721979, 34399.32135153989
344, 34518.317547169965, 24668.9382459891, 34518.317547169965, 27298.84018891024, 24720.878963376734, 34401.74132667631
345, 34518.317547169965, 24668.9382459891, 34518.317547169965, 27863.545670654104, 24706.84490469939, 34409.75096990211
346, 34518.317547169965, 24668.9382459891, 34518.317547169965, 28615.25509425881, 24703.131273833933, 34429.86042588299
347, 34518.317547169965, 24668.9382459891, 34518.317547169965, 28990.79362350204, 24707.29414964725, 34415.66757055047
348, 34518.317547169965, 24668.9382459891, 34518.317547169965, 27863.102996012185, 24708.29812351648, 34412.37397692321
349, 34557.19846501902, 24458.15753223269, 34557.19846501902, 31046.034161950396, 24660.35140628181, 34422.73840997548
350, 34557.19846501902, 24458.15753223269, 34557.19846501902, 30297.527884637348, 24668.592362461965, 34414.80981196126
351, 34557.19846501902, 24458.15753223269, 34557.19846501902, 31998.981816479078, 24652.28929042023, 34436.87889530706
352, 34557.19846501902, 24458.15753223269, 34557.19846501902, 30865.757971189214, 24655.707364625614, 34432.7366033512
353, 34557.19846501902, 24458.15753223269, 34557.19846501902, 31799.734291461722, 24643.62800098719, 34422.874812958486
354, 34557.19846501902, 24458.15753223269, 34557.19846501902, 30871.070810462432, 24644.181541669393, 34436.81851868691
355, 34586.683645016485, 24497.677256300256, 34586.683645016485, 31251.64184982839, 24613.33902932126, 34439.60233612449
356, 34586.683645016485, 24497.677256300256, 34586.683645016485, 30880.38516782521, 24603.474915997063, 34441.75080695677
357, 34586.683645016485, 24497.677256300256, 34586.683645016485, 30321.1568711435, 24567.664144132854, 34443.53830038714
358, 34586.683645016485, 24497.677256300256, 34586.683645016485, 29965.62225835651, 24513.433759428866, 34468.473946080085
359, 34586.683645016485, 24497.677256300256, 34586.683645016485, 29398.889030602844, 24524.31235546757, 34470.084335623666
360, 34586.683645016485, 24497.677256300256, 34586.683645016485, 31466.27265091882, 24503.120852248783, 34467.1435366864
361, 34586.683645016485, 24497.677256300256, 34586.683645016485, 30531.4713647609, 24517.877086516957, 34463.27373899812
362, 34586.683645016485, 24497.677256300256, 34586.683645016485, 30165.886739255016, 24521.664137832115, 34479.67193514413
363, 34586.683645016485, 24497.677256300256, 34586.683645016485, 31666.997070954294, 24528.06813536188, 34486.513433696266
364, 34586.683645016485, 24497.677256300256, 34586.683645016485, 30546.76188667534, 24538.81008668183, 34488.59869450603
365, 34586.683645016485, 24497.677256300256, 34586.683645016485, 30735.236143229034, 24538.844947296246, 34493.91520579593
366, 34597.351297407135, 24551.803218239234, 34597.351297407135, 31120.431625930443, 24539.009764013557, 34496.03754437688
367, 34597.351297407135, 24551.803218239234, 34597.351297407135, 28669.589062592768, 24558.10679888563, 34485.167543589094
368, 34597.351297407135, 24551.803218239234, 34597.351297407135, 29418.239427866687, 24558.689504790913, 34482.450382883115
369, 34597.351297407135, 24551.803218239234, 34597.351297407135, 29801.912440681237, 24563.552173674172, 34477.83224845765
370, 34597.351297407135, 24551.803218239234, 34597.351297407135, 28856.670123440617, 24557.25484052045, 34491.802415495804
371, 34597.351297407135, 24551.803218239234, 34597.351297407135, 29422.957084051395, 24563.766470487477, 34495.68358505849
372, 34640.331872549876, 24603.728166429253, 34640.331872549876, 30367.737291275564, 24561.223126044824, 34504.335336207056
373, 34640.331872549876, 24603.728166429253, 34640.331872549876, 29616.917802563377, 24573.18717032758, 34504.61140446061
374, 34640.331872549876, 24603.728166429253, 34640.331872549876, 28488.378120659225, 24591.14066094125, 34495.90151875485
375, 34640.331872549876, 24603.728166429253, 34640.331872549876, 28865.945494819334, 24605.356955120074, 34504.246749499456
376, 34640.331872549876, 24603.728166429253, 34640.331872549876, 29049.818890881434, 24608.375752387834, 34504.51773454816
377, 34640.331872549876, 24603.728166429253, 34640.331872549876, 29429.15502305782, 24604.28182438714, 34501.336435115845
378, 34671.567002013966, 24651.22882790361, 34671.567002013966, 29814.4036027785, 24613.729910044745, 34518.01150466177
379, 34671.567002013966, 24651.22882790361, 34671.567002013966, 27755.787458067254, 24643.993108107996, 34517.89098375214
380, 34671.567002013966, 24651.22882790361, 34671.567002013966, 27952.563895850886, 24655.668490722037, 34530.19087609677
381, 34671.567002013966, 24651.22882790361, 34671.567002013966, 28718.33851388542, 24640.813824264915, 34540.596693495056
382, 34691.51582616625, 24550.377895260444, 34691.51582616625, 30414.10875291188, 24624.833575178327, 34551.732170188065
383, 34691.51582616625, 24550.377895260444, 34691.51582616625, 28911.26053602607, 24640.67971791287, 34562.86089538156
384, 34691.51582616625, 24550.377895260444, 34691.51582616625, 29665.747337923578, 24638.73884644061, 34552.41546324383
385, 34691.51582616625, 24550.377895260444, 34691.51582616625, 29285.97602811175, 24638.232155267575, 34552.498038473015
386, 34691.51582616625, 24550.377895260444, 34691.51582616625, 29284.60466319997, 24642.640486904147, 34551.96115470702
387, 34691.51582616625, 24550.377895260444, 34691.51582616625, 29108.34721653288, 24644.288051243566, 34564.43420797425
388, 34691.51582616625, 24550.377895260444, 34691.51582616625, 30043.943872919408, 24643.59645182777, 34555.01532436294
389, 34691.51582616625, 24550.377895260444, 34691.51582616625, 29879.64369441073, 24647.943035872064, 34577.33090580079
390, 34691.51582616625, 24550.377895260444, 34691.51582616625, 28558.54191176479, 24641.08383910387, 34573.551955428964
391, 34691.51582616625, 24550.377895260444, 34691.51582616625, 29327.051138187384, 24611.728279494993, 34593.457692804855
392, 34691.51582616625, 24550.377895260444, 34691.51582616625, 29501.67715113676, 24595.357398588534, 34575.83305945612
393, 34691.51582616625, 24550.377895260444, 34691.51582616625, 30263.849830907988, 24593.22274990673, 34581.20880452445
394, 34691.51582616625, 24550.377895260444, 34691.51582616625, 30449.655447342346, 24586.459132151525, 34590.04678284906
395, 34691.51582616625, 24550.377895260444, 34691.51582616625, 29887.637586144847, 24588.78911146557, 34591.64784014947
396, 34691.51582616625, 24550.377895260444, 34691.51582616625, 29882.718951315943, 24592.06612264068, 34572.0382165198
397, 34691.51582616625, 24550.377895260444, 34691.51582616625, 29884.652451668226, 24584.78310715684, 34590.355358079374
398, 34806.65079291313, 24514.83995655605, 34806.65079291313, 29714.86289456249, 24598.64062971867, 34618.5194300216
399, 34806.65079291313, 24514.83995655605, 34806.65079291313, 30081.327740231263, 24583.687722767703, 34605.37558104784
400, 34806.65079291313, 24514.83995655605, 34806.65079291313, 29703.165521121173, 24592.497754510314, 34609.483805100666
401, 34806.65079291313, 24514.83995655605, 34806.65079291313, 29706.73971370225, 24587.648441346726, 34619.03494376787
402, 34806.65079291313, 24514.83995655605, 34806.65079291313, 29521.59044403939, 24586.748273274523, 34612.79357392773
403, 34806.65079291313, 24514.83995655605, 34806.65079291313, 29906.39527210782, 24581.77673269496, 34617.48465344495
404, 34815.38538719086, 24674.860602114066, 34815.38538719086, 31236.966271514477, 24573.198580696397, 34628.249178399165
405, 34815.38538719086, 24674.860602114066, 34815.38538719086, 27854.47161235819, 24607.919347188665, 34649.59288121699
406, 34815.38538719086, 24674.860602114066, 34815.38538719086, 28247.279607488297, 24605.92293267092, 34657.16256353262
407, 34815.38538719086, 24674.860602114066, 34815.38538719086, 27905.103514996084, 24601.216721503733, 34697.63442412925
408, 34815.38538719086, 24674.860602114066, 34815.38538719086, 28095.350092390767, 24600.614470958877, 34708.70816527908
409, 34815.38538719086, 24674.860602114066, 34815.38538719086, 27341.51230720205, 24613.100206113348, 34709.068886448455
410, 34815.38538719086, 24674.860602114066, 34815.38538719086, 27717.989328896743, 24622.431458741765, 34712.54772383124
411, 34874.26070065668, 24688.116659868057, 34874.26070065668, 28671.56556035101, 24619.115875472755, 34724.51081946374
412, 34874.26070065668, 24688.116659868057, 34874.26070065668, 27724.529252711807, 24656.62629033561, 34728.43811803235
413, 34874.26070065668, 24688.116659868057, 34874.26070065668, 27536.63620003058, 24699.384471558427, 34716.554296958515
414, 34874.26070065668, 24688.116659868057, 34874.26070065668, 27537.651834074404, 24724.622244382543, 34721.08373516259
415, 34874.26070065668, 24688.116659868057, 34874.26070065668, 29427.97210960432, 24708.81817627002, 34728.05012138537
416, 34874.26070065668, 24688.116659868057, 34874.26070065668, 28112.982234779458, 24714.89906517055, 34740.68847083907
417, 34874.26070065668, 24688.116659868057, 34874.26070065668, 27164.641969167842, 24726.864166135216, 34729.92599309867
418, 34874.26070065668, 24688.116659868057, 34874.26070065668, 27545.757026563337, 24720.008593001316, 34737.77646839699
419, 34874.26070065668, 24688.116659868057, 34874.26070065668, 27741.389816732124, 24723.471205691265, 34735.75759809791
420, 34874.26070065668, 24688.116659868057, 34874.26070065668, 28123.02722294089, 24720.269367858833, 34742.55409558746
421, 34874.26070065668, 24688.116659868057, 34874.26070065668, 27950.202168274354, 24709.14816943156, 34756.30678105785
422, 34874.26070065668, 24688.116659868057, 34874.26070065668, 27581.40911894853, 24724.776908519198, 34775.27816702649
423, 34874.26070065668, 24688.116659868057, 34874.26070065668, 27204.91179069953, 24731.89776259688, 34779.02468833976
424, 34892.679357568035, 24631.632052405086, 34892.679357568035, 28152.400692452044, 24727.629611008175, 34766.74657627778
425, 34892.679357568035, 24631.632052405086, 34892.679357568035, 28531.308771087864, 24720.909657480508, 34777.05832440095
426, 34892.679357568035, 24631.632052405086, 34892.679357568035, 28722.985688242003, 24713.331876671786, 34770.98360714607
427, 34892.679357568035, 24631.632052405086, 34892.679357568035, 28340.36926877549, 24716.437825342215, 34769.33145921439
428, 34892.679357568035, 24631.632052405086, 34892.679357568035, 28531.543725783544, 24714.00849281507, 34777.38442425529
429, 34892.679357568035, 24631.632052405086, 34892.679357568035, 28345.438660752734, 24721.66747746087, 34773.23771016894
430, 34892.679357568035, 24631.632052405086, 34892.679357568035, 29287.174060388446, 24704.952624410253, 34785.92234179969
431, 34892.679357568035, 24631.632052405086, 34892.679357568035, 29096.836543204754, 24711.937111897794, 34779.69376701655
432, 34892.679357568035, 24631.632052405086, 34892.679357568035, 28909.063178551358, 24717.87983507077, 34778.08252263465
433, 34892.679357568035, 24631.632052405086, 34892.679357568035, 27967.76021269617, 24713.41806377141, 34779.003048930186
434, 34892.679357568035, 24631.632052405086, 34892.679357568035, 30051.383223753437, 24694.676819861605, 34776.52729648565
435, 34904.64537552683, 24624.26764688828, 34904.64537552683, 28156.636723451735, 24711.509559404083, 34777.4615643783
436, 34904.64537552683, 24624.26764688828, 34904.64537552683, 28920.34170637806, 24686.938604006507, 34774.658208867666
437, 34904.64537552683, 24624.26764688828, 34904.64537552683, 29112.84840716277, 24672.807865446473, 34792.82360265826
438, 34904.64537552683, 24624.26764688828, 34904.64537552683, 28164.275093042168, 24681.55396529782, 34794.628296519324
439, 34904.64537552683, 24624.26764688828, 34904.64537552683, 28541.16364412571, 24678.053243779374, 34790.00172439313
440, 34904.64537552683, 24624.26764688828, 34904.64537552683, 28166.896427963406, 24679.032330986905, 34785.86076959472
441, 34904.64537552683, 24624.26764688828, 34904.64537552683, 27975.04362333883, 24679.759060211312, 34782.661729693595
442, 34904.64537552683, 24624.26764688828, 34904.64537552683, 28544.80925633163, 24674.813578162175, 34789.604237119005
443, 34904.64537552683, 24624.26764688828, 34904.64537552683, 28920.728758356938, 24667.242890022535, 34781.42009789668
444, 34904.64537552683, 24624.26764688828, 34904.64537552683, 28168.95676181757, 24666.433742425557, 34805.10683239626
445, 34904.64537552683, 24624.26764688828, 34904.64537552683, 28168.766688676107, 24672.000926102835, 34784.8044495579
446, 34904.64537552683, 24624.26764688828, 34904.64537552683, 28559.042267927223, 24671.972629880656, 34811.19954635381
447, 34904.64537552683, 24624.26764688828, 34904.64537552683, 27796.29938993429, 24682.128694015868, 34802.784862318375
448, 34904.64537552683, 24624.26764688828, 34904.64537552683, 28935.98527455481, 24662.731013038676, 34815.878176940016
449, 34904.64537552683, 24624.26764688828, 34904.64537552683, 29314.930042343683, 24667.710638452067, 34803.82103535193
450, 34904.64537552683, 24624.26764688828, 34904.64537552683, 28931.303407550175, 24665.681309762233, 34795.79327050298
451, 34904.64537552683, 24624.26764688828, 34904.64537552683, 29317.458672486053, 24662.13881710766, 34805.14488982528
452, 34904.64537552683, 24624.26764688828, 34904.64537552683, 28554.348795724793, 24669.062655386908, 34797.859658299116
453, 34904.64537552683, 24624.26764688828, 34904.64537552683, 28931.15487726113, 24673.54162148262, 34798.82758134204
454, 34904.64537552683, 24624.26764688828, 34904.64537552683, 28361.32751350087, 24667.419907303076, 34795.754685201566
455, 34904.64537552683, 24624.26764688828, 34904.64537552683, 28553.449130509365, 24671.941691557095, 34788.82662578533
456, 34904.64537552683, 24624.26764688828, 34904.64537552683, 29503.12564701214, 24665.510010460912, 34799.86166799418
457, 34904.64537552683, 24624.26764688828, 34904.64537552683, 28934.27978956465, 24662.403375637325, 34804.51736024995
458, 34904.64537552683, 24624.26764688828, 34904.64537552683, 29314.25616825481, 24661.733574641075, 34799.303244964125
459, 34904.64537552683, 24624.26764688828, 34904.64537552683, 27984.77114937938, 24667.076976213757, 34807.07773492428
460, 34904.64537552683, 24624.26764688828, 34904.64537552683, 28369.739618213283, 24682.047207601347, 34808.17420405378
461, 34949.36877826212, 24564.868027716293, 34949.36877826212, 30257.28386914793, 24648.224723575673, 34808.907336974815
462, 34949.36877826212, 24564.868027716293, 34949.36877826212, 28935.677581516135, 24658.000579361502, 34811.583141724564
463, 34949.36877826212, 24564.868027716293, 34949.36877826212, 28367.409330128998, 24656.829678687558, 34811.08313469329
464, 34949.36877826212, 24564.868027716293, 34949.36877826212, 29694.193681347195, 24653.069709988977, 34813.188069193166
465, 34949.36877826212, 24564.868027716293, 34949.36877826212, 29883.76646948224, 24645.810874859588, 34803.625887592454
466, 34949.36877826212, 24564.868027716293, 34949.36877826212, 28747.747981855624, 24655.034388156455, 34813.81537301681
467, 34960.71623437888, 24581.008715575248, 34960.71623437888, 30081.45838554417, 24634.067270724558, 34825.57401267207
468, 34960.71623437888, 24581.008715575248, 34960.71623437888, 29702.12479656056, 24639.153025724758, 34825.511318828234
469, 34960.71623437888, 24581.008715575248, 34960.71623437888, 28769.475901866215, 24638.221284141335, 34830.95190332594
470, 35002.30304870276, 24674.767468449012, 35002.30304870276, 27833.185154505514, 24630.32984042365, 34857.32910444178
471, 35002.30304870276, 24674.767468449012, 35002.30304870276, 28402.819479902337, 24630.529774277984, 34864.25084687464
472, 35002.30304870276, 24674.767468449012, 35002.30304870276, 28211.721931894746, 24633.17028734024, 34855.230888180864
473, 35002.30304870276, 24674.767468449012, 35002.30304870276, 28028.20698187183, 24644.571557446874, 34857.55767337196
474, 35002.30304870276, 24674.767468449012, 35002.30304870276, 27652.574820545266, 24648.697728462135, 34865.80506255669
475, 35002.30304870276, 24674.767468449012, 35002.30304870276, 28225.98661361054, 24647.174397371014, 34871.977917745564
476, 35002.30304870276, 24674.767468449012, 35002.30304870276, 27091.747440596035, 24671.085952711062, 34870.63063777603
477, 35002.30304870276, 24674.767468449012, 35002.30304870276, 27102.514655506526, 24698.68990460375, 34900.461965298055
478, 35002.30304870276, 24674.767468449012, 35002.30304870276, 28254.555979525314, 24717.937018153425, 34898.004214970904
479, 35002.30304870276, 24674.767468449012, 35002.30304870276, 29015.935889932127, 24716.944414736376, 34896.240471907935
480, 35002.30304870276, 24674.767468449012, 35002.30304870276, 28253.478483150786, 24721.35947670633, 34888.80611289766
481, 35002.30304870276, 24674.767468449012, 35002.30304870276, 28062.079929922384, 24712.532447561058, 34887.64795298033
482, 35002.30304870276, 24674.767468449012, 35002.30304870276, 28442.061522657557, 24714.374803497856, 34909.3089158819
483, 35002.30304870276, 24674.767468449012, 35002.30304870276, 28438.33827804118, 24719.97519390284, 34887.44808148201
484, 35002.30304870276, 24674.767468449012, 35002.30304870276, 29013.126905179528, 24708.43300193822, 34891.153793359146
485, 35002.30304870276, 24674.767468449012, 35002.30304870276, 28251.266856625913, 24715.99489005133, 34891.61946673665
486, 35002.30304870276, 24674.767468449012, 35002.30304870276, 28445.080934082398, 24715.01749781767, 34899.60965878921
487, 35002.30304870276, 24674.767468449012, 35002.30304870276, 28065.009944128058, 24719.359372953553, 34890.206482864734
488, 35002.30304870276, 24674.767468449012, 35002.30304870276, 28253.922820341802, 24719.12590572897, 34895.50357685439
489, 35002.30304870276, 24674.767468449012, 35002.30304870276, 28629.81050914912, 24710.456035033545, 34892.09962247158
490, 35002.30304870276, 24674.767468449012, 35002.30304870276, 27684.059705686577, 24722.498272218305, 34893.309410676084
491, 35002.30304870276, 24674.767468449012, 35002.30304870276, 27304.253485163106, 24731.23644184881, 34889.69807490283
492, 35002.30304870276, 24674.767468449012, 35002.30304870276, 27682.75152927632, 24727.33862449521, 34878.75926211184
493, 35002.30304870276, 24674.767468449012, 35002.30304870276, 27877.115006084085, 24718.16772390657, 34899.09320755116
494, 35002.30304870276, 24674.767468449012, 35002.30304870276, 28254.886619035668, 24716.18439696086, 34892.33773135084
495, 35002.30304870276, 24674.767468449012, 35002.30304870276, 28632.365283475203, 24715.88285616867, 34905.28337083289
496, 35002.30304870276, 24674.767468449012, 35002.30304870276, 28062.362476144663, 24714.420248645914, 34881.43184902277
497, 35002.30304870276, 24674.767468449012, 35002.30304870276, 28062.864085710848, 24719.352173762683, 34895.64082792776
498, 35002.30304870276, 24674.767468449012, 35002.30304870276, 28441.458740537706, 24710.917427860426, 34906.251773011485
499, 35002.30304870276, 24674.767468449012, 35002.30304870276, 28253.52015172493, 24712.923966084327, 34889.63518987572
500, 35002.30304870276, 24674.767468449012, 35002.30304870276, 27496.203714852763, 24720.02526379622, 34904.498754896595
